0.5512023069
0.510946758
0.5923054352
0.4336395312
0.552935289
0.5106905609
0.5596117629999999
0.37864494
0.35568263530000005
0.41080318
0.4578871402
0.37936927140000004
0.4705221569
0.5140233693999999
0.5175172881000001
0.3454095479
0.4981056634
0.5347770881999999
0.3830703013
0.5836103777
0.5046690358
0.5398301242
0.38142848710000005
0.5526511243000001
0.5712246302
0.7158659923999999
0.5804887102
0.5020036449999999
0.5719304054
0.4429306198
0.4416666667
0.4169586984
0.6454525434999999
0.5633631485
0.5639301017
0.4692982456
0.3831858407
0.4143391345
0.40372696929999996
0.5885179782000001
0.4968354656
0.511921783
0.3648598625
0.5260650833
0.4961573563
0.2797386895
0.4984412705
0.5337669076
0.4651141783
0.38742751490000005
0.4151080347
0.4980637806
0.5291479821
0.41913317829999996
0.5478140537
0.5074188446
0.5245187622
0.5339240257
0.5591093811
0.5332081651
0.5203841742
0.4665651594
0.4568052686
0.3662334647
0.4329710145
0.42407760359999996
0.5337814994
0.5234111738
0.4669684129
0.3903718704
0.3743814594
0.5680829510000001
0.4978878427
0.5226448662
0.36292867219999997
0.5333941213
0.5144789319
0.4979118431
0.42959610740000004
0.4053978783
0.4937833037
0.5134480904000001
0.48179051469999995
0.5438180835
0.46185576089999997
0.3966022426
0.3843774438
0.4789014614
0.496484047
0.5258868767
0.47526881719999997
0.5035717772
0.39927968610000003
0.6026516354
0.594318153
0.5190882065
0.5430325673
0.47651670690000003
0.5011196293
0.4118867909
0.3775100225
0.5763389288999999
0.4617547112
0.5776182918
0.5096241715000001
0.5159791093
0.4111764706
0.5053771907
0.5218468588
0.6327449126
0.5130839105
0.5070080847
0.4433475855
0.4026635
0.44113863000000003
0.43115264799999997
0.5646687697
0.4895551838
0.49430971900000004
0.3943017751
0.6097504279
0.5719920412
0.31582786290000003
0.5425373914
0.5047028563
0.3782562926
0.3130190122
0.5385163761
0.4128787879
0.498154581
0.4394530207
0.5196928742
0.48178137649999997
0.4478070349
0.46099451610000003
0.5269734837
0.5268822715
0.4102226558
0.5234375
0.4526681548
0.508096217
0.4634197324
0.5356654768
0.2621082621
0.41248252090000004
0.45656817369999997
0.4351357393
0.4959249749
0.5025960879
0.467744633
0.44041025640000003
0.6018518519
0.5960360941
0.4132290185
0.3812054984
0.5840480274000001
0.2718119451
0.4120743034
0.47407407409999996
0.18405408560000003
0.22935779820000002
0.0995505214
0.3266074666
0.1291108979
0.3151834504
0.5051020408
0.3048015702
0.2678475577
0.3537549407
0.02496764452
0.03246231736
0.4135426483
0.3135720546
0.3004861631
0.4268804163
0.334251497
0.4301075269
0.2155963303
0.4046276721
0.3904621539
0.3492907801
0.2461135371
0.2044254765
0.09210526315999999
0.02906267473
-0.0046311695600000004
0.0
0.3014553015
0.2013888889
0.1367521368
-0.00070810386
0.0
0.02285797364
0.0009880761
0.01770956316
0.01353120908
0.01005025126
0.1593196807
0.19202232030000002
-0.01769476046
0.00201069519
0.0
0.02964959569
0.0011607142900000001
0.00839699757
0.01900278299
0.00617501764
-0.0045454545499999995
-0.00762527233
0.0193632099
-0.01792114695
0.01078783916
0.0
0.0
-0.01503335526
0.0
0.5710470574
0.5385354009000001
0.6256928102
0.49942415840000004
0.5625553844
0.6215280283
0.6201918194
0.5480429093
0.5958032455
0.4907159206
0.5200454018
0.586638429
0.5722047469
0.5361996795999999
0.5204603581
0.5163676843
0.5656584136
0.5557985031
0.5947174209
0.5718199543
0.5413212334
0.48652931850000003
0.5575557391
0.5004721334
0.45054525669999995
0.4634703196
0.48506279620000003
0.401586141
0.2892898236
0.39256592339999996
0.3636846627
0.3379899497
0.4472928733
0.32402955059999994
0.4739055794
0.45837058229999994
0.3935741261
0.2714270161
0.4337572377
0.3050095766
0.4157776291
0.1684173669
0.1521302209
0.1400499032
0.2037888484
0.08052592536
0.06899332896
0.3168994273
0.1837466357
0.2296658615
0.4518939023
0.32813404579999994
0.3346667349
0.3260417218
0.1480114518
0.1065327826
0.3610174956
0.4002385631
0.3713640539
0.5699048048
0.5518627714000001
0.3222195986
0.19034863130000002
0.37643388870000005
0.33762154240000003
0.4604463502
0.3546895249
0.057062001540000004
0.009438722640000001
0.1045475062
0.04197304256
-0.0026525198900000002
-0.01271221192
-0.00848317894
0.00204511056
0.03523634592
-0.0067795234
0.5112376438999999
0.02232501133
0.00940930261
-0.01015228426
-0.007841560269999999
0.1021173138
0.09231267064000001
0.05127446716
0.01713709677
-0.00917768753
-0.01007705987
-0.00498930109
0.010522254200000001
0.05035193924
-0.00789570192
0.00234321158
0.11929979830000001
0.014791368760000001
0.5375987913
0.5007996329000001
0.46845503209999995
0.5046629928
0.3511105902
0.47568076140000004
0.5427795857000001
0.4755536455
0.47483524610000005
0.4696633
0.4309135337
0.43438564999999996
0.4246697228
0.3472891242
0.4941176471
0.4154157736
0.4787237969
0.43641264399999996
0.3415885765
0.5011314554999999
0.475906917
0.398762719
0.2979216809
0.3496932217
0.357620786
0.2148696678
0.46335917309999997
0.18019804100000003
0.3495851464
0.1586513363
0.2442192843
0.1222865412
0.5128600213
0.25494074
0.37296227960000006
0.08379561144
0.34793158560000004
0.02624547928
0.09570305326
-0.0011728355999999999
0.06058376257
0.011202730000000001
0.07254650454
0.13222594000000001
0.2590822789
0.00878136465
0.22734330069999997
0.2284493038
-0.0037867073499999997
0.362151149
0.29327708220000004
0.3205344743
0.470442737
0.10547391340000001
0.26168791739999997
0.31564019779999997
0.3056046565
0.489030625
0.30207258
-0.008878942130000001
0.0
0.037147248290000004
0.4172760168
0.03367104611
0.01097743075
0.08974764187
0.02650509075
0.05513523737
0.07208687264
0.00432256033
0.00969715509
-0.01614938194
-0.026573916519999997
0.00249991635
0.0682254523
0.34125600149999996
0.00069395294
0.00149347437
-0.02138441786
-0.00483189865
-0.01489330712
-0.00251042061
-0.00170936597
0.0045458048800000005
0.005741540969999999
0.00707227004
-0.00707855745
0.00433727493
-0.00275383313
-0.00600775194
-0.03058137819
-0.00996563325
-0.01205671332
0.5406193078
0.49861155850000005
0.5144902482
0.5491430644999999
0.49597200970000005
0.5010139823
0.3654332282
0.4602239702
0.5039343373
0.5386993546
0.4650357939
0.5060083375
0.48179872690000003
0.5137669646999999
0.4046865618
0.4696059521
0.4267200191
0.5286453654000001
0.448867305
0.4089073129
0.4875914946
0.46635244200000003
0.40828136200000004
0.49552465230000003
0.4102704678
0.42583783779999995
0.308903713
0.3470361615
0.26889088359999996
0.1330042001
0.19849468139999998
0.19071204130000002
0.2817865791
0.30417966150000003
0.2184833143
0.271834176
0.2602989387
0.20741810439999997
0.3214374226
0.2029747676
0.07248136811
0.01165733494
0.1686060509
0.17401899140000002
0.08746474621000001
0.3140054961
0.1634615385
0.20344498760000002
0.33735216970000004
0.36996847870000005
0.4393687757
0.429128538
0.33804191000000006
0.3242087019
0.11096613100000001
0.331528096
0.4303948383
0.3358441347
0.4666085947
0.1586562428
0.050624049080000004
0.02797202797
0.11688519619999999
0.211722234
0.1171151117
0.00610427461
-0.00012203554999999999
-0.00303047372
0.01111245008
0.0067218235400000005
0.0037479028399999997
0.00724149297
0.00697970887
0.041785606700000005
0.017679858559999997
-0.0003557019
0.01640621685
-0.00208114035
-0.00217508345
0.00873362445
-0.00601002398
0.02534699881
0.00256359692
-0.00140740127
0.00327132327
0.0063870555699999994
0.00850383897
0.00235354361
0.01111620598
0.00206072743
0.012728067300000001
0.00490005142
-0.0030174912199999997
-0.0207852194
0.4742204257
0.4285714286
0.4119454674
0.45876277309999997
0.4499802606
0.4287831526
0.4100271003
0.4375968233
0.3961842906
0.4803144491
0.24688957309999998
0.43307247709999996
0.3940285336
0.3097406496
0.3133533134
0.2997753819
0.3520474865
0.32863305070000004
0.25082040710000003
0.2384461846
0.4370255349
0.3211609592
0.362538092
0.20909662359999998
0.304136253
0.1540487797
0.2079288908
0.11654181400000001
0.08582517654
0.08672499403
0.09203744647
0.049759200090000004
0.1202222908
0.14408321940000002
0.08859309525
0.1998939058
0.0965100297
0.1880644474
0.1574237288
0.01556212591
0.06625874126
0.2260841257
-0.00090415913
0.015327048999999999
0.14014446989999998
0.1243303306
0.07390700902
0.4166099773
0.3166224915
0.1255605381
0.1790227335
0.09970904805
0.1075322812
0.2517264858
0.1511257929
0.2079502247
0.10388203530000001
0.06933444151
0.4209617152
0.3034832254
0.00758175343
-0.00082960013
0.012324663659999999
0.02331118494
0.1002125978
0.05319676409
-0.0021091802500000003
-0.0037948972
0.01003164454
-0.0026861266700000004
0.01979911474
-0.00268949117
-0.01970195903
-0.01349482642
0.0070506768600000005
0.01170921739
0.00907669598
0.2126571841
-0.00843289086
-0.00163075765
-0.01828037946
-0.00391847905
0.00456064876
-0.0026994373300000003
0.006467983430000001
-0.00682593857
0.0
0.0
0.01039724652
-0.0112193126
-0.00719459611
0.00492178867
-0.01587301587
0.0042971430500000005
-0.0068235778
0.5010575295999999
0.5283889807
0.5145494682
0.5160641438
0.5421936036999999
0.589135948
0.5151356828
0.5413831151
0.5317073171
0.4206539857
0.5329411765
0.5300206762999999
0.5526773513
0.5185093691
0.5209179771
0.5178550039
0.45264975990000006
0.49835731279999995
0.45121442530000005
0.438363473
0.47219758659999994
0.4919857287
0.40286606550000004
0.4255847308
0.43358445349999997
0.36544850500000003
0.43173431729999995
0.3126492449
0.24443578500000002
0.3060018904
0.2708507338
0.2962900506
0.4088021012
0.2320737436
0.2365605462
0.254244362
0.04025170609
0.18156911579999999
0.28618544490000003
0.06730769231
0.40182833209999996
0.2258849616
0.2331617332
0.273723822
0.33463869459999995
0.3470743471
0.3171208338
0.3452189095
0.16316580619999999
0.4307253629
0.1723021791
0.3435710046
0.2972915384
0.25025321300000003
0.07624633431
0.18547313110000002
0.2835037411
0.2185852555
0.5082815735
0.1742062793
0.08410272972999999
0.3929988331
0.26560642090000003
0.2124161855
0.03927739204
0.07603617182
0.026000212249999998
0.01633064516
0.1033089599
0.017684339650000002
-0.00438116101
-0.0038818913900000003
0.06990314939
0.03479892627
0.009492980290000001
-0.01898582072
0.2026456203
-0.0015705029600000002
0.01763110307
0.005216753229999999
0.00426799007
0.00605900948
0.00267379679
-0.00663526661
0.0048652758
0.01521596859
0.00154700155
0.0188343055
0.0007529917999999999
-0.01224846894
0.045858761990000003
-0.01858279636
-0.00398268398
0.49517674980000004
0.5357742477
0.4006116208
0.4327516514
0.4742014742
0.45954337209999996
0.4740826613
0.3291666667
0.5461007403
0.5329407775
0.48126282699999995
0.4771341463
0.4312892891
0.4668624731
0.5205888204
0.43089053800000005
0.368336227
0.36749635249999996
0.4139254756
0.4242008368
0.4067468768
0.37062420490000003
0.4916355431
0.2919278253
0.38533300070000004
0.2757496779
0.1293739392
0.3433194196
0.3426125278
0.13924104850000002
0.4348163842
0.31737869199999996
0.4263964199
0.22241633270000002
0.030062393649999998
0.2646024457
0.1496965807
0.2608096029
0.04498549207
0.051513639390000004
0.02581478219
0.2399712796
0.3695178318
0.3882978723
0.1410014129
0.2984401069
0.3988760416
0.30541871919999997
0.34251831180000003
0.255768807
0.35818188030000003
0.31929334260000003
0.2668842936
0.395275095
0.02105123909
0.02045192341
0.2867767387
0.04221635884
0.1440729483
0.01035207948
0.03459302326
-0.004368207969999999
-0.01269644758
-0.0088098787
0.0021489561600000003
0.017857142859999998
0.01658291457
0.00918273646
0.09747977756
0.03911896295
0.00870866098
0.1104461592
-0.06000299267
0.00026879496999999996
0.0022393822399999997
-0.00345879246
0.00204622455
0.008043226300000001
0.00537634409
0.018281651189999998
-0.026049351039999998
0.00020705771
-0.01889611639
0.00932636503
0.00115412863
-0.00557116105
-0.01311399084
-0.010664274849999999
0.5383233896
0.4757707679
0.5672194177000001
0.6113899997
0.5249573379
0.5627447324
0.5193370166
0.6045831835
0.6160714286000001
0.5626847192000001
0.5491787027
0.6125379729
0.5611181415000001
0.5508474576
0.5074447597999999
0.5596992664
0.5073567536
0.5390503133
0.5213575543000001
0.5676290832
0.471448468
0.4731667214
0.5512423277
0.4675495898
0.5734239733
0.45717065339999996
0.5242404134
0.5058110656
0.4399271594
0.43061101030000004
0.48471615720000005
0.3939393939
0.34090534980000003
0.34791252489999996
0.194698572
0.22868313189999998
0.35790197890000003
0.2830916982
0.36048853620000004
0.3771672413
0.1858678955
0.439636284
0.2346873629
0.2438536885
0.3583967202
0.3541145118
0.36286296389999995
0.4526198987
0.29806801509999997
0.1529112881
0.3868672026
0.32525951560000005
0.4246324775
0.40386961239999997
0.13990208669999998
0.39618013150000003
0.2610169492
0.21696969700000002
0.35697217680000004
0.3379077055
0.48062871450000005
0.5039856747
0.1604176554
0.01451602746
0.02742289123
0.06257888403
0.318691603
0.23981900450000002
0.09297520661
0.0014555357299999999
0.0035542599200000004
0.0018229821500000002
0.35193133050000003
0.2724276058
0.07801666219
0.00071382008
-0.00985034376
0.16008969180000002
0.5505257662999999
0.00896860987
0.0
-0.0064033774
-0.00174913366
-0.00239808153
0.00107661063
0.020730782840000003
0.05945945946
0.02995978552
0.02778786464
0.01667761449
-0.00126431901
0.1803476255
0.00797368295
0.010128892169999999
0.00713225731
0.5264691717000001
0.48032682569999996
0.5406570816
0.5472452184000001
0.5276593238
0.5476178061
0.5142805981
0.4597618521
0.46117583879999996
0.5091788263
0.5542135349
0.4594649284
0.5673853464999999
0.5243796866
0.5077972288
0.4555121868
0.5130794143
0.44640191100000004
0.5113714069
0.4871627849
0.460034627
0.4631852465
0.4907772362
0.3272930649
0.4867964017
0.3843669082
0.496891546
0.4896763568
0.4728094264
0.48739256519999996
0.42678210720000004
0.3853808798
0.3032775838
0.32774494070000004
0.3977580209
0.2303167125
0.2398401066
0.3574946034
0.18429237340000001
0.4938560827
0.26356377670000003
0.3866894319
0.15105370969999998
0.1172916251
0.01687729
0.2504089163
0.39823468329999995
0.1989264627
0.404714843
0.3202901783
0.12913214950000002
0.4640410959
0.43434109919999997
0.3433354264
0.2633409376
0.2339449306
0.12216653770000001
0.2577768879
0.4013948082
0.2990955106
0.4935960155
0.45720081139999996
0.2422463409
0.345276722
0.4524401065
0.3857352325
0.1529600053
0.20260692970000002
0.2675166695
0.030019445789999998
-0.0040393235500000004
-0.00028068527
0.0221866938
-0.00851012825
0.00834643547
-0.026615614710000002
-0.00266772644
0.025830514359999997
0.4252138106
0.04305458627
-0.00843843209
-0.00490305843
0.00053290808
-0.00355508712
-0.00496689551
-0.011275254779999999
0.0010814733299999999
-0.00170312939
0.00393740032
-0.0046565511
0.00229839812
0.01298013245
-0.02178255825
-0.0031772057999999996
-0.00894531683
-0.00469619666
0.5963963964
0.5426829268
0.5391953039
0.4792117318
0.5928682015
0.5303008271
0.5725473265000001
0.6587029008
0.5511959466999999
0.6259400671
0.4309456929
0.5342066238000001
0.5594456601000001
0.5381796906999999
0.4579157466
0.538128591
0.5953553835000001
0.5962107065
0.5823409238
0.5250085794
0.6412187607
0.5541002352000001
0.5023480417999999
0.4842589499
0.5635225879
0.6049924991000001
0.4038853797
0.5092155743
0.32410179640000003
0.4201638901
0.33854677180000003
0.3907342657
0.3661613784
0.14805934880000002
0.3923267327
0.4497721337
0.09845298614
0.2659897025
0.4390202283
0.17417162279999998
0.1141796179
0.317586508
0.029977375570000003
0.2790510968
0.21782653759999998
0.25437189709999997
0.43717271160000004
0.18392969239999998
0.29268292679999997
-0.016943231439999998
0.3113077692
0.22485237479999998
0.5750403933
0.4310053095
0.3258956525
0.3560770231
0.42616902619999997
0.22132350639999998
0.07918142403
0.2408077024
0.07165109034
0.15157318009999998
0.02948804149
0.01904943546
0.01878504034
0.00587479916
-0.00568574174
0.16444444440000003
-0.04024944002
0.010899474389999999
0.435146366
0.14205836100000002
-0.00074035436
0.06304222094
-0.00793899585
-0.00856954515
-0.00367932839
0.02097186701
-0.00388025326
0.00818946696
-0.00476387738
0.015996989269999998
-0.023530719630000002
0.01582041846
-0.01011101318
-0.01282332495
-0.02170780199
0.018142221899999998
0.49777825579999996
0.51875
0.5153874067
0.5382702708
0.424145543
0.4776846792
0.49606741569999996
0.5041943036
0.4692147345
0.5589745872999999
0.46278832620000004
0.44786312549999996
0.5267357285
0.4913670054
0.4801300135
0.47220896949999996
0.4476225993
0.3599350098
0.49726494629999995
0.43484437560000005
0.48696245
0.5007343784
0.34880224140000005
0.5505544684
0.5177514793
0.4378770672
0.2700771501
0.4809041835
0.3476038749
0.3221417708
0.2974079359
0.11291294049999999
0.15395806739999998
0.3773097468
0.18805692770000002
0.2634547256
0.2186123814
0.06848272822
0.257460589
0.08756567426
0.06826086572000001
0.01180778134
0.3228627867
0.27882777659999997
0.17707529310000003
0.2164348424
0.06311625217
0.2751812537
0.2529255673
0.07852924118
0.4433947675
0.3574392142
0.34238021750000003
0.3866632402
0.4041412185
0.5045548342
0.4845770781
0.1268353639
0.07679687007
0.19973947030000003
0.3187203791
0.40457203620000004
0.223469168
0.4809755027
0.2488584475
0.026972789499999997
0.00901945235
0.00533417964
-0.0124728369
0.00415388194
0.00372690541
0.02015768285
-0.02179702899
0.0061711803200000005
0.17925003979999998
0.1085727891
0.03365384615
-0.00845005209
0.01123462451
0.005217391300000001
0.13219010620000002
0.10620589860000001
0.1462514758
0.02954312957
0.00188323917
0.0005857611
-0.01292917847
0.00620270345
0.0026595744700000003
0.00218996371
-0.01778179626
0.027154546860000003
0.4832736169
0.4401996189
0.5326798542
0.4359597943
0.3732895733
0.4119081786
0.5364821791
0.44254538070000005
0.40000681229999996
0.5371521752999999
0.5154435926000001
0.44006962860000004
0.5208279378999999
0.4127516779
0.372157269
0.2817277636
0.44717220550000003
0.40125960499999996
0.5140662072
0.3293572899
0.44426018059999994
0.277088243
0.27418153440000004
0.16814038539999998
0.20938481809999998
0.219875144
0.1282051282
0.3194265391
0.1563601141
0.2798124791
0.1910274622
0.06496939912000001
0.2973141508
0.2789880714
0.047740455099999995
0.06821708578
0.20754716980000001
0.07662776074
0.10284304300000001
0.1470984013
0.07925049916
0.053180483919999993
0.02794835654
0.014184331880000001
0.05353197349
0.054560828910000005
0.08942423389
0.05540138498
0.2102976088
0.169256729
0.1540454614
0.236341903
0.1682158294
0.3575622318
0.2703581063
0.34675488190000003
0.38890550240000005
0.2294282661
0.3481152622
0.2643610448
0.3862644744
0.07504548745
0.00939959569
0.060913905069999996
-0.00499332575
0.04783973723
0.06250771235000001
0.00979828607
0.05220950742
0.2590361446
0.00216804226
0.00800300252
-0.00428904032
0.013864092690000001
0.00672847012
0.029024024420000002
-0.00076519625
0.09603517946000001
0.047028879430000003
0.1111257928
0.0
-0.0008259343399999999
0.01892473533
-0.00310911368
0.0029462120800000003
-0.00404668981
-0.00204918033
0.0285258535
-0.010400596719999999
0.01116251095
0.01383694246
0.00653923481
0.0043290043299999996
0.00995567438
0.00012815584
-0.00596441899
-0.02735328111
0.3387793823
0.38641130339999996
0.2539771482
0.3085026561
0.2835820896
0.2937673593
0.2713063074
0.31999298249999997
0.3025054693
0.33428649720000003
0.1663855383
0.16704302
0.33515515389999995
0.33617021280000003
0.2580638409
0.2120197044
0.2560420589
0.3406960433
0.1670905011
0.26757474529999997
0.24691482520000002
0.2257142857
0.1490881055
0.18144507310000002
0.1965310724
0.09668874956
0.1564187939
0.0901442563
0.20407840400000002
0.23104467669999998
0.03466666667
0.07618351841
0.021459440500000003
0.07045025211
0.01161744106
0.18698761560000002
0.025121228449999998
0.0848806366
0.00663636364
0.00108781482
0.06869612409
-8.369537999999999e-05
0.01264492717
0.1415846777
0.16313027430000002
0.00248987109
-0.00669294756
0.2659189852
0.0813373527
0.02340170005
0.132310804
0.052620157
0.1761728283
0.011085538930000001
0.02906226528
0.09133931423
0.06379688778
0.07506018977000001
0.2974442274
0.1431411951
-0.0063225539
0.030656886289999997
0.0191004313
0.1102087655
0.04846647928
0.02201904802
0.02000379579
0.00417615793
0.00114048628
0.00135920864
0.00202445542
0.07103197572
0.0027490105399999997
-0.00195804466
-0.0014288743200000001
-0.00546576295
-0.01438342284
0.1505507144
0.00332108536
0.00414937759
0.007630250200000001
0.0044738535299999995
0.014717763180000001
-0.0031397174300000002
-0.0044026243100000004
-0.0070622986
0.01122566056
0.00489964052
-0.00576887076
0.00209672398
0.00056138263
-0.00317863954
-0.00243155468
-0.00480769231
0.01051722295
0.41854230979999996
0.4113693284
0.3737067236
0.41422054080000004
0.38165996339999997
0.3750400895
0.4648434499
0.4292994347
0.4094817264
0.3912379683
0.4088932313
0.2776151762
0.4209835837
0.3362443994
0.30982905980000003
0.3517505347
0.3287495208
0.3818115481
0.3660489984
0.3165233095
0.11331928129999999
0.3691465625
0.296992977
0.2545071341
0.4094384599
0.39314867
0.4201658716
0.31021346439999997
0.2507813679
0.3089405523
0.18000415709999998
0.2589202136
0.1559741312
0.4395558349
0.1690378682
0.2808028764
0.2677609997
0.2071659996
0.05908745522
0.33414635449999996
0.1568042852
0.2923107855
0.1729560093
0.14668200609999998
0.01700353182
0.2596384464
0.3327754108
0.2770589966
0.1506266694
0.1401862912
0.1674572981
0.3587001999
0.3087720886
0.2313098259
0.2844457492
0.2482626448
0.118516637
0.2282728991
0.4241482095
0.3733644675
0.27612963749999997
0.19983689680000002
-0.00391109032
0.028727810649999998
0.00590327708
-0.00088065624
-0.0013565824200000001
0.054211035819999996
0.06750239498
0.00827710301
0.06368330465
0.037948811980000004
-0.00418410042
-0.0025763480500000002
0.00412753782
0.00238393314
-0.010610899350000001
-0.0082942026
0.01152892246
0.2457355046
-0.00189660998
-0.00255926696
0.00384615385
-0.002588374
0.00108169325
-0.00197936531
0.00172639919
0.01280790337
0.0009231778
-0.00776118051
0.0
-0.01203276419
-0.0057062740999999995
-0.0060857205
-0.005456027289999999
-0.00822631192
0.00112585628
0.4832152947
0.4646563525
0.5140042875
0.47368421050000004
0.42534674850000004
0.4491296407
0.3865393884
0.4751722153
0.46342518779999997
0.475732221
0.2839183301
0.2984073246
0.480528407
0.47158538800000005
0.2867149289
0.4311262909
0.38279863480000004
0.2679719089
0.3916306989
0.3795512747
0.2438952633
0.4844950981
0.3794626614
0.4018494857
0.439756949
0.4927750675
0.3989200198
0.41917043569999995
0.2999798904
0.32865418890000003
0.40908581580000003
0.2314215503
0.3270580488
0.24608816439999998
0.2072016619
0.06658359843
0.0783487183
0.10484545569999999
0.1664871481
0.21369083889999999
0.01979077836
0.1757387015
0.03258992482
0.056893163659999996
0.0127143702
0.28300535790000003
0.020088411389999998
0.02003588323
0.35901276369999996
0.2729186323
0.1370402002
0.2470842921
0.1569117509
0.19580080760000002
0.1258405329
0.2981660185
0.231768504
0.1440882325
0.19690412859999998
0.1188159112
0.3124427766
0.06427687626
0.00456990847
-0.00618011291
-0.00318126023
0.0032824600700000002
0.01224979547
0.2286228569
0.060093609609999994
0.1425087314
0.04048118425
0.00571564474
0.00191262464
0.02016677509
-0.0035315896600000003
0.005636397130000001
0.0036611954400000003
0.02929160203
-0.00330130993
0.11639988770000001
-0.0007645518399999999
-0.00773011132
0.02082172702
0.00171821306
0.0065380460299999995
-0.00477716235
0.021062371139999998
-0.00211522809
0.0010703118400000001
-0.006616275390000001
-0.0030833775600000004
-0.00471455982
0.012449507500000002
0.005893366319999999
-0.011841682959999999
0.03277898634
0.0087652439
0.39501024020000003
0.484194515
0.4754952602
0.4769891501
0.4684487566
0.31777687790000003
0.5385572139
0.2827868852
0.4480697629
0.5676343077
0.39936316410000006
0.4406026656
0.4372170792
0.44728213349999996
0.5001781737000001
0.404383683
0.38148297589999997
0.4208176692
0.4042098077
0.4483476812
0.3804107049
0.2229665072
0.40134341679999996
0.4266238974
0.20354945829999999
0.2564857499
0.21254836929999998
0.10699876359999999
0.1741185587
0.18206060610000002
0.2333388951
0.1563408711
0.1195460973
0.018878439570000002
0.09478885894
0.3773342555
0.00397600446
0.07762557078
0.11793563580000001
0.1716981132
0.1110296449
0.2942338124
-0.00801849236
0.011843294179999998
0.4108377068
0.19711199170000002
0.3181830113
0.10871478870000001
0.2182521646
0.18818575270000001
0.11952128079999999
0.19187300489999998
0.08634538152999999
0.1859699796
0.28145975889999997
0.2433435764
-0.010600706710000001
0.029982696240000002
-0.0030752257
0.02333967804
0.08136994007000001
0.040217024319999996
0.00020297496
0.00057471264
0.0051587301600000005
0.01754776314
-0.00686238219
-0.011105296819999999
-0.0068965517200000005
0.01971214018
0.01030378268
0.00706995173
0.00550827909
-0.0246930527
-0.006451219019999999
-6.504064999999999e-05
0.00363473123
-0.01448413152
0.0
0.0073395301800000005
-0.00049627792
-0.01811454053
-0.011106322319999999
0.03095238095
0.019192805440000002
0.021077830330000002
0.02138116137
0.00064814815
0.45150798340000003
0.4687189807
0.5435232854000001
0.5619047618999999
0.4982797793
0.4194566961
0.5051988241
0.49751243780000004
0.5259244933
0.4872599801
0.39521316300000003
0.5412838241
0.5993166575
0.4400140128
0.4075538134
0.2560664112
0.3532200616
0.44661485679999996
0.44872093020000003
0.4134615385
0.423014544
0.4420299284
0.399779416
0.3182728977
0.21222710979999998
0.4019144428
0.38961038960000005
0.05396825397
0.05876942886
0.2832281043
0.015104616150000002
0.42306142999999996
0.1010190801
0.2635334601
0.09597505669
0.00744304939
0.2348251029
0.11111111109999999
0.2528473804
0.3129880845
0.03448275862
0.012654637419999998
0.1086907096
0.06498015873
0.1699074074
0.11413043480000001
0.1913761386
0.1577876792
0.05581822031
0.1965799975
0.35464586789999997
0.2582969916
0.2896288838
0.41235164840000005
0.1967545639
0.1293579217
0.1242481125
0.1437344278
0.2084697218
0.1969901168
0.3238895558
0.154811599
0.00880464845
0.00024187697
0.02322764754
0.3273403218
-0.02176578786
0.0035087719299999997
0.010259482609999999
0.00810298783
0.16978164369999998
0.2567567568
0.11031778989999999
-0.01130742049
-0.0014637088800000001
-0.0050436401600000005
-0.0011528666799999999
0.0005138164
0.05263157895
-0.00124356237
0.01491519496
0.01838235294
0.01754385965
0.00751063492
-0.0134914105
0.011258397440000002
0.00300171527
0.5572232276
0.3406838178
0.4387006377
0.5372237593
0.4596824318
0.49204435869999996
0.4932202985
0.4099378882
0.4211586813
0.5163573451
0.4268256176
0.5473873906
0.4472129005
0.3571963706
0.40822355289999995
0.4340849243
0.3799126638
0.41138552349999996
0.371634343
0.3530942666
0.35381790690000003
0.3877855564
0.4075911303
0.28259810430000004
0.3655276616
0.33043478260000003
0.2925490196
0.2721885652
0.29377532370000004
0.13208469620000002
0.110582505
0.1746558135
0.1395264477
0.2569754058
0.2754340018
0.09447736339
0.3811296238
0.1442768067
0.32255180520000004
0.32861348370000004
0.06269349845
0.16125801280000002
0.37052340479999996
0.18601612450000002
0.11713379160000001
0.2357226965
0.1784969419
0.33018592480000003
0.4045431423
0.1505090906
0.08648577959
0.2312467729
0.15804953559999999
0.262754679
0.23261238339999998
0.1194626468
0.2459350507
0.2899198582
0.20947675459999998
0.275390625
0.5625130144
0.39030836999999996
0.06864763196
0.1094257508
0.01411051399
0.1719263595
0.0190576566
0.02442549501
0.03224096608
0.00389203184
-0.00308273772
0.0217575188
0.00408163265
-0.00450556623
0.06007515017
-0.00722011545
-0.00247953121
0.01626740425
0.08148827199
0.19457621379999998
0.0
0.0031671342000000003
-0.009036472509999999
0.00340244551
0.00306478187
-0.0026081121899999998
0.0
-0.005049095609999999
0.005182152089999999
0.02285867443
-0.04127383197
0.01403876729
-0.00405380744
0.0059549116099999995
-0.00283734486
0.00543241279
-0.0073663508
0.5062030075
0.5112955906
0.5789203085
0.4606285195
0.39423868310000004
0.4725965214
0.4766848816
0.44770914339999995
0.5047980955
0.4939988221
0.5505514855
0.49139455460000003
0.4480367307
0.4079148714
0.5467673556
0.5009615385
0.4415579291
0.4673430564
0.3768221382
0.3454305025
0.4453268765
0.46635186500000003
0.512
0.4959412941
0.5621421547
0.42590720140000005
0.4501926196
0.333889445
0.4316072114
0.42319370640000004
0.30409732640000003
0.35017368670000004
0.41787312190000003
0.3219448192
0.2668103448
0.2973712068
0.1507849698
0.37230605009999995
0.2409620176
0.145844409
0.015664859689999998
0.22222222219999999
0.2188692703
0.1955083087
0.2622711927
0.19645093679999998
0.2481352979
0.1849225357
0.3243493486
0.08264239065
0.45254872560000003
0.3299129358
0.4578321529
0.23011501769999998
0.2851614719
0.2695709988
0.29432076160000004
0.24226963510000002
0.275503791
0.00174534247
-0.0022753544400000002
0.09563636731000001
0.0062347561
0.025733499379999997
0.00226632553
0.00359657476
0.01006374697
0.10655859059999999
-0.00616453558
0.0038394128
0.00640841437
-0.00344568477
0.01932448822
0.00053504548
-0.00914362177
0.03994389902
0.02131315783
0.01244514148
0.006446807420000001
0.0020608925799999998
0.00623955281
-0.0021239076800000003
0.0
0.00361663653
0.00826905705
-0.0039918902499999995
-0.00715307582
0.00072024929
-0.0078125
-0.00468741065
-8.944502e-05
-0.01517514456
0.0
-0.02748647524
0.03484202894
0.4054043804
0.36098676859999995
0.39275507769999995
0.3853500394
0.12776886040000002
0.06961011591
0.2945123572
0.2053721067
0.10926365799999999
0.2144360036
0.3756809117
0.05067046398
0.2012560134
0.271679677
0.10957195199999999
0.36252855009999996
0.11085834580000001
0.188546129
0.1830842391
0.1043566028
0.045257301209999996
0.285609619
0.1703137428
0.340220489
0.17906663909999998
0.1391304348
0.3408151755
0.3389916822
0.131304263
0.1236357788
0.16101969589999998
0.05460873995
0.1635017347
0.04597914038
0.02376530419
0.0335088146
0.10427477140000001
0.03608247423
0.05959573593
0.021296296300000003
0.0050412526300000005
0.06587201568
0.039905734490000004
0.09155323513000001
0.17566309589999998
0.21540614179999998
0.006951507649999999
0.0026970257100000002
0.24773823069999998
0.1035349968
0.03414898746
0.1447413957
0.01927967387
0.1034267123
0.188479005
0.1500593675
0.1329712239
0.238540259
0.1661050307
0.2004735803
0.08942596433
-0.00483091787
0.00488559759
0.02099236641
0.016709580840000002
0.1134072864
0.06471670199
0.0106959707
0.00477416816
0.01887453982
-0.007387480050000001
0.01224328594
-0.005045495180000001
0.00348279192
-0.00273224044
0.00030510857999999997
-0.014335449520000001
-0.00469322344
0.0032424974099999997
0.0
-0.01832751507
-0.00320576659
-0.011588226509999999
-0.00580194509
0.01418827021
0.00083916084
-0.00229454785
0.05089025406
0.0008344568800000001
-0.01226746065
-0.00106345268
-0.010849067070000001
0.011217948719999999
-0.01764108697
-0.007833730589999999
0.5346100704
0.5155347103
0.5825128032
0.5928501314
0.2929782082
0.1472298848
0.4331395349
0.34343143470000004
0.4465134707
0.1577603222
0.4753991528
0.5457803211000001
0.2529513889
0.1903025418
0.4657548024
0.2560828231
0.5451846313
0.3870394737
0.4054611312
0.4755456575
0.5095749096
0.4867563865
0.3700524635
0.4840112194
0.3402579871
0.3094017094
0.5558271497
0.4467221271
0.4288321168
0.2102356242
0.1498437994
0.3166749868
0.29878133219999997
0.2563957323
0.1138646391
0.13955981709999998
0.32643761390000003
0.3448741559
0.1793593766
0.45126185319999995
0.08225350769
0.02580817705
0.136302682
0.24252552260000002
0.01397695736
0.005971436409999999
0.370330016
0.339529379
0.09986118989
0.3235861912
0.09879839786
0.1171447457
0.22798777099999998
0.120456778
0.2045495799
0.250153591
0.31567141719999997
0.20690719529999999
-0.03579209462
0.02759176385
-0.00735914305
0.006793777439999999
0.00389146377
-0.00509943906
-0.00141512651
0.00896287276
0.06806978676
-0.00944225898
0.0025342484599999997
0.01111111111
-0.0046082949299999995
-0.008688971260000001
0.01048366349
0.0077223408599999994
-0.00419516644
0.016833810890000002
0.01337073739
0.0
0.0
-0.005928853750000001
-0.00558762235
4.402765e-05
0.0
0.0
0.0
0.004315197
0.0
0.022829792470000002
-0.00282854736
-0.00056754494
-0.00705483531
-0.03431372549
0.03946002077
0.026334850990000002
0.5119429433
0.5327966923
0.5947919661000001
0.4985604943
0.5828550004
0.5529407626
0.5332510971
0.5088069168
0.5087813361
0.4409977746
0.5493502081
0.4541841591
0.46851787799999994
0.44109781839999995
0.5066034889000001
0.4140746975
0.3863068292
0.47352707010000006
0.4818960245
0.2649840039
0.20715053009999998
0.4984743638
0.3634545482
0.3702101821
0.430316092
0.3203497942
0.1940940423
0.4124955155
0.1582720717
0.1154075164
0.3739116083
0.036908043099999996
0.07172603241
0.3531683927
0.03226303029
0.108361394
0.1458045189
-0.00562770301
0.2621703854
0.3089814159
-0.00335806326
0.0217575305
0.017095593819999998
0.040525421719999996
0.06627684799
0.03305252428
0.1842050908
-0.027947598249999997
0.2255427681
0.10456212250000001
0.03503594366
0.4444891472
0.3298268612
0.3049633578
0.3684336213
0.19816763569999998
0.2877094972
0.357241686
0.23727484319999997
0.4392661636
0.3823975891
0.09715240727999999
0.2120050195
0.3707567478
0.06865174553
0.020565575840000003
0.047724548330000005
-0.00667527993
-0.01426336016
0.01487972979
8.950628e-05
0.02627018152
0.01582427964
-0.00474491856
-0.00826391757
0.03811683404
0.006622833230000001
0.35662299849999995
0.11545272779999999
0.0036787247099999997
-0.01714683701
0.00409395778
0.00677981736
-0.00227591078
-0.00431655505
0.00434553356
-0.00381615325
-0.01135041873
-0.0025882876
-0.00261865603
-0.01582394777
-0.00945603431
-0.00801155766
-0.03680518819
-0.01469149977
0.4236348818
0.4023936442
0.3112509046
0.4258696386
0.2858000892
0.30473091360000004
0.1429765292
0.264514237
0.3909677419
0.32449752779999996
0.38119154450000003
0.2243002281
0.28971964159999997
0.0775027063
0.03764719391
0.3558523843
0.2774110481
0.33899359349999997
0.1761904762
0.2187415863
0.14298710010000001
0.3570333906
0.1164784745
0.3252011945
0.3751833261
0.13648157760000001
0.2677822424
0.1048720549
0.1786212545
0.08129576385
0.1913545921
0.0439976522
0.1317196693
0.08553931883
0.0427258328
0.06280865992
0.1581198409
0.02693976141
0.18045052290000002
0.13161617039999998
0.02193794611
0.0341426829
0.04391075743
-0.014447797899999998
0.09903429580999999
0.1586015489
0.05256134628
0.2810559006
0.1440239868
0.06178800905
0.1018782052
0.09723837897
0.20229675449999998
0.27389272
0.1842835372
0.2135406168
0.06279308354
0.18663503039999998
0.1393949637
0.2881944444
0.058334682420000006
-0.0044910179599999996
-0.00254586636
0.02064288157
0.07235869886
0.03710004231
0.2060615106
0.0329591712
-0.0007283706500000001
0.02198272731
0.00548540965
0.04794684258
0.02010050251
-0.03122606169
0.0
0.0027780589
0.03167091372
0.00032047331
0.02294430412
-0.00716559881
0.00790925968
-0.00061239007
-0.00260559665
0.00884955752
0.00817153861
0.02503971711
-0.00150829563
-0.00148518404
0.0
-0.00649091446
-0.01049968942
-0.0065533089300000005
0.00373284681
-0.00028751579999999996
-0.009027051579999999
0.525150314
0.4323857838
0.4935376103
0.5208172006
0.46707016529999995
0.5009617259
0.3818479938
0.3990293258
0.450017555
0.4411717805
0.49783021580000003
0.1398194103
0.39827613829999997
0.20140368590000002
0.1720493666
0.2692486733
0.4929317741
0.3908468104
0.5475232499
0.3578155165
0.437655713
0.46869966929999995
0.4645082112
0.22218198560000002
0.5067239807
0.46050269460000004
0.29536872540000003
0.5240718088
0.3493618127
0.2960661038
0.5199231174
0.2024006418
0.5029478458
0.2726380014
0.3196437653
0.1248981692
0.2571339083
0.1032869949
0.190256738
0.1418922551
0.037042953170000004
0.1858720431
0.3577811878
0.1036531519
0.09962474504999999
0.2408392515
0.2592891761
0.1122092581
0.2369292369
0.05373922309
0.2616886221
0.1402292903
0.2556275887
0.07124449624000001
0.2328419078
0.32477221479999996
0.26314759590000003
0.1833950528
0.2882570855
0.1940666254
0.4465182605
0.1597457627
-0.00313393605
-0.00426008544
-0.00444741533
0.02038375605
0.0065212805399999995
0.00262943228
0.03680848044
0.08399080639999999
0.028438072800000002
0.01104914011
0.01215945095
-0.00427421118
0.00028856194000000004
0.00623454897
0.0067880022100000005
-0.011421863649999999
0.0740435594
0.03758860185
0.01722486159
-0.0020183638000000003
0.00277578324
-0.0023609029700000003
-3.31495e-06
0.01218341867
-0.0019695163299999997
-0.0025421871600000002
0.0013611131700000001
0.00560451858
0.00663452756
-0.00403227943
-0.00971311927
-0.0068266740199999995
0.00361629412
-0.00972595266
-0.00382278554
0.5210368057
0.5074514378
0.5659406274
0.5151863196
0.4734191257
0.4541114109
0.47067028720000004
0.1172667343
0.4171501283
0.5005293195
0.5400030089
0.4506769826
0.5354545455
0.48297362110000003
0.4231705009
0.49049453909999996
0.40568492429999997
0.3852808946
0.4636363636
0.4579819632
0.3839652229
0.4745865599
0.5001840722
0.4229101292
0.46525256499999995
0.5364125999
0.5145043785
0.49060366510000003
0.4897876726
0.46610939770000004
0.416628976
0.44271344069999996
0.2682713244
0.2382340708
0.17203200840000002
0.2280469756
0.35535369860000005
0.20111131459999998
0.3375814141
0.3858024535
0.1649801114
0.024171737659999998
0.10519141169999999
0.1876916465
0.04303761184
0.35589133230000003
0.23971646759999998
0.38057020199999997
0.3552208835
0.13295990570000002
0.06322011736000001
0.2543824033
0.22353002560000002
0.2954786859
0.23296924400000002
0.2253660467
0.3313072487
0.31637601790000003
0.2568407615
0.41892998740000004
0.04549936979
0.00646757051
0.03001823873
0.0008477568
0.0057012341700000005
0.02840690802
0.2861369804
0.364763952
0.06284005095999999
0.009410619129999999
0.01334286983
0.00682712892
-0.00111714976
0.07226078928
0.00963581662
-0.0141971108
-0.03297297297
0.029667254980000002
0.06112603463
-0.00474469909
-0.01720566476
-0.00238404855
-0.0013585615900000001
0.00015182885
-0.0149021104
0.03018490188
-0.0005999151800000001
0.007685931379999999
0.00861492979
-0.00322888915
-0.00625058354
-0.00083313177
-0.00479833695
-0.00209822995
0.00132768272
0.4816626686
0.49095358910000003
0.5626099472
0.6738214996
0.505038908
0.5020394178
0.5196551048
0.5059372693
0.5115323337000001
0.4130560565
0.5377611365
0.34492514069999997
0.5216218009
0.3051752193
0.08734472365
0.46464533449999995
0.5495959992
0.5377786854
0.5205506710000001
0.48217120370000005
0.45818505340000004
0.5189933683
0.4966290028
0.5856349206
0.5188054240000001
0.44953547299999996
0.4704563048
0.3128492718
0.46977965920000003
0.3149795582
0.4628657487
0.24486572469999998
0.49308056469999995
0.2664378558
0.32312563679999995
0.5310637943
0.2821450148
0.4349082225
0.4535221326
0.1150813492
0.005746624769999999
0.08102709457
0.1399610256
0.00429142461
0.24318362400000001
0.37005392270000004
0.3391669627
0.2564065934
0.2089236456
0.3876260027
0.46494943110000003
0.41225086330000005
0.5138734739
0.28863632240000003
0.2034057874
0.07014743322
0.3894622488
0.4198874606
0.4885576638
0.1841583
0.02070322059
-0.00041936392
-0.021323181689999998
0.00090206521
0.02043753927
0.01056365179
0.2476649789
0.08329824099
0.06794276866
0.01365457371
-0.013651374599999998
-0.011587535179999999
0.03229710397
0.01031265179
0.04304715356
0.02336385387
0.01176459016
0.1594482041
-0.00914265204
-0.02005098934
0.01057692308
0.010778791999999999
0.013092191500000001
0.00427183778
0.00429045714
0.01399390884
0.00253405131
-2.3196409999999998e-05
-0.00121651599
0.01310043668
0.009216589859999999
0.00010588106
0.00011897036999999999
0.00243118344
-0.01153891789
0.40146299480000003
0.35880185859999997
0.3841517778
0.37554295060000004
0.40032366340000003
0.3600336886
0.3466571934
0.4167906671
0.3893220686
0.389656377
0.39285976359999997
0.3234700843
0.3314050553
0.3171611875
0.3259376416
0.2616519101
0.2548049872
0.3719945
0.3090103321
0.3331068841
0.22313054499999999
0.1949979631
0.1467434349
0.2854234528
0.140885473
0.28665507300000004
0.13104200929999998
0.14453242319999998
0.05364131429999999
0.07041405270000001
0.032636102959999996
0.01585283459
0.03092701542
0.06324199159
0.038522020659999996
0.2623274162
0.05370474715
0.07910968087999999
0.1531096964
0.00127053426
0.03872668289
0.02180515914
0.00765134358
0.1133810547
0.2066314315
-0.00241712352
0.01394961428
0.2914122137
0.08990777421000001
-0.0042717981500000005
0.1501175431
0.1151027013
0.0062099359
0.26508885660000003
0.1527280477
0.17830927840000002
0.1792324825
0.14092484260000002
0.09295991637
0.4098601773
0.2441547634
0.18537587169999997
0.00474658551
0.08997126521
0.163368065
0.06362342135
0.07641081128999999
0.010928961749999999
-0.00098328417
0.01256664716
0.00026009272999999997
-0.010676804449999999
-0.0044666277
-0.00029420662
-0.02235398558
-0.01081230091
-0.00016762306000000002
0.2600346601
0.00440331275
-0.00542264753
-0.007072470629999999
-0.00922162407
-0.00033467202
0.00354136705
-0.01193181818
-0.00543936583
0.00394965143
-0.0061240858700000005
0.0010940631100000001
0.00468407082
0.00493728466
0.03948168415
-0.03312397832
-0.01761088062
-0.01221265378
0.3128911582
0.3167701863
0.41334428199999995
0.390960452
0.42631475799999996
0.4104852012
0.3622707529
0.3895777701
0.3657029276
0.3181683297
0.3183185921
0.24050820890000002
0.2618980189
0.2797484647
0.2297687861
0.2520054967
0.2846817317
0.17990141869999998
0.3363528751
0.3572621976
0.33151845129999996
0.3349621033
0.2395370876
0.1580831362
0.1543803044
0.20003170069999998
0.1286611939
0.07012156912
0.05865407729
0.01715016569
0.3482201336
0.04630478756
0.06630392234
0.10756506639999999
0.00113335354
0.17050699779999998
0.02192148644
0.06370637344999999
0.02946158118
0.00483160438
0.11571969700000001
-0.00929989167
-0.0083224929
0.26186067739999996
0.06568292589000001
0.023749142980000002
0.140999741
0.07036980986
0.19485208639999999
0.1733806179
0.1569373316
0.0383914369
0.020260843190000002
0.3119327175
0.3433583041
-0.00035106989
0.00441696113
0.04527258864
0.01683969843
0.02093653357
0.06684782609
0.01977135961
0.01016973609
0.00475780507
0.00365434449
-0.010505084460000001
-0.005953828329999999
-0.008180445560000001
0.011834390189999999
-0.00412418728
0.01571100224
-0.01067774297
0.289717497
0.02037037037
-0.004569268919999999
-0.00243236008
-0.00380238846
0.00933376247
0.0073571911099999995
0.01708874843
0.00502679877
0.0038579912399999998
-0.008855461260000001
-0.00399942523
-0.03983606296
0.022587240770000003
-0.020933317370000003
0.00389352586
0.00915582927
0.01233655044
0.4889103595
0.3136467409
0.3091534239
0.435496267
0.204808019
0.2719895775
0.14957433
0.19424118740000001
0.4224359501
0.3433369254
0.525402896
0.3577375
0.48746781400000005
0.08833864871
0.3111207103
0.4604164228
0.4219549618
0.428862383
0.4263236625
0.348814453
0.1813380282
0.4198132497
0.249381998
0.24545933139999998
0.358916584
0.01615743594
0.1011950165
0.2693532328
0.1888365784
0.25859763680000003
0.4348019299
0.1081612338
0.30560248430000003
0.2247816895
0.3265952192
0.04397459508
0.02494724489
0.03840892926
0.218487395
0.04490214646
0.2488966983
0.03712313631
0.08462104489
-0.00534437878
0.0033084595100000003
0.1769799756
0.0316776971
0.204871103
0.2961967755
0.08627300067
0.239757045
0.014430929459999998
0.0642022792
0.28244274810000003
0.04847323944
0.0172313874
0.031130752560000002
0.02536931818
0.021477222469999998
-0.00392309281
0.0177872499
0.0018315535
-0.00087118215
0.01551712773
-0.0005574744699999999
0.00484800839
0.00387596899
0.00902562926
-0.015484079520000001
0.0020813601
-0.00429529547
-0.01734555959
0.00401568471
-0.01667679784
-0.00432246085
0.00942582907
-0.00100591994
0.00276085419
-0.0016503936999999998
0.01478499232
-0.00079850945
0.0025365853700000003
-0.008980407900000001
-0.00310459388
-0.02823950497
-0.009232181499999999
-0.00938274022
-0.01214367526
0.0024446282499999998
0.6051305665000001
0.5359901338
0.5488975357
0.5625
0.5286844383
0.5249725984
0.5341384482
0.5730819877
0.5452404451
0.5328765512
0.4741933471
0.4941690962
0.5075433633
0.5379677529
0.5450425194
0.3973348348
0.5535664336
0.5851729417
0.5697802198
0.5375999099
0.5525917819
0.5596884129
0.5530913978
0.5008840297
0.490795143
0.4128440367
0.38678119780000003
0.4704355987
0.43342391300000005
0.4371082887
0.4298723537
0.5019930380000001
0.3308569663
0.4340462746
0.4884701191
0.4509687034
0.2686830615
0.34173234620000004
0.2394121074
0.27210884350000003
0.49607072690000004
0.35111009379999997
0.23153656749999998
0.34862192299999994
0.14444797239999999
0.3133703682
0.3666274971
0.4372660381
0.4751590606
0.48326576039999997
0.34831223180000004
0.3968992248
0.1849703976
0.36654823870000003
0.40058515479999995
0.43335254999999995
0.4873129839
0.4790940199
0.2794117647
0.38417118520000004
0.12868738000000002
0.03592966566
0.321888412
0.402962963
0.30330646980000003
0.140462585
0.16717939699999998
0.0419374312
-0.00025956585000000003
-0.03038701875
0.00378686327
0.01827887415
0.24786324789999997
0.07234880694
0.06904909514
0.43706972909999997
0.046692607
0.0052407276999999995
0.1908375264
0.00251527129
-0.0026041666699999997
0.05758754864
0.01337871354
0.01408660313
0.00169983554
-0.00516671993
0.0
0.0023176249900000003
-0.00181707349
0.006618962430000001
-0.00690386812
0.00216873276
