0.44394683837890625
0.44163230061531067
0.3980153799057007
0.4368475079536438
0.4320142865180969
0.44005829095840454
0.4062940776348114
0.45104992389678955
0.43380653858184814
0.43343910574913025
0.43900933861732483
0.435791939496994
0.4253182113170624
0.44083020091056824
0.44142666459083557
0.43692541122436523
0.4370616674423218
0.4313238859176636
0.4467388391494751
0.42317628860473633
0.4435540437698364
0.43597525358200073
0.4462288022041321
0.42086678743362427
0.4419868588447571
0.43959304690361023
0.4356403946876526
0.4308055639266968
0.4412539005279541
0.43578845262527466
0.43470847606658936
0.44495251774787903
0.44291409850120544
0.4454428553581238
0.43065962195396423
0.4495944678783417
0.4381992518901825
0.39120984077453613
0.44724228978157043
0.4281979501247406
0.3970000147819519
0.4264260530471802
0.43951815366744995
0.44088494777679443
0.4424436092376709
0.41325777769088745
0.433804452419281
0.4374159574508667
0.4427812993526459
0.43374404311180115
0.40340256690979004
0.4249728322029114
0.4300045967102051
0.4375051259994507
0.39990130066871643
0.4367976784706116
0.3923909664154053
0.4213390052318573
0.4142482578754425
0.41905152797698975
0.40768903493881226
0.405809223651886
0.43447762727737427
0.43640565872192383
0.44273480772972107
0.43699416518211365
0.4403882622718811
0.4337313771247864
0.4328005909919739
0.4205099642276764
0.40455493330955505
0.38622862100601196
0.4272943139076233
0.4060770571231842
0.41698992252349854
0.4182002544403076
0.3516941964626312
0.41765666007995605
0.42114925384521484
0.41031426191329956
0.3610245883464813
0.4067809581756592
0.4280409514904022
0.40557360649108887
0.3952242136001587
0.4219357371330261
0.4436069130897522
0.4321153461933136
0.42479783296585083
0.4488106369972229
0.4061237573623657
0.43890130519866943
0.42775362730026245
0.4378735423088074
0.44064706563949585
0.44328978657722473
0.44227224588394165
0.4409407675266266
0.43653857707977295
0.42271581292152405
