0.8756672407020726
0.8866699725798344
nan
0.8815780102569414
0.8744886225119027
0.8886545189463284
0.8753819324322452
0.872178354287156
0.8835901607148807
nan
0.8894253360452995
0.8990239191156372
0.8781403350766094
0.8932614807534497
0.8395526082844634
0.8809261384870702
0.8804463548716978
0.8799421852693742
0.8375965702721506
0.894759892262752
0.8948228321595671
0.8945205676257759
0.886882934480127
0.8972529820801519
0.8904443438365919
0.8882692655661878
0.8819965447862946
0.8953402042111486
0.8912508124302906
0.8905438662442058
0.8847260377764473
0.8689709557657747
0.8853039740286622
0.894310120539009
0.8838251352595241
0.8779555818931417
0.8831354610267607
0.8888111490236446
0.8780793588746112
0.8888852076066436
0.8868202567659984
0.8886672909886387
0.8937020653818232
0.8921548076327839
0.8796483563839805
0.8891351479670988
0.8866351076331671
0.8894504520765543
0.8826070612503354
0.8617126421104789
0.8517657199121583
0.8721197805346749
0.8964602379475032
0.8753830239683287
0.899657042148074
0.8967750444449207
0.8832568195067118
0.8860296743028484
0.8884343603988185
0.8923587804123887
0.8891995218426902
0.8872074684902886
0.8936738780676667
0.8778713784453664
0.8923837519756325
0.8976949311286297
0.8863108251043578
0.8890997212003884
0.8883431636291748
0.8837042315862744
0.8875852255858556
0.8839338875678441
0.8871644919323342
0.8970310203578373
0.8902099953199962
0.8894230299077898
0.8918277106530927
0.8937113808932026
0.8848023275876171
0.8823471954024544
0.8884901304017518
0.8894980034548589
0.8740959317045267
0.8913169252726818
0.8880844909800518
0.8864423766050888
0.8870356448910306
0.88133407570225
0.8835347331546402
0.8960855253815025
0.8884219361498679
0.8833602586026253
0.8755209748668825
0.890272549968782
0.8834745381500351
0.895892200429379
0.8871313445497981
0.8745063867265951
0.8842300790945041
0.8942252001018454
