0.5102508068084717
0.5043970346450806
0.8603261113166809
0.2894408106803894
0.5484851002693176
0.43394336104393005
0.5559102296829224
0.5674960017204285
0.779401421546936
0.8915004134178162
0.5794941186904907
0.9546279907226562
0.3935641050338745
0.7872016429901123
0.5152957439422607
0.7534297108650208
0.6612846851348877
0.7732927203178406
0.5205225944519043
0.6040446162223816
0.47959253191947937
0.8485268354415894
0.7354671955108643
0.2554103136062622
0.627984344959259
0.7232757806777954
0.6236191987991333
0.6453816890716553
0.7519279718399048
0.575701892375946
0.6197937726974487
0.6336629390716553
0.5535274744033813
0.570792019367218
0.6019395589828491
0.7000188827514648
0.724146842956543
0.6802125573158264
0.4140159785747528
0.3757334053516388
0.6428038477897644
0.7445223927497864
0.5507266521453857
0.4792383313179016
0.6626803874969482
0.6951417922973633
0.6341559886932373
0.5261878967285156
0.3855031132698059
0.5103707313537598
0.5033437013626099
0.44425898790359497
0.39158421754837036
0.5802101492881775
0.3744010329246521
0.7986912131309509
0.48560985922813416
0.7112598419189453
0.6597944498062134
0.4801962673664093
0.608100175857544
0.6062688827514648
0.5719305276870728
0.2674402594566345
0.7393481731414795
0.6165364384651184
0.8022594451904297
0.6440713405609131
0.9249777793884277
0.7176994681358337
0.3425702452659607
0.5566571950912476
0.7909314632415771
0.6240957975387573
0.3730158805847168
0.3807200491428375
0.5365021228790283
0.530375063419342
0.47451627254486084
0.6082934737205505
0.3780025243759155
0.7422000765800476
0.27409932017326355
0.553707480430603
0.702497124671936
0.5642096400260925
0.7588039636611938
0.7589197158813477
0.6266391277313232
0.32149967551231384
0.7485859394073486
0.6664024591445923
0.8993252515792847
0.7175198793411255
0.5356957316398621
0.3003784120082855
0.6046664714813232
0.7844076156616211
0.7064248323440552
0.6703886389732361
0.8032238483428955
0.8044852018356323
0.788627564907074
0.6207863688468933
0.3545505404472351
0.7238854169845581
0.6920374631881714
0.6477808356285095
0.5864774584770203
0.5467108488082886
0.7178906202316284
0.139490008354187
0.6962006688117981
0.643695592880249
0.543472945690155
0.6281830072402954
0.753774106502533
0.6437617540359497
0.4270704984664917
0.09481902420520782
0.8046563267707825
0.28292739391326904
0.39197105169296265
0.24675485491752625
0.8160409927368164
0.403912216424942
0.735102653503418
0.6392687559127808
0.6504324674606323
0.5000665783882141
0.5638089179992676
0.8216385245323181
0.7200210094451904
0.6205474734306335
0.6418653726577759
0.6918321847915649
0.6438531875610352
0.7184211015701294
0.6667845249176025
0.7701307535171509
0.7880914211273193
0.37818634510040283
0.8250824809074402
0.6478654742240906
0.614702582359314
0.18104687333106995
0.09381294250488281
0.6251927614212036
0.6698639988899231
0.7779944539070129
0.5963812470436096
0.7380070686340332
0.44518718123435974
0.5246419906616211
0.39497166872024536
0.6815862059593201
0.6905572414398193
0.6137664318084717
0.8673319816589355
0.6639100909233093
0.6643379926681519
0.5451627969741821
0.5923184752464294
0.5920000076293945
0.6593756675720215
0.7532539367675781
0.8112070560455322
0.7305952310562134
0.5718465447425842
0.4158681631088257
0.6293773651123047
0.6435458064079285
0.8217223286628723
-0.015019237995147705
0.2661227881908417
0.7132965326309204
0.677323579788208
0.7170037031173706
0.30916160345077515
0.4777712821960449
0.698040246963501
0.6922635436058044
0.4104328155517578
0.8453233242034912
0.5659186244010925
0.6696421504020691
0.3328031003475189
0.26156479120254517
0.13233542442321777
0.624501645565033
0.7005602717399597
0.8213276863098145
0.7123860716819763
0.7691068053245544
0.45302772521972656
0.7063952684402466
0.3785000443458557
0.3751726448535919
0.6659991145133972
0.3633541464805603
0.5564832091331482
0.3474457263946533
0.665895938873291
0.6364108920097351
0.5087870955467224
0.502923846244812
0.8068251609802246
0.5258333086967468
0.6865811944007874
0.8144705891609192
0.7341811656951904
0.471049427986145
0.2597823441028595
0.7026243209838867
0.5626823902130127
0.6819702386856079
0.7092063426971436
0.6550309062004089
0.6327081918716431
0.4060259759426117
0.7085390686988831
0.4740195870399475
0.6146255731582642
0.8375261425971985
0.8275893330574036
0.7054740190505981
0.6989690661430359
0.6289389133453369
0.49980413913726807
0.729616641998291
0.6634080410003662
0.5185067653656006
0.6709152460098267
0.7291761636734009
0.6688944697380066
0.6612508893013
0.21569518744945526
0.40054598450660706
0.6417973041534424
0.654492974281311
0.6450412273406982
0.7860296964645386
0.7778194546699524
0.7274678945541382
0.21046052873134613
0.075553759932518
0.7055887579917908
0.7629519701004028
0.7476494312286377
0.7516353130340576
0.8194084167480469
0.7788798809051514
0.5603668689727783
0.6629180908203125
0.3487568199634552
0.5279238820075989
0.5933216214179993
0.7047635912895203
0.688416600227356
0.5271550416946411
0.7641881704330444
0.4775972068309784
0.8229993581771851
0.8300607204437256
0.3311023712158203
0.680510401725769
0.7465674877166748
0.6546359062194824
0.7291663289070129
0.8100430965423584
0.4738399088382721
0.6548200845718384
0.8243398666381836
0.10872231423854828
0.47658151388168335
0.7524962425231934
0.5896925926208496
0.7018128633499146
0.165580153465271
0.2973051369190216
0.7418880462646484
0.6699081659317017
0.5239090323448181
0.31492722034454346
0.8226896524429321
0.5532141923904419
0.46176356077194214
0.8107627630233765
0.6993324756622314
0.2941301465034485
0.6433453559875488
0.612317681312561
0.662654459476471
0.7905353307723999
0.24623151123523712
0.47403669357299805
0.5796948671340942
0.6757025122642517
0.5185031294822693
0.6639914512634277
0.4573449492454529
0.6159473061561584
0.6200644969940186
0.5733036994934082
0.7933796644210815
0.5849763751029968
0.20728258788585663
0.7187139987945557
0.6474957466125488
0.7819233536720276
0.7990478873252869
0.08271180093288422
0.3039347529411316
0.6586211919784546
0.6069053411483765
0.20626412332057953
0.6893295049667358
0.8024845123291016
0.469726026058197
0.41636043787002563
0.33207136392593384
0.676096498966217
0.6006362438201904
0.5407112836837769
0.7011764049530029
0.40483736991882324
0.591093122959137
0.18007522821426392
0.6321672201156616
0.7244521379470825
0.7001979351043701
0.7447852492332458
0.7601794004440308
0.365407258272171
0.5996382832527161
0.6900268197059631
0.6749472618103027
0.7105867862701416
0.5626844763755798
0.7403141260147095
0.4315691590309143
0.6932161450386047
0.7637394666671753
0.7453874349594116
0.32118794322013855
0.7160528302192688
0.6921001672744751
0.6960934400558472
0.6833046078681946
0.2494623214006424
0.6013709306716919
0.74512779712677
0.5718066692352295
0.6823550462722778
0.7244040966033936
0.7876084446907043
0.4414372444152832
0.6879751682281494
0.6051390171051025
0.7885628342628479
0.22651426494121552
0.8886549472808838
0.4510989785194397
0.8084707260131836
0.6353968381881714
0.687262237071991
0.302665114402771
0.5431942939758301
0.7128671407699585
0.7509820461273193
0.9089081883430481
0.43497127294540405
0.5614910125732422
0.773844301700592
0.4196428060531616
0.42797428369522095
0.31069520115852356
0.7340526580810547
0.6675061583518982
0.7813410758972168
0.7118450999259949
0.6059798002243042
0.6951442956924438
0.22239556908607483
0.8406755924224854
0.5808852910995483
0.6975522637367249
0.625347912311554
0.771601140499115
0.5402917861938477
0.7437300682067871
0.4551699757575989
0.6246477365493774
0.3451802432537079
0.7262784242630005
0.5160661339759827
0.6794238090515137
0.6123149394989014
0.5385728478431702
0.7076760530471802
0.44269561767578125
0.7191706299781799
0.9456347823143005
0.5608887672424316
0.8219274282455444
0.7260960340499878
0.7126171588897705
0.7765588760375977
0.761797308921814
0.2656213641166687
0.26752471923828125
0.6060886383056641
0.31026023626327515
0.5769088268280029
0.542147159576416
0.6698541045188904
0.3832492530345917
0.7002184391021729
0.5329651832580566
0.3994659185409546
0.7503942251205444
0.5963846445083618
0.7000842094421387
0.4099745452404022
0.6576728820800781
0.4066030979156494
0.4669925272464752
0.6248651146888733
0.6873313784599304
0.8978393077850342
0.6343920230865479
0.5827188491821289
0.7607197761535645
0.5091111063957214
0.6710044145584106
0.6408685445785522
0.6502161026000977
0.6826890707015991
0.7369703054428101
0.8229919075965881
0.7025727033615112
0.6217274069786072
0.5749825239181519
0.4813310503959656
0.4413408041000366
0.6976101994514465
0.6998515129089355
0.4896281957626343
0.39111217856407166
0.6925682425498962
0.4961851239204407
0.8329136371612549
0.6942217350006104
0.6487184762954712
0.720571756362915
0.6516516208648682
0.7177466154098511
0.48176658153533936
0.8775296807289124
0.24813923239707947
0.6489728689193726
0.6194884181022644
0.31585484743118286
0.5369613170623779
0.5533681511878967
0.5782871842384338
0.4500734806060791
0.7396842241287231
0.33804646134376526
0.6339114904403687
0.6629851460456848
0.8142576217651367
0.576229453086853
0.6049544215202332
0.6947658061981201
0.3425702452659607
0.8293452262878418
0.7692655324935913
0.669791579246521
0.6556603908538818
0.7842849493026733
0.798584520816803
0.4970695376396179
0.32593774795532227
0.71551913022995
0.8501622676849365
0.8128750324249268
0.507514476776123
0.6419960260391235
0.14932921528816223
0.6481451988220215
0.4975712299346924
0.7955495119094849
0.6877783536911011
0.7619326114654541
0.30343151092529297
0.31070083379745483
0.5807161331176758
0.6828978061676025
0.7738267183303833
0.43473362922668457
0.04664047062397003
0.6917225122451782
0.8359112739562988
0.31330570578575134
0.7421507835388184
0.6455717086791992
0.5204829573631287
0.8276263475418091
0.27251437306404114
0.7551349401473999
0.1933407485485077
0.5905275344848633
0.42682284116744995
0.44162893295288086
0.5381603240966797
0.6311304569244385
0.6966575384140015
0.6941575407981873
0.5334724187850952
-0.02287060022354126
0.4643794000148773
0.7353038787841797
0.5929337739944458
0.6362467408180237
0.20898902416229248
0.657612681388855
0.3860574960708618
0.5925781726837158
0.6226859092712402
0.591500461101532
0.6041097640991211
0.7452225685119629
0.6799238920211792
0.5323240160942078
0.644236147403717
0.5484589338302612
0.6172605156898499
0.6361677646636963
0.698280930519104
0.6187534332275391
0.6428788304328918
0.8144268989562988
0.5858322978019714
0.7424157857894897
0.7634525299072266
0.6964366436004639
0.3079931139945984
0.321832537651062
0.5357624888420105
0.8034035563468933
0.8070398569107056
0.8126408457756042
0.6669027805328369
0.6907699108123779
0.6348351240158081
0.743996262550354
0.7393524646759033
0.5358859896659851
0.6113411784172058
0.758003830909729
0.6662435531616211
0.1884709745645523
0.7245422005653381
0.7173055410385132
0.6632400751113892
0.5827111601829529
0.6637137532234192
0.8092653751373291
0.5644211769104004
0.4425898790359497
0.5160266757011414
0.7212911248207092
0.5866841673851013
0.7294390797615051
0.5238423943519592
0.1440243273973465
0.3169823884963989
0.6801977157592773
0.6624935865402222
0.7072649002075195
0.7353274822235107
0.3315229117870331
0.6003901362419128
0.7297147512435913
0.5291224718093872
0.23096081614494324
0.70188969373703
0.7582225799560547
0.5335291624069214
0.5688258409500122
0.9030598998069763
0.6537688374519348
0.7538793087005615
0.49372801184654236
0.7603799700737
0.09437531232833862
0.6272847056388855
0.5527242422103882
0.5911863446235657
0.45382654666900635
0.827305793762207
0.10399238765239716
0.7912624478340149
0.6926336884498596
0.38433972001075745
0.5745046734809875
0.5766484141349792
0.7549684047698975
0.46111682057380676
0.44816696643829346
0.7411882877349854
0.6336030960083008
0.6954797506332397
0.6635439991950989
0.7491909265518188
0.6795731782913208
0.661190927028656
0.6702074408531189
0.05599179118871689
0.5742545127868652
0.7549477815628052
0.7261981964111328
0.7446068525314331
0.5963584780693054
0.7088537216186523
0.6272724866867065
0.5654734373092651
0.7107532024383545
0.5425212979316711
0.7654027938842773
0.1870192289352417
0.7924330234527588
0.08084766566753387
0.4856082797050476
0.6495798826217651
0.7232174873352051
0.6366442441940308
0.6883507966995239
0.511544942855835
0.6305561661720276
0.7213301658630371
0.4176326096057892
0.5768449306488037
0.7083613872528076
0.703691840171814
0.7258274555206299
0.6637431979179382
0.6202462911605835
0.8538786172866821
0.3959991931915283
0.7880642414093018
0.7089142799377441
0.6574881076812744
0.4546065330505371
0.6150184273719788
0.6675112247467041
0.745259165763855
0.6218137741088867
0.6568645238876343
0.544985830783844
0.7811237573623657
0.43122947216033936
0.2597039043903351
0.6342161893844604
0.7290746569633484
0.6842646598815918
0.5068830251693726
0.44287610054016113
0.674217700958252
0.26157721877098083
0.695684015750885
0.7902137041091919
0.7599911689758301
0.6446430683135986
0.551408052444458
0.07503680884838104
0.6332253217697144
0.7958014011383057
0.595489501953125
0.7915401458740234
0.3326193392276764
0.7386306524276733
0.40676555037498474
0.29595181345939636
0.7229200601577759
0.709989607334137
0.7936123013496399
0.6779444217681885
0.8061770796775818
0.46057695150375366
0.3021929860115051
0.5861689448356628
0.698615550994873
0.7403942942619324
0.49147188663482666
0.4414113759994507
0.6748373508453369
0.7886062860488892
0.7058010697364807
0.4761320650577545
0.5680211186408997
0.6732151508331299
0.42953670024871826
0.5240450501441956
0.6045793294906616
0.15766291320323944
0.5444034337997437
0.6700218915939331
0.5550217628479004
0.6577274799346924
0.7390985488891602
0.6125600337982178
0.5023705363273621
0.6372807621955872
0.6265642046928406
0.5298056602478027
0.6467261910438538
0.7297741174697876
0.8941224813461304
0.7220349311828613
0.6561736464500427
0.7643311023712158
0.7624695301055908
0.6183708906173706
0.39935731887817383
0.4868324398994446
0.6487125158309937
0.4947432279586792
0.6376701593399048
0.6943705081939697
0.7419610023498535
0.522956132888794
0.25946348905563354
0.30567774176597595
0.6862152814865112
0.5664348602294922
0.7908668518066406
0.5998613834381104
0.637884259223938
0.47392717003822327
0.7510250806808472
0.7040278911590576
0.41430431604385376
0.306356817483902
0.7692309021949768
0.6620948314666748
0.7647849321365356
0.061689406633377075
0.5427017211914062
0.5290205478668213
0.5757403373718262
0.6260872483253479
0.6232079863548279
0.4895932078361511
0.7238589525222778
0.6175999641418457
0.3126901090145111
0.5813387632369995
0.35169488191604614
0.7499942779541016
0.5601974725723267
0.46455588936805725
0.5809938311576843
0.7293420433998108
0.7941082715988159
0.5897966623306274
0.575157105922699
0.5945492386817932
0.56284499168396
0.5834455490112305
0.6979620456695557
0.7463604211807251
0.6525752544403076
0.9369417428970337
0.6148467063903809
0.7730015516281128
0.7655826807022095
0.6613391637802124
0.5687161087989807
0.48368358612060547
0.6888450980186462
0.8188369274139404
0.5723098516464233
0.39168888330459595
0.6585970520973206
0.36243951320648193
0.748418390750885
0.6922154426574707
0.8657178282737732
0.54435133934021
0.7368379831314087
0.44674164056777954
0.5345594882965088
0.6602402329444885
0.7380011081695557
0.5788995027542114
0.6281505823135376
0.6786924600601196
0.6829073429107666
0.47394412755966187
0.559877872467041
0.6923794150352478
0.7660973072052002
0.44714751839637756
0.5605436563491821
0.5918501615524292
0.5953243970870972
0.5622020363807678
0.8116166591644287
0.832379937171936
0.4157465100288391
0.6483216285705566
0.4600832462310791
0.7009624242782593
0.5789163112640381
0.3654734194278717
0.6071297526359558
0.7257499694824219
0.5633419156074524
0.47769102454185486
0.6268864870071411
0.7597626447677612
0.4852278232574463
0.7448716163635254
0.8153026103973389
0.45927494764328003
0.6603555083274841
0.7242990732192993
0.5836331844329834
0.6186938285827637
0.6349439024925232
0.7378355264663696
0.47459420561790466
0.7260713577270508
0.6498696804046631
0.5821640491485596
0.7167348861694336
0.3122991919517517
0.667280375957489
0.7224663496017456
0.670071542263031
0.6937832832336426
0.08811240643262863
0.6528534889221191
0.39969080686569214
0.7377514839172363
0.7738444805145264
0.7215948104858398
0.7175958752632141
0.8827797174453735
0.6993359327316284
0.6724543571472168
0.7315821647644043
0.7556499242782593
0.5610435009002686
0.508359968662262
0.7181132435798645
0.7328195571899414
0.3564046323299408
0.14644736051559448
0.5498576164245605
0.6469413042068481
0.7285051941871643
0.8392425775527954
0.46068549156188965
0.7340277433395386
0.7100606560707092
0.3420695662498474
0.5094131231307983
0.38841551542282104
0.18982765078544617
0.8048133850097656
0.35551074147224426
0.3263566493988037
0.37240922451019287
0.1550554633140564
0.6850769519805908
0.2004009187221527
0.764816164970398
0.6838676929473877
0.5301847457885742
0.6925308704376221
0.6419824957847595
0.721320629119873
0.4624892771244049
0.7973873615264893
0.6846739053726196
0.7357648611068726
0.6629172563552856
0.2835347354412079
0.0020857304334640503
0.7257982492446899
0.7237098217010498
0.7690510749816895
0.5075075626373291
0.7541888952255249
0.7431836128234863
0.7692076563835144
0.6790769100189209
0.8685204386711121
0.6775978207588196
0.2216569483280182
0.7422450184822083
0.7575737833976746
0.6269382238388062
0.7818860411643982
0.5655815005302429
0.5943864583969116
0.6843360662460327
0.7491881251335144
0.6490194201469421
0.6158465147018433
0.675694465637207
0.7282842397689819
0.7357398867607117
0.7169284224510193
0.6514753699302673
0.789054274559021
0.7266954183578491
0.557828426361084
0.735938549041748
0.7443495988845825
0.6963207721710205
0.7691574096679688
0.6897611618041992
0.5017998218536377
0.21391117572784424
0.756969690322876
0.6792005896568298
0.6022565364837646
0.44488823413848877
0.8070334196090698
0.579214334487915
0.4977429211139679
0.6018890142440796
0.31341904401779175
0.4626805782318115
0.6308423280715942
0.5071243047714233
0.5964789986610413
0.5933264493942261
0.4213517904281616
0.7826271653175354
0.6358868479728699
0.11324428766965866
0.4775006175041199
0.4980871081352234
0.6653290390968323
0.7142888307571411
0.6087400913238525
0.6618306636810303
0.43227753043174744
0.7724491953849792
0.5312201976776123
0.46635502576828003
0.2386671006679535
0.2688145041465759
0.8492680788040161
0.6615912914276123
0.7823570370674133
0.5998648405075073
0.8657804727554321
0.37605586647987366
0.4917834997177124
0.6673621535301208
0.8118114471435547
0.6041336059570312
0.6878436803817749
0.6509867906570435
0.18044906854629517
0.8218212127685547
0.2736770510673523
0.6711402535438538
0.6887427568435669
0.7936006784439087
0.3123580813407898
0.5237095952033997
0.867907702922821
0.5801807641983032
0.1401749700307846
0.6200341582298279
0.5753830075263977
0.5752087831497192
0.6624029278755188
0.6598811149597168
0.6977732181549072
0.5426568984985352
0.3701629936695099
0.6014136075973511
0.5278875827789307
0.28545427322387695
0.7576013207435608
0.6830457448959351
0.5249776840209961
0.8454474210739136
0.6630300879478455
0.5499916672706604
0.3402411937713623
0.5962730646133423
0.16528572142124176
0.5583649277687073
0.1792944222688675
0.2902366518974304
0.6983786821365356
0.5083580017089844
0.6223558187484741
0.7863906025886536
0.7331934571266174
0.7924913763999939
0.1832285076379776
0.7468613386154175
0.771249532699585
0.8254874348640442
0.1457880288362503
0.3873704671859741
0.7243633270263672
0.6775891780853271
0.7092224359512329
0.5277546644210815
0.5555322170257568
0.5054201483726501
0.6636564135551453
0.49102264642715454
0.4948909282684326
0.8453075885772705
0.5180099010467529
0.8037052154541016
0.7498498558998108
0.4537583887577057
0.7236288785934448
0.6172950267791748
0.6969077587127686
0.7011135220527649
0.7630283832550049
0.7940303087234497
0.14243516325950623
0.6656424403190613
0.4461795687675476
0.5710172057151794
0.3255457878112793
0.5838782787322998
0.4458432197570801
0.4131796360015869
0.5229914784431458
0.8440209627151489
0.7487083673477173
0.6787077188491821
0.5110485553741455
0.33554038405418396
0.5501203536987305
0.7359923720359802
0.802535891532898
0.6398013830184937
0.690212070941925
0.2110060751438141
0.5990935564041138
0.7953782081604004
0.71425461769104
0.6825450658798218
0.5877238512039185
0.7443937063217163
0.45526623725891113
0.5267813205718994
0.7386536598205566
0.7524792551994324
0.671286404132843
0.5160262584686279
0.15017205476760864
0.7545608282089233
0.5357968807220459
0.7287728786468506
0.6088148951530457
0.441582590341568
0.5173865556716919
0.6401057243347168
0.7811939716339111
0.4058144688606262
0.6312127709388733
0.24212485551834106
0.5970587730407715
0.6854572296142578
0.5855579972267151
0.736260175704956
0.6627654433250427
0.7272036671638489
0.8320389986038208
0.8388211131095886
0.8165282607078552
0.6288717985153198
0.5340046286582947
0.7654647827148438
0.6650691032409668
0.5236578583717346
0.7664837837219238
0.8696027398109436
0.5774918794631958
0.6265795230865479
0.508359968662262
0.6932708024978638
0.4817689061164856
0.7335515022277832
0.40580475330352783
0.3390124440193176
0.5349336862564087
0.7904676198959351
0.5717954635620117
0.7436816096305847
0.7956565618515015
0.7602289915084839
0.12405692785978317
0.448879599571228
0.7525988817214966
0.7002930641174316
0.5368128418922424
0.7307829260826111
0.6185027360916138
0.2564484775066376
0.7185202836990356
0.7637144327163696
0.7161749601364136
0.7780823707580566
0.08384083211421967
0.6685615181922913
0.6207955479621887
0.5452764630317688
0.6859772801399231
0.43769824504852295
0.5854093432426453
0.6541581153869629
0.7795270681381226
0.8285740613937378
0.48118555545806885
0.6611596345901489
0.6087043285369873
0.3687792122364044
0.6640276908874512
0.5443758964538574
0.5632843971252441
0.5955948829650879
0.49328747391700745
0.6600172519683838
0.4182409644126892
0.7826613187789917
0.42358583211898804
0.7761465311050415
0.575312614440918
0.8910659551620483
0.8793352842330933
0.8575745820999146
0.19268888235092163
0.6396607160568237
0.7756245136260986
0.48859071731567383
0.3321332633495331
0.3683811128139496
0.6928313970565796
0.37323251366615295
0.7204471826553345
0.7722989320755005
0.7724788784980774
0.47927719354629517
0.7497002482414246
0.05920260399580002
0.6489498615264893
0.7974951267242432
0.507075846195221
0.6028298139572144
0.7400064468383789
0.7154163122177124
0.7640323042869568
0.8259685039520264
0.43520939350128174
0.34164029359817505
0.6114094853401184
0.5262719392776489
0.5764004588127136
0.30671635270118713
0.3030662536621094
0.2289532721042633
0.746221661567688
0.7911655902862549
0.7125687599182129
0.47889214754104614
0.28193506598472595
0.6933928728103638
0.7225825786590576
0.6134608387947083
0.7750344276428223
0.7880904674530029
0.6789575815200806
0.5723589062690735
0.2458738535642624
0.642626166343689
0.39178991317749023
0.3221483528614044
0.3784472346305847
0.45851194858551025
0.410347580909729
0.7543707489967346
0.638795018196106
0.5679625272750854
0.7587321400642395
0.6438157558441162
0.4445000886917114
0.6714984178543091
0.7362712025642395
0.6966632604598999
0.30580729246139526
0.6522588729858398
0.667420506477356
0.5751728415489197
0.8384597897529602
-0.038482919335365295
0.32495999336242676
0.7870082259178162
0.5408874154090881
0.7154437303543091
0.5754606127738953
0.5949094295501709
0.4357526898384094
0.8706740140914917
0.7383586168289185
0.3247104287147522
0.4735943675041199
0.426676481962204
0.2553057372570038
0.4816480278968811
0.5156884789466858
0.5656211972236633
0.05932284891605377
0.6533182859420776
0.5714768171310425
0.43649232387542725
0.748572826385498
0.4151186943054199
0.875659704208374
0.6743054389953613
0.37929922342300415
0.7291754484176636
0.7681286931037903
0.531368613243103
0.6771441698074341
0.4271618723869324
0.7672678828239441
0.39359116554260254
0.735371470451355
0.10320314019918442
0.46570467948913574
0.3412039279937744
0.7353024482727051
0.594652533531189
0.5435298681259155
0.6431198120117188
0.24551044404506683
0.7692515850067139
0.6716961860656738
0.7363420724868774
0.7623633146286011
0.6590456962585449
0.6105334758758545
0.09257394075393677
0.6798979640007019
0.6247711181640625
0.36030563712120056
0.3452552258968353
0.14693352580070496
0.6947610378265381
0.1320762038230896
0.6348848938941956
0.35235485434532166
0.6089047193527222
0.6754648089408875
0.6146552562713623
0.6692734956741333
0.6307637691497803
0.6427788734436035
0.6788704991340637
0.7472345232963562
0.5721480846405029
0.6526299118995667
0.748418390750885
0.6337556838989258
0.6733195185661316
0.38223782181739807
0.5719143152236938
0.5406308174133301
0.7519394755363464
0.4028553366661072
0.774915337562561
0.4394172430038452
0.47577470541000366
0.7230058908462524
0.6491317749023438
0.11470869183540344
0.6571353673934937
0.5529142618179321
0.6142750978469849
0.2412363439798355
0.5468339920043945
0.6611777544021606
0.6218366622924805
0.7837222814559937
0.8509548306465149
0.6011629104614258
0.720726490020752
0.3160647451877594
0.7032531499862671
0.7855278253555298
0.7126778364181519
0.5620532035827637
0.6568298935890198
0.6353503465652466
0.07443727552890778
0.6309456825256348
0.6870782375335693
0.28308212757110596
0.6493158340454102
0.6129658818244934
0.583295464515686
0.7007877826690674
0.46635133028030396
0.7211769819259644
0.8020505905151367
0.6693215370178223
0.7690905332565308
0.45861732959747314
0.7790777683258057
0.7273079752922058
0.5497924089431763
0.7625999450683594
0.823112964630127
0.7653299570083618
0.5611987113952637
0.6753286123275757
0.26487505435943604
0.473605215549469
0.8117303848266602
0.6628932952880859
0.7453606128692627
0.6945092082023621
0.48371291160583496
0.6328701376914978
0.4931899905204773
0.7402498722076416
0.4713554382324219
0.3664465546607971
0.683967113494873
0.3607127368450165
0.7240323424339294
0.7235262393951416
0.3678499460220337
0.6143346428871155
0.34898853302001953
0.535109281539917
0.2282712757587433
0.564062237739563
0.7747305631637573
0.1869530826807022
0.5056009888648987
0.5716582536697388
0.30832260847091675
0.669234037399292
0.489310085773468
0.7512131929397583
0.5715700387954712
0.6649186015129089
0.6623411178588867
0.524702787399292
0.5630038976669312
0.5151662230491638
0.6743612289428711
0.8078128099441528
0.6339330673217773
0.6228870749473572
0.1492619663476944
0.6868367791175842
0.6851623058319092
0.7730118632316589
0.5668253302574158
0.6350299715995789
0.9806667566299438
0.5331485867500305
0.557342529296875
0.9284494519233704
0.6652626395225525
0.571595311164856
0.4910733699798584
0.7197017073631287
0.567123293876648
0.1615673005580902
0.6020403504371643
0.4390193223953247
0.7568209171295166
0.7109482288360596
0.5502833127975464
0.7083733081817627
0.5822920799255371
0.7199404239654541
0.7392812967300415
0.459372341632843
0.7026743292808533
0.652066707611084
0.6775848865509033
0.763577401638031
0.5198948383331299
0.3847252428531647
0.5160855650901794
0.34847474098205566
0.6686931848526001
0.39025604724884033
0.3761182129383087
0.8524448871612549
0.050675809383392334
0.42130428552627563
0.4652717113494873
0.6277834177017212
0.7100964784622192
0.649280309677124
0.4460380971431732
0.5892574787139893
0.41898342967033386
0.7383155822753906
0.2870495915412903
0.6535903215408325
0.6104034185409546
0.6712023019790649
0.2917129397392273
0.15439480543136597
0.5611801147460938
0.6420259475708008
0.7316362857818604
0.6334975957870483
0.5567291975021362
0.5951542854309082
0.6734240651130676
0.8200832605361938
0.6343189477920532
0.6216652393341064
0.28326812386512756
0.6913955211639404
0.5891077518463135
0.5891163349151611
0.5999560952186584
0.6781352758407593
0.5111162066459656
0.7442392706871033
0.788560152053833
0.69866943359375
0.6609129905700684
0.7261870503425598
0.529944658279419
0.6469582319259644
0.6614599227905273
0.2793024182319641
0.6678704023361206
0.8750849366188049
0.43003907799720764
0.5661183595657349
0.45649030804634094
0.6936706304550171
0.04139210283756256
0.7502281665802002
0.4925406873226166
0.8601313233375549
0.5368344187736511
0.4700494408607483
0.5239505767822266
0.5574064254760742
0.6185435056686401
0.49344056844711304
0.6856358051300049
0.7295985221862793
0.3780820965766907
0.3844298720359802
0.8812395930290222
0.3577099144458771
0.6977488994598389
0.6602175831794739
0.3626427948474884
0.4823039174079895
0.6654369831085205
0.08635123074054718
0.5673561692237854
0.6257416009902954
0.7017903923988342
0.7009774446487427
0.7410643100738525
0.6408807039260864
0.733710527420044
0.5768380761146545
0.6941466331481934
0.7271624803543091
0.27138930559158325
0.543221116065979
0.4907029867172241
0.7648153305053711
0.5945281386375427
0.7230886220932007
0.6003237366676331
0.6194137334823608
0.586651623249054
0.6331199407577515
0.7497979402542114
0.56430983543396
0.48289754986763
0.6618097424507141
0.42138856649398804
0.7639702558517456
0.3316706717014313
0.6897792816162109
0.6026887893676758
0.7599281072616577
0.489766001701355
0.7646100521087646
0.8824915885925293
0.6308643817901611
0.7760934829711914
0.6100637912750244
0.6686967611312866
0.6763674020767212
0.360645592212677
0.7056466937065125
0.7381235361099243
0.6761292815208435
0.4116132855415344
0.6806976795196533
0.729458212852478
0.6147290468215942
0.7880600690841675
0.4385405480861664
0.6008501052856445
0.2846253216266632
0.8537887334823608
0.3294179439544678
0.3763442039489746
0.34166646003723145
0.8107889890670776
0.519945502281189
0.4418909549713135
0.7655633687973022
0.2840350270271301
0.7256479263305664
0.7443172931671143
0.5149908661842346
0.3650000989437103
0.5386669635772705
0.2924742102622986
0.378804087638855
0.5276924967765808
0.636610746383667
0.7060855627059937
0.5448117256164551
0.6360896229743958
0.21942031383514404
0.5912189483642578
0.5623236894607544
0.6726306676864624
0.8284237384796143
0.46771615743637085
0.41037076711654663
0.5834150314331055
0.65590900182724
0.5514546036720276
0.6858735084533691
0.9572739601135254
0.5569697022438049
0.8567641377449036
0.5615041255950928
0.45165467262268066
0.6014038324356079
0.8636957406997681
0.45100918412208557
0.7328938245773315
0.690528154373169
0.5979267358779907
0.8212026357650757
0.7546595335006714
0.31855326890945435
0.7265872955322266
0.5369314551353455
0.5292672514915466
0.5376634001731873
0.31481772661209106
0.43341881036758423
0.28246015310287476
0.3785068392753601
0.20772427320480347
0.6356796622276306
0.617668628692627
0.5372425317764282
0.7008695602416992
0.7176994681358337
0.6124621629714966
0.6652230620384216
0.764117956161499
0.6245269775390625
0.5082399845123291
0.554797351360321
0.12287410348653793
0.6400328278541565
0.6742606163024902
0.5688353180885315
0.5917543172836304
0.5500351786613464
0.5772277116775513
0.790255606174469
0.6610913872718811
0.6159863471984863
0.6746851205825806
0.5809996128082275
0.57404625415802
0.6634731888771057
0.6722063422203064
0.6179258823394775
0.33871057629585266
0.7288534641265869
0.7093715667724609
0.7265180349349976
0.8064263463020325
0.5133094191551208
0.5858083963394165
0.3704482316970825
0.6672893762588501
0.2397765815258026
0.3662148118019104
0.41450685262680054
0.6200672388076782
0.7817549705505371
0.7030583620071411
0.5395939350128174
0.679641604423523
0.5218229293823242
0.164235457777977
0.6490718126296997
0.5726828575134277
0.6025583744049072
0.5383328795433044
0.5805675387382507
0.6147104501724243
0.3275832235813141
0.5974379777908325
0.4581087827682495
0.3999984860420227
0.6586513519287109
0.5253598690032959
0.6743525266647339
0.7261746525764465
0.5093608498573303
0.3896244764328003
0.6956856846809387
0.6714122295379639
0.6398215293884277
0.44695836305618286
0.3604034185409546
0.49654674530029297
0.6520299315452576
0.486635684967041
0.5981789231300354
0.7196871638298035
0.7116981744766235
0.5342508554458618
0.5040832757949829
0.6181702613830566
0.7042405605316162
0.7890243530273438
0.7508291006088257
0.3503076434135437
0.3946865200996399
0.46130993962287903
0.6760258674621582
0.4366391897201538
0.5403729677200317
0.6235501766204834
0.3796134889125824
0.7124850153923035
0.7402387857437134
0.39466866850852966
0.5464795827865601
0.7382102012634277
0.21946334838867188
0.4913376569747925
0.7849873304367065
0.7415426969528198
0.6794601678848267
0.750584602355957
0.5474644303321838
0.679887592792511
0.5614433288574219
0.6256355047225952
0.7572380304336548
0.37017616629600525
0.4584531784057617
0.602438747882843
0.334518700838089
0.5461424589157104
0.5060213804244995
0.7206922769546509
0.5359632968902588
0.7593567371368408
0.6750326156616211
0.6387969851493835
0.3706289827823639
0.6357758045196533
0.6131022572517395
0.44146421551704407
0.69768887758255
0.581046462059021
0.6641451120376587
0.6857037544250488
0.5782860517501831
0.6066339612007141
0.6732448935508728
0.6679908633232117
0.6068047285079956
0.46427586674690247
0.7374666929244995
0.5915393829345703
0.7130533456802368
0.5931819677352905
0.27638623118400574
0.8144242167472839
0.4963320195674896
0.5288194417953491
0.3557335436344147
0.6757519245147705
0.6359652280807495
0.5562125444412231
0.3744628429412842
0.5388351082801819
0.6371655464172363
0.6578809022903442
0.7220873832702637
0.5723699927330017
0.6470863819122314
0.6963911056518555
0.6689028739929199
0.5893967151641846
0.4580361247062683
0.5180505514144897
0.8305858373641968
0.7055163383483887
0.6357786059379578
0.25781089067459106
0.588276743888855
0.4765540361404419
0.28872907161712646
0.4583725035190582
0.6932355165481567
0.9217339754104614
0.4948342442512512
0.7177244424819946
0.6828877329826355
0.7104483842849731
0.31804361939430237
0.8461242318153381
0.7158446311950684
0.8249715566635132
0.6730641722679138
0.22572503983974457
0.767766535282135
0.15010672807693481
0.684113621711731
0.5764074325561523
0.37482506036758423
0.34437212347984314
0.7289857864379883
0.639184832572937
0.7779639363288879
0.6081687211990356
0.773650050163269
0.5758472084999084
0.17103427648544312
0.44653189182281494
0.8793091773986816
0.859533429145813
0.6997802257537842
0.7744659781455994
0.14520154893398285
0.6782450079917908
0.4612182378768921
0.6338918209075928
0.5420732498168945
0.617090106010437
0.19527575373649597
0.5370532870292664
0.3550318479537964
0.6332693099975586
0.3138154447078705
0.660524845123291
0.5577585697174072
0.4377804398536682
0.35099270939826965
0.41279855370521545
0.6960591077804565
0.6179168224334717
0.8661997318267822
0.9038015007972717
0.47239893674850464
0.6325873136520386
0.7178839445114136
0.633907675743103
0.8241138458251953
0.5699323415756226
0.44924360513687134
0.545972466468811
0.8109575510025024
0.5401115417480469
0.7062442302703857
0.7143830060958862
0.2018202841281891
0.04501572996377945
0.43668147921562195
0.2662113308906555
0.5107334852218628
0.7206547260284424
0.6209698915481567
0.5893682837486267
0.6414303779602051
0.5969654321670532
0.7721166610717773
0.7878871560096741
0.7990455627441406
0.7758256196975708
0.7812907695770264
0.5316697955131531
0.8220305442810059
0.65703284740448
0.6195870041847229
0.7489646077156067
0.8951183557510376
0.6981362700462341
0.6528948545455933
0.4683308005332947
0.6619440913200378
0.6797179579734802
0.885908305644989
0.6485388278961182
0.6979533433914185
0.6759870052337646
0.7537515163421631
0.32878169417381287
0.33545759320259094
0.7706514596939087
0.7946733236312866
0.6771230697631836
0.7603886127471924
0.8728832006454468
0.8853846788406372
0.705308198928833
0.6059525609016418
0.9270710945129395
0.4614362120628357
0.668167233467102
0.5994693040847778
0.21150028705596924
0.7281731367111206
0.600243330001831
0.7400339841842651
0.776909351348877
0.7552635669708252
0.5438319444656372
0.39128005504608154
0.3889152705669403
0.6497329473495483
0.8963916301727295
0.7671419382095337
0.4832912087440491
0.6514227390289307
0.796898603439331
0.5073027610778809
0.673631489276886
0.7588421106338501
0.18649181723594666
0.6407523155212402
0.7176851034164429
0.7355682849884033
0.32159534096717834
0.7038424015045166
0.6623808741569519
0.7489104270935059
0.3295261263847351
0.41665345430374146
0.5110377073287964
0.7649250626564026
0.473379909992218
0.8762556910514832
0.5505937933921814
0.18018311262130737
0.46323132514953613
0.790472149848938
0.24919000267982483
0.6422216892242432
0.016912907361984253
0.49828779697418213
0.8027374744415283
0.19603955745697021
0.6399379372596741
0.15709927678108215
0.4164484143257141
0.6702262759208679
0.6054657101631165
0.553562581539154
0.6362342834472656
0.7123345136642456
0.12129068374633789
0.817756175994873
0.7423413991928101
0.0940304845571518
0.5611516833305359
0.6519705057144165
0.8516311645507812
0.8034400939941406
0.7912652492523193
0.6932886838912964
0.3731819987297058
0.4210997521877289
0.7679069638252258
0.6905710697174072
0.6811753511428833
0.6566691994667053
0.23844340443611145
0.21806882321834564
0.4315396547317505
0.6701011657714844
0.7744364738464355
0.5956897735595703
0.17314957082271576
0.8161135911941528
0.7004274129867554
0.8119841814041138
0.520603358745575
0.5978928804397583
0.46065425872802734
0.10357162356376648
0.36064887046813965
0.555833101272583
0.8391873836517334
0.7311965227127075
0.2354745864868164
0.6328260898590088
0.7071700096130371
0.5551462769508362
0.7047622203826904
0.595613420009613
0.4653950333595276
0.6566798090934753
0.7292584776878357
0.4526655077934265
0.6155874729156494
0.26190385222435
0.26965469121932983
0.5302622318267822
0.7258978486061096
0.4064059257507324
0.2816389203071594
0.6730632781982422
0.6890044808387756
0.6237262487411499
0.7848876714706421
0.48765939474105835
0.38570237159729004
0.7871453166007996
0.30704548954963684
0.5556392669677734
0.5279700756072998
0.8277243375778198
0.6050394773483276
0.7286288738250732
0.7302746772766113
0.5255253314971924
0.3259194791316986
0.5147609710693359
0.6654500961303711
0.39141398668289185
0.794533371925354
0.7672092318534851
0.664242684841156
0.6233928203582764
0.6282731294631958
0.7727679014205933
0.3093392550945282
0.712527334690094
0.7507435083389282
0.641115665435791
0.7217395305633545
0.6553208231925964
0.6578370928764343
0.7456212639808655
0.6205326914787292
0.5203207731246948
0.6367188692092896
0.45361328125
0.6217176914215088
0.6501379013061523
0.5229841470718384
0.6841890811920166
0.707578718662262
0.5225874185562134
0.8283487558364868
0.769945502281189
0.5135926604270935
0.5241401195526123
0.23023277521133423
0.5541174411773682
0.47952547669410706
0.6838288307189941
0.6556988954544067
0.8040863275527954
0.36362719535827637
0.5945425033569336
0.20294255018234253
0.5719645023345947
0.5670368075370789
0.3084704875946045
0.6237469911575317
0.2142253816127777
0.7453089952468872
0.36140942573547363
0.48572948575019836
0.7491788864135742
0.4453961253166199
0.808533251285553
0.7649743556976318
0.7985889911651611
0.6051958799362183
0.682059645652771
0.7205148935317993
0.42221754789352417
0.7783710360527039
0.6385021805763245
0.7160704135894775
0.7633956670761108
0.31469595432281494
0.12013238668441772
0.7761364579200745
0.20422323048114777
0.6858440637588501
0.7358071804046631
0.2716764807701111
0.7128303647041321
0.6922546625137329
0.6271876096725464
0.6942245960235596
0.6444652676582336
0.7855255603790283
0.5226732492446899
0.669966995716095
0.7275458574295044
0.6868126392364502
0.9050426483154297
0.5891846418380737
0.5731552243232727
0.6465451121330261
0.7060173153877258
0.7545204758644104
0.28853708505630493
0.8281182050704956
0.6545608043670654
0.6684857606887817
0.4699277877807617
0.5942056775093079
0.7948576211929321
0.854812502861023
0.6483460068702698
0.48787611722946167
0.6069730520248413
0.7017132639884949
0.7120592594146729
0.6150487661361694
0.5404605269432068
0.7272677421569824
0.7525709867477417
0.29188770055770874
0.5133995413780212
0.5924727916717529
0.10718678683042526
0.32487037777900696
0.8724443316459656
0.565162181854248
0.32640141248703003
0.4160768985748291
0.44739973545074463
0.44085508584976196
0.5170765519142151
0.6492018699645996
0.8190094232559204
0.6159075498580933
0.6736489534378052
0.8047088980674744
0.8005980253219604
0.5726324319839478
0.6186649799346924
0.6475478410720825
0.20410537719726562
0.7762948274612427
0.3577934503555298
0.6501354575157166
0.8854037523269653
0.7317562103271484
0.5404885411262512
0.612586259841919
0.7641245126724243
0.22753870487213135
0.86037278175354
0.6515020132064819
0.5209447741508484
0.4917229413986206
0.6036130785942078
0.7856414914131165
0.5677509903907776
0.6602253317832947
0.1405063420534134
0.7537322044372559
0.7307636141777039
0.68447345495224
0.6422186493873596
0.9067544937133789
0.575057864189148
0.6578397750854492
0.5935516357421875
0.7779499292373657
0.5783601999282837
0.2358933687210083
0.7090216875076294
0.5932388305664062
0.39642706513404846
0.49684107303619385
0.36172720789909363
0.684524416923523
0.8348309993743896
0.6977124214172363
0.8632544279098511
0.7681831121444702
0.4480786621570587
0.49932268261909485
0.8686448931694031
0.6818922162055969
0.7381798624992371
0.8504078984260559
0.3765532374382019
0.6508154273033142
0.5302788615226746
0.6225289106369019
0.7839635014533997
0.3180488049983978
0.5347353219985962
0.3875350058078766
0.7345110177993774
0.7211369872093201
0.401154488325119
0.6807815432548523
0.5756568908691406
0.8000140190124512
0.16611231863498688
0.5147050023078918
0.36692559719085693
0.3442845344543457
0.6154349446296692
0.787746787071228
0.6267220377922058
0.7079975605010986
0.6973989009857178
0.5278342962265015
0.8498742580413818
0.7559638023376465
0.5125634670257568
0.5818692445755005
0.5218124389648438
0.7565864324569702
0.6073083877563477
0.2510773241519928
0.6811888217926025
0.8036116361618042
0.5346753597259521
0.5050265192985535
0.7227461338043213
0.7159823179244995
0.4198554754257202
0.8235985040664673
0.5978460907936096
0.6867933869361877
0.5941140651702881
0.4923301935195923
0.5138731002807617
0.2269248217344284
0.38480275869369507
0.5908231735229492
0.711883544921875
0.7962000370025635
0.706250786781311
0.4833676218986511
0.7279595136642456
0.7312572002410889
0.557715654373169
0.5548175573348999
0.6334958672523499
0.5968590974807739
0.709477424621582
0.4651888310909271
0.6266392469406128
0.6653838157653809
0.4741358160972595
0.5609444379806519
0.9218281507492065
0.6410837173461914
0.4913777709007263
0.6822292804718018
0.5858187675476074
0.5167804956436157
0.6759538650512695
0.6536500453948975
0.6254931688308716
0.6793723106384277
0.6170645952224731
0.6076264381408691
0.4811020493507385
0.5857632160186768
0.7351424694061279
0.23367787897586823
0.48463374376296997
0.4772260785102844
0.5982723832130432
0.6832482218742371
0.45009833574295044
0.7761651873588562
0.6264400482177734
0.5888651609420776
0.7834253311157227
0.6193599700927734
0.4334803819656372
0.4279642105102539
0.735064685344696
0.7211905717849731
0.7351488471031189
0.47858694195747375
0.6082214713096619
0.7106391191482544
0.19341766834259033
0.44592225551605225
0.654068648815155
0.7418786287307739
0.46726498007774353
0.13320904970169067
0.7599582672119141
0.7025877237319946
0.2789435386657715
0.14012625813484192
0.5780928134918213
0.5963411331176758
0.14486640691757202
0.600549042224884
0.4253770112991333
0.8833543658256531
0.6859301328659058
0.28771212697029114
0.7128709554672241
0.6511141061782837
0.420547217130661
0.13848260045051575
0.7341896295547485
0.28426623344421387
0.581755518913269
0.7784966230392456
0.5449286699295044
0.6740789413452148
0.5345594882965088
0.2551999092102051
0.5248333811759949
0.6750267148017883
0.7599308490753174
0.4082568287849426
0.841376781463623
0.6389144659042358
0.47991281747817993
0.7548847198486328
0.8175586462020874
0.6769782304763794
0.7807198166847229
0.7507714629173279
0.7040477991104126
0.6595011949539185
0.2907041013240814
0.6141245365142822
0.6455764770507812
0.6186261773109436
0.17399832606315613
0.24251729249954224
0.6849572658538818
0.7574859857559204
0.6994329690933228
0.5664940476417542
0.5413519144058228
0.734139084815979
0.6358052492141724
0.7184833288192749
0.6951050758361816
0.5158110857009888
0.5608870387077332
0.308161199092865
0.6481492519378662
0.3166946768760681
0.7143136262893677
0.2800801694393158
0.7108086943626404
0.24784645438194275
0.5920870900154114
0.5456482172012329
0.5578315854072571
0.8228424787521362
0.3971260190010071
0.6917049884796143
0.6680107712745667
0.2449892908334732
0.371500164270401
0.22486355900764465
0.46214723587036133
0.13043685257434845
0.4178565442562103
0.8460647463798523
0.4709896445274353
0.6230738162994385
0.651959240436554
0.19653305411338806
0.5388108491897583
0.2214239537715912
0.6319077014923096
0.7418521046638489
0.7660425901412964
0.7062448263168335
0.7368640899658203
0.7056431770324707
0.688934862613678
0.6614378690719604
0.3711080253124237
0.7519626021385193
0.6972363591194153
0.7575738430023193
0.5781806707382202
0.20968547463417053
0.6862010359764099
0.6933273673057556
0.6393669843673706
0.7324701547622681
0.6259170770645142
0.5970898866653442
0.7203652858734131
0.4001103639602661
0.40897589921951294
0.6866099834442139
0.6165729761123657
0.5659880638122559
0.6820632219314575
0.6254551410675049
0.6517534255981445
0.5371977090835571
0.4024167060852051
0.7036199569702148
0.6060874462127686
0.753915548324585
0.8280718326568604
0.7626847624778748
0.35305532813072205
0.5865626335144043
0.5868594646453857
0.3063028156757355
0.6179249286651611
0.6262602210044861
0.23820967972278595
0.6422929763793945
0.3521515130996704
0.584523618221283
0.41755977272987366
0.5105535984039307
0.7764767408370972
0.1921755075454712
0.541628360748291
0.6679108738899231
0.5268688201904297
0.33915674686431885
0.8332208395004272
0.3024594187736511
0.46001142263412476
0.5136004090309143
0.5586801171302795
0.3051500618457794
0.8169175386428833
0.582159698009491
0.5827917456626892
0.23084710538387299
0.42136621475219727
0.20674671232700348
0.03428565710783005
0.45801788568496704
0.7389408349990845
0.5991761088371277
0.5620500445365906
0.7313807010650635
0.35348257422447205
0.6119365692138672
0.5051284432411194
0.6537890434265137
0.7840701341629028
0.4072505533695221
0.5042397379875183
0.4393550157546997
0.3425772488117218
0.7026830911636353
0.5352827906608582
0.697093665599823
0.35384365916252136
0.6367188692092896
0.8077478408813477
0.3667367100715637
0.7280990481376648
0.7142146825790405
0.11655065417289734
0.5724143385887146
0.7636794447898865
0.5856916904449463
0.42334386706352234
0.707354724407196
0.5422005653381348
0.580756425857544
0.5096182823181152
0.5367137789726257
0.7802620530128479
0.7545128464698792
0.5712794661521912
0.39325517416000366
0.17687170207500458
0.5526384115219116
0.6241758465766907
-0.004619866609573364
0.6727038025856018
0.6533118486404419
0.8960428237915039
0.15633220970630646
0.26362016797065735
0.47833555936813354
0.4445551633834839
0.20730799436569214
0.7088671922683716
0.18556831777095795
0.5839231610298157
0.326742947101593
0.4093462824821472
0.8096368312835693
0.6334629058837891
0.5757920145988464
0.5525240898132324
0.6513621807098389
0.8531748056411743
0.8932512998580933
0.44059988856315613
0.4568439722061157
0.7737742066383362
0.6624656915664673
0.5960129499435425
0.6695151329040527
0.7398703098297119
0.6251465082168579
0.7676788568496704
0.4836263656616211
0.6661106944084167
0.7079654335975647
0.7200090289115906
0.6360955834388733
0.41474056243896484
0.7174230813980103
0.5970554351806641
0.8749064207077026
0.6857093572616577
0.2605830729007721
0.4929840862751007
0.7266005277633667
0.8860922455787659
0.6190111637115479
0.7646127343177795
0.6524235606193542
0.6651611924171448
0.8560107946395874
0.7395157814025879
0.6786017417907715
0.509283185005188
0.6858292818069458
0.5103623867034912
0.723812460899353
0.6387282609939575
0.7287804484367371
0.6068962812423706
0.4882214367389679
0.673966109752655
0.21849800646305084
0.8742489218711853
0.6250309348106384
0.5467308163642883
0.8253436088562012
0.635063648223877
0.6542937755584717
0.5348798632621765
0.7787166237831116
0.49469292163848877
0.49652859568595886
0.8591929078102112
0.7333248257637024
0.6754412055015564
0.689292848110199
0.3830467164516449
0.6178390383720398
0.7707489132881165
0.7946137189865112
0.6705186367034912
0.7354880571365356
0.7165691256523132
0.48363521695137024
0.854028582572937
0.2587338089942932
0.7759461402893066
0.503409743309021
0.7085639238357544
0.8072933554649353
0.5659807920455933
0.5505738258361816
0.5095199346542358
0.5390307903289795
0.5921891331672668
0.44845640659332275
0.6860918998718262
0.6672635078430176
0.7291897535324097
0.7903352975845337
0.7420930862426758
0.5556615591049194
0.6505616903305054
0.2704530954360962
0.7500157356262207
-0.008186250925064087
0.6147063970565796
0.5102657079696655
0.7982612252235413
0.7396215200424194
0.6435100436210632
0.6200305223464966
0.6386446356773376
0.7882684469223022
0.46651971340179443
0.49741244316101074
0.5009906888008118
0.8293584585189819
0.5679435729980469
0.6589900851249695
0.2464342713356018
0.6266499757766724
0.540081262588501
0.4969009757041931
0.10571000725030899
0.6917530298233032
0.24225199222564697
0.7174786329269409
0.3245656192302704
0.5707259178161621
0.6955657601356506
0.23332980275154114
0.6346206665039062
0.4499339163303375
0.6817002296447754
0.6668888926506042
0.19217093288898468
0.6223075985908508
0.7824246883392334
0.7708404660224915
0.8031224012374878
0.6524362564086914
0.67256098985672
0.21190787851810455
0.7361504435539246
0.66240394115448
0.6001090407371521
0.6153632402420044
0.5489910840988159
0.7852870225906372
0.6839539408683777
0.5853632092475891
0.6871330738067627
0.3707138001918793
0.6713537573814392
0.7269196510314941
0.49895501136779785
0.6582072377204895
0.5633757710456848
0.7322783470153809
0.7186723947525024
0.3738953173160553
0.7424716949462891
0.32888075709342957
0.34071192145347595
0.6440339684486389
0.4664701819419861
0.7849851846694946
0.200331449508667
0.6099908351898193
0.6033012866973877
0.6417146921157837
0.7606947422027588
0.6827118396759033
0.4508269131183624
0.6131227016448975
0.19024021923542023
0.6830009818077087
0.8972915410995483
0.7008069753646851
0.5027100443840027
0.16448864340782166
0.19226521253585815
0.6551120281219482
0.626899778842926
0.6650308966636658
0.6380540132522583
0.7289690375328064
0.6489607095718384
0.2532581686973572
0.6146654486656189
0.42014560103416443
0.7324690818786621
0.321493923664093
0.19283393025398254
0.36589327454566956
0.5747995972633362
0.747068464756012
0.7896109819412231
0.6174212694168091
0.5703684091567993
0.6146212220191956
0.4994792342185974
0.5965788960456848
0.6747951507568359
0.7775661945343018
0.48893219232559204
0.7246352434158325
0.7272500991821289
0.4167969226837158
0.6916360259056091
0.6964876651763916
0.6384251117706299
0.4119812548160553
0.6188854575157166
0.7235925793647766
0.5306463837623596
0.6924289464950562
0.6793737411499023
0.9188278913497925
0.732525110244751
0.7018498182296753
0.1417166292667389
0.5652186870574951
0.8406100273132324
0.7607018351554871
0.7025460004806519
0.36924993991851807
0.7272084951400757
0.8203399777412415
0.6499392986297607
0.10308577120304108
0.33070722222328186
0.729094922542572
0.5887588858604431
0.6283252835273743
0.35535261034965515
0.6241212487220764
0.2796775996685028
0.1674181967973709
0.6599006652832031
0.7618546485900879
0.6761921644210815
0.627605140209198
0.7790783047676086
0.38428419828414917
-0.020780861377716064
0.5173370838165283
0.794941246509552
0.6817982196807861
0.6483035087585449
0.6891091465950012
0.7312711477279663
0.7937296628952026
0.24144843220710754
0.719630241394043
0.6046540141105652
0.6052772998809814
0.6062114238739014
0.6053629517555237
0.7816431522369385
0.6676504611968994
0.2925211489200592
0.696625828742981
0.44423866271972656
0.7274522185325623
0.6651549935340881
0.6542879343032837
0.7233990430831909
0.6916497945785522
0.14594170451164246
0.3929985463619232
0.5537867546081543
0.7046784162521362
0.65636146068573
0.5384243726730347
0.5316579937934875
0.7426355481147766
0.7833364605903625
0.7472345232963562
0.4274572730064392
0.6612178087234497
0.2603667974472046
0.5262149572372437
0.5138803124427795
0.2523548901081085
0.6078261733055115
0.31209537386894226
0.48351454734802246
0.6680682897567749
0.6729556322097778
0.46282726526260376
0.7152348756790161
0.8275550603866577
0.49897611141204834
0.4443155527114868
0.5954363346099854
0.4099317789077759
0.43570655584335327
0.8185408115386963
0.18991947174072266
0.06194102019071579
0.6904351711273193
0.5927857160568237
0.7681987881660461
0.7204428911209106
0.46996986865997314
0.3716752231121063
0.4263608157634735
0.6914867162704468
0.3596270680427551
0.7164973020553589
0.6201492547988892
0.7609326243400574
0.8092415928840637
0.28139781951904297
0.5621715784072876
0.5274812579154968
0.787444531917572
0.6832473278045654
0.17286096513271332
0.25059205293655396
0.6251562237739563
0.5819001197814941
0.3601118326187134
0.6338033080101013
0.6274250149726868
0.21938881278038025
0.5189455151557922
0.8193618655204773
0.25538742542266846
0.7537567615509033
0.7211532592773438
0.564041256904602
-0.02101433277130127
0.6675267219543457
0.730545163154602
0.3838019371032715
0.5501655340194702
0.8606669902801514
0.6202398538589478
0.43823009729385376
0.9168446063995361
0.3651660084724426
0.7533692717552185
0.7132549285888672
0.7997323274612427
0.46655362844467163
0.6769231557846069
0.5511199235916138
0.6126431226730347
0.44173818826675415
0.7228090763092041
0.7885985374450684
0.5261918306350708
0.7112269401550293
0.5111451148986816
0.4587861895561218
0.8175731897354126
0.7346367239952087
0.45072171092033386
0.4737270474433899
0.5376063585281372
0.3063358664512634
0.3747529089450836
0.3824021816253662
0.6130886673927307
0.35565054416656494
0.5947800874710083
0.849002480506897
0.5628310441970825
0.4740903079509735
0.4934830665588379
0.7656055688858032
0.46022433042526245
0.6492029428482056
0.42969846725463867
0.6891152858734131
0.43363070487976074
0.5842157602310181
0.6918960213661194
0.828548789024353
0.3017696440219879
0.5868314504623413
0.18558062613010406
0.7792336940765381
0.7241317629814148
0.7559875845909119
0.3170742392539978
0.3901166617870331
0.6418377757072449
0.4011356830596924
0.7490408420562744
0.6899459362030029
0.2504819631576538
0.28347739577293396
0.43262457847595215
0.678492546081543
0.5718121528625488
0.7636673450469971
0.46209126710891724
0.5833621025085449
0.6534219980239868
0.44104117155075073
0.32306069135665894
0.7172936201095581
0.7128384113311768
0.7723820209503174
0.5020711421966553
0.10604804754257202
0.6078474521636963
0.6452374458312988
0.7025995254516602
0.5474412441253662
0.5322796106338501
0.7469831705093384
0.6760449409484863
0.710999071598053
0.2187996506690979
0.7161917686462402
0.7262825965881348
0.24190112948417664
0.45060521364212036
0.572379469871521
0.6644672751426697
0.5442855358123779
0.6548011302947998
0.6433197259902954
0.6268980503082275
0.8368386030197144
0.40771374106407166
0.2840193212032318
0.39725032448768616
0.7144289016723633
0.2503679692745209
0.6142082214355469
0.6881267428398132
0.6909329295158386
0.5558205246925354
0.7482942938804626
0.598409116268158
0.28874367475509644
0.14966583251953125
0.6834859848022461
0.5890253782272339
0.7092493772506714
0.5262322425842285
0.1813248246908188
0.6731287837028503
0.8650745153427124
0.6769566535949707
0.7775881290435791
0.5121554732322693
0.7906771898269653
0.49268555641174316
0.805307149887085
0.650831937789917
0.5298789739608765
0.7021479606628418
0.679470956325531
0.6176146864891052
0.6732116937637329
0.6435450315475464
0.7083740234375
0.11067453771829605
0.6190588474273682
0.8065690398216248
0.5432935953140259
0.6435640454292297
0.7351620197296143
0.39933252334594727
0.697429895401001
0.43998634815216064
0.33444860577583313
0.5177819728851318
0.5679242610931396
0.12945540249347687
0.7524548768997192
0.7059224843978882
0.3611406683921814
0.7404581904411316
0.7069677114486694
0.6932741403579712
0.17890870571136475
0.6146430373191833
0.6561568975448608
0.6873856782913208
0.6997277736663818
0.5249083638191223
0.6736496686935425
0.6437698602676392
0.6551957726478577
0.6808358430862427
0.7029300928115845
0.6702913045883179
0.6137585639953613
0.6889352798461914
0.6707686185836792
0.5098190307617188
0.31721794605255127
0.6072095036506653
0.6897556781768799
0.7391751408576965
0.7808360457420349
0.5671687126159668
0.003545403480529785
0.6400575041770935
0.7407181262969971
0.669242262840271
0.542779803276062
0.5349302887916565
0.5654014348983765
0.5281042456626892
0.4051108658313751
0.65767502784729
0.30702662467956543
0.5737282037734985
0.484774649143219
0.2330121099948883
0.7853155136108398
0.5971957445144653
0.5553998947143555
0.7323862314224243
0.9001625180244446
0.33883219957351685
0.4549102783203125
0.5247193574905396
0.11746782064437866
0.7036151885986328
0.6180259585380554
0.6664169430732727
0.0664050355553627
0.5102536678314209
0.7282638549804688
0.6580906510353088
0.6272490620613098
0.5021860599517822
0.42841294407844543
0.4617845416069031
0.5127294063568115
0.746584415435791
0.5735812187194824
0.2250038981437683
0.6992239952087402
0.5791419148445129
0.6885868310928345
0.6507983207702637
0.7399860620498657
0.36345481872558594
0.7162131667137146
0.863074779510498
0.3747713565826416
0.5412132740020752
0.6370689868927002
0.3653145134449005
0.5007672905921936
0.6623268127441406
0.6794862151145935
0.5841414332389832
0.7087693214416504
0.3813055157661438
0.5811585783958435
0.692816972732544
0.2521178424358368
0.6135785579681396
0.9211903810501099
0.2722186744213104
0.6631104946136475
0.7350414991378784
0.17827102541923523
0.6995272636413574
0.817771315574646
0.7882013916969299
0.3923288881778717
0.5557804107666016
0.5230154991149902
0.5994951128959656
0.7517192363739014
0.6129791736602783
0.6124849319458008
0.857488751411438
0.8061771392822266
0.6898781061172485
0.608305811882019
0.09374724328517914
0.49764615297317505
0.46764689683914185
0.631689190864563
0.485822856426239
0.6087148785591125
0.5965573191642761
0.5582231879234314
0.6597118377685547
0.8030028343200684
0.456194669008255
0.7746856808662415
0.7706807851791382
0.7450019717216492
0.5144160985946655
0.5160526037216187
0.5260298848152161
0.5449037551879883
0.6680425405502319
0.35823461413383484
0.6153467297554016
0.5427713394165039
0.4062294661998749
0.6216568946838379
0.8348588347434998
0.142706036567688
0.6152520179748535
0.5772631764411926
0.6996443867683411
0.6992353200912476
0.1599678099155426
0.4483186602592468
0.7343469858169556
0.6779251098632812
0.5965978503227234
0.664756178855896
0.46836429834365845
0.5526350736618042
0.6985193490982056
0.8298019766807556
0.5926903486251831
0.5023051500320435
0.5598213076591492
0.6118999719619751
0.4589410126209259
0.6988946199417114
0.6341849565505981
0.6561414003372192
0.6228142976760864
0.6583168506622314
0.2889231741428375
0.8062868118286133
0.6183040142059326
0.3400627672672272
0.5547301769256592
0.7135167717933655
0.6706400513648987
0.6556479930877686
0.2607278525829315
0.6057692766189575
0.8204169273376465
0.6324366331100464
0.7745872139930725
0.41736122965812683
0.6241095662117004
0.6943305730819702
0.7111097574234009
0.6583379507064819
0.7375059127807617
0.63136225938797
0.48017966747283936
0.27800220251083374
0.6230669021606445
0.8255457282066345
0.626207709312439
0.4243127703666687
0.21461674571037292
0.5251052975654602
0.545002818107605
0.6600042581558228
0.39620858430862427
0.41222357749938965
0.8114010691642761
0.5490939617156982
0.37154650688171387
0.5352827906608582
0.7073845863342285
0.6173069477081299
0.6435086727142334
-0.07705402374267578
0.6207352876663208
0.5861281752586365
0.7443337440490723
0.57169508934021
0.7590268850326538
0.6880185008049011
0.6588307023048401
0.24899372458457947
0.546086311340332
0.8689703941345215
0.1816716343164444
0.6819126009941101
0.28627538681030273
0.49169233441352844
0.2887529730796814
0.4510798454284668
0.5029274821281433
0.8273838758468628
0.5014486908912659
0.7588440179824829
0.9147511720657349
0.5695142149925232
0.4676930010318756
0.7848970293998718
0.7130385637283325
0.7037092447280884
0.7250142097473145
0.25524866580963135
0.4341198801994324
0.68113774061203
0.6542825698852539
0.7009104490280151
0.7865850329399109
0.4904949367046356
0.4485441744327545
0.668800950050354
0.3069079518318176
0.6520127058029175
0.699226438999176
0.377064049243927
0.4449724555015564
0.7304019331932068
0.7714219093322754
0.8102792501449585
0.44075363874435425
0.27727121114730835
0.492828905582428
0.4201066792011261
0.5334360599517822
0.3101291358470917
0.6561083793640137
0.822809636592865
0.7186266183853149
0.6365963220596313
0.4508126974105835
0.626028299331665
0.6619221568107605
0.6305550336837769
0.5811353921890259
0.4178968071937561
0.6873489022254944
0.09530366957187653
0.7255442142486572
0.5334460735321045
0.30057281255722046
0.7715554237365723
0.6920139789581299
0.5711116194725037
0.34880530834198
0.6742380857467651
0.9479203224182129
0.7012451887130737
0.7577749490737915
0.5872114300727844
0.7361634969711304
0.7591484785079956
0.3826473355293274
0.8220198154449463
0.4990501403808594
0.759006679058075
0.5893930196762085
0.6021384596824646
0.330577552318573
0.8077040910720825
0.5112205743789673
0.2883804440498352
0.6863037347793579
0.6827344298362732
0.46560388803482056
0.04673931747674942
0.20184145867824554
0.6734025478363037
0.20933817327022552
0.3652964234352112
0.7500578165054321
0.5506047606468201
0.7360553741455078
0.40888673067092896
0.4054880738258362
0.6424587965011597
0.2795272469520569
0.12129530310630798
0.5423544645309448
0.4491373300552368
0.526482880115509
0.39076635241508484
0.6909386515617371
0.7054264545440674
0.6780422925949097
0.7439169883728027
0.4429113268852234
0.5597426891326904
0.6639582514762878
0.6064566373825073
0.5580288767814636
0.5757596492767334
0.6811655163764954
0.6660851240158081
0.570062518119812
0.30411505699157715
0.4601271450519562
0.5855644941329956
0.472627192735672
0.6699530482292175
0.5571562647819519
0.7101864814758301
0.5743697881698608
0.46002471446990967
0.673109769821167
0.5776759386062622
0.5009101033210754
0.5359005331993103
0.5609871745109558
0.45597952604293823
0.6621469855308533
0.7202280759811401
0.7013193368911743
0.5731594562530518
0.6989669799804688
0.6324357390403748
0.4966547191143036
0.7632494568824768
0.336073100566864
0.24426071345806122
0.6839808821678162
0.6393320560455322
0.26424887776374817
0.3311397433280945
0.8550716042518616
0.6871336698532104
0.6460577249526978
0.35073184967041016
0.6054992079734802
0.706195592880249
0.1424509435892105
0.6106270551681519
0.7464922070503235
0.3114364445209503
0.38872718811035156
0.683503270149231
0.7010443210601807
0.6501477360725403
0.5712321400642395
0.4058643579483032
0.11037644743919373
0.7010064125061035
0.5251563787460327
0.11846183985471725
0.6980391144752502
0.503740131855011
0.42377811670303345
0.7367297410964966
0.23560293018817902
0.20634707808494568
0.6767089366912842
0.6117922067642212
0.7158135175704956
0.4190126657485962
0.731392502784729
0.7487754821777344
0.6086618304252625
0.7260003685951233
0.46686333417892456
0.6105393767356873
0.5993441343307495
0.32663634419441223
0.42289793491363525
0.6943857669830322
0.7318525910377502
0.8894074559211731
0.3878960907459259
0.6388278007507324
0.7504623532295227
0.6127423644065857
0.8399378061294556
0.6110807657241821
0.5813060998916626
0.46881693601608276
0.6010645627975464
0.8994253277778625
0.4460207223892212
0.4934934079647064
0.6991859674453735
0.5859609246253967
0.38207119703292847
0.4403523802757263
-0.037377819418907166
0.7277511954307556
0.5474944710731506
0.7937918901443481
0.627043604850769
0.7440387010574341
0.06089920550584793
0.43821632862091064
0.8184486627578735
0.24015380442142487
0.7877233028411865
0.6336510181427002
0.712225079536438
-0.029749572277069092
0.5926884412765503
0.6504448652267456
0.5741873383522034
0.5818745493888855
0.704067051410675
0.722819447517395
0.7986701726913452
0.7115243673324585
0.6648287773132324
0.6089695692062378
0.5719889998435974
0.5571689009666443
0.45164018869400024
0.6982767581939697
0.5420728325843811
0.4475538730621338
0.6446786522865295
0.6736689209938049
0.668785810470581
0.7876484394073486
0.3976437449455261
0.8067967891693115
0.13260196149349213
0.597912073135376
0.6830497980117798
0.477960467338562
0.5504234433174133
0.6408392190933228
0.7327259182929993
0.7128118276596069
0.274803102016449
0.5607283115386963
0.6651149988174438
0.5474311113357544
0.6629071831703186
0.4900263547897339
0.15204817056655884
0.3534090220928192
0.637414276599884
0.7975519895553589
0.7403272986412048
0.7137412428855896
0.6772210597991943
0.6460022926330566
0.3970710337162018
0.7577872276306152
0.6038537621498108
0.60686194896698
0.46338194608688354
0.7872096300125122
0.49517393112182617
0.6219601631164551
0.5036270618438721
0.6734592914581299
0.5664037466049194
0.6267106533050537
0.7615573406219482
0.4401874542236328
0.4182984232902527
0.7326597571372986
0.26442909240722656
0.63895183801651
0.6412230134010315
0.7850399017333984
0.5721368789672852
0.7465486526489258
0.3605005145072937
0.5276311635971069
0.6086702346801758
0.855618953704834
0.7166540026664734
0.6043561697006226
0.6909217238426208
0.6554867625236511
0.6330256462097168
0.6166026592254639
0.6331017017364502
0.6405680179595947
0.6399844884872437
0.4265515208244324
0.8063178062438965
0.2683126926422119
0.5044848918914795
0.7665880918502808
0.43276408314704895
0.592000424861908
0.643582820892334
0.6319422721862793
0.616814374923706
0.6675024032592773
0.7038993239402771
0.4279206097126007
0.2105013132095337
0.5957661271095276
0.4005037546157837
0.6191337704658508
0.7612466812133789
0.8050787448883057
0.7110010385513306
0.609670877456665
0.7255810499191284
0.6740614175796509
0.7406423687934875
0.720291018486023
0.80568927526474
0.6084933280944824
0.38926610350608826
0.3512703478336334
0.6878190040588379
0.37185001373291016
0.4861808717250824
0.7939106822013855
0.648546040058136
0.743404746055603
0.6011160612106323
0.7642791271209717
0.08574336767196655
0.41735315322875977
0.49681800603866577
0.5302033424377441
0.7537063956260681
0.5421575307846069
0.5104336738586426
0.40487223863601685
0.5549119114875793
0.19479183852672577
0.44574570655822754
0.5013152360916138
0.5808684825897217
0.6852223873138428
0.4364767074584961
0.3959401249885559
0.3320873975753784
0.2826400399208069
0.597541332244873
0.5438343286514282
0.16528446972370148
0.44446122646331787
0.3542693853378296
0.6172748804092407
0.7957526445388794
0.6216446161270142
0.39677876234054565
0.6676714420318604
0.6860049962997437
0.1300928294658661
0.7110340595245361
0.7329639196395874
0.44325774908065796
0.6216737031936646
0.7574760317802429
0.6533657312393188
0.657608687877655
0.7008100152015686
0.596603274345398
0.3069222569465637
0.6420087814331055
0.6992537975311279
0.8162362575531006
0.5726368427276611
0.6637934446334839
0.6631150245666504
0.7556483149528503
0.710503101348877
0.6957131028175354
0.2527928948402405
0.6646294593811035
0.6444652676582336
0.32322701811790466
0.7542119026184082
0.700393557548523
0.7267139554023743
0.38216617703437805
0.2156030386686325
0.6861683130264282
0.5304326415061951
0.6669477224349976
0.5441902279853821
0.7774518132209778
0.5744798183441162
0.7627339363098145
0.7195655703544617
0.5703569054603577
0.6430506110191345
0.4582555294036865
0.46013325452804565
0.36296868324279785
0.616165041923523
0.19108688831329346
0.7355165481567383
0.6377989649772644
0.4111907482147217
0.5048878192901611
0.5488317012786865
0.32109755277633667
0.31723958253860474
0.7416138648986816
0.5374458432197571
0.7384145259857178
0.15499776601791382
0.6747549176216125
0.8633577823638916
0.6143630743026733
0.7341700792312622
0.5496811270713806
0.5235620141029358
0.4469183087348938
0.5318304896354675
0.3094007968902588
0.41938507556915283
0.5179929137229919
0.7534419298171997
0.4905436635017395
0.10004762560129166
0.6709582209587097
0.6987242698669434
0.1456592082977295
0.8389360308647156
0.3292464017868042
0.584719181060791
0.6058745384216309
0.736412763595581
0.2919433116912842
0.6041280031204224
0.5752821564674377
0.6132222414016724
0.7841033935546875
0.6336510181427002
0.6763085126876831
0.7158135175704956
0.46726498007774353
0.674444854259491
0.27125102281570435
0.2385604977607727
0.5980573892593384
0.4721287786960602
0.47836458683013916
0.1091080754995346
0.6591899394989014
0.5272057056427002
0.4793519377708435
0.7015389204025269
0.6404545307159424
0.7276204824447632
0.589837908744812
0.8498250246047974
0.6898847818374634
0.34041136503219604
0.5016765594482422
0.5169819593429565
0.20216456055641174
0.64212965965271
0.31003934144973755
0.6718469858169556
0.5928097367286682
0.5206843018531799
0.18591055274009705
0.6607813835144043
0.657410740852356
0.5663294792175293
0.7185315489768982
0.707913875579834
0.7004697322845459
0.6358118057250977
0.17849847674369812
0.6459239721298218
0.7555315494537354
0.5441939830780029
0.6269246339797974
0.48578330874443054
0.6176739931106567
0.704879641532898
0.4282774031162262
0.5063852667808533
0.7996702790260315
0.2403992861509323
0.3971700072288513
0.7981369495391846
0.5587757229804993
0.6940297484397888
0.6791888475418091
0.5848628282546997
0.5636191368103027
0.6582639813423157
0.661048173904419
0.18328501284122467
0.35235586762428284
0.6777328848838806
0.2260926514863968
0.7047163844108582
0.582644522190094
0.25231707096099854
0.7166058421134949
0.6848313808441162
0.6300051808357239
0.3178362250328064
0.7701605558395386
0.5199970602989197
0.32853543758392334
0.7196060419082642
0.770064115524292
0.35212594270706177
0.7135254144668579
0.5262095928192139
0.4269615411758423
0.7830440998077393
0.5248612761497498
0.276974618434906
0.1882350593805313
0.8099542260169983
0.7192829847335815
0.5404033064842224
0.5450124144554138
0.6387706995010376
0.742491602897644
0.7542202472686768
0.7118532657623291
0.4178042411804199
0.5773907899856567
0.3705161213874817
0.7719535827636719
0.6413872241973877
0.6893709897994995
0.5091536045074463
0.4099757969379425
0.7646368145942688
0.6888821125030518
0.35922783613204956
0.734420120716095
0.31662362813949585
0.7202985286712646
0.6843525171279907
0.4219607710838318
0.5740638375282288
0.5973266959190369
0.6508176326751709
0.664814829826355
0.6285363435745239
0.374309241771698
0.7171481847763062
0.5990489721298218
0.5610834360122681
0.2833288311958313
0.6095411777496338
0.5893094539642334
0.36148107051849365
0.6218411922454834
0.7208448052406311
0.822579026222229
0.5597958564758301
0.37455040216445923
0.7109413146972656
0.5689681768417358
0.7520051002502441
0.7194800972938538
0.8203399777412415
0.567901611328125
0.66850346326828
0.596242368221283
0.566470205783844
0.2494552880525589
0.7236680388450623
0.020138978958129883
0.7017403841018677
0.7963041663169861
0.715472936630249
0.7106144428253174
0.16833369433879852
0.3320715129375458
0.36028143763542175
0.6602307558059692
0.7061432003974915
0.7410085201263428
0.7494581937789917
0.5607592463493347
0.8073877692222595
0.49917683005332947
0.7421306371688843
0.6870665550231934
0.668720006942749
0.10425060242414474
0.7929427623748779
0.5616594552993774
0.6036285758018494
0.11674124002456665
0.46840718388557434
0.06892402470111847
0.686511754989624
0.5660153031349182
0.778065025806427
0.5891821384429932
0.7183154821395874
0.8352073431015015
0.8804771900177002
0.7774063944816589
0.2022634744644165
0.42785394191741943
0.6802903413772583
0.7456202507019043
0.6828129887580872
0.449629008769989
0.5716243386268616
0.276207834482193
0.7329518795013428
0.32255038619041443
0.5791006684303284
0.6001104116439819
0.7145026326179504
0.7606357336044312
0.9169515371322632
0.5662757158279419
0.4207618236541748
0.5578292608261108
0.7569411396980286
0.5864711999893188
0.7384553551673889
0.48959240317344666
0.717145562171936
0.2987593412399292
0.6595413088798523
0.4441165328025818
0.6946665048599243
0.48827120661735535
0.20734640955924988
0.7142996788024902
0.57097989320755
0.6312503218650818
0.6328912377357483
0.6623263359069824
0.7534980773925781
0.7103883028030396
0.3206276595592499
0.7564398050308228
0.5986038446426392
0.7258025407791138
0.8042401075363159
0.5513935089111328
0.8032560348510742
0.7279274463653564
0.5441738963127136
0.3278082013130188
0.2168571650981903
0.5378912687301636
0.6750250458717346
0.47431880235671997
0.6625453233718872
0.6949107646942139
0.6717661619186401
0.653356671333313
0.44796618819236755
0.36417528986930847
0.5035873055458069
0.6495738625526428
-0.010465994477272034
-0.012066066265106201
0.3913039565086365
