0.2259175032377243
0.503118097782135
0.512134313583374
0.16431939601898193
0.15642327070236206
0.05045913904905319
0.4453783333301544
0.15247796475887299
0.3683084547519684
0.6540090441703796
0.27413517236709595
0.8441572189331055
0.33150872588157654
0.6514788269996643
0.5506669878959656
0.6562339067459106
0.5529972314834595
0.4952557682991028
0.3687838017940521
0.5644474029541016
0.3185691833496094
0.5277668237686157
0.46426597237586975
0.19303776323795319
0.5057262182235718
0.351744145154953
0.09472391754388809
0.3468743562698364
0.5110083818435669
0.23941518366336823
0.5778644680976868
0.5182748436927795
0.48338544368743896
0.5172789096832275
0.5393757224082947
0.2504747211933136
0.3731991946697235
0.20138192176818848
0.24640901386737823
0.6387613415718079
0.5957444310188293
0.5732144117355347
0.375082790851593
0.1184837743639946
0.5746497511863708
0.6105433702468872
0.5166886448860168
0.5893949270248413
0.43404483795166016
0.22676943242549896
0.1771239936351776
0.3328390121459961
0.5658605098724365
0.42102572321891785
0.07762346416711807
0.5421649217605591
0.30762895941734314
0.3622478246688843
0.5906385183334351
0.25064438581466675
0.3638436496257782
0.15538594126701355
0.6654338836669922
0.4234132170677185
0.3310057818889618
0.425053209066391
0.5922703146934509
0.4407751262187958
0.4898627698421478
0.5423136353492737
0.3384098410606384
0.4484303593635559
0.5935481786727905
0.5880542993545532
0.7713099718093872
0.26228615641593933
0.33823660016059875
0.29542943835258484
0.29665133357048035
0.4169290065765381
0.4160260558128357
0.26521217823028564
0.4332902133464813
0.5556360483169556
0.3546627461910248
0.5689301490783691
0.2664284408092499
0.4854753911495209
0.42148780822753906
0.37442347407341003
0.5431525111198425
0.45813584327697754
0.5328018665313721
0.4759662449359894
0.6533878445625305
0.37681764364242554
0.5668839812278748
0.11978822946548462
0.10815781354904175
0.2917301654815674
0.6060516238212585
1.0110400915145874
0.46394744515419006
0.2909524142742157
0.26929929852485657
0.38129931688308716
0.35453981161117554
0.3635253608226776
0.6200727820396423
0.2738994061946869
0.5428688526153564
0.37215718626976013
0.44925636053085327
0.49591007828712463
0.5118512511253357
0.4607904851436615
0.6094379425048828
0.16658581793308258
0.3793119192123413
0.34090089797973633
0.5462703108787537
0.13908669352531433
0.23227989673614502
0.3860916793346405
0.6152251958847046
0.4716782867908478
0.6212214827537537
0.43667614459991455
0.23970633745193481
0.3357197046279907
0.30775243043899536
0.26965558528900146
0.47949737310409546
0.36216333508491516
0.3978704810142517
0.6617778539657593
0.4934121072292328
0.605592668056488
0.11982427537441254
0.6427523493766785
0.6904443502426147
0.08828604966402054
0.4705218970775604
0.2733425796031952
0.24643613398075104
0.09467467665672302
0.2990533709526062
0.4400249421596527
0.23601993918418884
0.5581176280975342
0.025731803849339485
0.41045546531677246
0.21872775256633759
0.44920092821121216
0.2040533721446991
0.43368175625801086
0.5397341251373291
0.650133490562439
0.7309863567352295
0.5784493684768677
0.32536545395851135
0.3458351194858551
0.2726900577545166
0.6195456981658936
0.5432553291320801
0.5169002413749695
0.5487866997718811
0.5104364156723022
0.7478950023651123
0.13689729571342468
0.7285968661308289
0.17396552860736847
0.5560612678527832
0.17986001074314117
0.2921576201915741
0.6831685900688171
0.6708661317825317
0.47245314717292786
0.21925809979438782
0.12391535192728043
0.670741081237793
0.6320696473121643
0.13350778818130493
0.5689606666564941
0.17864350974559784
0.10083548724651337
0.6459755897521973
0.29277512431144714
0.3747071623802185
0.5504445433616638
0.6160301566123962
0.4752996563911438
0.4682990610599518
0.5303703546524048
0.49048009514808655
0.6474548578262329
0.10628683120012283
0.5808454155921936
0.5945217609405518
0.12000390887260437
0.1224455013871193
0.29595497250556946
0.4365309774875641
0.5605049133300781
0.5404323935508728
0.5354902148246765
0.4853925108909607
0.6400669813156128
0.2954702377319336
0.7576500773429871
0.16625168919563293
0.3523726761341095
0.5034357905387878
0.512958288192749
0.532030463218689
0.4793936610221863
0.44858306646347046
0.6164975166320801
0.09467513114213943
0.4442155659198761
0.42479777336120605
0.1683690845966339
0.454441636800766
0.8281670808792114
0.480505108833313
0.6327096223831177
0.3304038345813751
0.09525220841169357
0.6958433985710144
0.5460410714149475
0.26369568705558777
0.34907978773117065
0.38400140404701233
0.4463113844394684
0.2822727560997009
0.21804015338420868
0.34855061769485474
0.5512210726737976
0.47414150834083557
0.409976601600647
0.5528067946434021
0.3480796813964844
0.47848138213157654
0.5567193031311035
0.39702895283699036
0.09859705716371536
0.5769864916801453
0.47021302580833435
0.3052782714366913
0.2395612895488739
0.5085285902023315
0.4309072196483612
0.31039416790008545
0.36472606658935547
0.07831556349992752
0.45254188776016235
0.33384498953819275
0.20115739107131958
0.48947015404701233
0.10148164629936218
0.6877095699310303
0.3477195203304291
0.6228760480880737
0.5319657921791077
0.13714060187339783
0.5319948196411133
0.5329288244247437
0.35962802171707153
0.4707014262676239
0.3556874096393585
0.28345125913619995
0.5509953498840332
0.6989597082138062
0.5522010326385498
0.11637461930513382
0.4119392931461334
0.282673716545105
0.6139236092567444
0.20638993382453918
0.5223849415779114
0.7200509905815125
0.704214870929718
0.45412343740463257
0.17169788479804993
0.7078046202659607
0.20087389647960663
0.5423575639724731
0.48296481370925903
0.15818946063518524
0.19743044674396515
0.5976139903068542
0.39338380098342896
0.5848559737205505
0.3702688217163086
0.23457901179790497
0.21133072674274445
0.3948167860507965
0.4778817296028137
0.3660174608230591
0.38868001103401184
0.3322773873806
0.2068295031785965
0.4482187032699585
0.5015731453895569
0.6398312449455261
0.6223150491714478
0.47476813197135925
0.5752328634262085
0.506662130355835
0.4509299695491791
0.6531350612640381
0.0939309224486351
0.5009954571723938
0.46047115325927734
0.4442381262779236
0.17457138001918793
0.4778405725955963
0.6835950016975403
0.239707812666893
0.4046783745288849
0.4652125835418701
0.2680055499076843
0.6903951168060303
0.3094962537288666
0.23818524181842804
0.23522888123989105
0.4970863163471222
0.49864426255226135
0.6662560105323792
0.29277053475379944
0.43942293524742126
0.5903993844985962
0.6522544026374817
0.3775768280029297
0.46796083450317383
0.2378409057855606
0.5264132618904114
0.7130839228630066
0.5658940672874451
0.3610358238220215
0.30841028690338135
0.1901814341545105
0.5131748914718628
0.5104543566703796
0.4559744894504547
0.65043044090271
0.6101105213165283
0.38342127203941345
0.7010322213172913
0.2653549015522003
0.3410276770591736
0.510044276714325
0.5445595383644104
0.5144962072372437
0.4979831874370575
0.7566426992416382
0.20949383080005646
0.3538683354854584
0.13668562471866608
0.7048028111457825
0.5768592357635498
0.7394334673881531
0.3042028546333313
0.4816044270992279
0.3363822400569916
0.47893592715263367
0.07536947727203369
0.5476842522621155
0.5617579221725464
0.40834295749664307
0.6673989295959473
0.2780790627002716
0.3939470052719116
0.34718579053878784
0.10714638233184814
0.22970151901245117
0.4744037985801697
0.32383090257644653
0.35029366612434387
0.5983636975288391
0.506244421005249
0.3057674765586853
0.7801266312599182
0.24943985044956207
0.43981844186782837
0.3368099331855774
0.5174612402915955
0.36795884370803833
0.6803991198539734
0.759545624256134
0.507034420967102
0.2924717962741852
0.3393706679344177
0.3733697831630707
0.6996548771858215
0.11813085526227951
0.2824840247631073
0.15376432240009308
0.3556830883026123
0.6570574045181274
0.1856844574213028
0.5504595041275024
0.5605999231338501
0.49384647607803345
0.3953232169151306
0.11022023111581802
0.5262391567230225
0.5082544684410095
0.3408079445362091
0.43407902121543884
0.15095947682857513
0.24678073823451996
0.3470015227794647
0.3476822078227997
0.3935549259185791
0.5812777876853943
0.22924935817718506
0.5640525221824646
0.505620002746582
0.6398774981498718
0.594741702079773
0.17571298778057098
0.6354296803474426
0.15292085707187653
0.14172419905662537
0.25992974638938904
0.4226844608783722
0.21881380677223206
0.5737820267677307
0.4409541189670563
0.43570446968078613
0.48135843873023987
0.4699711501598358
0.5906460285186768
0.7050287127494812
0.47987374663352966
0.3303239345550537
0.35586535930633545
0.28444406390190125
0.4851963222026825
0.5767502188682556
0.4917282164096832
0.4795384109020233
0.4778948426246643
0.3807419240474701
0.33504146337509155
0.39463603496551514
0.34238919615745544
0.09405919164419174
0.29371219873428345
0.23377159237861633
0.6639402508735657
0.6232117414474487
0.6237682104110718
0.5013341307640076
0.4532996118068695
0.32632020115852356
0.16119588911533356
0.6252041459083557
0.2100304365158081
0.41152605414390564
0.5166133642196655
0.25876039266586304
0.33838215470314026
0.3585037887096405
0.7816555500030518
0.4204905033111572
0.36917853355407715
0.6140579581260681
0.5914554595947266
0.15343086421489716
0.6992970705032349
0.37165185809135437
0.2758661210536957
0.4580022394657135
0.3384098410606384
0.35669687390327454
0.6219078302383423
0.30843859910964966
0.5364282727241516
0.37471750378608704
0.6403182148933411
0.3681049048900604
0.3595384657382965
0.43314921855926514
0.7404131293296814
0.24581731855869293
0.5990148782730103
0.3865051567554474
0.03198154270648956
0.5306324362754822
0.26922425627708435
0.6060386300086975
0.6397095918655396
0.5199653506278992
0.3554774522781372
0.2751595675945282
0.12132962793111801
0.28463879227638245
0.5083305835723877
0.3785347044467926
0.07411427795886993
0.3851170241832733
0.6429259181022644
0.057154230773448944
0.6949493288993835
0.3945997655391693
0.39902982115745544
0.7218630909919739
0.17174707353115082
0.5864715576171875
0.0858771875500679
0.63022381067276
0.2652743458747864
0.31797224283218384
0.339959979057312
0.5346322655677795
0.4656146168708801
0.1613486260175705
0.3719620704650879
0.09088955819606781
0.2964392900466919
0.6236650943756104
0.5727841258049011
0.5238823294639587
0.09787560999393463
0.457390695810318
0.28481432795524597
0.10237652063369751
0.37814217805862427
0.5208704471588135
0.5141541957855225
0.33768224716186523
0.33125177025794983
0.5311764478683472
0.3900739252567291
0.7085758447647095
0.43742698431015015
0.08938854187726974
0.47069087624549866
0.1799153983592987
0.44040995836257935
0.5319335460662842
0.48225322365760803
0.213405579328537
0.43779972195625305
0.4067786633968353
0.18013758957386017
0.24896304309368134
0.32006219029426575
0.5478103756904602
0.5630194544792175
0.6153818368911743
0.3356536626815796
0.4552910327911377
0.25220075249671936
0.27724719047546387
0.657410204410553
0.32700714468955994
0.26690444350242615
0.22252996265888214
0.1156553253531456
0.10749264806509018
0.623288631439209
0.41576069593429565
0.38216444849967957
0.37536588311195374
0.28137195110321045
0.48514315485954285
0.4722048342227936
0.33527615666389465
0.48569706082344055
0.6435999274253845
0.14508506655693054
0.6131865978240967
0.40838316082954407
0.212583988904953
0.4109816551208496
0.3612136244773865
0.2449714094400406
0.4455113708972931
0.9511924386024475
0.3087681829929352
0.3218761384487152
0.5107341408729553
0.5540257692337036
0.18846628069877625
0.39459213614463806
0.6614989638328552
0.39459264278411865
0.24243442714214325
0.7111239433288574
0.4411222040653229
0.4886818528175354
0.18002822995185852
0.47764432430267334
0.4297287166118622
0.3833290934562683
0.5433969497680664
0.48400238156318665
0.4679030776023865
0.6837648153305054
0.18736255168914795
0.3623722195625305
0.5119403600692749
0.21884550154209137
0.5463285446166992
0.3107965588569641
0.8327826261520386
0.6238436698913574
0.5541154146194458
0.5224940776824951
0.5470184087753296
0.5063626170158386
0.4984073340892792
0.5859373211860657
0.5935388803482056
0.5062366127967834
0.6669983863830566
0.17474105954170227
0.5193313360214233
0.5445489883422852
0.5463212132453918
0.5060202479362488
0.625249981880188
0.11853120476007462
0.5546417236328125
0.1348782479763031
0.40715986490249634
0.5849263668060303
0.5389301180839539
0.08222515881061554
0.25652194023132324
0.12491486221551895
0.4632783830165863
0.2537306249141693
0.4709157347679138
0.18639639019966125
0.5232752561569214
0.4223223030567169
0.5526764988899231
0.310222864151001
0.3715750575065613
0.2794067859649658
0.26164352893829346
0.35563045740127563
0.4734322428703308
0.4397173821926117
0.21317875385284424
0.4999091327190399
0.5161142349243164
0.478483110666275
0.6296557188034058
0.49045178294181824
0.2833472192287445
0.5702498555183411
0.6246951818466187
0.4481337070465088
0.7625348567962646
0.2828299105167389
0.3517560362815857
0.5002208948135376
0.4955252707004547
0.06270233541727066
0.6671575307846069
0.1805400401353836
0.4593142569065094
0.2463739663362503
0.586961030960083
0.6960408687591553
0.35283559560775757
0.46483150124549866
0.793407678604126
0.4880692660808563
0.5720569491386414
0.5174856781959534
0.24643494188785553
0.3594922125339508
0.4645066559314728
0.38725540041923523
0.6930342316627502
-0.00298483669757843
0.38352006673812866
0.19638417661190033
0.2365846037864685
0.5176099538803101
0.3047422468662262
0.28213053941726685
0.4218501150608063
0.35026469826698303
0.23356474936008453
0.19383454322814941
0.6021682620048523
0.5741398930549622
0.48500752449035645
0.4090881645679474
0.24690993130207062
0.3465658724308014
0.5179896354675293
0.3440195620059967
0.4398813843727112
0.6130722165107727
0.4326496124267578
0.16588416695594788
0.299843966960907
0.7200502157211304
0.13104279339313507
0.21419157087802887
0.2775343358516693
0.555199384689331
0.21645523607730865
0.641038715839386
0.5969639420509338
0.6691319346427917
0.5783906579017639
0.573230504989624
0.126490518450737
0.48655977845191956
0.6268891096115112
0.47718778252601624
0.6088731288909912
0.4729309678077698
0.4389053285121918
0.4377555549144745
0.8025897741317749
0.2794090807437897
0.4064391553401947
0.6191287040710449
0.2337985634803772
0.5486692190170288
0.5926734209060669
0.5324375629425049
0.25505951046943665
0.13823208212852478
0.5968531966209412
0.3244357109069824
0.5473981499671936
0.41295236349105835
0.45787137746810913
0.39262068271636963
0.1828748881816864
0.7113487124443054
0.5085441470146179
0.25985848903656006
0.3673417270183563
0.7687168717384338
0.6163303852081299
0.5280096530914307
0.08487644791603088
0.4974139630794525
0.6084480285644531
0.2389938086271286
0.7432602047920227
0.13987262547016144
0.036577947437763214
0.5886825919151306
0.12172339111566544
0.6447489261627197
0.4096482992172241
0.6716375350952148
0.45296353101730347
0.4336059093475342
0.07858472317457199
0.34118911623954773
0.7824341058731079
0.42868366837501526
0.22792471945285797
0.13198871910572052
0.6034657955169678
0.413014680147171
0.5466075539588928
0.5409793257713318
0.3884510397911072
0.5919131636619568
0.6691033840179443
0.2746666371822357
0.4369446039199829
0.8190649151802063
0.6338974237442017
0.7466350793838501
0.12839801609516144
0.38792285323143005
0.3914016783237457
0.37109488248825073
0.23328255116939545
0.5147187113761902
0.4434093236923218
0.2429751753807068
0.31523582339286804
0.39558807015419006
0.4684215188026428
0.433561235666275
0.3173932731151581
0.35104307532310486
0.39037802815437317
0.42535117268562317
0.32743701338768005
0.1970626264810562
0.5130978226661682
0.3637951910495758
0.15850794315338135
0.21037551760673523
0.6857571601867676
0.6629564166069031
0.3586052358150482
0.20172588527202606
0.5052050948143005
0.30053091049194336
0.3590371012687683
0.277188777923584
0.6350126266479492
0.3860945999622345
0.18220412731170654
0.37826332449913025
0.21690315008163452
0.6410003304481506
0.221168652176857
0.4339912235736847
0.36141106486320496
0.46010249853134155
0.46592485904693604
0.22459952533245087
0.6877164840698242
0.4768802523612976
0.24495825171470642
0.5103365778923035
0.2935498356819153
0.4255387485027313
0.19674992561340332
0.3108980059623718
0.782052218914032
0.34208497405052185
0.5961961150169373
0.31734931468963623
0.5713293552398682
0.49074023962020874
0.5843155384063721
0.6466414928436279
0.29117247462272644
0.5114851593971252
0.47309941053390503
0.6362649202346802
0.4904572665691376
0.38559621572494507
0.3634260892868042
0.5552260875701904
0.32800793647766113
0.363629549741745
0.2131418138742447
0.6013498306274414
0.5279455780982971
0.28293025493621826
0.561480700969696
0.5622499585151672
0.38121381402015686
0.4279845654964447
0.6794949173927307
0.5187709927558899
0.41706177592277527
0.08986717462539673
0.17559261620044708
0.32300499081611633
0.3451600968837738
0.3789423406124115
0.717685878276825
0.3988381326198578
0.4127441942691803
0.31128352880477905
0.4022594094276428
0.5251793265342712
0.2735740542411804
0.1350053995847702
0.5124193429946899
0.16394397616386414
0.14723041653633118
0.14213894307613373
0.10843992233276367
0.5363448262214661
0.17522713541984558
0.6936393976211548
0.2886127829551697
0.17972777783870697
0.646808922290802
0.19503577053546906
0.31878429651260376
0.2504064440727234
0.5990957617759705
0.4164567291736603
0.3874106705188751
0.19459830224514008
0.4990406334400177
0.1416362076997757
0.6505511999130249
0.5731959342956543
0.5055141448974609
0.561553418636322
0.41715696454048157
0.2247064858675003
0.5495290756225586
0.4617885947227478
0.5228346586227417
0.46909138560295105
0.3712530732154846
0.3861687481403351
0.6724055409431458
0.29329460859298706
0.6210924983024597
0.3031453490257263
0.7104814052581787
0.6237813234329224
0.5357468128204346
0.4554082453250885
0.799645721912384
0.4795090854167938
0.36167463660240173
0.6597537994384766
0.38208481669425964
0.5659914016723633
0.5776067972183228
0.6533908247947693
0.16839969158172607
0.43854820728302
0.44360318779945374
0.6863425970077515
0.4264158606529236
0.5842686295509338
0.10131490975618362
0.13259921967983246
0.7464639544487
0.5574999451637268
0.32913294434547424
0.14515727758407593
0.48992645740509033
0.1944848746061325
0.27377399802207947
0.4519672691822052
0.2842564582824707
0.23255227506160736
0.33140215277671814
0.6134794354438782
0.27417653799057007
0.40949246287345886
0.3806910812854767
0.6081472039222717
0.6488804817199707
0.47877439856529236
0.4380386769771576
0.5013266801834106
0.5968273282051086
0.5402545928955078
0.40187859535217285
0.32850372791290283
0.32925286889076233
0.40857720375061035
0.6629827618598938
0.13541683554649353
0.11781079322099686
0.23694901168346405
0.7415387034416199
0.3681686222553253
0.4283880591392517
0.6124354004859924
0.5947688817977905
0.4670880138874054
0.3835045397281647
0.25664371252059937
0.48157528042793274
0.3327777087688446
0.653451681137085
0.3933756947517395
0.12457459419965744
0.5116595029830933
0.10554712265729904
0.42192575335502625
0.3264666795730591
0.6522747278213501
0.08324778825044632
0.4970599114894867
0.4524315297603607
0.4835951626300812
0.1401910036802292
0.20313569903373718
0.2855569124221802
0.7025500535964966
0.6701471209526062
0.3856414556503296
0.36737242341041565
0.4758853614330292
0.19663776457309723
0.472352534532547
0.29721057415008545
0.597104549407959
0.7901435494422913
0.3360280692577362
0.41924917697906494
0.6344656944274902
0.1417877972126007
0.20057865977287292
0.21888631582260132
0.49644735455513
0.31266194581985474
0.5413083434104919
0.07091144472360611
0.3935060203075409
0.7002275586128235
0.3146224021911621
0.3035047948360443
0.6243982315063477
0.5521148443222046
0.49131205677986145
0.20523634552955627
0.49833622574806213
0.3712395131587982
0.6115924119949341
0.19387303292751312
0.41082963347435
0.5945784449577332
0.5337623357772827
0.5952833890914917
0.4555869400501251
0.33090636134147644
0.14084847271442413
0.33788299560546875
0.43273019790649414
0.2636297941207886
0.641692042350769
0.5090112686157227
0.6884703040122986
0.595080554485321
0.412892609834671
0.5388604402542114
0.43075302243232727
0.636771559715271
0.5023210048675537
0.7379836440086365
0.6821131706237793
0.3595733940601349
0.6499274373054504
0.48531296849250793
0.3312506675720215
0.2751478850841522
0.4015921652317047
0.6828704476356506
0.09567256271839142
0.3906455636024475
0.46269723773002625
0.6099019646644592
0.4541691839694977
0.055119387805461884
0.1553426831960678
0.5735834836959839
0.5515531301498413
0.5821103453636169
0.6116368174552917
0.4443627595901489
0.23938819766044617
0.4861586391925812
0.6423619985580444
0.4047833979129791
0.48982277512550354
0.334168404340744
0.3775499165058136
0.2761739492416382
0.4948522448539734
0.38710737228393555
0.40489470958709717
0.40137365460395813
0.7458041906356812
0.10439684242010117
0.7465749979019165
0.26726648211479187
0.5488315224647522
0.28159478306770325
0.634035050868988
0.47163906693458557
0.3025398850440979
0.555333137512207
0.19017691910266876
0.547605037689209
0.2699839770793915
0.1582629531621933
0.43900731205940247
0.545219898223877
0.5126510858535767
0.6579220294952393
0.2778010666370392
0.618931233882904
0.592491626739502
0.7211754322052002
0.4337089955806732
0.48897722363471985
0.1819666028022766
0.5029057860374451
0.22923605144023895
0.19536232948303223
0.4405112564563751
0.5276947021484375
0.4253215789794922
0.6794949173927307
0.45244428515434265
0.2742849886417389
0.38288816809654236
0.4165966212749481
0.5486617088317871
0.5251274704933167
0.6442519426345825
0.45426860451698303
0.37468281388282776
0.39857980608940125
0.5265823006629944
0.38857924938201904
0.20531660318374634
0.5717907547950745
0.5013160705566406
0.23894697427749634
0.2693926990032196
0.6841736435890198
0.5302416682243347
0.6214660406112671
0.6391509175300598
0.5287972688674927
0.5599672198295593
0.10818301886320114
0.41145989298820496
0.5841163992881775
0.47522276639938354
0.4090481400489807
0.11948390305042267
0.5309841632843018
0.1822667270898819
0.35832110047340393
0.6626180410385132
0.3290174901485443
0.6025054454803467
0.5582060813903809
0.6575804948806763
0.5823842883110046
0.4341118037700653
0.4906823933124542
0.4691927433013916
0.30614447593688965
0.37275606393814087
0.4651546776294708
0.595132052898407
0.30573248863220215
0.6306309700012207
0.6680033206939697
0.570625364780426
0.6365825533866882
0.5909930467605591
0.12999394536018372
0.474355012178421
0.4445350468158722
0.4261641204357147
0.08537665754556656
0.3932052254676819
0.4910888671875
0.19924084842205048
0.367431104183197
0.36665263772010803
0.876542329788208
0.4310856759548187
0.5991504788398743
0.08684352040290833
0.17904895544052124
0.45913976430892944
0.28823190927505493
0.4373728334903717
0.3104685842990875
0.2914207875728607
0.3321833312511444
0.6906036138534546
0.30976879596710205
0.5211071372032166
0.643083930015564
0.44419658184051514
0.5966383814811707
0.08470997214317322
0.21747992932796478
0.1470935046672821
0.44247370958328247
0.6163991689682007
0.3566259443759918
0.2950664460659027
0.39177289605140686
0.3078027069568634
0.6211255788803101
0.45859193801879883
0.4747236669063568
0.38735443353652954
0.18618252873420715
0.5383073091506958
0.2671368420124054
0.7033644318580627
0.3065699636936188
0.39571574330329895
0.4972721040248871
0.14892703294754028
0.26630672812461853
0.6035699844360352
0.524276077747345
0.21195580065250397
0.48862507939338684
0.6819721460342407
0.3419615626335144
0.24386072158813477
0.5096458196640015
0.663167417049408
0.09328237920999527
0.19994212687015533
0.5013103485107422
0.37132686376571655
0.558100700378418
0.17595675587654114
0.26144471764564514
0.40635791420936584
0.4325140416622162
0.717966616153717
0.2265501320362091
0.5753280520439148
0.2752881348133087
0.5985333323478699
0.590125322341919
0.12181109935045242
0.1346149891614914
0.5582066178321838
0.3486195504665375
0.2457064837217331
0.21394065022468567
0.0713934525847435
0.11335816234350204
0.14904282987117767
0.519602358341217
0.1964409053325653
0.6088192462921143
0.16194991767406464
0.5017991662025452
0.5369898676872253
0.17218941450119019
0.2576848566532135
0.470608115196228
0.4892858564853668
0.6087052822113037
0.2877318561077118
0.6463242769241333
0.7040519714355469
0.6001219153404236
0.08018355816602707
0.41219642758369446
0.12401426583528519
0.370730996131897
0.17616267502307892
0.40988364815711975
0.46112895011901855
0.19120818376541138
0.42204955220222473
0.3984738886356354
0.2579687535762787
0.2656604051589966
0.46591952443122864
0.5413461327552795
0.18205563724040985
0.38961926102638245
0.6628596782684326
0.10951139777898788
0.15928758680820465
0.12114758044481277
0.5817208886146545
0.06504115462303162
0.650399923324585
0.47757163643836975
0.313804566860199
0.5274749994277954
0.2989489734172821
0.3576441705226898
0.36461421847343445
0.6340535879135132
0.5388574600219727
0.8005164861679077
0.2808452248573303
0.6033667325973511
0.2429751753807068
0.6176651120185852
0.6890382766723633
0.25489702820777893
0.33383023738861084
0.12176363915205002
0.3459509611129761
0.5379685759544373
0.47356677055358887
0.3517427146434784
0.5757288932800293
0.3847193419933319
0.35697218775749207
0.08417440205812454
0.2078729122877121
0.3065159022808075
0.36037787795066833
0.03870941698551178
0.35004544258117676
0.3861187696456909
0.2569406032562256
0.6278733015060425
0.46474042534828186
0.22222267091274261
0.39998000860214233
0.5538665056228638
0.4145581126213074
0.6455085277557373
0.5880957841873169
0.36547502875328064
0.3816891610622406
0.43687424063682556
0.1800180822610855
0.42818573117256165
0.4791971445083618
0.3114379048347473
0.4371594786643982
0.4250747263431549
0.1596049964427948
0.21588511765003204
0.132785826921463
0.6567609310150146
0.4751935303211212
0.6081901788711548
0.7038675546646118
0.22017648816108704
0.566663920879364
0.5097366571426392
0.4551960825920105
0.5154159665107727
0.7476227879524231
0.3972945511341095
0.6856651306152344
0.4163741171360016
0.1874983310699463
0.1470089703798294
0.6708148717880249
0.26878827810287476
0.21522273123264313
0.6420502066612244
0.4976072609424591
0.5533558130264282
0.4237416088581085
0.2499462217092514
0.3087853193283081
0.46119654178619385
0.7357386350631714
0.16523385047912598
0.26006031036376953
0.4431804418563843
0.4086759686470032
0.5759541988372803
0.06840797513723373
0.013963909819722176
0.2705399692058563
0.3977244198322296
0.5273164510726929
0.10963952541351318
0.5413262844085693
0.5076999664306641
0.14073073863983154
0.588893473148346
0.3227553963661194
0.5236985087394714
0.22261382639408112
0.397675096988678
0.585197925567627
0.38417959213256836
0.27224841713905334
0.24803228676319122
0.7117679119110107
0.6498116254806519
0.6279231309890747
0.7301928997039795
0.04662179946899414
0.40273797512054443
0.25035443902015686
0.5267379283905029
0.5006498694419861
0.3240005075931549
0.5098447799682617
0.5304215550422668
0.2691150903701782
0.5889231562614441
0.28923648595809937
0.5571004748344421
0.4351840615272522
0.33191442489624023
0.4007719159126282
0.16803665459156036
0.27367839217185974
0.2587345838546753
0.5884315967559814
0.5209031701087952
0.5528226494789124
0.5607830286026001
0.44847357273101807
0.6884357929229736
0.6092417240142822
0.5913795232772827
0.5261893272399902
0.3520141839981079
0.5753482580184937
0.49134036898612976
0.0904867872595787
0.21572522819042206
0.04578210413455963
0.5859373807907104
0.7272548675537109
0.3441317677497864
0.41142943501472473
0.3745991587638855
0.06212136149406433
0.12393554300069809
0.29138264060020447
0.39745721220970154
0.5304043292999268
0.6675022840499878
0.292531818151474
0.6181101202964783
0.2958003878593445
0.37877464294433594
0.4007808566093445
0.622965931892395
0.3846262991428375
0.46878549456596375
0.40056392550468445
0.1172870323061943
0.23721575736999512
0.5156120657920837
0.6505042910575867
0.7069867253303528
0.10602547973394394
0.5988900661468506
0.28377726674079895
0.5318184494972229
0.3909198045730591
0.47755521535873413
0.2327049821615219
0.6939144730567932
0.47924599051475525
0.44182705879211426
0.17975245416164398
0.49973246455192566
0.3961508572101593
0.922713041305542
0.4951072335243225
0.45812109112739563
0.7611584663391113
0.34519681334495544
0.4056241512298584
0.2774777412414551
0.49229803681373596
0.2762727737426758
0.31402233242988586
0.667219340801239
0.33028644323349
0.15906842052936554
0.4615704119205475
0.6229711174964905
0.19075161218643188
0.4769589304924011
0.5073233842849731
0.5810211300849915
0.7037477493286133
0.14439433813095093
0.12321343272924423
0.36135464906692505
0.5139368772506714
0.3798229992389679
0.6479425430297852
0.5414748787879944
0.3639914095401764
0.46706148982048035
0.3065677881240845
0.06795040518045425
0.6953271627426147
0.6870133280754089
0.5840713977813721
0.5078844428062439
0.4880942404270172
0.16013431549072266
0.5049006938934326
0.4350678324699402
0.5414204001426697
0.4932234585285187
0.5138822197914124
0.24652086198329926
0.6176391839981079
0.3969416916370392
0.3170129656791687
0.3852405548095703
0.4165320098400116
0.5891245603561401
0.24102146923542023
0.7649828195571899
0.29252251982688904
0.17698168754577637
0.4617590606212616
0.5738670229911804
0.6731172800064087
0.4585653245449066
0.35141029953956604
0.24551446735858917
0.20382042229175568
0.6135857701301575
0.31158125400543213
0.42343759536743164
0.2803320288658142
0.4666350483894348
0.5639484524726868
0.7976800799369812
0.15790322422981262
0.7268855571746826
0.6841607093811035
0.4193752408027649
0.3152841031551361
0.5686342716217041
0.2729763686656952
0.5056756138801575
0.15440301597118378
0.5866142511367798
0.3393084704875946
0.5843163728713989
0.3770880699157715
0.7067660689353943
0.42565029859542847
0.31158116459846497
0.6412527561187744
0.37803012132644653
0.17784588038921356
0.2686627209186554
0.6831445693969727
0.3306225538253784
0.09810570627450943
0.5522297620773315
0.601440966129303
0.34601888060569763
0.20911817252635956
0.46705546975135803
0.299856036901474
0.5454868078231812
0.6898919939994812
0.15443867444992065
0.15996429324150085
0.5338627696037292
0.06956999003887177
0.5005627870559692
0.42982813715934753
0.6094945073127747
0.3854421377182007
0.5512810349464417
0.6190305948257446
0.1063624769449234
0.5797278881072998
0.5434934496879578
0.6345983743667603
0.6859748959541321
0.3472154438495636
0.19037537276744843
0.5278381109237671
0.5339244604110718
0.2754901945590973
0.49490371346473694
0.5141518115997314
0.16821880638599396
0.5755943059921265
0.4763450622558594
0.4824741780757904
0.5090993642807007
0.3190965950489044
0.1612096130847931
0.6660574674606323
0.6753522157669067
0.6584032773971558
0.5986500382423401
0.2974480390548706
0.44366297125816345
0.5216323733329773
0.520198404788971
0.6275609135627747
0.3265059292316437
0.4073118567466736
0.10110973566770554
0.3723827302455902
0.4673682153224945
0.5692198276519775
0.577056348323822
0.4858308732509613
0.24646593630313873
0.482543021440506
0.5423136353492737
0.4950389266014099
0.2846025824546814
0.35520482063293457
0.5260633230209351
0.5178945064544678
0.321620911359787
0.32097217440605164
0.21900083124637604
0.44737508893013
0.15362197160720825
0.39166364073753357
0.6610373258590698
0.4064154624938965
0.25086069107055664
0.4593663811683655
0.5672047138214111
0.6715813279151917
0.5767261981964111
0.335155189037323
0.8073703050613403
0.42224037647247314
0.45037397742271423
0.3640371263027191
0.35891446471214294
0.5123558640480042
0.5765225887298584
0.5807878971099854
0.49349644780158997
0.6200957298278809
0.3735884130001068
0.30021384358406067
0.21313972771167755
0.22231678664684296
0.3892788887023926
0.37005138397216797
0.6668304800987244
0.39258068799972534
0.2802495062351227
0.5689876675605774
0.19265596568584442
0.10256180912256241
0.5496344566345215
0.1771053820848465
0.19238527119159698
0.4017868936061859
0.16726626455783844
0.47273701429367065
0.3780776560306549
0.5634536743164062
0.14568381011486053
0.1785646378993988
0.3724544942378998
0.23100730776786804
0.7649892568588257
0.48155924677848816
0.6556976437568665
0.03270760923624039
0.7054717540740967
0.49196285009384155
0.40530499815940857
0.350378155708313
0.12430547922849655
0.5471276044845581
0.43938639760017395
0.2915322184562683
0.22737695276737213
0.24400672316551208
0.5793530344963074
0.2179376184940338
0.6801921725273132
0.4258196949958801
0.42303267121315
0.7384695410728455
0.5647974014282227
0.3340156674385071
0.17837411165237427
0.38998672366142273
0.3085289001464844
0.16221962869167328
0.43906351923942566
0.1264808475971222
0.3913935124874115
0.45851489901542664
0.511895477771759
0.23504723608493805
0.4299485683441162
0.4392542243003845
0.28135716915130615
0.4098941385746002
0.5823153257369995
0.5499835014343262
0.47946563363075256
0.6222535371780396
0.3040255606174469
0.311010479927063
0.4940718710422516
0.6267831325531006
0.6077046394348145
0.12165806442499161
0.12551288306713104
0.130336195230484
0.4567648470401764
0.5272508263587952
0.11456356197595596
0.22112634778022766
0.16668228805065155
0.6108816266059875
0.4618523418903351
0.28013020753860474
0.33983615040779114
0.3437459468841553
0.39168262481689453
0.46855631470680237
0.31440454721450806
0.5196099281311035
0.3081532418727875
0.3760633170604706
0.4574519991874695
0.3124799132347107
0.6725370287895203
0.44280174374580383
0.5809847712516785
0.08318238705396652
0.5255762338638306
0.4420914053916931
0.5301730632781982
0.48905763030052185
0.3761615455150604
0.5876783728599548
0.562006413936615
0.41887030005455017
0.1485578715801239
0.36654770374298096
0.13420620560646057
0.4862326383590698
0.2559349834918976
0.4569236934185028
0.9163087010383606
0.4404877722263336
0.5472601056098938
0.6455326080322266
0.5595939755439758
0.4446917474269867
0.16606861352920532
0.15453432500362396
0.7186018228530884
0.555383026599884
0.47024863958358765
0.5282431840896606
0.5465177297592163
0.27776840329170227
0.45838209986686707
0.43573763966560364
0.15918877720832825
0.12375947088003159
0.48734477162361145
0.4880097806453705
0.42944079637527466
0.5377734899520874
0.2947430908679962
0.5108325481414795
0.7108503580093384
0.46644672751426697
0.40299057960510254
0.7060732841491699
0.4766164720058441
0.12681236863136292
0.38507992029190063
0.302934855222702
0.34861311316490173
0.7440681457519531
0.505468487739563
0.14637628197669983
0.3703867197036743
0.6165555715560913
0.6066541075706482
0.2767176330089569
0.7671952247619629
0.6133267879486084
0.09585723280906677
0.22812534868717194
0.5841830968856812
0.7604736089706421
0.3640088737010956
0.4764464795589447
0.2444067895412445
0.2036624401807785
0.0537710040807724
0.29354777932167053
0.405099093914032
0.4932408034801483
0.1763167679309845
0.42287203669548035
0.3056555390357971
0.21312332153320312
0.5345602035522461
0.16885164380073547
0.6018523573875427
0.09737654775381088
0.5444045066833496
0.12758001685142517
0.5352630019187927
0.7449050545692444
0.3178959786891937
0.5801012516021729
0.3013419210910797
0.4766334891319275
0.5502338409423828
0.3104187548160553
0.5932809114456177
0.623920202255249
0.43857985734939575
0.3920806348323822
0.5694047808647156
0.48520004749298096
0.6517584323883057
0.7359278202056885
0.08901645243167877
0.19504588842391968
0.45545196533203125
0.181069478392601
0.33286646008491516
0.7235738039016724
0.5152662396430969
0.33608919382095337
0.4316745102405548
0.24990858137607574
0.2631760239601135
0.5870349407196045
0.6320629715919495
0.4502067267894745
0.696925938129425
0.43969205021858215
0.4797656536102295
0.5082290172576904
0.6460192799568176
0.2855646312236786
0.6636143326759338
0.26161879301071167
0.7519742250442505
0.30918118357658386
0.4491678774356842
0.39896637201309204
0.5429292321205139
0.5183941125869751
0.46303465962409973
0.4559457302093506
0.5656695365905762
0.34266048669815063
0.4636995196342468
0.564529299736023
0.40409353375434875
0.5885617136955261
0.45233288407325745
0.5857210755348206
0.574079155921936
0.423706591129303
0.5572688579559326
0.7077626585960388
0.44689708948135376
0.2725464105606079
0.6712092161178589
0.08471528440713882
0.27340665459632874
0.4551651179790497
0.6126749515533447
0.639079749584198
0.49869272112846375
0.35311612486839294
0.07160180062055588
0.44665446877479553
0.4714111387729645
0.6942824125289917
0.40092650055885315
0.16714440286159515
0.33694106340408325
0.5211336612701416
0.6013445258140564
0.34349560737609863
0.6815470457077026
0.20194116234779358
0.4610206186771393
0.3154449462890625
0.45657989382743835
0.3151228725910187
0.4941936433315277
0.06577190011739731
0.27651289105415344
0.07551659643650055
0.4466527998447418
0.5159456133842468
0.20757760107517242
0.2432226985692978
0.700787365436554
0.4766404330730438
0.31826165318489075
0.1955571174621582
0.4448311924934387
0.16292937099933624
0.590084433555603
0.11175474524497986
0.12399648874998093
0.2144341915845871
0.3157505691051483
0.6522466540336609
0.06189172714948654
0.13088110089302063
0.5149013996124268
0.5398436188697815
0.6380261182785034
0.514692485332489
0.37820854783058167
0.06799395382404327
0.6292610168457031
0.45013368129730225
0.041328445076942444
0.48205944895744324
0.2516510486602783
0.3282914161682129
0.49894264340400696
0.6497119665145874
0.26857319474220276
0.5884314775466919
0.3838009238243103
0.3422462046146393
0.39410439133644104
0.7063412666320801
0.6588472723960876
0.18925613164901733
0.3227517306804657
0.5098737478256226
0.3261761963367462
0.5864187479019165
0.2423848658800125
0.10680659115314484
0.43422597646713257
0.4193536639213562
0.4860371947288513
0.6014889478683472
0.4393700063228607
0.4610086679458618
0.41443291306495667
0.31651508808135986
0.44532039761543274
0.6737470626831055
0.43912273645401
0.239508256316185
0.47542038559913635
0.27801528573036194
0.5893083214759827
0.3956913352012634
0.24064508080482483
0.33390673995018005
0.5887465476989746
0.7043719291687012
0.28660228848457336
0.30090007185935974
0.5344089865684509
0.2974631190299988
0.12815998494625092
0.6323190331459045
0.2648244798183441
0.12492351979017258
0.6060388088226318
0.5917919874191284
0.5731233954429626
0.39821019768714905
0.10950789600610733
0.15814082324504852
0.7739788889884949
0.38203272223472595
0.553665280342102
0.24538196623325348
0.517581582069397
0.14406298100948334
0.5518110990524292
0.6749910116195679
0.21761222183704376
0.13370996713638306
0.4062134027481079
0.4660662114620209
0.20655469596385956
0.4221130311489105
0.7758371829986572
0.517982006072998
0.5586225390434265
0.46386268734931946
0.5148239135742188
0.5424587726593018
0.38724300265312195
0.6179160475730896
0.39261651039123535
0.21260316669940948
0.30708691477775574
0.24449649453163147
0.4636925756931305
0.39818692207336426
0.38648688793182373
0.3199019730091095
0.30804240703582764
0.5393317341804504
0.5127700567245483
0.10541839897632599
0.3167588710784912
0.5193085670471191
0.3859959542751312
0.517983615398407
0.7313681840896606
0.5881240367889404
0.2167864590883255
0.6375253796577454
0.0834273099899292
0.6030356884002686
0.4855059087276459
0.4918883740901947
0.4646967053413391
0.3289985954761505
0.40250346064567566
0.1275022327899933
0.1588621586561203
0.3106115758419037
0.4643906056880951
0.5562878847122192
0.3238285481929779
0.5742793679237366
0.22935466468334198
0.22034834325313568
0.3957595229148865
0.3279085159301758
0.6510246992111206
0.5824671983718872
0.5069460868835449
0.4894315004348755
0.468635618686676
0.43364715576171875
0.314776748418808
0.47237932682037354
0.6083236932754517
0.7009522914886475
0.6519959568977356
0.3090629577636719
0.21765653789043427
0.40175923705101013
0.17364703118801117
0.45653900504112244
0.38113340735435486
0.2922801971435547
0.3786488175392151
0.7341253757476807
0.467693954706192
0.338547021150589
0.5543899536132812
0.42465701699256897
0.3119499385356903
0.42796093225479126
0.26455599069595337
0.443286657333374
0.5968809127807617
0.24934257566928864
0.3075188994407654
0.27600160241127014
0.7135608196258545
0.5530261397361755
0.33936968445777893
0.6471635699272156
0.652877151966095
0.4824541211128235
0.34261593222618103
0.3953165113925934
0.6494818329811096
0.5440024137496948
0.19158491492271423
0.08556091040372849
0.5368737578392029
0.6037123203277588
0.4330153465270996
0.3781014084815979
0.33209168910980225
0.33046671748161316
0.8519842028617859
0.2663590610027313
0.46243420243263245
0.36684927344322205
0.09694569557905197
0.17712602019309998
0.558519184589386
0.1969715803861618
0.2589713931083679
0.5455620288848877
0.4705069661140442
0.4198758900165558
0.6823020577430725
0.33692502975463867
0.6493070721626282
0.3808366656303406
0.5110114812850952
0.6537737846374512
0.7197728753089905
0.33196231722831726
0.5101958513259888
0.14297154545783997
0.2555282413959503
0.2464010864496231
0.3404648005962372
0.4305151402950287
0.671481728553772
0.6134704351425171
0.6514573693275452
0.3831382095813751
0.7670717239379883
0.146409273147583
0.5673174262046814
0.5381335020065308
0.1001974567770958
0.3785344958305359
0.4793030917644501
0.5865769386291504
0.550489604473114
0.5036189556121826
0.2717389166355133
0.39091095328330994
0.6005235910415649
0.4337620437145233
0.29336267709732056
0.5840970873832703
0.6333717107772827
0.16686517000198364
0.39664119482040405
0.5792896151542664
0.6737658381462097
0.16439826786518097
0.2738190293312073
0.7227441072463989
0.37848424911499023
0.32233840227127075
0.07773115485906601
0.5647342801094055
0.6105592250823975
0.4999959170818329
0.6354327201843262
0.6374960541725159
0.3082990348339081
0.505317747592926
0.597955584526062
0.40737205743789673
0.6442199945449829
0.5408317446708679
0.21831075847148895
0.6327584981918335
0.6960070133209229
0.4482630491256714
0.541373610496521
0.6129131317138672
0.34012314677238464
0.35912373661994934
0.4870889484882355
0.5949782133102417
0.35077089071273804
0.4655573070049286
0.388816237449646
0.29278892278671265
0.49271804094314575
0.21738462150096893
0.7211330533027649
0.4663243591785431
0.42503854632377625
0.32433784008026123
0.49822476506233215
0.470718115568161
0.5841028690338135
0.4688279628753662
0.7182134985923767
0.4603823125362396
0.25135719776153564
0.11675442010164261
0.7053734660148621
0.49942389130592346
0.20407961308956146
0.3144206702709198
0.6636063456535339
0.6054728627204895
0.4096413254737854
0.2351696640253067
0.4906919300556183
0.3495379686355591
0.33174195885658264
0.7148614525794983
0.29344314336776733
0.2660314440727234
0.608511745929718
0.4801672101020813
0.6374803781509399
0.04074956476688385
0.1413654088973999
0.29338592290878296
0.6290724873542786
0.440523236989975
0.37299981713294983
0.570054829120636
0.5506247282028198
0.47406959533691406
0.09619203209877014
0.44125404953956604
0.7490332126617432
0.6468141674995422
0.3074306845664978
0.1948925256729126
0.3321288228034973
0.30366072058677673
0.4173266589641571
0.29496967792510986
0.429727703332901
0.49619075655937195
0.5210187435150146
0.5421481728553772
0.13126260042190552
0.33134737610816956
0.23658619821071625
0.35416385531425476
0.47031182050704956
0.6558684706687927
0.5993705987930298
0.27939572930336
0.4857063591480255
0.45920220017433167
0.6730050444602966
0.08636966347694397
0.11909814924001694
0.1496972292661667
0.30428287386894226
0.6082513928413391
0.4138798415660858
0.6793934106826782
0.6026111245155334
0.4304307699203491
0.3923899829387665
0.4525357186794281
0.1073506698012352
0.34131044149398804
0.34158599376678467
0.49619653820991516
0.42089712619781494
0.6789138913154602
0.4893883168697357
0.4817666709423065
0.33751484751701355
0.6307951211929321
0.3800196349620819
0.5808232426643372
0.5045487880706787
0.16961203515529633
0.620918869972229
0.4476369023323059
0.2290915548801422
0.3004085421562195
0.5461721420288086
0.5256547331809998
0.12479671090841293
0.5129068493843079
0.5843832492828369
0.6590807437896729
0.8693125247955322
0.1988251656293869
0.23462747037410736
0.30836573243141174
0.43429258465766907
0.35358911752700806
0.7611773610115051
0.19802145659923553
0.22519253194332123
0.5285322666168213
0.36039915680885315
0.12367837876081467
0.35104307532310486
0.470135897397995
0.46564123034477234
0.5843382477760315
0.46609586477279663
0.5904757976531982
0.5934845805168152
0.39007773995399475
0.16016344726085663
0.26629137992858887
0.5129536390304565
0.6521971225738525
0.504654049873352
0.5593346357345581
0.595241129398346
0.6082451343536377
0.2022470086812973
0.4215722978115082
0.1504083126783371
0.4884428083896637
0.3594878315925598
0.4083680510520935
0.5041826963424683
0.6494619846343994
0.6658737659454346
0.2570255696773529
0.3612290620803833
0.23440006375312805
0.6159135699272156
0.534449577331543
0.30418407917022705
0.4198882579803467
0.33181232213974
0.12400443106889725
0.08269532769918442
0.1387048214673996
0.6173083782196045
0.5164585709571838
0.4867323935031891
0.08586298674345016
0.2800179123878479
0.44027388095855713
0.3311749994754791
0.6087201833724976
0.2957257926464081
0.4110080897808075
0.42367011308670044
0.6363683938980103
0.33468079566955566
0.2135162651538849
0.33385035395622253
0.1402692198753357
0.25250399112701416
0.635159969329834
0.7046126127243042
0.2447938323020935
0.46040526032447815
0.20818005502223969
0.41269588470458984
0.13617011904716492
0.7184281945228577
0.511550784111023
0.47317957878112793
0.6806654334068298
0.7512983083724976
0.5499366521835327
0.8015461564064026
0.4848964810371399
0.3333375155925751
0.3907313048839569
0.4717155992984772
0.8268094658851624
0.11397602409124374
0.24438755214214325
0.32155609130859375
0.2880880534648895
0.32000163197517395
0.41335228085517883
0.24025222659111023
0.11573085188865662
0.593915581703186
0.2668846845626831
0.3457114100456238
0.5824609994888306
0.39661431312561035
0.39169949293136597
0.4283781349658966
0.30803602933883667
0.4357747733592987
0.6071067452430725
0.36133110523223877
0.5326188206672668
0.3456866443157196
0.4782949984073639
0.5577822327613831
0.49221715331077576
0.17951709032058716
0.6341966986656189
0.4640187621116638
0.26807060837745667
0.14888878166675568
0.3955657184123993
0.1699558049440384
0.22612479329109192
0.501288115978241
0.4381902813911438
0.5374715328216553
0.6722384691238403
0.3062877058982849
0.16043907403945923
0.2785531282424927
0.686191737651825
0.280845046043396
0.38516825437545776
0.6457318067550659
0.2710583209991455
0.46735095977783203
0.31390801072120667
0.41474252939224243
0.36604470014572144
0.5898793339729309
0.4140852689743042
0.6920974254608154
0.21925020217895508
0.24226829409599304
0.11076615005731583
0.0967419371008873
0.23159225285053253
0.3947625160217285
0.35632839798927307
0.06714442372322083
0.5692958831787109
0.3842174708843231
0.20266392827033997
0.601755678653717
0.4534616768360138
0.39964696764945984
0.38768693804740906
0.35955604910850525
0.43736788630485535
0.33459046483039856
0.5926997661590576
0.5605244040489197
0.44085755944252014
0.08545360714197159
0.3199019730091095
0.7859406471252441
0.5322489142417908
0.3642178773880005
0.277262419462204
0.3302939534187317
0.48769864439964294
0.4085955321788788
0.560863196849823
0.09114561229944229
0.47742459177970886
0.5731559991836548
0.35871291160583496
0.26821520924568176
0.6649067997932434
0.5113990902900696
0.2040344774723053
0.7257333397865295
0.2401925027370453
0.19719363749027252
0.6731715202331543
0.5852891206741333
0.042792148888111115
0.5914259552955627
0.2759632468223572
0.5447342991828918
0.10100299119949341
0.16802780330181122
0.22856685519218445
0.21516437828540802
0.21619604527950287
0.617037296295166
0.23117846250534058
0.423005074262619
0.3246974050998688
0.49037718772888184
0.46066319942474365
0.48781824111938477
0.37992697954177856
0.32189688086509705
0.3529707193374634
0.5519595742225647
0.6201379895210266
0.3232133984565735
0.14500342309474945
0.563206672668457
0.45826199650764465
0.4717644155025482
0.44619935750961304
0.3378761112689972
0.48030751943588257
0.7162833213806152
0.2352549284696579
0.21834437549114227
0.5317909717559814
0.6051958799362183
0.47649946808815
0.44474515318870544
0.3935891091823578
0.4913487434387207
0.5572394728660583
0.4675169885158539
0.27837660908699036
0.19364295899868011
0.383709192276001
0.5414844751358032
0.5509123206138611
0.6460894346237183
0.6160836219787598
0.42349231243133545
0.592488706111908
0.49800583720207214
0.3188261091709137
0.4214235544204712
0.25016820430755615
0.4724244177341461
0.5608210563659668
0.5654662251472473
0.4647214114665985
0.6885644793510437
0.4991327226161957
0.5413230657577515
0.11723899841308594
0.5749335289001465
0.6795542240142822
0.10547409951686859
0.500925600528717
0.6804172992706299
0.6304649710655212
0.17518344521522522
0.43691161274909973
0.2885696589946747
0.18816569447517395
0.3634127378463745
0.32713112235069275
0.503254234790802
0.7526529431343079
0.10879714041948318
0.6822277307510376
0.3784421980381012
0.4316428601741791
0.74137282371521
0.38564738631248474
0.398777574300766
0.6594263315200806
0.7210116386413574
0.32292690873146057
0.47325611114501953
0.35899651050567627
0.54180508852005
0.5450801253318787
0.31363874673843384
0.6036268472671509
0.2764992117881775
0.19876167178153992
0.3071092665195465
0.36897528171539307
0.4386102855205536
0.5098165273666382
0.3390304744243622
0.6746808886528015
0.5889120101928711
0.2371901273727417
0.5200034976005554
0.2231965810060501
0.6191595792770386
0.09737793356180191
0.5059669017791748
0.1510213017463684
0.270327627658844
0.5562580227851868
0.42294785380363464
0.4908145070075989
0.5612079501152039
0.624054491519928
0.43807974457740784
0.4890201687812805
0.2155807614326477
0.4532450735569
0.23970450460910797
0.3304356336593628
0.30363142490386963
0.502456784248352
0.3652137517929077
0.31876271963119507
0.1877855509519577
0.5230065584182739
0.3756397068500519
0.5676674842834473
0.037193991243839264
0.26222899556159973
0.4799669086933136
0.21612437069416046
0.1073465645313263
0.1773042529821396
0.5244873762130737
0.3944752514362335
0.3830319344997406
0.5171504020690918
0.5095381140708923
0.520656943321228
0.6058905124664307
0.33006492257118225
0.40706315636634827
0.4090225100517273
0.5610105991363525
0.329050749540329
0.5702221393585205
0.45364469289779663
0.31125015020370483
0.3959694802761078
0.3650275468826294
0.38976043462753296
0.5817224979400635
0.5232921838760376
0.6872468590736389
0.3811298608779907
0.3105562925338745
0.5312309265136719
0.37705957889556885
0.6930961012840271
0.7737725973129272
0.08756162226200104
0.41982904076576233
0.42035889625549316
0.4089438319206238
0.33726513385772705
0.15149536728858948
0.3682021200656891
0.28223279118537903
0.37171411514282227
0.672072172164917
0.26411908864974976
0.5685967206954956
0.23793624341487885
0.35360515117645264
0.2451542764902115
0.38580137491226196
0.6719383597373962
0.4750804305076599
0.4171372354030609
0.20577529072761536
0.3138315975666046
0.11492972820997238
0.28915315866470337
0.47131529450416565
0.7297044992446899
0.6402819752693176
0.5212878584861755
0.3555680513381958
0.3778468072414398
0.6680899858474731
0.44190311431884766
0.6130614280700684
0.395938903093338
0.1432953178882599
0.10325547307729721
0.1943509876728058
0.49608227610588074
0.7188016176223755
0.48606938123703003
0.6428883075714111
0.32648858428001404
0.35046806931495667
0.13385531306266785
0.6056894063949585
0.46475329995155334
0.2650979161262512
0.2737426161766052
0.6157885193824768
0.4052395820617676
0.36687731742858887
0.5879822373390198
0.6112372279167175
0.42392367124557495
0.4856509268283844
0.6740256547927856
0.37893834710121155
0.5956781506538391
0.5673993825912476
0.7898222804069519
0.4401908814907074
0.6442443132400513
0.06632748991250992
0.4736020267009735
0.5731114745140076
0.37878331542015076
0.6090824604034424
0.547502338886261
0.4010794758796692
0.3843698799610138
0.22667916119098663
0.10122611373662949
0.24407413601875305
0.21847882866859436
0.23977310955524445
0.47303423285484314
0.5275413393974304
0.4878232181072235
0.3121337592601776
0.3177110552787781
0.41690823435783386
0.3259579837322235
0.2667449414730072
0.33139294385910034
0.6312339305877686
0.29512855410575867
0.07944316416978836
0.3159954249858856
0.5994024276733398
0.6027616262435913
0.2987246513366699
0.5289923548698425
0.4085378646850586
0.5339037179946899
0.42717036604881287
0.3429245352745056
0.4398254156112671
0.2072741985321045
0.5058700442314148
0.6007663011550903
0.6120557188987732
0.47822466492652893
0.18409182131290436
0.29559460282325745
0.1854025423526764
0.5690386295318604
0.5098846554756165
0.5970278382301331
0.5539505481719971
0.5686329007148743
0.13562986254692078
0.46844810247421265
0.20207464694976807
0.36141136288642883
0.4122876822948456
0.6460848450660706
0.48524394631385803
0.3152987062931061
0.557094156742096
0.8005164861679077
0.4014241397380829
0.3388961851596832
0.552464485168457
0.24338530004024506
0.0903969407081604
0.13103222846984863
0.4363382160663605
0.49187156558036804
0.4608059823513031
0.3863992393016815
0.5423128008842468
0.5969810485839844
0.730091392993927
0.6799372434616089
0.6939550042152405
0.1316409707069397
0.555992603302002
0.41248008608818054
0.4381656348705292
0.6468209028244019
0.07228732109069824
0.25212687253952026
0.5429195761680603
0.45663395524024963
0.5318905115127563
0.39374402165412903
0.3562305271625519
0.6804186105728149
0.11040130257606506
0.47728005051612854
0.5013874769210815
0.6808504462242126
0.5557321906089783
0.49401190876960754
0.5477628111839294
0.3429020941257477
0.6736567616462708
0.5143026113510132
0.6628892421722412
0.8809581995010376
0.3477345108985901
0.088344044983387
0.47689497470855713
0.20781533420085907
0.5203879475593567
0.39713791012763977
0.19524188339710236
0.10071723908185959
0.4109099805355072
0.49311020970344543
0.3166359066963196
0.3835487961769104
0.4191361367702484
0.756125807762146
0.11073382198810577
0.5791776776313782
0.6396005749702454
0.4139225482940674
0.35259807109832764
0.6857495307922363
0.381437748670578
0.5310730338096619
0.5875280499458313
0.41749808192253113
0.6002366542816162
0.5809099674224854
0.598376989364624
0.5423352718353271
0.6196386218070984
0.5239701867103577
0.7417429089546204
0.22011445462703705
0.5115078687667847
0.524495005607605
0.24630586802959442
0.513238787651062
0.23928047716617584
0.14407627284526825
0.4081161320209503
0.3203521966934204
0.30301254987716675
0.2629402279853821
0.33592769503593445
0.07333651930093765
0.36251571774482727
0.35325300693511963
0.39556533098220825
0.1995992362499237
0.5836272835731506
0.7210702896118164
0.35626938939094543
0.425156831741333
0.46335434913635254
0.6649946570396423
0.19118063151836395
0.5514054298400879
0.584699273109436
0.3140462338924408
0.5257991552352905
0.14645016193389893
0.3368379771709442
0.4817415773868561
0.38133758306503296
0.5156278014183044
0.22141914069652557
0.5037441849708557
0.6395494341850281
0.47822681069374084
0.30626028776168823
0.45924386382102966
0.5987715125083923
0.3084839880466461
0.3728651702404022
0.5671923756599426
0.14297260344028473
0.0860062688589096
0.31169798970222473
0.36079469323158264
0.37279272079467773
0.751237154006958
0.15438225865364075
0.5334038734436035
0.479767769575119
0.5562822222709656
0.1566157191991806
0.7683919072151184
0.3778686821460724
0.37506335973739624
0.7376788854598999
0.10457471758127213
0.1992984414100647
0.6614877581596375
0.5626740455627441
0.40590646862983704
0.5560247302055359
0.5229518413543701
0.6736676692962646
0.6360283493995667
0.35660722851753235
0.6875439882278442
0.6207754015922546
0.19706647098064423
0.302017480134964
0.3830954134464264
0.5120255947113037
0.3222307562828064
0.46065282821655273
0.2507915198802948
0.38674095273017883
0.5471768379211426
0.04679492861032486
0.14902572333812714
0.3984191119670868
0.6586747169494629
0.064579077064991
0.23700620234012604
0.5959153771400452
0.38760650157928467
0.3345462679862976
0.5047635436058044
0.32597705721855164
0.3755083680152893
0.3423510789871216
0.41288885474205017
0.5449165105819702
0.45048871636390686
0.08961356431245804
0.31507495045661926
0.5578019618988037
0.6559762954711914
0.4003542959690094
0.5032733082771301
0.41740772128105164
0.5400210618972778
0.28435808420181274
0.27055832743644714
0.09841922670602798
0.420353502035141
0.5547724962234497
0.3081126809120178
0.55216383934021
0.5656111240386963
0.6203906536102295
0.582756519317627
0.3417598009109497
0.7152215242385864
0.6701483726501465
0.4454973042011261
0.4249473214149475
0.6026862859725952
0.4062168300151825
0.5043568015098572
0.34130746126174927
0.18338851630687714
0.5416318774223328
0.3918960392475128
0.38361889123916626
0.5328258872032166
0.2360619604587555
0.1792517453432083
0.3871396780014038
0.7989689707756042
0.2621401250362396
0.07452576607465744
0.30081871151924133
0.19343383610248566
0.4538705348968506
0.36896568536758423
0.30344146490097046
0.4051126539707184
0.5646342635154724
0.5194846391677856
0.5805099606513977
0.45567595958709717
0.37022486329078674
0.41106539964675903
0.48611634969711304
0.4171282947063446
0.23160956799983978
0.3781260550022125
0.624997079372406
0.304797887802124
0.6005725860595703
0.2203802466392517
0.3065042793750763
0.07895541191101074
0.23097354173660278
0.67305988073349
0.47212105989456177
0.3411474823951721
0.1450197994709015
0.5779363512992859
0.48694363236427307
0.49314701557159424
0.3276101052761078
0.30625829100608826
0.233873650431633
0.25179460644721985
0.045785434544086456
0.4721212089061737
0.4528733789920807
0.3517392575740814
0.38356009125709534
0.7293523550033569
0.23168234527111053
0.6372305154800415
0.29321902990341187
0.08771158754825592
0.37783557176589966
0.4384845793247223
0.7181258797645569
0.1726834625005722
0.5626332759857178
0.3559427559375763
0.31574055552482605
0.40198731422424316
0.364966481924057
0.4723445177078247
0.23019348084926605
0.34777331352233887
0.37223154306411743
0.7217390537261963
0.4885220527648926
0.547551691532135
0.23573854565620422
0.5940238833427429
0.5823691487312317
0.4875418245792389
0.30872344970703125
0.3155723214149475
0.5947964787483215
0.22025516629219055
0.4174991250038147
0.5782443284988403
0.1731989085674286
0.5165562629699707
0.5299926996231079
0.5000777244567871
0.3115367293357849
0.7024625539779663
0.32169583439826965
0.35107991099357605
0.61942458152771
0.462573379278183
0.4608226418495178
0.555744469165802
0.42137011885643005
0.14812657237052917
0.6710750460624695
0.09236098825931549
0.30600130558013916
0.5565046668052673
0.5712395906448364
0.2148553431034088
0.18657061457633972
0.3792557418346405
0.2605985403060913
0.6819720268249512
0.5945377349853516
0.6269755959510803
0.699363112449646
0.7794676423072815
0.5375710725784302
0.2484365850687027
0.09768369048833847
0.31011703610420227
0.12550076842308044
0.4943171441555023
0.24827514588832855
0.35957446694374084
0.4577173888683319
0.22827719151973724
0.20639406144618988
0.5409938097000122
0.2730947434902191
0.5073646306991577
0.441775381565094
0.8184511065483093
0.2871286869049072
0.48189666867256165
0.15520425140857697
0.3729303181171417
0.49553194642066956
0.18740473687648773
0.21607427299022675
0.10816802084445953
0.2961241602897644
0.3261154294013977
0.6561486721038818
0.2710723578929901
0.5984961986541748
0.2173570692539215
0.5330091714859009
0.3746406137943268
0.5973924398422241
0.26040831208229065
0.5094300508499146
0.43569883704185486
0.5223015546798706
0.5139452219009399
0.415000855922699
0.39761239290237427
0.5571277737617493
0.452038437128067
0.22216607630252838
0.4555268883705139
0.28254052996635437
0.5084972977638245
0.3471248149871826
0.4137604534626007
0.722244918346405
0.5567358136177063
0.6102091073989868
0.416177898645401
0.24909339845180511
0.6663539409637451
0.45343446731567383
0.3234788775444031
0.39880529046058655
0.5893727540969849
0.48033562302589417
0.25562000274658203
0.15544277429580688
0.19126859307289124
0.4842282831668854
0.48439717292785645
0.553573727607727
0.10053221136331558
0.294747918844223
0.6785621643066406
0.22997815907001495
0.3509339690208435
0.5787462592124939
0.514854371547699
0.5072765946388245
0.15674450993537903
0.12457600980997086
0.271945059299469
0.3878885805606842
0.12841013073921204
0.07438965886831284
0.6576026678085327
0.3023894429206848
0.3965153992176056
0.4319266080856323
0.43413054943084717
0.5778875946998596
0.460727721452713
0.6324656009674072
0.5605244040489197
0.6703556776046753
0.512647807598114
0.7109254598617554
0.04172208160161972
0.21636135876178741
0.3306226432323456
0.7596168518066406
0.3909388780593872
0.5707588195800781
0.5133228898048401
0.23511750996112823
0.10053116828203201
0.20705249905586243
0.5570593476295471
0.05211619287729263
0.6057947874069214
-0.03388947248458862
0.46316710114479065
0.2671376168727875
0.6312164068222046
0.4023926854133606
0.5693701505661011
0.3529958724975586
0.6422638893127441
0.5537421703338623
0.26313385367393494
0.643261730670929
0.5186606049537659
0.4345360994338989
0.6836208701133728
0.39892682433128357
0.23608021438121796
0.19481772184371948
0.47013550996780396
0.24902288615703583
0.49824437499046326
0.5102250576019287
0.2481565624475479
0.18545860052108765
0.623344361782074
0.17151914536952972
0.36940374970436096
0.4905332624912262
0.16512015461921692
0.4116928279399872
0.34005674719810486
0.3771815299987793
0.6522316336631775
0.43255501985549927
0.08665842562913895
0.5963007211685181
0.2095547914505005
0.5738445520401001
0.14595137536525726
0.4186517000198364
0.6187472343444824
0.43744224309921265
0.27682867646217346
0.372318834066391
0.5414832234382629
0.592872142791748
0.5339795351028442
0.16686317324638367
0.23297584056854248
0.4754907190799713
0.365676611661911
0.420566201210022
0.3532475531101227
0.4768555462360382
0.5585139989852905
0.6014304161071777
0.5625826120376587
0.35723191499710083
0.4579020142555237
0.43894851207733154
0.5297324061393738
0.4431550204753876
0.5693457722663879
0.6369196176528931
0.5710786581039429
0.11683860421180725
0.5911069512367249
0.38561108708381653
0.45980367064476013
0.46118658781051636
0.49686768651008606
0.4646364748477936
0.6373366117477417
0.5074436664581299
0.05307520180940628
0.4769435524940491
0.29514339566230774
0.22735263407230377
0.22545595467090607
0.47491106390953064
0.24523861706256866
0.08102888613939285
0.18233859539031982
0.49817749857902527
0.39354193210601807
0.29077592492103577
0.5373730659484863
0.3640614449977875
0.5852937698364258
0.35607120394706726
0.09226395189762115
0.4158523678779602
0.2431098371744156
0.07190606743097305
0.38615766167640686
0.4091355800628662
0.5687059760093689
0.38082706928253174
0.6136422157287598
0.47418636083602905
0.2585728168487549
0.4051165282726288
0.5847209692001343
0.4765010178089142
0.29596856236457825
0.338199257850647
0.4373197555541992
0.21089451014995575
0.07997394353151321
0.444201797246933
0.4021064043045044
0.491934210062027
0.36093688011169434
0.09824050217866898
0.6745433211326599
0.5881481170654297
0.2928312420845032
0.42113351821899414
0.18503664433956146
0.3884807825088501
0.26083576679229736
0.12416955083608627
0.6596968770027161
0.2977408170700073
0.624232828617096
0.5427284836769104
0.5489574670791626
0.28975483775138855
0.2889653444290161
0.5791664719581604
0.6266880631446838
0.3028997778892517
0.22485677897930145
0.5915305614471436
0.5707612037658691
0.15330560505390167
0.5259292721748352
0.5049306154251099
0.3242184519767761
0.5586437582969666
0.195703387260437
0.32409146428108215
0.23757976293563843
0.1573399156332016
0.362027108669281
0.3817301392555237
0.3074486553668976
0.44657468795776367
0.5893740653991699
0.47009485960006714
0.6414801478385925
0.4133329689502716
0.3776075839996338
0.19908922910690308
0.7199112772941589
0.7063747048377991
0.15996325016021729
0.17624293267726898
0.3551337718963623
0.3344205915927887
0.46655380725860596
0.29361334443092346
0.16036227345466614
0.5153748989105225
0.13923810422420502
0.4225550889968872
0.5051820278167725
0.38101208209991455
0.5019804239273071
0.27431395649909973
0.6266680955886841
0.07247942686080933
0.6781888604164124
0.20748566091060638
0.38646602630615234
0.40966373682022095
0.5532149076461792
0.5246357917785645
0.6226746439933777
0.30722713470458984
0.2742461860179901
0.5774004459381104
0.478897362947464
0.6176412105560303
0.2591365873813629
0.11765710264444351
0.27671247720718384
0.6435956954956055
0.31126677989959717
0.4123006761074066
0.43955522775650024
0.755791187286377
0.7322098612785339
0.4747755229473114
0.42937546968460083
0.07455677539110184
0.8033908605575562
0.2424653023481369
0.6422775983810425
0.1842329055070877
0.26253756880760193
0.34998634457588196
0.06955865025520325
0.5388464331626892
0.23818621039390564
0.5722709894180298
0.540840744972229
0.42230746150016785
0.16497626900672913
0.435921311378479
0.504396378993988
0.10983505100011826
0.2553709149360657
0.5512624382972717
0.6093408465385437
0.6290101408958435
0.5895625352859497
0.48533961176872253
0.5374655723571777
0.23890800774097443
0.606992781162262
0.24974097311496735
0.5177217125892639
0.13838228583335876
0.5201444029808044
0.4094196856021881
0.19436430931091309
0.5717343688011169
0.31493645906448364
0.4970950782299042
0.7304344773292542
0.10895363986492157
0.21734896302223206
0.3312985301017761
0.38707175850868225
0.29158055782318115
0.4325528144836426
0.7599287629127502
0.6702739000320435
0.4630720019340515
0.4420172870159149
0.7160840034484863
0.3777199387550354
0.5282427072525024
0.427252858877182
0.441379576921463
0.39268121123313904
0.483696848154068
0.5658233761787415
0.49587729573249817
0.42172032594680786
0.4451291263103485
0.4768773317337036
0.10142647475004196
0.3972893953323364
0.3116317689418793
0.27144691348075867
0.09452842175960541
0.6649412512779236
0.5491236448287964
0.4277283549308777
0.5885448455810547
0.36514225602149963
0.49873086810112
0.18698395788669586
0.20324037969112396
0.42133116722106934
0.4759882390499115
0.4633021950721741
0.046396709978580475
0.5382956862449646
0.4431546628475189
0.5112199187278748
0.45634350180625916
0.7537224888801575
0.27736082673072815
0.27707576751708984
0.17484323680400848
0.4046769440174103
0.5345552563667297
0.4102725386619568
0.4935420751571655
0.35710954666137695
0.7046459317207336
0.3117503225803375
0.5253132581710815
0.31333351135253906
0.5912913680076599
0.5652449131011963
0.5327394604682922
0.08437324315309525
0.5168976187705994
0.6064218282699585
0.25706425309181213
0.6935890913009644
0.25478073954582214
0.2796373665332794
0.47332412004470825
0.48144376277923584
0.5186017751693726
0.1745319962501526
0.046460218727588654
0.617346465587616
0.21765053272247314
0.5185954570770264
0.5412746071815491
0.20500585436820984
0.6809096336364746
0.4729532301425934
0.6892957091331482
0.6387961506843567
0.5731997489929199
0.5241755843162537
0.5269415974617004
0.3847815692424774
0.24462883174419403
0.1884925812482834
0.45303699374198914
0.24525071680545807
0.22337381541728973
0.4494282007217407
0.3097987174987793
0.4539283514022827
0.19140709936618805
0.23747779428958893
0.12582865357398987
0.3373922109603882
0.20789603888988495
0.2776746153831482
0.5531978011131287
0.2359771430492401
0.434762567281723
0.1983044594526291
0.25151729583740234
0.17953935265541077
0.6013774275779724
0.40775033831596375
0.5264452695846558
0.4481990933418274
0.3273855745792389
0.37592944502830505
0.18467262387275696
0.1340562403202057
0.4743397533893585
0.30138543248176575
0.09223462641239166
0.3004316985607147
0.29822418093681335
0.3231695890426636
0.28595492243766785
0.47911903262138367
0.4255238473415375
0.5562341213226318
0.4796895980834961
0.10061176866292953
0.2384507954120636
0.6127365231513977
0.39390328526496887
0.7126381397247314
0.6514196991920471
0.7093316912651062
0.3673436641693115
0.36976999044418335
0.40906816720962524
0.3998366892337799
0.2916524410247803
0.4198314845561981
0.3905180096626282
0.24834878742694855
0.3723639249801636
0.538162887096405
0.5715557932853699
0.5253788232803345
0.7846405506134033
0.17715111374855042
0.2400154024362564
0.2526584565639496
0.083036869764328
0.8724018335342407
0.3958068788051605
0.5746604800224304
0.36758676171302795
0.16797059774398804
0.6922104954719543
0.41734579205513
0.1385229080915451
0.5604507327079773
0.6285898685455322
0.4787900745868683
0.5243861079216003
0.5082322955131531
0.4239925146102905
0.629826545715332
0.5481838583946228
0.323748916387558
0.06050105392932892
0.5731877684593201
0.18000607192516327
0.7251976728439331
0.7750248312950134
0.2767714262008667
0.4111330807209015
0.36750656366348267
0.22832739353179932
0.4761047065258026
0.42624378204345703
0.46329227089881897
0.5504681468009949
0.12194625288248062
0.447290301322937
0.3304268419742584
0.23042617738246918
0.3703930675983429
0.22567178308963776
0.3664824664592743
0.2759147882461548
0.17374731600284576
0.14764726161956787
0.12966415286064148
0.17544370889663696
0.7683750987052917
0.6003972291946411
0.09522149711847305
0.10915281623601913
0.34850722551345825
0.11460874229669571
0.6561578512191772
0.38357213139533997
0.4064488112926483
0.3277728855609894
0.5333001613616943
0.2797726094722748
0.35109737515449524
0.2833147943019867
0.49050816893577576
0.6463630795478821
0.42934727668762207
0.4304559826850891
0.5613499879837036
0.5045487880706787
0.41807880997657776
0.29368966817855835
0.48957815766334534
0.31167393922805786
0.1709224432706833
0.13002465665340424
0.21840715408325195
0.39700397849082947
0.595138430595398
0.4433118402957916
0.5998066067695618
0.4851837456226349
0.35036468505859375
0.472128689289093
0.49970898032188416
0.617665708065033
0.29950591921806335
-0.01838301494717598
0.6917523145675659
0.5367668271064758
0.6415044069290161
0.3651335537433624
0.24250420928001404
0.5782948732376099
0.23636069893836975
0.1087569147348404
0.6140665411949158
0.5244143605232239
0.5233030319213867
0.4997851550579071
0.3011395335197449
0.5733852386474609
0.30159860849380493
0.12619458138942719
0.6520627737045288
0.5022302865982056
0.29432201385498047
0.5122664570808411
0.41024351119995117
0.3086269497871399
0.47481080889701843
0.48693913221359253
0.24254067242145538
0.5536737442016602
0.6475953459739685
0.1734136939048767
0.17853935062885284
0.1661704182624817
0.46986904740333557
0.33420684933662415
0.6065051555633545
0.2941425144672394
0.5941734313964844
0.16431520879268646
0.09658081084489822
0.34363049268722534
0.3258332312107086
0.3668155372142792
0.24931474030017853
0.6801519393920898
0.10373041778802872
0.5423314571380615
0.22666572034358978
0.4484209418296814
0.1537320464849472
0.6051217913627625
0.1429237276315689
0.16531389951705933
0.5348594188690186
0.615871787071228
0.33437681198120117
0.6691397428512573
0.1582484096288681
0.30669817328453064
0.3885798156261444
0.49729833006858826
0.31940433382987976
0.2271178662776947
0.29142677783966064
0.31932350993156433
0.6933408975601196
0.7143074870109558
0.157139852643013
0.44745105504989624
0.387755811214447
0.46500998735427856
0.6096636652946472
0.3737557828426361
0.4048531949520111
0.4882928133010864
0.612002968788147
0.3341499865055084
0.15270496904850006
0.4460121989250183
0.5231444835662842
0.4129418432712555
0.5225051641464233
0.12737315893173218
0.295037180185318
0.5894641876220703
0.2792759835720062
0.3053445518016815
0.6367353200912476
0.6522046327590942
0.3912977874279022
0.35976192355155945
0.4150591194629669
0.38694503903388977
0.636069118976593
0.17139717936515808
0.15117356181144714
0.5973260998725891
0.4222167134284973
0.4179762899875641
0.48916274309158325
0.6573888659477234
0.3726949393749237
0.5405870676040649
0.32431572675704956
0.33923307061195374
0.5205352306365967
0.3719915747642517
0.6623300313949585
0.5012412667274475
0.3843698799610138
0.16452762484550476
0.45675864815711975
0.40641433000564575
0.4055396616458893
0.40769949555397034
0.47763240337371826
0.06889041513204575
0.5808511972427368
0.5930166840553284
0.4306977689266205
0.6913167834281921
0.37271952629089355
0.08241456747055054
0.6023210287094116
0.2610960900783539
0.1814681738615036
0.38030755519866943
0.5388684272766113
0.2301788628101349
0.6509090065956116
0.442586749792099
0.7793657779693604
0.39556884765625
0.2995627224445343
0.36266645789146423
0.2568248212337494
0.29329875111579895
0.5034869313240051
0.1433999091386795
0.47823232412338257
0.06498099118471146
0.5463421940803528
0.32992759346961975
0.5984629988670349
0.6019030213356018
0.37575244903564453
0.5877746939659119
0.4708143174648285
0.5235169529914856
0.342436820268631
0.18030765652656555
0.28218764066696167
0.39379462599754333
0.5470768213272095
0.5075092315673828
0.5900251865386963
0.20934446156024933
0.46407943964004517
0.3600829541683197
0.2585031986236572
0.4637061357498169
0.6380493640899658
0.20801356434822083
0.5093627572059631
0.07129120826721191
0.51889568567276
0.2313515543937683
0.6163061857223511
0.13822844624519348
0.3919018507003784
0.4785119593143463
0.29421553015708923
0.38739028573036194
0.6117976903915405
0.4228608012199402
0.4530891478061676
0.44249868392944336
0.22296933829784393
0.386839359998703
0.7257143259048462
0.14055365324020386
0.5470366477966309
0.6231454610824585
0.6251787543296814
0.5997663140296936
0.516466498374939
0.4302217364311218
0.32870206236839294
0.5913097262382507
0.7664836645126343
0.48328375816345215
0.36542603373527527
0.3369276523590088
0.12235281616449356
0.5606608390808105
0.12174803763628006
0.3939960300922394
0.40570327639579773
0.40169742703437805
0.22031983733177185
0.5818713307380676
0.44592732191085815
0.7461975812911987
0.17868104577064514
0.22583536803722382
0.36421844363212585
0.5681754350662231
0.21755632758140564
0.19260138273239136
0.36710843443870544
