0.6358683109283447
0.6139638423919678
0.8653377294540405
0.4642464816570282
0.669492244720459
0.3680570125579834
0.5871777534484863
0.6095714569091797
0.7452106475830078
0.8820955753326416
0.5984448194503784
0.8747340440750122
0.6203128695487976
0.7334303855895996
0.5088783502578735
0.8216582536697388
0.7481763362884521
0.8064652681350708
0.5079206228256226
0.6080870628356934
0.5537313222885132
0.7592623233795166
0.8097193241119385
0.5089945793151855
0.7188156843185425
0.721869945526123
0.6397862434387207
0.7951260805130005
0.786919355392456
0.5271704196929932
0.5434573888778687
0.6818040609359741
0.5299316048622131
0.4447425305843353
0.5083082318305969
0.7533103227615356
0.8345274925231934
0.7616981267929077
0.16704343259334564
0.426400363445282
0.6202883720397949
0.7031574249267578
0.5759796500205994
0.699726939201355
0.7586135864257812
0.6458832025527954
0.6963154077529907
0.527677595615387
0.3214322626590729
0.625756025314331
0.6651599407196045
0.44240614771842957
0.4488511383533478
0.6684660911560059
0.572878360748291
0.8103864192962646
0.5990610122680664
0.7240737676620483
0.7489504814147949
0.5434391498565674
0.6523962020874023
0.6892952919006348
0.5070741176605225
0.1693262904882431
0.7521822452545166
0.832170844078064
0.846408486366272
0.5948963165283203
0.8261891603469849
0.7877805233001709
0.4657963812351227
0.49575769901275635
0.7731420993804932
0.6942615509033203
0.4662509858608246
0.25652453303337097
0.6159398555755615
0.6280810832977295
0.6153700351715088
0.4078739583492279
0.499572217464447
0.6323769688606262
0.40491774678230286
0.46043166518211365
0.7465825080871582
0.5001770853996277
0.7662581205368042
0.7384546995162964
0.6363817453384399
0.46061140298843384
0.8138068914413452
0.5926856994628906
0.8359802961349487
0.6670862436294556
0.5324863195419312
0.233126699924469
0.6211450099945068
0.8068093061447144
0.7929314374923706
0.7255641222000122
0.7554506063461304
0.691927433013916
0.8305180072784424
0.7020118236541748
0.4421454071998596
0.7633135318756104
0.7134826183319092
0.7897598743438721
0.5884151458740234
0.682856559753418
0.7314478158950806
0.1412813663482666
0.8211947679519653
0.5973918437957764
0.41517069935798645
0.5950952768325806
0.6948707103729248
0.7375838756561279
0.5865727663040161
0.29821252822875977
0.8383104801177979
0.4502323865890503
0.7146745920181274
0.40500399470329285
0.8049803972244263
0.5360438823699951
0.7252078056335449
0.7656415700912476
0.7028387784957886
0.6029224395751953
0.5088036060333252
0.8456958532333374
0.8044747114181519
0.653832197189331
0.6374859809875488
0.6804959774017334
0.7180359363555908
0.7404981851577759
0.6935927867889404
0.7449431419372559
0.7099947929382324
0.3304823637008667
0.8830745220184326
0.6038119792938232
0.7007197141647339
0.49506479501724243
0.29411983489990234
0.5748049020767212
0.6901973485946655
0.8183552026748657
0.5796108245849609
0.7118526697158813
0.6607376337051392
0.3948991000652313
0.48777279257774353
0.6618399620056152
0.7787861824035645
0.5130958557128906
0.9014735221862793
0.5660387277603149
0.6870468854904175
0.5455176830291748
0.6071285009384155
0.5562766790390015
0.6802443265914917
0.8224533796310425
0.7846373319625854
0.7137258052825928
0.5710797309875488
0.6208345890045166
0.4544498324394226
0.8072465658187866
0.8046889305114746
0.08850306272506714
0.3559111952781677
0.7032666206359863
0.7213166952133179
0.7291923761367798
0.2852400541305542
0.6539853811264038
0.688691258430481
0.736983060836792
0.578833818435669
0.8207172155380249
0.6826740503311157
0.6961028575897217
0.34252429008483887
0.47125592827796936
0.15019282698631287
0.6415697336196899
0.6914747953414917
0.8159370422363281
0.6998088359832764
0.7489176988601685
0.5884784460067749
0.648747444152832
0.5901706218719482
0.28008484840393066
0.670053243637085
0.5114556550979614
0.6754864454269409
0.4697819650173187
0.804228663444519
0.6156307458877563
0.6794854402542114
0.32702356576919556
0.7908570766448975
0.41606590151786804
0.7506966590881348
0.8448175191879272
0.7048031091690063
0.5705753564834595
0.2605306804180145
0.6870818138122559
0.7016441822052002
0.7189209461212158
0.7554376125335693
0.7258720397949219
0.5325693488121033
0.49211227893829346
0.728894829750061
0.6007308959960938
0.5326896905899048
0.7997027635574341
0.8157083988189697
0.732236385345459
0.7251417636871338
0.6056923866271973
0.5465680360794067
0.7726107835769653
0.7305245399475098
0.4333084523677826
0.615598738193512
0.742331862449646
0.7257372140884399
0.543648362159729
0.33692628145217896
0.13470758497714996
0.536436915397644
0.7260732650756836
0.6724033355712891
0.8710781335830688
0.8478559255599976
0.7125952243804932
0.3030838966369629
0.19371198117733002
0.7097923755645752
0.7521950006484985
0.7704958915710449
0.774059534072876
0.8289177417755127
0.8238061666488647
0.6473482847213745
0.6791876554489136
0.4517047703266144
0.4808097183704376
0.43291810154914856
0.6944981813430786
0.6032592058181763
0.637514591217041
0.7996774911880493
0.48978593945503235
0.8616793155670166
0.7866489887237549
0.4788934886455536
0.5976322889328003
0.8036714792251587
0.7107454538345337
0.7514934539794922
0.7948274612426758
0.5096365213394165
0.714928388595581
0.8171921968460083
0.24018052220344543
0.6188184022903442
0.7591501474380493
0.6592298746109009
0.6811349391937256
0.3706367015838623
0.2283862829208374
0.6688518524169922
0.683139443397522
0.44997039437294006
0.520469069480896
0.8398655652999878
0.6428210735321045
0.3930998742580414
0.885640025138855
0.7960700988769531
0.61235511302948
0.5399434566497803
0.7464555501937866
0.5662437677383423
0.8376325368881226
0.20972517132759094
0.5164659023284912
0.4893389046192169
0.8410371541976929
0.5320632457733154
0.7496469020843506
0.4738549590110779
0.7204442024230957
0.4892701804637909
0.43216925859451294
0.8535802364349365
0.6589162349700928
0.5834240913391113
0.7553094625473022
0.5325664281845093
0.8092278242111206
0.8331825733184814
0.35535746812820435
0.23661334812641144
0.7125895023345947
0.7024587392807007
0.5914342403411865
0.7375092506408691
0.7445117235183716
0.7086011171340942
0.43026241660118103
0.2689552307128906
0.6886227130889893
0.5722375512123108
0.6029832363128662
0.7063013315200806
0.36847496032714844
0.5294874906539917
0.3808189034461975
0.5640679597854614
0.6707831621170044
0.6282107830047607
0.7567120790481567
0.6305758357048035
0.6465078592300415
0.5107921361923218
0.7856608629226685
0.7554423809051514
0.720252275466919
0.41973063349723816
0.8410404920578003
0.5150154829025269
0.5673438310623169
0.6679481267929077
0.6730027198791504
0.29437392950057983
0.716404914855957
0.6485880613327026
0.6605515480041504
0.6482843160629272
0.36586660146713257
0.5410408973693848
0.7785805463790894
0.6066102981567383
0.7558799982070923
0.7996200323104858
0.713849663734436
0.549209475517273
0.6234138011932373
0.5734893083572388
0.7322907447814941
0.2553560137748718
0.9066916704177856
0.4407038986682892
0.8187907934188843
0.48199817538261414
0.7702833414077759
0.5306534171104431
0.5478963851928711
0.7514975070953369
0.6860899925231934
0.8534938097000122
0.6376657485961914
0.4834115207195282
0.7958101034164429
0.607109546661377
0.6637897491455078
0.4553540050983429
0.8030182123184204
0.6088883876800537
0.809249997138977
0.7261848449707031
0.5650690793991089
0.5568740963935852
0.4212241470813751
0.880903959274292
0.6475133895874023
0.7050318717956543
0.5223923921585083
0.8737059831619263
0.506240963935852
0.7768012285232544
0.3858248293399811
0.6178598403930664
0.24944502115249634
0.577538013458252
0.5872875452041626
0.6768655776977539
0.6566321849822998
0.6819944381713867
0.6009474992752075
0.6592180728912354
0.6282740831375122
0.8446494340896606
0.7121256589889526
0.8042166233062744
0.7015954256057739
0.7351455688476562
0.7815577983856201
0.7408027648925781
0.43980714678764343
0.59699946641922
0.5836499333381653
0.43288537859916687
0.7454017400741577
0.4912196695804596
0.778995156288147
0.3972013592720032
0.7357378005981445
0.6724061965942383
0.4228338897228241
0.7743583917617798
0.6723268032073975
0.7211743593215942
0.6082004904747009
0.5056362152099609
0.35223668813705444
0.5628519058227539
0.7312783002853394
0.7889837026596069
0.8481734991073608
0.7534054517745972
0.5337897539138794
0.698628306388855
0.5421829223632812
0.7728860378265381
0.6139448285102844
0.7427084445953369
0.6872243881225586
0.6618289947509766
0.845793604850769
0.6859877109527588
0.6315970420837402
0.4959571063518524
0.6555172204971313
0.45302480459213257
0.772273063659668
0.6421557664871216
0.5313555002212524
0.5108524560928345
0.6824110746383667
0.6458066701889038
0.8059371709823608
0.6611102819442749
0.5942532420158386
0.6383799910545349
0.6131712198257446
0.7460803985595703
0.5832957029342651
0.8387327194213867
0.41164055466651917
0.672877311706543
0.7200169563293457
0.34247347712516785
0.49459752440452576
0.5862042903900146
0.5027106404304504
0.2789839506149292
0.7641637325286865
0.3318326473236084
0.442425400018692
0.5987678170204163
0.6998960971832275
0.5272541046142578
0.7057358026504517
0.7267428636550903
0.4657963812351227
0.779045820236206
0.8597995042800903
0.6845834255218506
0.6931867599487305
0.8377048969268799
0.7688695192337036
0.4318973422050476
0.2781333923339844
0.7110064029693604
0.8386685848236084
0.8432214260101318
0.6025587320327759
0.6076275110244751
0.34132885932922363
0.5679831504821777
0.5108648538589478
0.887582540512085
0.7173757553100586
0.8069149255752563
0.40477681159973145
0.3133803606033325
0.5970079898834229
0.5893810987472534
0.8000679016113281
0.47781673073768616
0.21881446242332458
0.6708449125289917
0.7767186164855957
0.3904165029525757
0.7159883975982666
0.616601824760437
0.43314823508262634
0.7857075929641724
0.48854926228523254
0.8539237976074219
0.5251364707946777
0.7431999444961548
0.31605738401412964
0.47357091307640076
0.4335958957672119
0.6552596092224121
0.7426362037658691
0.7196470499038696
0.5939797163009644
0.20531880855560303
0.6597439050674438
0.7629526853561401
0.6919443607330322
0.6300835013389587
0.42835870385169983
0.6676768064498901
0.37859871983528137
0.6426409482955933
0.6520909070968628
0.6509981155395508
0.4472147524356842
0.8248287439346313
0.4899701178073883
0.48309358954429626
0.5946826934814453
0.5211501121520996
0.5685338973999023
0.7832152843475342
0.755536675453186
0.6172658205032349
0.6138929128646851
0.8897805213928223
0.7285594940185547
0.7391500473022461
0.7158167362213135
0.8243184089660645
0.5901235342025757
0.40407028794288635
0.4960031807422638
0.8169122934341431
0.7129685878753662
0.8169718980789185
0.7138464450836182
0.7302390336990356
0.6908811330795288
0.7483153343200684
0.7662217617034912
0.633161187171936
0.6341197490692139
0.7416163682937622
0.7096834182739258
0.34810712933540344
0.6479313373565674
0.7329994440078735
0.6284945011138916
0.674252986907959
0.7463339567184448
0.8782005310058594
0.5727739334106445
0.45129862427711487
0.5447399616241455
0.6741827726364136
0.5672919750213623
0.7510360479354858
0.46786385774612427
0.35909682512283325
0.40364524722099304
0.751708984375
0.7478138208389282
0.7801997661590576
0.741363525390625
0.4162670075893402
0.5243297815322876
0.7449336051940918
0.6272209882736206
0.41275739669799805
0.7350012063980103
0.7525320053100586
0.5472797155380249
0.7058215141296387
0.794467568397522
0.6567589044570923
0.746356725692749
0.5386213064193726
0.8319411277770996
0.038684651255607605
0.7101426124572754
0.40794041752815247
0.5431798696517944
0.5979953408241272
0.8091473579406738
0.22180242836475372
0.7661796808242798
0.7017968893051147
0.35195398330688477
0.779232382774353
0.7463967800140381
0.6690529584884644
0.6234545707702637
0.48975470662117004
0.6823700666427612
0.6342532634735107
0.6882877349853516
0.5349329710006714
0.7615340948104858
0.7236380577087402
0.7045446634292603
0.7336181402206421
0.19708134233951569
0.6247300505638123
0.7440438270568848
0.7475612163543701
0.7857555150985718
0.755843997001648
0.717697024345398
0.5454956293106079
0.6640393733978271
0.7847440242767334
0.519871711730957
0.7337131500244141
0.457996129989624
0.8047810792922974
0.20386439561843872
0.49722811579704285
0.6573612689971924
0.7422066926956177
0.6401005983352661
0.7433117628097534
0.5658097267150879
0.5796253085136414
0.6113874316215515
0.49928900599479675
0.4717225730419159
0.7666193246841431
0.7476465702056885
0.8223429918289185
0.7142525911331177
0.7320417165756226
0.8360012769699097
0.41352662444114685
0.7820303440093994
0.6976772546768188
0.6495722532272339
0.485516756772995
0.5518938302993774
0.7261021137237549
0.7985167503356934
0.5994818210601807
0.6229423880577087
0.5949146151542664
0.8045750856399536
0.6853129863739014
0.31164026260375977
0.5919433832168579
0.7343481779098511
0.7564852237701416
0.6205184459686279
0.3556320071220398
0.5492278337478638
0.16835543513298035
0.7421822547912598
0.7429360151290894
0.7596477270126343
0.5837913751602173
0.5227336883544922
0.18020424246788025
0.6919177770614624
0.7984563112258911
0.5634380578994751
0.8022270202636719
0.4337484836578369
0.789971113204956
0.4632984697818756
0.49259158968925476
0.7498641014099121
0.7593517303466797
0.7617290019989014
0.7418057918548584
0.8264527320861816
0.6342034339904785
0.3284609913825989
0.46772196888923645
0.7203879356384277
0.7711189985275269
0.5472216606140137
0.5487824082374573
0.6710563898086548
0.8288307189941406
0.7937276363372803
0.6372198462486267
0.45383504033088684
0.7459869384765625
0.5038228034973145
0.529179573059082
0.5755343437194824
0.31339502334594727
0.6633216142654419
0.7738223075866699
0.5905015468597412
0.6945075988769531
0.7013974189758301
0.5809662342071533
0.3763262629508972
0.6628977060317993
0.7392293214797974
0.6920034885406494
0.6360148191452026
0.713011622428894
0.850059986114502
0.7888230085372925
0.6197147369384766
0.7868808507919312
0.80438232421875
0.5248396396636963
0.5325746536254883
0.40495914220809937
0.6768139600753784
0.6616224050521851
0.6269559860229492
0.6315590143203735
0.635338306427002
0.6377259492874146
0.3207489252090454
0.15848267078399658
0.7644997835159302
0.5211293697357178
0.8623052835464478
0.5768927335739136
0.745207667350769
0.6564666032791138
0.7757430076599121
0.6603120565414429
0.44372084736824036
0.47801437973976135
0.8095824718475342
0.7565776109695435
0.760422945022583
0.37959298491477966
0.5885939598083496
0.5962836146354675
0.6569632291793823
0.5748680830001831
0.510900616645813
0.4001031219959259
0.65135657787323
0.5794374346733093
0.24735412001609802
0.6473890542984009
0.4014572501182556
0.7820570468902588
0.46047845482826233
0.24753978848457336
0.6456990242004395
0.7887064218521118
0.8175690174102783
0.5485231876373291
0.6266682147979736
0.6448521614074707
0.6525808572769165
0.5121824145317078
0.6038312911987305
0.7111194133758545
0.6577850580215454
0.8619799613952637
0.6923792362213135
0.7109534740447998
0.7807935476303101
0.5673555135726929
0.5351303815841675
0.5512171983718872
0.7601652145385742
0.814502477645874
0.5198988914489746
0.4359064996242523
0.6400575637817383
0.4377942383289337
0.8006888628005981
0.79329514503479
0.8697922229766846
0.6538631916046143
0.6790560483932495
0.3340111970901489
0.5265361070632935
0.7334234714508057
0.7687349319458008
0.6505913734436035
0.6732591390609741
0.794908881187439
0.7471787929534912
0.5597586035728455
0.5950056910514832
0.6874439716339111
0.7457164525985718
0.635651707649231
0.38404232263565063
0.6739805936813354
0.633370578289032
0.5578869581222534
0.8080141544342041
0.739212155342102
0.4213833510875702
0.7966279983520508
0.46125528216362
0.7595751285552979
0.3302886486053467
0.7155282497406006
0.6494759321212769
0.6521984338760376
0.5322685241699219
0.5337369441986084
0.6145957708358765
0.7204747200012207
0.6427375078201294
0.7850186824798584
0.8525679111480713
0.6208817362785339
0.7598861455917358
0.7156039476394653
0.6443861722946167
0.480349600315094
0.734489917755127
0.8408583402633667
0.38164204359054565
0.7710402011871338
0.670332670211792
0.7343772649765015
0.8077560663223267
0.41226306557655334
0.6419860124588013
0.7164478302001953
0.585883617401123
0.7345343828201294
0.33392879366874695
0.6046932935714722
0.43954527378082275
0.6314501762390137
0.7488603591918945
0.6753358840942383
0.715553879737854
0.80430006980896
0.7876988649368286
0.6364375948905945
0.758763313293457
0.766861081123352
0.43256494402885437
0.614208459854126
0.7035059928894043
0.7371829748153687
0.4362415671348572
0.3305082321166992
0.34079810976982117
0.6706691980361938
0.8030315637588501
0.8315898180007935
0.2725948989391327
0.678032636642456
0.797433614730835
0.29109543561935425
0.44832536578178406
0.41482019424438477
0.24177059531211853
0.8406603336334229
0.3997449278831482
0.5478699207305908
0.5100991725921631
0.3385274112224579
0.7500319480895996
0.3128620386123657
0.7135101556777954
0.6373622417449951
0.6921539306640625
0.5805658102035522
0.6183500289916992
0.7497458457946777
0.5711768865585327
0.8106116056442261
0.47592610120773315
0.7251514196395874
0.6306514739990234
0.25424426794052124
0.06901732832193375
0.69992995262146
0.7687728404998779
0.7830579280853271
0.5598165392875671
0.7306427955627441
0.6600624322891235
0.8274955749511719
0.7801966667175293
0.8107055425643921
0.582891583442688
0.16978639364242554
0.7493205070495605
0.6981291770935059
0.7232788801193237
0.7930574417114258
0.7423624992370605
0.6977005004882812
0.7343682050704956
0.8160727024078369
0.7042093276977539
0.5146828889846802
0.7533893585205078
0.7147810459136963
0.6373584866523743
0.7090986967086792
0.6943320035934448
0.7681266069412231
0.8110742568969727
0.6447110176086426
0.6496920585632324
0.7416315078735352
0.6620386838912964
0.783481240272522
0.7251137495040894
0.6415774822235107
0.38708847761154175
0.5030548572540283
0.5836800336837769
0.7221627235412598
0.5345015525817871
0.9125487804412842
0.5585004091262817
0.5755917429924011
0.6603380441665649
0.5132814645767212
0.3529658317565918
0.7418516874313354
0.7209862470626831
0.5781851410865784
0.6601238250732422
0.5817773342132568
0.7973003387451172
0.45525386929512024
0.23663532733917236
0.6470112800598145
0.629435122013092
0.704780101776123
0.7384686470031738
0.6979193687438965
0.7084207534790039
0.6470465660095215
0.7676745653152466
0.6005141735076904
0.5891072750091553
0.5476462244987488
0.6139100790023804
0.8000221252441406
0.6310325860977173
0.8383307456970215
0.487352579832077
0.7956274747848511
0.2656403183937073
0.5414515733718872
0.7318240404129028
0.7972099781036377
0.7801234722137451
0.7952755689620972
0.7198708057403564
0.13823024928569794
0.781057596206665
0.3403405547142029
0.6967421770095825
0.6947020292282104
0.8541301488876343
0.4660501778125763
0.6010672450065613
0.8496935367584229
0.595187783241272
0.3245527744293213
0.42865681648254395
0.5902624130249023
0.5475536584854126
0.7411322593688965
0.6559171676635742
0.7171789407730103
0.47511833906173706
0.6270482540130615
0.6775977611541748
0.667504072189331
0.36591365933418274
0.7634974718093872
0.6633861064910889
0.44574013352394104
0.8041174411773682
0.6740772724151611
0.7007848024368286
0.4269932508468628
0.577257513999939
0.30598729848861694
0.5065345764160156
0.3606073260307312
0.47099876403808594
0.702438235282898
0.3547421097755432
0.6885610818862915
0.7667725086212158
0.7749502658843994
0.7915822267532349
0.5046923160552979
0.8380467891693115
0.8032870292663574
0.8262051343917847
0.21620073914527893
0.5546262264251709
0.7685662508010864
0.7812336683273315
0.7548094987869263
0.7365198135375977
0.5120609998703003
0.5022526979446411
0.6369130611419678
0.43239593505859375
0.6045900583267212
0.8897209167480469
0.5508832931518555
0.7195065021514893
0.8112330436706543
0.37067511677742004
0.705486536026001
0.6639537811279297
0.7743086814880371
0.7085731029510498
0.7668957710266113
0.6999119520187378
0.24010734260082245
0.767540454864502
0.42873188853263855
0.6856169700622559
0.46718770265579224
0.6863166093826294
0.5338715314865112
0.3252049684524536
0.45531001687049866
0.8848742246627808
0.8055953979492188
0.6656469106674194
0.6455632448196411
0.41809067130088806
0.5332132577896118
0.6494319438934326
0.771835446357727
0.5505582094192505
0.7459567785263062
0.33513474464416504
0.5479351282119751
0.7627688646316528
0.7948640584945679
0.7819017171859741
0.6916663646697998
0.840069055557251
0.6012611389160156
0.39802125096321106
0.6963727474212646
0.8688946962356567
0.6811147928237915
0.485125869512558
0.3014780879020691
0.7103431224822998
0.7193353176116943
0.7416822910308838
0.7491955757141113
0.472670316696167
0.6118025779724121
0.763019323348999
0.8111978769302368
0.4426632225513458
0.7164158821105957
0.3142327666282654
0.7118784189224243
0.7787127494812012
0.7273494005203247
0.7015262842178345
0.48576754331588745
0.7159874439239502
0.8295326232910156
0.8252996206283569
0.820914626121521
0.4244557321071625
0.5685840249061584
0.7756601572036743
0.7511742115020752
0.7532311677932739
0.6734504699707031
0.794189453125
0.6911234855651855
0.5789783000946045
0.614208459854126
0.6572602987289429
0.5933966636657715
0.7262551784515381
0.41719862818717957
0.3653818666934967
0.4917179048061371
0.82929527759552
0.6745163202285767
0.7910062074661255
0.8051707744598389
0.589195966720581
0.29981157183647156
0.6556971073150635
0.7134546041488647
0.8118526935577393
0.5810050964355469
0.7221472263336182
0.6039267778396606
0.2966734766960144
0.7138849496841431
0.6689788103103638
0.7961490154266357
0.8072577714920044
0.2336118519306183
0.7639068365097046
0.7359446287155151
0.7122324705123901
0.7557336091995239
0.44220101833343506
0.7011162042617798
0.6737791299819946
0.8144848346710205
0.7960474491119385
0.41484177112579346
0.7066853046417236
0.6885892152786255
0.5747882723808289
0.6654534339904785
0.5030207633972168
0.5749236345291138
0.5807016491889954
0.4284580945968628
0.681991457939148
0.34881705045700073
0.7593052387237549
0.6326644420623779
0.8041048049926758
0.4727206826210022
0.8852287530899048
0.8420320749282837
0.8773022890090942
0.32084280252456665
0.5862610340118408
0.8837919235229492
0.3966785669326782
0.3923152983188629
0.6242108345031738
0.7624721527099609
0.4345778524875641
0.6454156637191772
0.7477478981018066
0.6446212530136108
0.2716740369796753
0.6562589406967163
0.2636730670928955
0.6023324728012085
0.7147833108901978
0.41848284006118774
0.644513726234436
0.5981663465499878
0.7211061716079712
0.7218905687332153
0.7285350561141968
0.5238767862319946
0.49270808696746826
0.587715744972229
0.4978824257850647
0.5434038639068604
0.5800884366035461
0.5042906999588013
0.44516628980636597
0.8145952224731445
0.7381076812744141
0.7267334461212158
0.5824498534202576
0.2827097475528717
0.7715369462966919
0.6805669069290161
0.672773003578186
0.7737991809844971
0.7576981782913208
0.7543728351593018
0.6283242702484131
0.3426685333251953
0.648266077041626
0.4159018397331238
0.43597784638404846
0.5229907035827637
0.5495243072509766
0.5431416034698486
0.8086777925491333
0.5985015034675598
0.6590303182601929
0.6322931051254272
0.6430585384368896
0.7474464178085327
0.7420556545257568
0.802496075630188
0.7057372331619263
0.556778073310852
0.6787011623382568
0.5437705516815186
0.6223249435424805
0.7475278377532959
0.23293903470039368
0.24470561742782593
0.7991269826889038
0.5978336334228516
0.6666338443756104
0.5888968706130981
0.5000109672546387
0.5660701394081116
0.7792237997055054
0.6091999411582947
0.5235252380371094
0.6173880100250244
0.6236523389816284
0.28566908836364746
0.3297506868839264
0.559402585029602
0.6475925445556641
0.3329203128814697
0.717887282371521
0.6045902967453003
0.5987188220024109
0.7921895980834961
0.43354174494743347
0.8893860578536987
0.6856057643890381
0.575333833694458
0.7503840923309326
0.8465944528579712
0.5978041887283325
0.6783499717712402
0.5870965719223022
0.6901310682296753
0.38836270570755005
0.7468764781951904
0.231880322098732
0.5832033157348633
0.39364784955978394
0.7543153762817383
0.6808867454528809
0.5174024105072021
0.6937859058380127
0.3655891418457031
0.7653360366821289
0.658928632736206
0.7686861753463745
0.7437335252761841
0.7339932918548584
0.5036566257476807
0.3337048888206482
0.6244139671325684
0.6801594495773315
0.5144398212432861
0.44354090094566345
0.4894019663333893
0.6515579223632812
0.5517642498016357
0.7783675193786621
0.27824464440345764
0.6427516937255859
0.6153079271316528
0.5898295640945435
0.665656328201294
0.7665203809738159
0.6183822751045227
0.6867588758468628
0.6768776178359985
0.6712279319763184
0.5561021566390991
0.8006888628005981
0.6144630908966064
0.5337346792221069
0.4818003475666046
0.48341718316078186
0.639156699180603
0.7601253986358643
0.5461277961730957
0.8472599983215332
0.5538502931594849
0.47894540429115295
0.7779989242553711
0.6316518783569336
0.14700601994991302
0.779869794845581
0.711342453956604
0.5612229108810425
0.4292498826980591
0.5809693336486816
0.7059532403945923
0.6610453128814697
0.7411468029022217
0.851751446723938
0.5230634212493896
0.7469770908355713
0.4237712323665619
0.7069845199584961
0.8546055555343628
0.7469357252120972
0.6810305118560791
0.6293759346008301
0.6905488967895508
0.06354815512895584
0.5790504217147827
0.6926236152648926
0.5265991687774658
0.6115562319755554
0.5166629552841187
0.7006452083587646
0.697046160697937
0.6157330274581909
0.7309179306030273
0.8257135152816772
0.7039843797683716
0.7330445051193237
0.5886647701263428
0.8099057674407959
0.7579618692398071
0.6349388360977173
0.8665283918380737
0.7960348129272461
0.7833315134048462
0.4405764043331146
0.6563727855682373
0.4199713170528412
0.47316989302635193
0.822007417678833
0.683626651763916
0.7684793472290039
0.7109044790267944
0.6085541844367981
0.6638116836547852
0.513789176940918
0.7448925971984863
0.4708048105239868
0.47691014409065247
0.744807243347168
0.582034707069397
0.7644011974334717
0.7099981307983398
0.421538382768631
0.6357748508453369
0.5810672044754028
0.568303108215332
0.5164904594421387
0.5305249691009521
0.7043815851211548
0.4989485442638397
0.4460633099079132
0.6701041460037231
0.12515130639076233
0.7109541893005371
0.6323738098144531
0.6530382633209229
0.7064149379730225
0.7086570262908936
0.6545147895812988
0.6873879432678223
0.688459038734436
0.48684149980545044
0.6116540431976318
0.6833255290985107
0.576217532157898
0.4893694519996643
0.3295515179634094
0.7245512008666992
0.7498126029968262
0.7657279968261719
0.5978344678878784
0.683127760887146
0.8988542556762695
0.545160174369812
0.34568220376968384
0.9214141368865967
0.7143151760101318
0.520318865776062
0.6562341451644897
0.7161171436309814
0.6169766187667847
0.35416626930236816
0.7609856128692627
0.5431039333343506
0.8490555286407471
0.7364925146102905
0.4094407260417938
0.7814111709594727
0.38783133029937744
0.7348939180374146
0.71245276927948
0.45242422819137573
0.7015008926391602
0.748076319694519
0.712539553642273
0.8014941215515137
0.5227078199386597
0.5711277723312378
0.5650614500045776
0.1967003047466278
0.7088367938995361
0.37933504581451416
0.48707476258277893
0.8726385831832886
0.311298668384552
0.6321554183959961
0.3185219168663025
0.6456490755081177
0.6896415948867798
0.4533883333206177
0.4132539927959442
0.4038822054862976
0.5460118055343628
0.8358594179153442
0.2259082794189453
0.6005840301513672
0.7523438930511475
0.7469068765640259
0.25951141119003296
0.3922329843044281
0.6819548606872559
0.6524032354354858
0.7926168441772461
0.5652141571044922
0.657118558883667
0.5022951364517212
0.7473345994949341
0.9076095819473267
0.7100204229354858
0.5693835020065308
0.3787882924079895
0.7288793325424194
0.7209538221359253
0.5866436958312988
0.6993257999420166
0.7116636037826538
0.6811686754226685
0.7263094186782837
0.7656197547912598
0.7325303554534912
0.4859547019004822
0.8087925910949707
0.6424728631973267
0.6930687427520752
0.7218742370605469
0.43976181745529175
0.6768721342086792
0.8678733110427856
0.3608875274658203
0.6878901720046997
0.4859888255596161
0.640306830406189
0.06438198685646057
0.7760159969329834
0.4124983847141266
0.836302638053894
0.38121306896209717
0.5967810153961182
0.6208326816558838
0.48387476801872253
0.6408703327178955
0.6405735015869141
0.6984037160873413
0.7651357650756836
0.3894578218460083
0.5061187744140625
0.8413528203964233
0.5041998624801636
0.6333840489387512
0.7452716827392578
0.2955556809902191
0.6335771083831787
0.740931510925293
0.28240272402763367
0.6555336713790894
0.5682830810546875
0.7323298454284668
0.7369997501373291
0.7429190874099731
0.6652833223342896
0.6797606945037842
0.6675264835357666
0.7175068855285645
0.7530339956283569
0.40512701869010925
0.6655762195587158
0.6259564161300659
0.8041408061981201
0.58380526304245
0.6528952121734619
0.6728783845901489
0.5900985598564148
0.536415696144104
0.7039978504180908
0.6606134176254272
0.710079550743103
0.6121973991394043
0.6537265777587891
0.2558978199958801
0.7244786024093628
0.5324136018753052
0.6887542009353638
0.5058177709579468
0.8326584100723267
0.5945999622344971
0.8081097602844238
0.8889050483703613
0.7095578908920288
0.7409074306488037
0.607306718826294
0.636472225189209
0.6336830854415894
0.4079616367816925
0.7719408273696899
0.6690531969070435
0.5732609033584595
0.36274445056915283
0.6400240659713745
0.732201099395752
0.6267199516296387
0.815921425819397
0.418375164270401
0.6229493618011475
0.34286922216415405
0.8337204456329346
0.5482197999954224
0.6171985864639282
0.5288914442062378
0.7945648431777954
0.38150250911712646
0.4722706377506256
0.7541607618331909
0.2945674657821655
0.8001158237457275
0.7887654304504395
0.5604424476623535
0.4101671278476715
0.6829652786254883
0.32210540771484375
0.5114231109619141
0.4068896472454071
0.6542081832885742
0.7658309936523438
0.5815517902374268
0.6673873662948608
0.46142175793647766
0.7098077535629272
0.6310639381408691
0.6249092817306519
0.861533522605896
0.4372960031032562
0.4957033693790436
0.5797116160392761
0.7002789974212646
0.6551570892333984
0.7811713218688965
0.9311652183532715
0.6018005013465881
0.9165050983428955
0.5210981369018555
0.518190860748291
0.6144993901252747
0.8041536808013916
0.567308783531189
0.8233660459518433
0.7530879974365234
0.6695889234542847
0.8066179752349854
0.781674861907959
0.41619378328323364
0.7520644664764404
0.5269191861152649
0.7255771160125732
0.4195519983768463
0.3997143805027008
0.5130261182785034
0.3641209006309509
0.5930804014205933
0.18528860807418823
0.5809460878372192
0.5898173451423645
0.5640367269515991
0.755523681640625
0.7877805233001709
0.6422930955886841
0.6611533164978027
0.7574160099029541
0.6699904203414917
0.505896270275116
0.6075541973114014
0.04131521284580231
0.6454086303710938
0.7373404502868652
0.5067577362060547
0.6201813817024231
0.5073824524879456
0.5855100154876709
0.8152823448181152
0.5901715755462646
0.5933172702789307
0.5881677865982056
0.5093944072723389
0.6355235576629639
0.5755228996276855
0.6542909145355225
0.6996879577636719
0.35101839900016785
0.736621618270874
0.6630703210830688
0.6448442935943604
0.8194869756698608
0.5361877083778381
0.49682530760765076
0.5494707822799683
0.6014472246170044
0.18598292768001556
0.33672434091567993
0.6039953231811523
0.6550588607788086
0.6627891063690186
0.7456921339035034
0.6655608415603638
0.7131876945495605
0.3511124849319458
0.24255278706550598
0.7451324462890625
0.6923575401306152
0.7426056861877441
0.46325036883354187
0.6520693302154541
0.49316632747650146
0.34125399589538574
0.6188018918037415
0.4330499768257141
0.5724554061889648
0.7173676490783691
0.549157977104187
0.7008457183837891
0.6647132635116577
0.3577113747596741
0.4756680428981781
0.7219239473342896
0.7568105459213257
0.6882959604263306
0.5489614009857178
0.6493592262268066
0.6112455129623413
0.5966899394989014
0.6030164361000061
0.5273658037185669
0.7040202617645264
0.6321276426315308
0.5392509698867798
0.49933061003685
0.6367027759552002
0.7158342599868774
0.7354680299758911
0.7137470245361328
0.46772560477256775
0.4907855689525604
0.52354896068573
0.7819000482559204
0.4438127279281616
0.5972419381141663
0.7195359468460083
0.640123724937439
0.6813240051269531
0.7092525959014893
0.5336482524871826
0.634942352771759
0.7433885335922241
0.36040887236595154
0.44637444615364075
0.8183081150054932
0.6946374177932739
0.6228734254837036
0.7817696332931519
0.47142818570137024
0.7441127300262451
0.771343469619751
0.6758010387420654
0.7842617034912109
0.335080623626709
0.5252418518066406
0.6546000242233276
0.631720781326294
0.47658780217170715
0.6305394172668457
0.7640136480331421
0.6005461812019348
0.6873922348022461
0.5505491495132446
0.7205520868301392
0.43522536754608154
0.6605124473571777
0.6617691516876221
0.32515186071395874
0.8265244960784912
0.4870653450489044
0.5572400093078613
0.8414974212646484
0.6716780662536621
0.5332506895065308
0.7531594038009644
0.6453539133071899
0.4955040216445923
0.48575037717819214
0.7536389827728271
0.627745509147644
0.7488032579421997
0.5775368213653564
0.4015004634857178
0.7929916381835938
0.38419681787490845
0.6077814102172852
0.4607020318508148
0.6753811836242676
0.623255729675293
0.5026640892028809
0.5393561720848083
0.5503071546554565
0.6424583196640015
0.596803605556488
0.6966336965560913
0.6122517585754395
0.7515723705291748
0.7745723724365234
0.717445969581604
0.6286776065826416
0.43410852551460266
0.6342175006866455
0.8748778104782104
0.6776027679443359
0.6598163843154907
0.32214924693107605
0.61739182472229
0.399461954832077
0.33674782514572144
0.6109523773193359
0.7543289661407471
0.8663078546524048
0.5618666410446167
0.716271162033081
0.7693101167678833
0.785428524017334
0.41930726170539856
0.9435309171676636
0.6795815229415894
0.8528811931610107
0.5875678062438965
0.48233094811439514
0.8208895921707153
0.24273312091827393
0.6397801637649536
0.5685253143310547
0.43049800395965576
0.35283029079437256
0.684695839881897
0.7541341781616211
0.779900074005127
0.6184279918670654
0.7306023836135864
0.579410195350647
0.4992312490940094
0.6151109933853149
0.8934674263000488
0.8579928874969482
0.730726957321167
0.8231737613677979
0.40669551491737366
0.7147516012191772
0.5486537218093872
0.7276679277420044
0.5978167057037354
0.47044506669044495
0.41991499066352844
0.5395432114601135
0.4685364067554474
0.7043997049331665
0.3612126410007477
0.5889769196510315
0.6677483320236206
0.5756093263626099
0.6226047277450562
0.40324294567108154
0.6822959184646606
0.6732590198516846
0.831658124923706
0.9900099039077759
0.5762080550193787
0.5113418102264404
0.7748912572860718
0.6904860734939575
0.8016817569732666
0.5775904655456543
0.5030418038368225
0.7062432765960693
0.740910530090332
0.6265450119972229
0.6648613214492798
0.5708390474319458
0.47497954964637756
0.285550981760025
0.5378367900848389
0.4795876443386078
0.45929208397865295
0.6757334470748901
0.6572496891021729
0.582921028137207
0.6940158605575562
0.7277663946151733
0.7431166172027588
0.7245686054229736
0.7996507883071899
0.801361083984375
0.7876871824264526
0.6581140756607056
0.8045374155044556
0.7010718584060669
0.6800177097320557
0.752057671546936
0.8426791429519653
0.7331122159957886
0.5028717517852783
0.4638783931732178
0.7375088930130005
0.6780657768249512
0.8376641273498535
0.6736263036727905
0.7706159353256226
0.6242638826370239
0.8610332012176514
0.3667657971382141
0.3044331669807434
0.8031333684921265
0.8422021865844727
0.6889221668243408
0.7242845296859741
0.8498436212539673
0.9229303598403931
0.7746877670288086
0.6274865865707397
0.9668545722961426
0.35944801568984985
0.7469608783721924
0.6546065807342529
0.3968283534049988
0.793805718421936
0.6204849481582642
0.7727751731872559
0.7691973447799683
0.7912243604660034
0.4464620053768158
0.5517637729644775
0.44935089349746704
0.7710957527160645
0.8680473566055298
0.7475076913833618
0.48475900292396545
0.6861817836761475
0.731268048286438
0.5233168601989746
0.6994543075561523
0.7091922760009766
0.31617283821105957
0.7014592885971069
0.6910048723220825
0.7041783332824707
0.5174570083618164
0.7340887784957886
0.7266204357147217
0.7410790920257568
0.5598072409629822
0.46559369564056396
0.49672311544418335
0.7314033508300781
0.6793460845947266
0.9169930219650269
0.5680203437805176
0.46160420775413513
0.49473872780799866
0.7335340976715088
0.23133227229118347
0.6923258304595947
0.20470702648162842
0.604102611541748
0.8176724910736084
0.06953926384449005
0.8053679466247559
0.3462076187133789
0.600692629814148
0.6485220193862915
0.6953644752502441
0.655341625213623
0.7494145631790161
0.5698210000991821
0.32399746775627136
0.8292069435119629
0.746888279914856
0.2994534373283386
0.7616697549819946
0.6955535411834717
0.8088769912719727
0.7804030179977417
0.8499151468276978
0.724632978439331
0.27208802103996277
0.3332204520702362
0.8218430280685425
0.770856499671936
0.6955841779708862
0.6607943773269653
0.41507381200790405
0.575084924697876
0.4129815995693207
0.7347737550735474
0.7138539552688599
0.5053433179855347
0.34982818365097046
0.7248357534408569
0.8161056041717529
0.8392326831817627
0.6461483240127563
0.7131674289703369
0.2584804892539978
0.311174213886261
0.47598275542259216
0.4237719774246216
0.8265531063079834
0.670430064201355
0.30156952142715454
0.6165425777435303
0.730140209197998
0.6617106199264526
0.7282415628433228
0.6815207004547119
0.4319782853126526
0.6713728904724121
0.6138952374458313
0.4314441978931427
0.5831308960914612
0.32308775186538696
0.23838044703006744
0.6613665819168091
0.7350513935089111
0.4807145297527313
0.6445184946060181
0.6910649538040161
0.7155376672744751
0.6796144247055054
0.8734943866729736
0.5929872989654541
0.5421497821807861
0.8897296190261841
0.444475382566452
0.6047731637954712
0.27931010723114014
0.7804101705551147
0.6649494171142578
0.7692508697509766
0.7512837648391724
0.5313348770141602
0.5829073190689087
0.75858473777771
0.7591434717178345
0.5057549476623535
0.7276750802993774
0.7337143421173096
0.6132513880729675
0.5426127910614014
0.6890487670898438
0.8465077877044678
0.37425917387008667
0.765351414680481
0.6880050897598267
0.5537177324295044
0.7622278928756714
0.5766012668609619
0.627949595451355
0.7198253870010376
0.7416825294494629
0.6442389488220215
0.6614551544189453
0.4603382647037506
0.7434611320495605
0.7345631122589111
0.6571600437164307
0.7009150981903076
0.586632490158081
0.4863758385181427
0.8735679388046265
0.7816009521484375
0.3548183739185333
0.6623549461364746
0.2065095603466034
0.6566851139068604
0.46666601300239563
0.7492042779922485
0.6019445657730103
0.7993288040161133
0.481099396944046
0.7627626657485962
0.32728156447410583
0.5966914892196655
0.4655548930168152
0.4092043936252594
0.6197246313095093
0.19080692529678345
0.8242108821868896
0.5410626530647278
0.5023254156112671
0.7072638273239136
0.6089471578598022
0.7691630125045776
0.7601721286773682
0.7745071649551392
0.7291362285614014
0.7319043874740601
0.6874268054962158
0.6248345375061035
0.6725020408630371
0.6349654197692871
0.687620997428894
0.809185266494751
0.38364553451538086
0.289711594581604
0.8072270154953003
0.36000290513038635
0.7343920469284058
0.866937518119812
0.5136734247207642
0.7768656015396118
0.7191879749298096
0.6519104242324829
0.7518603801727295
0.6938304901123047
0.8361995220184326
0.5971774458885193
0.6996272802352905
0.7295255661010742
0.6127825975418091
0.8412133455276489
0.692170262336731
0.6144628524780273
0.7712396383285522
0.5953900814056396
0.6098064184188843
0.26568642258644104
0.7817823886871338
0.627516508102417
0.7880544662475586
0.5065358281135559
0.7367936372756958
0.6792356967926025
0.8230717182159424
0.7543900012969971
0.5945895910263062
0.6228827834129333
0.6535334587097168
0.6778310537338257
0.7237054109573364
0.48109838366508484
0.6965821981430054
0.710963249206543
0.39159148931503296
0.6374936103820801
0.671119213104248
0.3830162584781647
0.5199476480484009
0.8557078838348389
0.5778855681419373
0.4172651171684265
0.5276020765304565
0.5477162003517151
0.49027252197265625
0.37354859709739685
0.662777304649353
0.8160346746444702
0.6985675096511841
0.7328225374221802
0.8198050260543823
0.7484301328659058
0.6783374547958374
0.5053995847702026
0.7229686975479126
0.37609297037124634
0.7512257099151611
0.2229798138141632
0.6866027116775513
0.923141360282898
0.6655310392379761
0.4235213100910187
0.35106605291366577
0.8165923357009888
0.3494909703731537
0.921029806137085
0.6527959108352661
0.5946340560913086
0.4630092680454254
0.7000495195388794
0.7436833381652832
0.6894614696502686
0.7287113666534424
0.1451132446527481
0.7517745494842529
0.7727410793304443
0.7228573560714722
0.6462204456329346
0.776647686958313
0.5759332776069641
0.7138009071350098
0.793946385383606
0.7793018817901611
0.704754114151001
0.3164690136909485
0.7419629096984863
0.6387318968772888
0.6018296480178833
0.5948847532272339
0.44571205973625183
0.7412519454956055
0.8447812795639038
0.8285362720489502
0.8777506351470947
0.7811614274978638
0.4237529933452606
0.23964780569076538
0.8553675413131714
0.727279543876648
0.8378006219863892
0.7732512950897217
0.35110917687416077
0.7364597320556641
0.47344502806663513
0.5815748572349548
0.7769172191619873
0.3502608835697174
0.6460092067718506
0.4615500867366791
0.7071245908737183
0.7914676666259766
0.505149245262146
0.7046099901199341
0.6088672876358032
0.7717670202255249
0.43408212065696716
0.568942666053772
0.14605079591274261
0.5189625024795532
0.5094382762908936
0.8973726034164429
0.6281383633613586
0.6222838163375854
0.5838708877563477
0.3297673165798187
0.869041919708252
0.8180108070373535
0.3079400360584259
0.6070179343223572
0.5842711925506592
0.7985856533050537
0.6967207193374634
0.2517282962799072
0.6103904843330383
0.787246584892273
0.5423667430877686
0.6335266828536987
0.6725383996963501
0.7859324216842651
0.4639488160610199
0.9120012521743774
0.48001495003700256
0.6429874897003174
0.6419157981872559
0.6616867780685425
0.2917625606060028
0.06079992651939392
0.4550439119338989
0.5671417117118835
0.8030834197998047
0.8030229806900024
0.6871048212051392
0.46202802658081055
0.6937377452850342
0.7357838153839111
0.619645357131958
0.5129886865615845
0.647519588470459
0.6751776933670044
0.7250971794128418
0.6412898302078247
0.704808235168457
0.597205400466919
0.6926068067550659
0.5175288915634155
0.8812611103057861
0.6256638765335083
0.6915004253387451
0.6878585815429688
0.5446175932884216
0.5700932741165161
0.7088640928268433
0.6427184343338013
0.6436045169830322
0.5722721815109253
0.5371366739273071
0.681922435760498
0.526785671710968
0.7716261148452759
0.7146577835083008
0.3521682620048523
0.5660403966903687
0.60395348072052
0.6467223167419434
0.7170920372009277
0.623512864112854
0.7968215942382812
0.611875057220459
0.5693910121917725
0.7636890411376953
0.6597338914871216
0.6614930629730225
0.5033044815063477
0.7840421199798584
0.7098357677459717
0.7218910455703735
0.49905163049697876
0.690152645111084
0.7110961675643921
0.38868284225463867
0.2808225452899933
0.7993671894073486
0.7604365348815918
0.4564460813999176
0.26590079069137573
0.7479321956634521
0.6901661157608032
0.45572012662887573
0.2687840759754181
0.5909600257873535
0.6539212465286255
0.18641141057014465
0.4799930155277252
0.6889975070953369
0.843111515045166
0.6588312387466431
0.4296206533908844
0.7025402784347534
0.5734655857086182
0.4791766107082367
0.2826751470565796
0.7678545713424683
0.36906588077545166
0.5800650119781494
0.8112879991531372
0.49912089109420776
0.7170493602752686
0.5265361070632935
0.4531532824039459
0.5094598531723022
0.5943578481674194
0.7306848764419556
0.3607022762298584
0.7701201438903809
0.6873520612716675
0.5410668849945068
0.776537299156189
0.7047523260116577
0.6175417900085449
0.745490550994873
0.7447298765182495
0.6118155717849731
0.7914472818374634
0.46804967522621155
0.6421880722045898
0.7652556896209717
0.44122621417045593
0.45966002345085144
0.08266259729862213
0.6578207015991211
0.8346801996231079
0.7158008813858032
0.731931209564209
0.6546235084533691
0.79206383228302
0.6108213663101196
0.737655758857727
0.7628277540206909
0.6474311351776123
0.5744094848632812
0.4058598577976227
0.6721203327178955
0.33178287744522095
0.6738030910491943
0.22422000765800476
0.7205727100372314
0.5860134363174438
0.6836695671081543
0.625730037689209
0.7069073915481567
0.8960539102554321
0.505858302116394
0.7011293172836304
0.7447144985198975
0.19700345396995544
0.37461158633232117
0.38013333082199097
0.4138154685497284
0.23177237808704376
0.6022170782089233
0.7704770565032959
0.5933655500411987
0.6666040420532227
0.5750504732131958
0.31689247488975525
0.49397751688957214
0.4166683256626129
0.5635322332382202
0.7174549102783203
0.8140987157821655
0.6494169235229492
0.6975150108337402
0.7485132217407227
0.7028762102127075
0.57687908411026
0.5287914276123047
0.6866084337234497
0.784453272819519
0.6820975542068481
0.5843350887298584
0.4067218005657196
0.6985306739807129
0.6923670768737793
0.6347936391830444
0.7786355018615723
0.5995805263519287
0.6415678262710571
0.720450758934021
0.5335260629653931
0.476289302110672
0.7268893718719482
0.5874133110046387
0.5128599405288696
0.7916936874389648
0.6741279363632202
0.7177222967147827
0.3779016137123108
0.5152585506439209
0.7700145244598389
0.5443609952926636
0.7993835210800171
0.8192256689071655
0.7948684692382812
0.3346582353115082
0.6406542062759399
0.46394068002700806
0.5634164810180664
0.6714606285095215
0.6178689002990723
0.4276154339313507
0.6877601146697998
0.5375732183456421
0.5447609424591064
0.44753849506378174
0.5754313468933105
0.7833094596862793
0.3545738756656647
0.7053791284561157
0.7419345378875732
0.5786169767379761
0.34166133403778076
0.843686580657959
0.24814319610595703
0.6240577697753906
0.48002052307128906
0.5241702198982239
0.5588834285736084
0.8194941282272339
0.45418885350227356
0.6573324203491211
0.40694868564605713
0.30321404337882996
0.29012787342071533
0.1284707486629486
0.4874357283115387
0.7130361795425415
0.5848805904388428
0.5334421396255493
0.720282793045044
0.6243205070495605
0.5783568620681763
0.4982333183288574
0.5650865435600281
0.6781890392303467
0.5340057611465454
0.5283952951431274
0.5312055945396423
0.41490378975868225
0.7515931129455566
0.5465763807296753
0.7338495254516602
0.5869474411010742
0.6614551544189453
0.7549272775650024
0.5096402168273926
0.764522910118103
0.7146990299224854
0.297921359539032
0.565550684928894
0.727149486541748
0.4850313365459442
0.5690866708755493
0.7161751985549927
0.740517258644104
0.5384606122970581
0.7175127267837524
0.4884735345840454
0.7845480442047119
0.7468092441558838
0.5519534349441528
0.5766603350639343
0.17393672466278076
0.5534967184066772
0.35195833444595337
0.2194809466600418
0.7533100843429565
0.5736043453216553
0.8687758445739746
0.21724453568458557
0.3098220229148865
0.4705969989299774
0.5225767493247986
0.45037975907325745
0.6947935819625854
0.19748249650001526
0.42161181569099426
0.459515243768692
0.4704894721508026
0.8376612663269043
0.6548757553100586
0.6067072153091431
0.5402661561965942
0.6789695024490356
0.8455103635787964
0.8061975240707397
0.7078942060470581
0.3580169379711151
0.7102572917938232
0.5479116439819336
0.7116744518280029
0.6510071754455566
0.7626135349273682
0.5418999195098877
0.7506067752838135
0.6155881881713867
0.7895790338516235
0.7092829942703247
0.807733416557312
0.5739525556564331
0.33985966444015503
0.759270429611206
0.5230659246444702
0.8509069681167603
0.7477554082870483
0.4605737030506134
0.5326875448226929
0.742424726486206
0.8952170610427856
0.46147051453590393
0.8232786655426025
0.6583210229873657
0.703914999961853
0.9005905389785767
0.7145208120346069
0.4451960027217865
0.6637067794799805
0.7167731523513794
0.40015745162963867
0.7146930694580078
0.6762866973876953
0.8162305355072021
0.6185840368270874
0.4742060899734497
0.5920091867446899
0.3830776810646057
0.8669631481170654
0.385070264339447
0.6601723432540894
0.8101494312286377
0.6879658699035645
0.5273089408874512
0.6569004058837891
0.753804087638855
0.32340723276138306
0.5094960927963257
0.7775055170059204
0.7136315107345581
0.7384384870529175
0.7156076431274414
0.5984828472137451
0.5572224855422974
0.8062735795974731
0.8727691173553467
0.6007153987884521
0.6852103471755981
0.7477705478668213
0.6432907581329346
0.8432049751281738
0.30414605140686035
0.8393633365631104
0.6753090620040894
0.7521063089370728
0.8865859508514404
0.5098336935043335
0.5008301734924316
0.4426442086696625
0.5911908149719238
0.6173845529556274
0.6728649139404297
0.7457984685897827
0.7250779867172241
0.7107690572738647
0.811786413192749
0.755229115486145
0.7175061702728271
0.6182940006256104
0.5337696075439453
0.6322942972183228
0.134755939245224
0.6774450540542603
0.44368836283683777
0.8718657493591309
0.745453953742981
0.6697587966918945
0.6302914619445801
0.7959809303283691
0.8612843751907349
0.4650973975658417
0.5315802097320557
0.6272394061088562
0.7961455583572388
0.6541264057159424
0.7140489816665649
0.6150221228599548
0.6659488677978516
0.7155274152755737
0.48468098044395447
0.22467732429504395
0.6422441005706787
0.4078943133354187
0.7734845876693726
0.5522996783256531
0.5539426803588867
0.7187703847885132
0.5067389011383057
0.6905007362365723
0.5240275263786316
0.680295467376709
0.6663540601730347
0.37321606278419495
0.669189453125
0.662420392036438
0.7716116905212402
0.8357462882995605
0.5150554180145264
0.671324610710144
0.35866186022758484
0.8656326532363892
0.6600494384765625
0.5724391341209412
0.6481120586395264
0.661198616027832
0.6944198608398438
0.8109862804412842
0.6667047739028931
0.6703590154647827
0.38788336515426636
0.7144056558609009
0.7442723512649536
0.46608221530914307
0.7156257629394531
0.42957213521003723
0.8037301301956177
0.6635255813598633
0.3793250620365143
0.7669990062713623
0.2954300045967102
0.21173106133937836
0.5781338810920715
0.365884929895401
0.7944585084915161
0.3208145499229431
0.6972389221191406
0.6822599172592163
0.6585433483123779
0.8356828689575195
0.6754307746887207
0.5740350484848022
0.6535640954971313
0.0749974176287651
0.7433186769485474
0.7992795705795288
0.671758770942688
0.5572100877761841
0.11764141172170639
0.3047865033149719
0.6106680035591125
0.5145975351333618
0.6872798204421997
0.7241461277008057
0.7969495058059692
0.5598450303077698
0.5130266547203064
0.7157964706420898
0.24694475531578064
0.7171735763549805
0.41595613956451416
0.24410557746887207
0.6036673784255981
0.6553422212600708
0.7634133100509644
0.7739742994308472
0.6503643989562988
0.4242956340312958
0.7071906328201294
0.6000738143920898
0.618618905544281
0.7516016960144043
0.7665121555328369
0.6266989707946777
0.7555090188980103
0.7246026992797852
0.41290047764778137
0.7137249708175659
0.707593560218811
0.6068117618560791
0.4871821403503418
0.7461643218994141
0.7128273248672485
0.7560347318649292
0.6648080348968506
0.6582890748977661
0.8583099842071533
0.729547381401062
0.6710114479064941
0.398691862821579
0.7044010162353516
0.8104863166809082
0.8055738210678101
0.7256112098693848
0.461763858795166
0.7604597806930542
0.7820265293121338
0.720085620880127
0.30394235253334045
0.2977631986141205
0.8015648126602173
0.682029128074646
0.5724848508834839
0.4941364824771881
0.6094036102294922
0.570043683052063
0.2836031913757324
0.6169546842575073
0.7427628040313721
0.7260880470275879
0.6734267473220825
0.6412125825881958
0.6456359624862671
0.12919677793979645
0.3101968765258789
0.8280586004257202
0.7535518407821655
0.5328328609466553
0.6400337219238281
0.7793364524841309
0.8218220472335815
0.39205625653266907
0.7735806703567505
0.6942732334136963
0.6972794532775879
0.5445048213005066
0.5214309692382812
0.9403022527694702
0.6772168874740601
0.20680753886699677
0.7109851837158203
0.5510478019714355
0.7027099132537842
0.6451798677444458
0.7125874757766724
0.6812382936477661
0.5287423729896545
0.40611621737480164
0.35204029083251953
0.6566588878631592
0.7357652187347412
0.6668887138366699
0.46264705061912537
0.30437469482421875
0.7492771148681641
0.7459684610366821
0.6768776178359985
0.2028728425502777
0.4862949550151825
0.38693296909332275
0.6201463937759399
0.6335669159889221
0.49478721618652344
0.5624297857284546
0.3549983501434326
0.48796549439430237
0.7265214920043945
0.6814209222793579
0.4559169411659241
0.659360408782959
0.827680230140686
0.4271864593029022
0.5910084247589111
0.5639533996582031
0.2871900200843811
0.4581458568572998
0.8198496103286743
0.33483344316482544
0.11914224177598953
0.6980838775634766
0.6533831357955933
0.7464706897735596
0.7262663841247559
0.45808565616607666
0.32662010192871094
0.5111395716667175
0.692486047744751
0.32757312059402466
0.7493319511413574
0.6211099624633789
0.7894154787063599
0.8033499717712402
0.42888322472572327
0.6977975368499756
0.3908628523349762
0.7553009986877441
0.5020357370376587
0.25666213035583496
0.40143266320228577
0.4884544610977173
0.7393326759338379
0.06068409979343414
0.6144358515739441
0.6853725910186768
0.28033608198165894
0.5633220672607422
0.8060941696166992
0.31270289421081543
0.7938860654830933
0.767992377281189
0.5877245664596558
0.20030498504638672
0.7130112648010254
0.6479635238647461
0.40581491589546204
0.6501280069351196
0.7509369850158691
0.6567674875259399
0.30880075693130493
0.9389570951461792
0.4034363031387329
0.7816305160522461
0.802687406539917
0.8025541305541992
0.4780983626842499
0.6431107521057129
0.455045610666275
0.6154992580413818
0.37664633989334106
0.8606740236282349
0.8930516242980957
0.6051604151725769
0.6870052814483643
0.465321809053421
0.6411064863204956
0.7751625776290894
0.762593150138855
0.5640245676040649
0.4730069041252136
0.6762034893035889
0.5213243961334229
0.473756343126297
0.46558913588523865
0.5924313068389893
0.3465292453765869
0.6077224016189575
0.8022860288619995
0.5563475489616394
0.5686272382736206
0.4948856830596924
0.7163573503494263
0.6388738751411438
0.6597411632537842
0.455326110124588
0.7815636396408081
0.6564031839370728
0.6710257530212402
0.654364824295044
0.8732370138168335
0.32653242349624634
0.7165874242782593
0.4981953799724579
0.7275114059448242
0.7344107627868652
0.8224023580551147
0.42354628443717957
0.29605990648269653
0.6545647382736206
0.608167290687561
0.7884267568588257
0.8084738254547119
0.23977941274642944
0.4738365113735199
0.44588351249694824
0.7600756883621216
0.5047590732574463
0.7275956869125366
0.5649596452713013
0.5649954080581665
0.7462711334228516
0.34703415632247925
0.38727301359176636
0.6949403285980225
0.719849705696106
0.7293881177902222
0.42836880683898926
0.25941064953804016
0.6689293384552002
0.7388927936553955
0.7389169931411743
0.7060710191726685
0.35096490383148193
0.7349904775619507
0.5423920154571533
0.717670202255249
0.40700727701187134
0.694541335105896
0.7835979461669922
0.306189626455307
0.6166642308235168
0.5890237092971802
0.6292546987533569
0.6359550952911377
0.6763865947723389
0.6672059297561646
0.8103005886077881
0.711932897567749
0.5306706428527832
0.43056121468544006
0.6044516563415527
0.7754297256469727
0.4757451117038727
0.712212324142456
0.7091854810714722
0.859086275100708
0.6636605262756348
0.830406904220581
0.5632662773132324
0.1096096858382225
0.3015843629837036
0.6704047918319702
0.5981277227401733
0.7549543380737305
0.5620936155319214
0.33910614252090454
0.5834705829620361
0.9024865627288818
0.7254985570907593
0.7444843053817749
0.7009569406509399
0.7099268436431885
0.5628067255020142
0.6896679401397705
0.6231223344802856
0.590479850769043
0.7516212463378906
0.6921670436859131
0.5578744411468506
0.6797159910202026
0.5259627103805542
0.7885632514953613
0.18502648174762726
0.6441643238067627
0.8136342763900757
0.4640532433986664
0.6486678123474121
0.8130463361740112
0.37599146366119385
0.7559685707092285
0.5846583247184753
0.41338813304901123
0.5014291405677795
0.4997200667858124
0.34611475467681885
0.7676655054092407
0.7150813341140747
0.6143553256988525
0.6967687606811523
0.6795096397399902
0.7176226377487183
0.4495868384838104
0.6844018697738647
0.7427678108215332
0.6474012136459351
0.7739629745483398
0.48681753873825073
0.5088763236999512
0.6458070278167725
0.5812064409255981
0.6865485906600952
0.6817765235900879
0.6835050582885742
0.717953085899353
0.6638520956039429
0.5911040306091309
0.5990834832191467
0.35847023129463196
0.49745696783065796
0.7312456369400024
0.7935330867767334
0.8170865774154663
0.6105328798294067
0.1906299889087677
0.7100048065185547
0.8258039951324463
0.5906426310539246
0.6711920499801636
0.6715625524520874
0.4896092116832733
0.36742591857910156
0.5345289707183838
0.6384421586990356
0.12588399648666382
0.5061997771263123
0.3639020025730133
0.26945260167121887
0.8267836570739746
0.5615381002426147
0.45726457238197327
0.7627687454223633
0.8582860231399536
0.34579941630363464
0.6832759380340576
0.6366750001907349
0.45861223340034485
0.7330198287963867
0.5586425065994263
0.6659979820251465
0.26326966285705566
0.4956193268299103
0.7378408908843994
0.7178971767425537
0.7760837078094482
0.5038734674453735
0.5039158463478088
0.6427284479141235
0.624373197555542
0.7552791833877563
0.5594154596328735
0.21225737035274506
0.805528998374939
0.6426129341125488
0.7245045900344849
0.6636587381362915
0.7461477518081665
0.3884243369102478
0.6789216995239258
0.7927553653717041
0.4987572133541107
0.605304479598999
0.4902893006801605
0.5000090003013611
0.4844233989715576
0.6757246255874634
0.7401552200317383
0.6034269332885742
0.6655857563018799
0.5181001424789429
0.6274718046188354
0.7373894453048706
0.2929322123527527
0.6353638172149658
0.8650035858154297
0.14796172082424164
0.7337675094604492
0.7419556379318237
0.3527742326259613
0.7613329887390137
0.841599702835083
0.7881262302398682
0.3567543625831604
0.6504496335983276
0.5465840101242065
0.5062721371650696
0.7770593166351318
0.6117213368415833
0.6001924276351929
0.8438248634338379
0.6930220127105713
0.7014445066452026
0.708467960357666
0.2936609089374542
0.7407793998718262
0.6214224100112915
0.6352174282073975
0.7320953607559204
0.703842282295227
0.6978907585144043
0.580561637878418
0.6706279516220093
0.7832244634628296
0.4249410927295685
0.7222456932067871
0.7456715106964111
0.7374056577682495
0.6581673622131348
0.5084165334701538
0.5041339993476868
0.6867332458496094
0.544046938419342
0.36646586656570435
0.7121065855026245
0.5239560604095459
0.6082364320755005
0.6258730888366699
0.8207839727401733
0.22744013369083405
0.459669291973114
0.480772465467453
0.7173621654510498
0.6447243690490723
0.19371013343334198
0.5897002816200256
0.7531864643096924
0.6676954030990601
0.4839891493320465
0.5880221128463745
0.5546693801879883
0.6193650960922241
0.6553270816802979
0.8121626377105713
0.6628934144973755
0.697479248046875
0.538620114326477
0.6944215297698975
0.6207565069198608
0.6840437650680542
0.7535445690155029
0.7083195447921753
0.7428748607635498
0.6969162225723267
0.2589336037635803
0.7097213268280029
0.7562553882598877
0.5426867008209229
0.5288776159286499
0.6822556257247925
0.6539528369903564
0.6125486493110657
0.3171313405036926
0.6785203218460083
0.7456780672073364
0.8321899175643921
0.7967950105667114
0.5564507246017456
0.709877610206604
0.8016996383666992
0.7786931991577148
0.6939245462417603
0.6834874153137207
0.7296129465103149
0.5487776398658752
0.20702581107616425
0.6161559820175171
0.8711824417114258
0.5199472904205322
0.5150090456008911
0.4490283727645874
0.5507993698120117
0.4510971009731293
0.7578463554382324
0.6999105215072632
0.22870555520057678
0.784023642539978
0.4724808931350708
0.4189804196357727
0.5465763807296753
0.6723958253860474
0.5782188773155212
0.7562329769134521
-0.05594760179519653
0.7083996534347534
0.6557047367095947
0.840488076210022
0.4089464247226715
0.7260053157806396
0.7002456188201904
0.680264949798584
0.589214563369751
0.4863649308681488
0.8277182579040527
0.4894217848777771
0.7695621252059937
0.18968817591667175
0.6135728359222412
0.3412930965423584
0.3517122268676758
0.6437666416168213
0.7620010375976562
0.41700658202171326
0.7059733867645264
0.8594956398010254
0.666326642036438
0.4050556421279907
0.7931265830993652
0.6854519844055176
0.7325448989868164
0.8025904893875122
0.4734160304069519
0.5298082828521729
0.40172770619392395
0.6635088920593262
0.6491953134536743
0.7660317420959473
0.5588215589523315
0.5703150033950806
0.7016905546188354
0.21292027831077576
0.5944922566413879
0.559555172920227
0.6425372362136841
0.37543022632598877
0.7457895278930664
0.8106415271759033
0.8342907428741455
0.6126705408096313
0.4167892038822174
0.5542092323303223
0.5130085945129395
0.38313397765159607
0.36951398849487305
0.6525356769561768
0.8475514650344849
0.7345278263092041
0.7366915941238403
0.2773421108722687
0.7337366342544556
0.5811095237731934
0.4997433125972748
0.6966264247894287
0.5637780427932739
0.7009881734848022
0.20028036832809448
0.7562028169631958
0.5119799971580505
0.3297225832939148
0.764822244644165
0.7424143552780151
0.5121439695358276
0.5852280855178833
0.6726981401443481
0.8598800897598267
0.5478798151016235
0.8179572820663452
0.5223369598388672
0.7270117998123169
0.7952253818511963
0.4949006140232086
0.7803471088409424
0.5769462585449219
0.6723837852478027
0.5704532861709595
0.6933615207672119
0.5164316892623901
0.8385714292526245
0.27028316259384155
0.5613465309143066
0.6828669309616089
0.7952697277069092
0.31378960609436035
0.10187911987304688
0.2034638524055481
0.7004379034042358
0.3990756869316101
0.3310379385948181
0.7795721292495728
0.5721690654754639
0.7399762868881226
0.42577841877937317
0.5821512937545776
0.5718801021575928
0.30245786905288696
0.3196529150009155
0.467414528131485
0.28554123640060425
0.5924321413040161
0.566008448600769
0.7372568845748901
0.7444427013397217
0.7382370233535767
0.7812443971633911
0.4300542175769806
0.5114644765853882
0.718838095664978
0.6059878468513489
0.6069649457931519
0.5900800228118896
0.7240715026855469
0.7903847694396973
0.6260177493095398
0.5733339786529541
0.4656030833721161
0.5162382125854492
0.5162358283996582
0.658232569694519
0.6778388023376465
0.5521190762519836
0.543195366859436
0.5384751558303833
0.7051533460617065
0.6099945306777954
0.554591715335846
0.6686170101165771
0.6705738306045532
0.3224608898162842
0.6228219270706177
0.789059042930603
0.6728203296661377
0.6802636384963989
0.7178373336791992
0.7420170307159424
0.5588333010673523
0.7284837961196899
0.5030524134635925
0.44704297184944153
0.8286621570587158
0.7198164463043213
0.14382871985435486
0.18042901158332825
0.8116830587387085
0.6107547283172607
0.6129229068756104
0.4866027235984802
0.4112379848957062
0.6415923833847046
0.5149004459381104
0.529138445854187
0.7220789194107056
0.5144373178482056
0.2870021462440491
0.7168569564819336
0.5954960584640503
0.7188528776168823
0.6531918048858643
0.53465735912323
0.26256048679351807
0.6266883611679077
0.414197713136673
0.27516883611679077
0.8132094144821167
0.5270382761955261
0.5612293481826782
0.8032883405685425
0.35904279351234436
0.322990357875824
0.80810546875
0.48308297991752625
0.7165912389755249
0.3889133334159851
0.7009439468383789
0.8018991947174072
0.6780914068222046
0.7017419338226318
0.6431455612182617
0.375978022813797
0.7020102739334106
0.41489383578300476
0.5494771003723145
0.6996939182281494
0.7692701816558838
0.7482343912124634
0.39548608660697937
0.5637182593345642
0.719696044921875
0.6898031234741211
0.7182513475418091
0.650840163230896
0.6066689491271973
0.46917784214019775
0.4972609281539917
0.8247231245040894
0.4723801612854004
0.5578029751777649
0.6874383687973022
0.6822543144226074
0.4033905565738678
0.38076749444007874
0.12539063394069672
0.7084912061691284
0.5492522120475769
0.8062524795532227
0.6797844171524048
0.7507126331329346
0.2427678257226944
0.587755560874939
0.855299711227417
0.35366544127464294
0.7482842206954956
0.6334080696105957
0.5669713616371155
0.26330697536468506
0.6190692186355591
0.7470329999923706
0.646375298500061
0.49670499563217163
0.6427370309829712
0.7336537837982178
0.8677417039871216
0.6315464973449707
0.6845961809158325
0.6656409502029419
0.6797786951065063
0.4999501407146454
0.5656436681747437
0.7311123609542847
0.5652441382408142
0.590381383895874
0.6949708461761475
0.7144210338592529
0.6659735441207886
0.7477113008499146
0.4038199186325073
0.7899768352508545
0.31342488527297974
0.672205924987793
0.6271822452545166
0.3525855541229248
0.30981871485710144
0.7216740846633911
0.6995912790298462
0.801338791847229
0.3545216917991638
0.5779169797897339
0.5907473564147949
0.6204172968864441
0.6606471538543701
0.5389524698257446
0.4380650818347931
0.45314231514930725
0.6982741355895996
0.8391140699386597
0.7443348169326782
0.7692564725875854
0.6177031993865967
0.7172256708145142
0.4448172450065613
0.8191901445388794
0.6729104518890381
0.6268312931060791
0.6072213649749756
0.8559877872467041
0.6378459334373474
0.5102148652076721
0.4537924826145172
0.7002249956130981
0.7011638879776001
0.7536020278930664
0.8152825832366943
0.5807539820671082
0.4182608425617218
0.7505255937576294
0.2699088752269745
0.74675452709198
0.596439003944397
0.737109899520874
0.7583434581756592
0.8178328275680542
0.6087210178375244
0.5960116982460022
0.7414438724517822
0.8239924907684326
0.7908456325531006
0.5078326463699341
0.6613720655441284
0.4884553551673889
0.720923900604248
0.6442602872848511
0.6029494404792786
0.7063353061676025
0.7406268119812012
0.438309907913208
0.8860533237457275
0.3424302339553833
0.6067432165145874
0.7812073230743408
0.548734188079834
0.4988239109516144
0.7276887893676758
0.6095266342163086
0.6273763179779053
0.770991325378418
0.707396388053894
0.5494568347930908
0.33671650290489197
0.6599968671798706
0.4432653486728668
0.6977368593215942
0.7363928556442261
0.8170552253723145
0.6593625545501709
0.5451470613479614
0.8280390501022339
0.7444030046463013
0.7197496891021729
0.7372794151306152
0.8203672170639038
0.7153453826904297
0.4317515194416046
0.5188663005828857
0.7945895195007324
0.4446910619735718
0.5728049874305725
0.7905524969100952
0.5203874111175537
0.7826207876205444
0.6706805229187012
0.7746139764785767
0.21565257012844086
0.4341851770877838
0.5588376522064209
0.6274062991142273
0.7548177242279053
0.6444846391677856
0.6077505350112915
0.5473378896713257
0.664293646812439
0.28548550605773926
0.5293450355529785
0.4288378059864044
0.6893495321273804
0.7308863401412964
0.5615230202674866
0.43424704670906067
0.5633724927902222
0.3656543493270874
0.6581404209136963
0.6065335273742676
0.2999582886695862
0.5359538793563843
0.5603939294815063
0.8011947870254517
0.8024840354919434
0.544100284576416
0.46325403451919556
0.774659276008606
0.6880480051040649
0.2938156723976135
0.7345815896987915
0.7771903276443481
0.4171977937221527
0.526137113571167
0.6762137413024902
0.7371574640274048
0.6693980693817139
0.7039999961853027
0.643682599067688
0.37820693850517273
0.6008989810943604
0.7300832271575928
0.8214786052703857
0.4508584439754486
0.5549207925796509
0.6839132308959961
0.7935128211975098
0.658111572265625
0.6724109649658203
0.29781630635261536
0.7070717811584473
0.7499840259552002
0.5273542404174805
0.5831925868988037
0.7510420083999634
0.7522802352905273
0.2591933012008667
0.5971177816390991
0.5330932140350342
0.5018237829208374
0.5813179016113281
0.5974535346031189
0.8106982707977295
0.5211407542228699
0.721622109413147
0.7235205173492432
0.5707190036773682
0.7730066776275635
0.36215874552726746
0.553073525428772
0.5633722543716431
0.5369312763214111
0.37870123982429504
0.7003220319747925
0.5147387385368347
0.5375751256942749
0.5132914781570435
0.7750496864318848
0.47233447432518005
0.41768285632133484
0.8263797760009766
0.45954176783561707
0.6708014011383057
0.39271020889282227
0.6823310852050781
0.7975786924362183
0.6646308898925781
0.7796664237976074
0.6588426828384399
0.5771404504776001
0.6511706113815308
0.5412763357162476
0.5628509521484375
0.6547131538391113
0.5216121673583984
0.8402522802352905
0.6609629392623901
0.13901165127754211
0.6614274978637695
0.730067253112793
0.34172487258911133
0.952329158782959
0.29755181074142456
0.46916255354881287
0.6132737994194031
0.8243662118911743
0.4624379575252533
0.5015610456466675
0.7148971557617188
0.5426568984985352
0.7636456489562988
0.7952096462249756
0.6739168167114258
0.810248613357544
0.4564460813999176
0.7962472438812256
0.4861415922641754
0.4438862204551697
0.7608745098114014
0.4871377944946289
0.3773204982280731
0.26533299684524536
0.6843785047531128
0.7298939228057861
0.4234788417816162
0.696429967880249
0.5651092529296875
0.7872898578643799
0.6494207382202148
0.8455629348754883
0.7250804901123047
0.40291354060173035
0.5160634517669678
0.6636025905609131
0.2047353982925415
0.5958830118179321
0.5287688970565796
0.7014806270599365
0.48653316497802734
0.38388147950172424
0.3467235267162323
0.588390052318573
0.654504656791687
0.5820087194442749
0.7284189462661743
0.5992087125778198
0.6550108194351196
0.77409827709198
0.4622887969017029
0.49747514724731445
0.8540627956390381
0.5516265630722046
0.7337855100631714
0.4518897235393524
0.6149280071258545
0.7079019546508789
0.40728428959846497
0.5321375131607056
0.844796895980835
0.28293514251708984
0.25827258825302124
0.7292875051498413
0.719391942024231
0.7410316467285156
0.7184215784072876
0.5924805998802185
0.7622866630554199
0.7080081701278687
0.6711992025375366
0.53584223985672
0.39983105659484863
0.4748845398426056
0.23031717538833618
0.7236611843109131
0.549121618270874
0.3777517080307007
0.6644859313964844
0.667158842086792
0.5793735980987549
0.5626416206359863
0.8216965198516846
0.6939059495925903
0.542754054069519
0.7134159803390503
0.7924096584320068
0.3900529742240906
0.7070257663726807
0.3794008493423462
0.6906783580780029
0.7310948371887207
0.6050189733505249
0.34420883655548096
0.4620479941368103
0.7980962991714478
0.7567648887634277
0.5314525365829468
0.5731621980667114
0.7244925498962402
0.7354071140289307
0.730170488357544
0.49707508087158203
0.44621971249580383
0.5862818956375122
0.4060792624950409
0.7940171957015991
0.5244587659835815
0.7482357025146484
0.4824744760990143
0.4526916444301605
0.7688837051391602
0.7050048112869263
0.48844486474990845
0.6544923782348633
0.23736698925495148
0.7087517976760864
0.7515381574630737
0.4766888916492462
0.7166827917098999
0.424054890871048
0.7619892358779907
0.7565367221832275
0.6621516942977905
0.545076310634613
0.7231667041778564
0.649975061416626
0.5619663000106812
0.40145501494407654
0.42402949929237366
0.7344861030578613
0.3068467676639557
0.5786473751068115
0.6588802337646484
0.7936738729476929
0.5031481981277466
0.5228877067565918
0.6868281364440918
0.6497300863265991
0.7195496559143066
0.6916542053222656
0.7820265293121338
0.5648585557937622
0.6629106998443604
0.5053312182426453
0.46829965710639954
0.3142247200012207
0.6647301912307739
0.2778817415237427
0.7241833209991455
0.8919112682342529
0.7819304466247559
0.6890549659729004
0.3889544606208801
0.5712189674377441
0.36875200271606445
0.798123836517334
0.6685874462127686
0.7504192590713501
0.8091421127319336
0.4398873448371887
0.7942606210708618
0.42186129093170166
0.6603406667709351
0.7030001878738403
0.5554941892623901
-0.01592487096786499
0.7753678560256958
0.7039450407028198
0.6818926334381104
0.30035215616226196
0.4038756787776947
0.17197352647781372
0.6346409916877747
0.6976453065872192
0.7938625812530518
0.6235553026199341
0.7057900428771973
0.7515259981155396
0.807344913482666
0.6255848407745361
0.20081773400306702
0.4736331105232239
0.7848614454269409
0.806759238243103
0.706301212310791
0.3929063081741333
0.6578230857849121
0.5657539963722229
0.7121381759643555
0.4728718101978302
0.7180705070495605
0.40398934483528137
0.7176393270492554
0.7135372161865234
0.9088767766952515
0.5442129373550415
0.35849761962890625
0.41605907678604126
0.7280265092849731
0.5547943711280823
0.7179157733917236
0.6605269908905029
0.7652966976165771
0.13193413615226746
0.6085871458053589
0.2667090892791748
0.7430555820465088
0.6658804416656494
0.5381278991699219
0.7313297986984253
0.4502254128456116
0.6558248996734619
0.7263537645339966
0.6499179601669312
0.73757004737854
0.7471626996994019
0.37958985567092896
0.7400208711624146
0.7424846887588501
0.7394829988479614
0.7170103788375854
0.4215656518936157
0.8026083707809448
0.7281163930892944
0.5813472867012024
0.15727519989013672
0.3667905330657959
0.311296284198761
0.7869350910186768
0.387070894241333
0.7533155679702759
0.7019098997116089
0.498392790555954
0.5508700609207153
0.5432945489883423
0.3748750686645508
0.49218958616256714
0.4890330731868744
0.09855565428733826
0.1396825611591339
0.3488782048225403
