0.4209911525249481
0.4511229991912842
0.8265417814254761
0.21947264671325684
0.48940402269363403
0.353390097618103
0.4911864101886749
0.24424073100090027
0.6212072372436523
0.8307141065597534
0.5409336090087891
0.7936482429504395
0.5169022083282471
0.6607332229614258
0.637356162071228
0.7601451873779297
0.5083549618721008
0.6845059394836426
0.5948874950408936
0.48440179228782654
0.42971011996269226
0.7096607089042664
0.7093931436538696
0.44176286458969116
0.6995187401771545
0.6196472644805908
0.7195734977722168
0.4938041865825653
0.672630786895752
0.5461148023605347
0.5717494487762451
0.5643755793571472
0.4814984202384949
0.39975759387016296
0.5848476886749268
0.600200355052948
0.806937575340271
0.6592941880226135
0.30951425433158875
0.41803064942359924
0.6488445997238159
0.6701062917709351
0.48820438981056213
0.5878897309303284
0.5199840664863586
0.5851449966430664
0.6523932814598083
0.5219693183898926
0.3604200482368469
0.606332540512085
0.5478192567825317
0.4103170931339264
0.42173564434051514
0.6595869064331055
0.6810452938079834
0.6625108122825623
0.6549437046051025
0.6357128620147705
0.4998188316822052
0.31067654490470886
0.6079161763191223
0.6005977392196655
0.46162280440330505
0.24114257097244263
0.7289814352989197
0.6543195247650146
0.738560676574707
0.6379400491714478
0.7190942764282227
0.6876260042190552
0.413719117641449
0.3332812786102295
0.6525701284408569
0.609484076499939
0.5318707227706909
0.29556092619895935
0.47528156638145447
0.3111833333969116
0.36716681718826294
0.5369263887405396
0.4668670892715454
0.6377942562103271
0.18735450506210327
0.47571417689323425
0.7143824100494385
0.4246845841407776
0.6138483285903931
0.6792337894439697
0.49973583221435547
0.2652786076068878
0.7278692126274109
0.6268436908721924
0.8300005197525024
0.6376956701278687
0.46923691034317017
0.38636183738708496
0.6375992298126221
0.8060528039932251
0.7330982685089111
0.5706641674041748
0.7635846138000488
0.7290154695510864
0.680356502532959
0.5154749751091003
0.22980666160583496
0.7312217950820923
0.6839428544044495
0.7277673482894897
0.5084890127182007
0.40328866243362427
0.6658957004547119
0.1756923794746399
0.6620266437530518
0.6481188535690308
0.35971999168395996
0.5828781127929688
0.5726125240325928
0.63456130027771
0.44338247179985046
0.11698074638843536
0.7881662845611572
0.46437758207321167
0.5782123804092407
0.3949420154094696
0.6770431995391846
0.5152643322944641
0.7098607420921326
0.6920905113220215
0.613993763923645
0.4115457832813263
0.5278840065002441
0.7410985827445984
0.7053755521774292
0.5748072862625122
0.5665493011474609
0.5962235927581787
0.6359750032424927
0.6773315668106079
0.6844944953918457
0.7221672534942627
0.7145564556121826
0.34096625447273254
0.7486177682876587
0.6971424221992493
0.553260087966919
0.10175999999046326
0.1366884708404541
0.46944910287857056
0.6319619417190552
0.7267425060272217
0.46795427799224854
0.6676392555236816
0.505103349685669
0.4059886336326599
0.6151173114776611
0.6106363534927368
0.6741992235183716
0.6395870447158813
0.7875022888183594
0.4981464147567749
0.6194578409194946
0.5387892723083496
0.6593432426452637
0.6845587491989136
0.6406670808792114
0.7706902027130127
0.6390026807785034
0.6844747066497803
0.4511679410934448
0.5504728555679321
0.49619370698928833
0.5258588790893555
0.7781679034233093
0.03983956575393677
0.241524338722229
0.5977765917778015
0.5527050495147705
0.5666360855102539
0.23584376275539398
0.40123945474624634
0.47128698229789734
0.6732790470123291
0.4239414632320404
0.7395639419555664
0.5728739500045776
0.6612246036529541
0.42169642448425293
0.1913853883743286
0.37329378724098206
0.5051406621932983
0.6531943082809448
0.6623388528823853
0.6426363587379456
0.790080189704895
0.5437105894088745
0.5770330429077148
0.4854179620742798
0.30491435527801514
0.5823147892951965
0.4504213333129883
0.5932178497314453
0.592456579208374
0.7151142358779907
0.6322312355041504
0.42362457513809204
0.4281264543533325
0.6726645231246948
0.5406593084335327
0.6963564157485962
0.724980890750885
0.6943678855895996
0.4637681245803833
0.3160054683685303
0.5685443878173828
0.6487212181091309
0.6745020151138306
0.5280435085296631
0.5563288927078247
0.6066675186157227
0.4155990481376648
0.6656123399734497
0.5506435036659241
0.616545557975769
0.844886302947998
0.7855087518692017
0.6076076030731201
0.6548511385917664
0.519150972366333
0.4810764193534851
0.6847903728485107
0.647692084312439
0.2594287395477295
0.67901611328125
0.7793336510658264
0.5847556591033936
0.6129436492919922
0.1969631463289261
0.34103846549987793
0.39073827862739563
0.58289635181427
0.6600511074066162
0.6795413494110107
0.6745342016220093
0.6762919425964355
0.3586416244506836
0.11513344943523407
0.6528204679489136
0.7020185589790344
0.6284729242324829
0.6255722045898438
0.686176061630249
0.6951149106025696
0.5939123630523682
0.5852328538894653
0.198580801486969
0.6693676710128784
0.44135764241218567
0.6478354930877686
0.6663808822631836
0.5767360925674438
0.7945722341537476
0.5048732161521912
0.7925893068313599
0.6595032215118408
0.3790513873100281
0.5817433595657349
0.5896722078323364
0.5847420692443848
0.6927714347839355
0.7487787008285522
0.6502699851989746
0.5893152952194214
0.7042866945266724
0.1656305491924286
0.32995715737342834
0.7814617156982422
0.6259156465530396
0.6754833459854126
0.43560683727264404
0.23361456394195557
0.7198776006698608
0.6903961300849915
0.49010226130485535
0.5460687875747681
0.5638885498046875
0.6116393804550171
0.4806520342826843
0.7426820993423462
0.686840295791626
0.46244165301322937
0.568506121635437
0.6298630237579346
0.3783741295337677
0.674738883972168
0.2500554323196411
0.4971998333930969
0.4580392837524414
0.7104254364967346
0.5067408084869385
0.6468870043754578
0.3486838936805725
0.7077294588088989
0.6385511755943298
0.5148577690124512
0.7910494804382324
0.6485581994056702
0.2843323349952698
0.6570683717727661
0.493629515171051
0.7167181372642517
0.7863789796829224
0.3688482642173767
0.36384740471839905
0.6208667755126953
0.6877331733703613
0.20481865108013153
0.6735901236534119
0.7254542112350464
0.4846258759498596
0.4521074891090393
0.46157199144363403
0.6286213994026184
0.5183876752853394
0.5400418043136597
0.5685327053070068
0.4181717336177826
0.5995625257492065
0.3127419352531433
0.5157458782196045
0.6254533529281616
0.5548403263092041
0.7166385054588318
0.6838085651397705
0.3439926505088806
0.43107831478118896
0.6567826867103577
0.5584902763366699
0.7386316061019897
0.44318127632141113
0.6954891681671143
0.5956494212150574
0.6013575792312622
0.634327232837677
0.7149276733398438
0.3214064836502075
0.6243064403533936
0.6544510126113892
0.7122936844825745
0.6817922592163086
0.34356793761253357
0.5773520469665527
0.7494325637817383
0.5003021955490112
0.6793438196182251
0.7482020854949951
0.6556944847106934
0.5740382671356201
0.6280978918075562
0.6353554725646973
0.630412220954895
0.1759384274482727
0.8910188674926758
0.383650541305542
0.673336386680603
0.5958521366119385
0.681212842464447
0.3653898239135742
0.6530002355575562
0.6807870864868164
0.6242469549179077
0.7178866863250732
0.3794104754924774
0.5993114709854126
0.5895135402679443
0.2629453241825104
0.6042156219482422
0.23870764672756195
0.6907742023468018
0.6150166988372803
0.6965025663375854
0.669596791267395
0.5909191370010376
0.71971195936203
0.37566784024238586
0.7241110801696777
0.6043572425842285
0.6864172220230103
0.647216796875
0.7799479961395264
0.3920954465866089
0.5350242853164673
0.37860116362571716
0.6752604246139526
0.22256001830101013
0.4183947443962097
0.423240602016449
0.6215673089027405
0.6663135886192322
0.5273492336273193
0.5707662105560303
0.49241742491722107
0.7324115037918091
0.8927888870239258
0.6593594551086426
0.8521649837493896
0.5073294639587402
0.7108569145202637
0.7356812953948975
0.7072587013244629
0.16253894567489624
0.42945507168769836
0.5744954347610474
0.2674036920070648
0.4437713325023651
0.5120874047279358
0.6336405277252197
0.3418406844139099
0.6547971963882446
0.37861642241477966
0.40009215474128723
0.5169568061828613
0.508712649345398
0.5274101495742798
0.5281239748001099
0.6159482002258301
0.33977919816970825
0.5043926239013672
0.5689136981964111
0.7086600065231323
0.8298250436782837
0.5824136734008789
0.3806503415107727
0.6800175905227661
0.4845898151397705
0.5261871814727783
0.5473631620407104
0.5270389318466187
0.656082808971405
0.6734308004379272
0.7461986541748047
0.6303333640098572
0.5333672165870667
0.6037576198577881
0.5859580039978027
0.33382752537727356
0.6591325998306274
0.6471887230873108
0.4588012397289276
0.5652729272842407
0.7040857076644897
0.2557258903980255
0.7729679346084595
0.7141135931015015
0.43657976388931274
0.6804820895195007
0.6630908250808716
0.6731976866722107
0.3330990970134735
0.7635717391967773
0.3891095519065857
0.6544293165206909
0.6589634418487549
0.1869884431362152
0.4645804464817047
0.5036975741386414
0.3565554916858673
0.49885132908821106
0.6623702049255371
0.22384658455848694
0.4731701910495758
0.42193177342414856
0.7332775592803955
0.47754186391830444
0.606346607208252
0.6293872594833374
0.413719117641449
0.7129281759262085
0.6903133392333984
0.5017980933189392
0.670474648475647
0.7923921346664429
0.6503016948699951
0.3758052885532379
0.523287296295166
0.7703590393066406
0.7900012731552124
0.8072110414505005
0.3343167006969452
0.5566632747650146
0.21517476439476013
0.5192306041717529
0.43874043226242065
0.7566450238227844
0.6905992031097412
0.6558823585510254
0.32309818267822266
0.4084015488624573
0.5757925510406494
0.5794617533683777
0.7035502195358276
0.20879682898521423
0.11327977478504181
0.50935298204422
0.7208524942398071
0.17605194449424744
0.5310012698173523
0.7266315221786499
0.37801501154899597
0.625850260257721
0.2910189926624298
0.5061843395233154
0.27978527545928955
0.6826359033584595
0.571935772895813
0.5634572505950928
0.508653461933136
0.614600419998169
0.6865442395210266
0.7485041618347168
0.47691667079925537
0.06417115032672882
0.5601630210876465
0.7149713635444641
0.7148715853691101
0.5590881109237671
0.19940195977687836
0.5496606230735779
0.38449418544769287
0.5172129273414612
0.5536985397338867
0.5927807092666626
0.41604721546173096
0.6856571435928345
0.41935014724731445
0.42676424980163574
0.5906931757926941
0.4804367423057556
0.604983925819397
0.6156158447265625
0.7337357997894287
0.522038459777832
0.6104000806808472
0.8034484386444092
0.5290519595146179
0.643302321434021
0.6009283065795898
0.6922135353088379
0.4620571434497833
0.28356364369392395
0.4911041259765625
0.6786691546440125
0.7094937562942505
0.6596276760101318
0.6575580835342407
0.6423169374465942
0.5310167074203491
0.6444153785705566
0.6004447937011719
0.6462308168411255
0.5700860619544983
0.7396714687347412
0.5025339722633362
0.25730589032173157
0.715087890625
0.7099065780639648
0.636345624923706
0.6454058885574341
0.6536084413528442
0.756862223148346
0.5800154209136963
0.5914280414581299
0.5948207378387451
0.5094594955444336
0.6000679135322571
0.5634201765060425
0.47410058975219727
0.2201172411441803
0.2461603730916977
0.6960597634315491
0.6706353425979614
0.677916407585144
0.7409353256225586
0.3706587553024292
0.4870172142982483
0.658967137336731
0.6099749803543091
0.35252857208251953
0.6780600547790527
0.6771483421325684
0.38609975576400757
0.47691696882247925
0.6759191751480103
0.6590912938117981
0.63138747215271
0.4338623881340027
0.7823761701583862
0.23954647779464722
0.6642686724662781
0.5059217214584351
0.5990830063819885
0.39189794659614563
0.7201871871948242
0.09985260665416718
0.755176305770874
0.761867880821228
0.45473331212997437
0.6688389778137207
0.5972567796707153
0.6330287456512451
0.5233997106552124
0.5304698348045349
0.7228939533233643
0.5249679088592529
0.6447993516921997
0.5811500549316406
0.6417347192764282
0.5491077303886414
0.5894491672515869
0.5293311476707458
0.12125219404697418
0.6405872106552124
0.7311710119247437
0.7100446820259094
0.6807460784912109
0.5107998251914978
0.709841251373291
0.5023638010025024
0.4922805726528168
0.7187496423721313
0.4654310941696167
0.556106448173523
0.17957523465156555
0.704032301902771
0.09849846363067627
0.579673171043396
0.644621729850769
0.5221567153930664
0.6274632811546326
0.6171269416809082
0.43520641326904297
0.5188722610473633
0.5838556289672852
0.534311056137085
0.5159076452255249
0.7025147676467896
0.6578640341758728
0.6743549704551697
0.4477074146270752
0.6881552934646606
0.6826795339584351
0.3240855932235718
0.7791293859481812
0.7217375040054321
0.5556120872497559
0.48946866393089294
0.3949665427207947
0.5283762216567993
0.6648982167243958
0.6631686687469482
0.6220692992210388
0.6314932107925415
0.7056592702865601
0.3375228941440582
0.26720285415649414
0.7070433497428894
0.5700311660766602
0.5359420776367188
0.6157616376876831
0.4081098735332489
0.5555644035339355
0.22433172166347504
0.6888545751571655
0.7314976453781128
0.6695873737335205
0.5183702707290649
0.43542855978012085
0.08443324267864227
0.5002086162567139
0.7176707983016968
0.49765944480895996
0.8323115110397339
0.308169960975647
0.6975803375244141
0.4438733458518982
0.4417240023612976
0.6073689460754395
0.6324496269226074
0.7706382274627686
0.6733413934707642
0.7297502756118774
0.39283642172813416
0.2308407872915268
0.6364501714706421
0.5064280033111572
0.6172968149185181
0.5447257161140442
0.6343612670898438
0.4574236273765564
0.6834734678268433
0.6942267417907715
0.5288833975791931
0.4390603005886078
0.6245633363723755
0.529847264289856
0.4696403443813324
0.6626259088516235
0.22364792227745056
0.5199557542800903
0.5878276824951172
0.5087172985076904
0.6303326487541199
0.732733964920044
0.6145745515823364
0.40700727701187134
0.4579693078994751
0.6463851928710938
0.5675649642944336
0.5034565329551697
0.6124593019485474
0.8351606130599976
0.5940378904342651
0.6143780946731567
0.6299141645431519
0.690359890460968
0.5845463871955872
0.29411977529525757
0.5639821887016296
0.6546638011932373
0.5718581676483154
0.5467444658279419
0.6403340101242065
0.7130841016769409
0.6403157711029053
0.2765277028083801
0.2098829597234726
0.6089587211608887
0.4343414902687073
0.6577767133712769
0.46875157952308655
0.5929795503616333
0.5345480442047119
0.6958931684494019
0.5598034858703613
0.456141859292984
0.49463558197021484
0.723082423210144
0.47499725222587585
0.6267015337944031
0.07176512479782104
0.5090774893760681
0.502272367477417
0.5965297222137451
0.6787991523742676
0.5980930328369141
0.4395347833633423
0.6445986032485962
0.6077646613121033
0.3537881672382355
0.4099794328212738
0.32472294569015503
0.7099382281303406
0.5083720684051514
0.23457789421081543
0.5978705883026123
0.7525922060012817
0.6746928691864014
0.528555154800415
0.5107443332672119
0.6465659141540527
0.4757038354873657
0.540257453918457
0.5966708660125732
0.653155505657196
0.7198367118835449
0.8229632377624512
0.6460157632827759
0.6988543272018433
0.4825148582458496
0.62624192237854
0.41075560450553894
0.39220932126045227
0.60723876953125
0.7631208300590515
0.4891264736652374
0.4475594758987427
0.6798011064529419
0.4978122115135193
0.6774070262908936
0.5738133192062378
0.7580332159996033
0.6320968866348267
0.610153079032898
0.4034978151321411
0.5546869039535522
0.6433811187744141
0.7095631957054138
0.6037427186965942
0.550753116607666
0.5414506793022156
0.720215916633606
0.587488055229187
0.678352952003479
0.7423934936523438
0.5179049968719482
0.3364715576171875
0.397442489862442
0.6306890249252319
0.5646592378616333
0.5920873880386353
0.7049777507781982
0.69682776927948
0.35678279399871826
0.698332667350769
0.3325763940811157
0.6475347876548767
0.4289071559906006
0.4971594214439392
0.6691969633102417
0.6036696434020996
0.4131648540496826
0.5518687963485718
0.5718207359313965
0.70148766040802
0.34116241335868835
0.7274314165115356
0.9213340282440186
0.4634735584259033
0.6672464609146118
0.648635983467102
0.59128737449646
0.5976462364196777
0.5953608751296997
0.68815016746521
0.3654479384422302
0.6288083791732788
0.6451123356819153
0.627626895904541
0.7603592872619629
0.2723914384841919
0.6546560525894165
0.6394956111907959
0.5791260004043579
0.7087305784225464
0.19043412804603577
0.6350208520889282
0.2610127627849579
0.564132809638977
0.7124388813972473
0.6482995748519897
0.6850115656852722
0.6963187456130981
0.647316038608551
0.4587326645851135
0.6869605779647827
0.628978967666626
0.542055606842041
0.5177373886108398
0.6890937089920044
0.6251360177993774
0.46894708275794983
0.20552682876586914
0.5430295467376709
0.6505377888679504
0.6298339366912842
0.6792486906051636
0.3131216764450073
0.654219925403595
0.6880228519439697
0.4182281494140625
0.4487176537513733
0.3627762496471405
0.1997883915901184
0.6912553906440735
0.3802303373813629
0.20781981945037842
0.30902278423309326
0.14077982306480408
0.7042007446289062
0.10324616730213165
0.7054795026779175
0.6580634713172913
0.5555475950241089
0.4942127466201782
0.6473038196563721
0.6725771427154541
0.4922513961791992
0.7283391952514648
0.6309547424316406
0.6002761125564575
0.6304419636726379
0.23571354150772095
0.048288971185684204
0.6733767986297607
0.6990963220596313
0.7447313070297241
0.44047653675079346
0.7205479741096497
0.6118402481079102
0.7497290968894958
0.6405854225158691
0.7116775512695312
0.668546736240387
0.1970546692609787
0.6322008371353149
0.7002827525138855
0.6189091801643372
0.7186828851699829
0.622143030166626
0.6153978109359741
0.5515584945678711
0.7487615346908569
0.7361705303192139
0.47101885080337524
0.6418390870094299
0.6357488036155701
0.7208379507064819
0.6523000001907349
0.49560898542404175
0.7162868976593018
0.6628550291061401
0.39436256885528564
0.7098029851913452
0.7038570046424866
0.6083959341049194
0.6852536201477051
0.7015269994735718
0.34384652972221375
0.39174404740333557
0.6820662021636963
0.555494487285614
0.600744903087616
0.5457261800765991
0.7967715263366699
0.522753894329071
0.5156673192977905
0.5315451622009277
0.4726390540599823
0.4677850008010864
0.7091532945632935
0.3776560127735138
0.5945994853973389
0.54526686668396
0.42283347249031067
0.7296267151832581
0.6440720558166504
0.2961641252040863
0.6120502948760986
0.32275325059890747
0.49173304438591003
0.6803512573242188
0.6096762418746948
0.6173720955848694
0.5420632362365723
0.6577748656272888
0.6811704635620117
0.5522644519805908
0.1831258088350296
0.3775343596935272
0.7247931361198425
0.5584911108016968
0.6902414560317993
0.5229348540306091
0.7030432820320129
0.427766352891922
0.5623230934143066
0.6693025827407837
0.7203329801559448
0.42949268221855164
0.6601681709289551
0.6465930342674255
0.2786393463611603
0.6846853494644165
0.2458212971687317
0.6826697587966919
0.6296445727348328
0.6991729736328125
0.18068435788154602
0.4597705602645874
0.8539788722991943
0.6633979082107544
0.1488875150680542
0.4150860607624054
0.49412286281585693
0.4225419759750366
0.65300053358078
0.5988293886184692
0.6822330951690674
0.47264838218688965
0.4179539680480957
0.49095597863197327
0.6034556031227112
0.12469252943992615
0.7132632732391357
0.7289999723434448
0.40952757000923157
0.7151983976364136
0.5440676808357239
0.49434295296669006
0.4793866276741028
0.5739038586616516
0.18990644812583923
0.4436854422092438
0.11027015745639801
0.14101499319076538
0.659703254699707
0.4043985903263092
0.6377648115158081
0.6784107685089111
0.6897581815719604
0.6883516311645508
0.2798134684562683
0.6955530643463135
0.7289233207702637
0.7609248161315918
0.1437770426273346
0.4177399277687073
0.6988911032676697
0.7242231369018555
0.6627469062805176
0.6226315498352051
0.5076807737350464
0.4408372640609741
0.6818035840988159
0.45621466636657715
0.49963539838790894
0.7715429067611694
0.4591584801673889
0.7745414972305298
0.6925075054168701
0.36228930950164795
0.5856328010559082
0.5949194431304932
0.5862796306610107
0.6704350709915161
0.7604871988296509
0.7622697949409485
0.10383941233158112
0.5516575574874878
0.4867057800292969
0.5090438723564148
0.35877811908721924
0.45913946628570557
0.504724383354187
0.37151914834976196
0.501012921333313
0.8364896774291992
0.7459574937820435
0.5403382182121277
0.5187125205993652
0.44018465280532837
0.5299516916275024
0.6519899368286133
0.7343586683273315
0.6437441110610962
0.6465247273445129
0.18523433804512024
0.6161792278289795
0.713610053062439
0.6483706831932068
0.6040831804275513
0.666061282157898
0.7507204413414001
0.5719143748283386
0.43453332781791687
0.6526355743408203
0.7131187915802002
0.5120310187339783
0.4478780925273895
0.15445424616336823
0.733073353767395
0.55695641040802
0.6555637121200562
0.5657244920730591
0.44349634647369385
0.5135461091995239
0.7043764591217041
0.7031934261322021
0.41668450832366943
0.5201847553253174
0.14067722856998444
0.5654762983322144
0.6521562337875366
0.6821553707122803
0.7255048751831055
0.5843824148178101
0.658010721206665
0.7196576595306396
0.720410943031311
0.7645775079727173
0.49216213822364807
0.4805806279182434
0.8019500970840454
0.7159481048583984
0.4651617407798767
0.6608330011367798
0.7979249954223633
0.6463598012924194
0.6395936608314514
0.5177373886108398
0.6467711925506592
0.5548831224441528
0.623797595500946
0.49256160855293274
0.3973481059074402
0.4363853931427002
0.7980200052261353
0.5566666126251221
0.6228405237197876
0.7313332557678223
0.5693237781524658
0.17602594196796417
0.4802156984806061
0.5884299278259277
0.6845390796661377
0.4588410556316376
0.5819969177246094
0.44577986001968384
0.3270091116428375
0.5315680503845215
0.7964638471603394
0.7671188116073608
0.7308947443962097
0.13305389881134033
0.7230411767959595
0.5118987560272217
0.5821009874343872
0.6419799327850342
0.32902300357818604
0.6539596319198608
0.6383808851242065
0.683006763458252
0.6713985800743103
0.41796284914016724
0.5553579926490784
0.6174346208572388
0.34327203035354614
0.660025954246521
0.22239802777767181
0.5218570828437805
0.4397958517074585
0.329854816198349
0.6743521690368652
0.33013278245925903
0.7309110164642334
0.4538145363330841
0.8329048156738281
0.5562215447425842
0.6687322854995728
0.7613584995269775
0.8362703323364258
0.25195133686065674
0.5227024555206299
0.6403297781944275
0.41261500120162964
0.2251216173171997
0.6376613974571228
0.6832549571990967
0.31069910526275635
0.633167028427124
0.6972068548202515
0.5335566997528076
0.40644973516464233
0.6036224365234375
0.11174464225769043
0.6047835350036621
0.7573596239089966
0.5067455768585205
0.5329830646514893
0.5347048044204712
0.6055511236190796
0.6080014705657959
0.7040791511535645
0.5800976753234863
0.4235302805900574
0.45310884714126587
0.3414805829524994
0.5489169359207153
0.31906870007514954
0.41472992300987244
0.13656564056873322
0.6677982807159424
0.6448788642883301
0.6933572292327881
0.45222246646881104
0.25000736117362976
0.6867477893829346
0.6431702375411987
0.6504367589950562
0.7379457354545593
0.7027269601821899
0.592984676361084
0.5674810409545898
0.3147691786289215
0.6487022638320923
0.42802828550338745
0.5194433331489563
0.48389726877212524
0.49093925952911377
0.2630305886268616
0.7167143821716309
0.5297960042953491
0.5812215805053711
0.5965853929519653
0.5759265422821045
0.5270273685455322
0.67151939868927
0.7121431827545166
0.6677178144454956
0.3915223479270935
0.5364260673522949
0.49959123134613037
0.5949340462684631
0.6203286647796631
0.05372273921966553
0.3084089457988739
0.7559453845024109
0.4450145363807678
0.6501351594924927
0.43746837973594666
0.40188875794410706
0.46244895458221436
0.7801550626754761
0.5847610235214233
0.2001740038394928
0.6288133263587952
0.42207515239715576
0.24736632406711578
0.5144538283348083
0.5673101544380188
0.5609397888183594
0.10207939147949219
0.6430383920669556
0.6356878280639648
0.45517298579216003
0.5044719576835632
0.4881800413131714
0.8566451072692871
0.6051603555679321
0.4144999384880066
0.7614084482192993
0.7301279306411743
0.468398779630661
0.6074989438056946
0.4060615599155426
0.579918622970581
0.2049909085035324
0.693081259727478
0.14103297889232635
0.5558580160140991
0.4261634349822998
0.6918871998786926
0.42593398690223694
0.5127418041229248
0.629361629486084
0.2099228799343109
0.6756972074508667
0.5912951231002808
0.703478991985321
0.7670354843139648
0.6048223972320557
0.5915507078170776
0.08922040462493896
0.5886961221694946
0.6580842733383179
0.3715469241142273
0.4246686100959778
0.3023608326911926
0.5300236344337463
0.11351273953914642
0.5616995096206665
0.24777916073799133
0.6291251182556152
0.5791932940483093
0.4674568772315979
0.5789594650268555
0.554874062538147
0.5528842806816101
0.6780480742454529
0.6984343528747559
0.37260761857032776
0.5373798608779907
0.6774070262908936
0.5973066091537476
0.5355788469314575
0.21575264632701874
0.3836061358451843
0.49238234758377075
0.6799059510231018
0.5406185388565063
0.7509738206863403
0.474109947681427
0.48647159337997437
0.7582663893699646
0.5794552564620972
0.1646089404821396
0.6215986013412476
0.6286622285842896
0.4984104633331299
0.19825676083564758
0.5788720846176147
0.6376611590385437
0.6814842224121094
0.7351888418197632
0.8192338943481445
0.6269271969795227
0.7328424453735352
0.4191231429576874
0.6917881965637207
0.6424726247787476
0.6362172365188599
0.5005091428756714
0.5733432769775391
0.48112815618515015
0.09033694863319397
0.6635348796844482
0.6531339883804321
0.21900510787963867
0.5684076547622681
0.6120563745498657
0.4759567975997925
0.6529934406280518
0.528194010257721
0.7205142974853516
0.7711532115936279
0.5898880958557129
0.5176523327827454
0.4795924425125122
0.8428835868835449
0.6810852289199829
0.6112827062606812
0.6581844091415405
0.7289018630981445
0.6589629054069519
0.5575119256973267
0.6365648508071899
0.37154826521873474
0.5755179524421692
0.7073718309402466
0.593984842300415
0.7060897350311279
0.6854270696640015
0.501630961894989
0.6671421527862549
0.44241955876350403
0.7259759902954102
0.42236998677253723
0.43658581376075745
0.6712024211883545
0.5020899176597595
0.6296799778938293
0.6413961052894592
0.2548241913318634
0.7056001424789429
0.35872703790664673
0.4637364447116852
0.3355938792228699
0.4780890941619873
0.6459848880767822
0.32278311252593994
0.37156373262405396
0.5849701762199402
0.3371846675872803
0.7184944152832031
0.5996578931808472
0.4938182234764099
0.6426174640655518
0.6434022188186646
0.5475891828536987
0.47363004088401794
0.4882045388221741
0.576274037361145
0.5754059553146362
0.7107573747634888
0.6415886878967285
0.44851601123809814
0.1484619677066803
0.6534181833267212
0.6744204759597778
0.8179595470428467
0.5669023990631104
0.6540266871452332
0.740222692489624
0.48407626152038574
0.2547059655189514
0.8154386281967163
0.6496868133544922
0.5991650223731995
0.5776390433311462
0.6308925151824951
0.3752743601799011
0.1819891631603241
0.6331039071083069
0.594865083694458
0.6718577146530151
0.6443161964416504
0.4964131712913513
0.6597721576690674
0.5333989858627319
0.592142641544342
0.6278607249259949
0.32576802372932434
0.5263232588768005
0.6400958299636841
0.7828024625778198
0.7264173030853271
0.42748066782951355
0.5008648633956909
0.5794155597686768
0.3059556484222412
0.6734781265258789
0.28912270069122314
0.5518782734870911
0.7977008819580078
0.16853782534599304
0.6127890348434448
0.5602761507034302
0.6526556015014648
0.7435925006866455
0.7277470827102661
0.37733250856399536
0.544980525970459
0.2846221625804901
0.6877589225769043
0.4127254784107208
0.6677042245864868
0.5259333848953247
0.6781942844390869
0.5240774154663086
0.15711629390716553
0.6422073841094971
0.6798778772354126
0.7011873722076416
0.5529586672782898
0.689935564994812
0.4261317253112793
0.6545524597167969
0.734459638595581
0.7418873310089111
0.47828951478004456
0.3812374472618103
0.660373866558075
0.5668253898620605
0.643473744392395
0.6067129373550415
0.5752458572387695
0.579774022102356
0.7465546727180481
0.7145559787750244
0.5609789490699768
0.5415019989013672
0.6576650738716125
0.653030276298523
0.6517399549484253
0.7825375199317932
0.2857251465320587
0.6157686710357666
0.8649922609329224
0.44246622920036316
0.6607520580291748
0.53940349817276
0.4370664358139038
0.21085882186889648
0.6813367605209351
0.38444989919662476
0.7814821004867554
0.4790574908256531
0.6711691617965698
0.5776032209396362
0.6323051452636719
0.6740115880966187
0.4654436707496643
0.6163530349731445
0.6484469771385193
0.3402829170227051
0.28510862588882446
0.9200519323348999
0.3508455157279968
0.710411548614502
0.5048015117645264
0.35657045245170593
0.4032839834690094
0.5665547847747803
0.11566638946533203
0.4990578591823578
0.5114798545837402
0.6486446857452393
0.6709164977073669
0.6620720624923706
0.6574708223342896
0.5106583833694458
0.6244314312934875
0.6058253049850464
0.7145925760269165
0.271446168422699
0.5678248405456543
0.5601006746292114
0.7085258960723877
0.5051674842834473
0.7034701704978943
0.5946152806282043
0.5373402833938599
0.44403693079948425
0.6369024515151978
0.6053758263587952
0.64068603515625
0.47099769115448
0.6626344323158264
0.3140309453010559
0.6291090250015259
0.20725342631340027
0.7343910932540894
0.472396582365036
0.7651193737983704
0.4823627769947052
0.7256784439086914
0.7821159362792969
0.5594732761383057
0.6882641315460205
0.5664405822753906
0.5576033592224121
0.7293921709060669
0.5045654773712158
0.7567448616027832
0.7140147686004639
0.5013383030891418
0.3366391062736511
0.5495159029960632
0.6506819725036621
0.5472589135169983
0.6789993047714233
0.438954621553421
0.6332076787948608
0.3444666564464569
0.7862039804458618
0.5295127630233765
0.4526161551475525
0.3591538667678833
0.7555225491523743
0.27855783700942993
0.38934749364852905
0.698209822177887
0.14498600363731384
0.7408590316772461
0.7160923480987549
0.26922979950904846
0.3071138262748718
0.6108514070510864
0.28366538882255554
0.3691466450691223
0.5748891830444336
0.5872727632522583
0.7575631141662598
0.44888749718666077
0.6035149097442627
0.13703635334968567
0.6539719700813293
0.49680519104003906
0.5378270149230957
0.6837676763534546
0.4500545263290405
0.41491788625717163
0.47671008110046387
0.7618292570114136
0.5519586801528931
0.6818660497665405
0.8487114906311035
0.4566379487514496
0.7255756258964539
0.29755333065986633
0.4334699213504791
0.6220253705978394
0.7971158027648926
0.5572944283485413
0.6922481060028076
0.7309194207191467
0.5695746541023254
0.7242863178253174
0.6408487558364868
0.4789135754108429
0.7046469449996948
0.4712974429130554
0.5944668650627136
0.5258095264434814
0.19701148569583893
0.2240479290485382
0.4656227231025696
0.38414841890335083
0.2879016399383545
0.6204408407211304
0.5748705863952637
0.5699177980422974
0.6063888072967529
0.6876260042190552
0.5340358018875122
0.43558597564697266
0.7400829792022705
0.5615900754928589
0.4949224293231964
0.27622929215431213
0.16086462140083313
0.514183521270752
0.5300661325454712
0.5177768468856812
0.4731077551841736
0.4171704649925232
0.47361308336257935
0.716925859451294
0.6348457932472229
0.5987246036529541
0.5368483662605286
0.36816293001174927
0.6049051284790039
0.5493159890174866
0.6232452392578125
0.711830735206604
0.37051230669021606
0.6191017627716064
0.511664628982544
0.6059653162956238
0.664762556552887
0.5267470479011536
0.4265362024307251
0.2796536982059479
0.6827108263969421
0.3661835193634033
0.2561522126197815
0.390340656042099
0.3273109793663025
0.6889858245849609
0.7314556837081909
0.5534427165985107
0.5947916507720947
0.5322917103767395
0.09842722117900848
0.6784813404083252
0.535460352897644
0.6565217971801758
0.5164089202880859
0.5493978261947632
0.4398929178714752
0.33208736777305603
0.5601712465286255
0.4049409031867981
0.2608649730682373
0.5915956497192383
0.22444738447666168
0.6032204031944275
0.6128007173538208
0.5352760553359985
0.4108733534812927
0.4893282353878021
0.7361800670623779
0.5384732484817505
0.4391360580921173
0.3054654896259308
0.45382440090179443
0.5845985412597656
0.5777417421340942
0.6110126972198486
0.6316744685173035
0.7189743518829346
0.6027506589889526
0.32538366317749023
0.670134425163269
0.5686790943145752
0.7249647378921509
0.6611220240592957
0.3568227291107178
0.3707773983478546
0.5966334342956543
0.546914279460907
0.34127023816108704
0.6776092052459717
0.5941287279129028
0.39073920249938965
0.6603010892868042
0.7154151201248169
0.5382193326950073
0.5557358264923096
0.6860620975494385
0.11787557601928711
0.47923046350479126
0.7703206539154053
0.7550968527793884
0.5357644557952881
0.5138393640518188
0.6249423027038574
0.7038543820381165
0.6793524622917175
0.7176713943481445
0.7560204267501831
0.23936758935451508
0.4471896290779114
0.5922056436538696
0.22632907330989838
0.5386278033256531
0.5444567203521729
0.5955185890197754
0.6072193384170532
0.6637309789657593
0.5079711675643921
0.6083024740219116
0.44136086106300354
0.6348779797554016
0.5742299556732178
0.33368632197380066
0.7332286834716797
0.47708263993263245
0.593346357345581
0.707197904586792
0.6352083683013916
0.6277316808700562
0.6017931699752808
0.4884406626224518
0.5402320623397827
0.2814832627773285
0.7178971767425537
0.5398299694061279
0.6353201866149902
0.5073620080947876
0.5672082304954529
0.6062302589416504
0.4926021099090576
0.4721258878707886
0.3683510422706604
0.6878963708877563
0.40581193566322327
0.578905463218689
0.29875630140304565
0.41759806871414185
0.47550565004348755
0.5954850912094116
0.507660448551178
0.5293194055557251
0.7270088195800781
0.5807315707206726
0.6273354291915894
0.5465695858001709
0.4076084792613983
0.3481194078922272
0.7520188689231873
0.5883598327636719
0.5025379657745361
0.32607030868530273
0.6680011749267578
0.4503493905067444
0.20296616852283478
0.3420891761779785
0.6937620639801025
0.7135396003723145
0.626721978187561
0.652582049369812
0.7359931468963623
0.7716360092163086
0.48940950632095337
0.6948868036270142
0.6122433543205261
0.7497381567955017
0.7392463684082031
0.19649413228034973
0.7123286724090576
0.1451314240694046
0.6696512699127197
0.5846822261810303
0.4364563822746277
0.333583265542984
0.7027288675308228
0.6617696285247803
0.7011504173278809
0.45138299465179443
0.7672653198242188
0.4972470998764038
0.3269442915916443
0.32754945755004883
0.7969166040420532
0.7542903423309326
0.5833299160003662
0.5849258899688721
0.2012656033039093
0.722442626953125
0.3625549077987671
0.5114706754684448
0.5298194885253906
0.5428422093391418
0.2020360678434372
0.6546493768692017
0.24199512600898743
0.6576578617095947
0.289095938205719
0.5537611246109009
0.5335631370544434
0.21145345270633698
0.4860367178916931
0.3568555414676666
0.6528294086456299
0.6213265657424927
0.8112814426422119
0.8198500871658325
0.6033961772918701
0.4536901116371155
0.7356841564178467
0.5762290358543396
0.7056194543838501
0.5776645541191101
0.4667801856994629
0.4974302053451538
0.7310603857040405
0.5851365327835083
0.6760725975036621
0.6950496435165405
0.16792719066143036
0.0883849710226059
0.2064371258020401
0.2017030417919159
0.6185169816017151
0.6391041278839111
0.5050776600837708
0.5508971214294434
0.5703040957450867
0.5145993232727051
0.7954169511795044
0.671995997428894
0.6652776002883911
0.7078932523727417
0.6528184413909912
0.6193188428878784
0.671363353729248
0.7328903675079346
0.6474453210830688
0.5232327580451965
0.7141485214233398
0.6392438411712646
0.43147748708724976
0.6086584329605103
0.5520932078361511
0.6490715742111206
0.7451796531677246
0.5452385544776917
0.6574797630310059
0.5315850973129272
0.6418002843856812
0.42756909132003784
0.40966981649398804
0.7291717529296875
0.7247323393821716
0.7036714553833008
0.6745474338531494
0.765709400177002
0.8452147245407104
0.6305797100067139
0.6820999383926392
0.7864850759506226
0.4440709054470062
0.6801161766052246
0.6748719215393066
0.16928383708000183
0.6387149095535278
0.7219313383102417
0.7123475670814514
0.7759631872177124
0.6961295008659363
0.4857550859451294
0.29619646072387695
0.3428094983100891
0.6625304222106934
0.84340500831604
0.7029427289962769
0.25097671151161194
0.5889334678649902
0.6951533555984497
0.40889084339141846
0.6326925754547119
0.6503517627716064
0.2543731927871704
0.6748298406600952
0.7273329496383667
0.7085217833518982
0.21087852120399475
0.5869330167770386
0.6741207838058472
0.6599444150924683
0.31247058510780334
0.5371381044387817
0.36776795983314514
0.6180685758590698
0.5375272035598755
0.7560310363769531
0.4660648703575134
0.22635582089424133
0.4113061726093292
0.5443828105926514
0.20353396236896515
0.6514891386032104
0.11123208701610565
0.41902434825897217
0.6799765825271606
0.33710774779319763
0.5384224057197571
0.2950275242328644
0.3779269754886627
0.44362613558769226
0.6388039588928223
0.6327089071273804
0.6352725028991699
0.5282352566719055
0.14913979172706604
0.7469450831413269
0.5631095170974731
0.11108553409576416
0.6248613595962524
0.5713496208190918
0.7529212236404419
0.7018650770187378
0.7043595314025879
0.5855280160903931
0.2554209530353546
0.5538247227668762
0.7579054236412048
0.703575849533081
0.6579948663711548
0.7261431217193604
0.16379530727863312
0.3341149389743805
0.39583444595336914
0.7252824306488037
0.7114201188087463
0.508636474609375
0.2286393791437149
0.724219024181366
0.6306939125061035
0.7396217584609985
0.6679967641830444
0.6978243589401245
0.45999354124069214
0.07206271588802338
0.22562959790229797
0.5606011152267456
0.7031664252281189
0.6757082939147949
0.19872814416885376
0.5923987627029419
0.7167237997055054
0.6060874462127686
0.6599986553192139
0.5560586452484131
0.4214108884334564
0.6425965428352356
0.6691666841506958
0.3377539813518524
0.6113609075546265
0.18442218005657196
0.34805741906166077
0.5839855074882507
0.7610670328140259
0.3892132639884949
0.21164283156394958
0.5203002691268921
0.6783784031867981
0.546162486076355
0.7920337915420532
0.5353338718414307
0.44080132246017456
0.75483238697052
0.37048402428627014
0.5770621299743652
0.5636134147644043
0.7420862913131714
0.520805835723877
0.6981487274169922
0.7083914279937744
0.3162371814250946
0.33316266536712646
0.3774118423461914
0.6500179171562195
0.5518004894256592
0.7510967254638672
0.6293022036552429
0.6249562501907349
0.6022870540618896
0.6828770637512207
0.7190501689910889
0.3865973651409149
0.703040599822998
0.7665596008300781
0.48209354281425476
0.6311264038085938
0.6208329200744629
0.7089402079582214
0.6726514101028442
0.5502469539642334
0.5055072903633118
0.6036639213562012
0.2332337498664856
0.7019661664962769
0.6710169315338135
0.5714360475540161
0.6054142713546753
0.6678560972213745
0.5285899043083191
0.7796798348426819
0.744537353515625
0.5430310964584351
0.5076864361763
0.46374982595443726
0.5366080403327942
0.5577247738838196
0.5964822173118591
0.44688084721565247
0.7803323864936829
0.4603821933269501
0.608272910118103
0.1381964236497879
0.5420078039169312
0.5200413465499878
0.3336200714111328
0.3940909504890442
0.27161353826522827
0.695799708366394
0.2405664622783661
0.40098223090171814
0.6998894214630127
0.36341166496276855
0.7060113549232483
0.7313666939735413
0.638946533203125
0.6486274600028992
0.6867387890815735
0.7238365411758423
0.42040038108825684
0.6983063220977783
0.5776693820953369
0.5874068140983582
0.6860576868057251
0.367215633392334
0.22538302838802338
0.7210499048233032
0.44423580169677734
0.5575263500213623
0.682583212852478
0.5154753923416138
0.7057620286941528
0.7115161418914795
0.6861139535903931
0.7206428050994873
0.36540448665618896
0.723236083984375
0.5822278261184692
0.656211793422699
0.6470718383789062
0.6218370199203491
0.7734960317611694
0.5553200244903564
0.5950453281402588
0.5993262529373169
0.690803050994873
0.7169170379638672
0.27231499552726746
0.7611051797866821
0.6595357656478882
0.6386590003967285
0.4526345133781433
0.6445809602737427
0.7673495411872864
0.8388749361038208
0.6351964473724365
0.5538310408592224
0.5163657665252686
0.630884051322937
0.6702520847320557
0.46854960918426514
0.6110553741455078
0.6572977304458618
0.7050256133079529
0.4133984446525574
0.38324061036109924
0.6380175352096558
0.2550191581249237
0.330283522605896
0.7049354314804077
0.6053006649017334
0.22974181175231934
0.6235933303833008
0.48472195863723755
0.24712330102920532
0.40342992544174194
0.4699461758136749
0.7985725402832031
0.6569315195083618
0.6299649477005005
0.6832584738731384
0.6967137455940247
0.5537635087966919
0.539330244064331
0.6507527232170105
0.17957329750061035
0.6876612901687622
0.344840943813324
0.5876836776733398
0.7218402028083801
0.6350572109222412
0.627338171005249
0.41745367646217346
0.5972657203674316
0.15745462477207184
0.7583553791046143
0.5687096118927002
0.5134899616241455
0.5216010212898254
0.647212564945221
0.7025518417358398
0.5251597762107849
0.7161321043968201
0.15310832858085632
0.6202009916305542
0.6497653126716614
0.6311632394790649
0.6044741868972778
0.7807986736297607
0.6445406675338745
0.6519800424575806
0.5596840381622314
0.5504128336906433
0.6428383588790894
0.1854945421218872
0.6064357757568359
0.6627097725868225
0.36783960461616516
0.35823488235473633
0.276178240776062
0.6757516860961914
0.7668893337249756
0.6883872747421265
0.7486658096313477
0.6815953254699707
0.33803924918174744
0.5070022344589233
0.7439228296279907
0.619529128074646
0.7150263786315918
0.7899224758148193
0.36745184659957886
0.45913735032081604
0.5309184789657593
0.5952911376953125
0.6980883479118347
0.38829126954078674
0.49538150429725647
0.37590405344963074
0.6830804347991943
0.7118523716926575
0.4617604911327362
0.639938473701477
0.5494756698608398
0.7037299871444702
0.0950385332107544
0.4914570450782776
0.281901478767395
0.3202172517776489
0.5405051708221436
0.7403653860092163
0.4345319867134094
0.5641908645629883
0.7369048595428467
0.48946309089660645
0.6530170440673828
0.7216218709945679
0.4350582957267761
0.45625990629196167
0.7026299834251404
0.7303347587585449
0.5645616054534912
0.311821848154068
0.540460467338562
0.7423453330993652
0.5536453127861023
0.4016740322113037
0.6455215215682983
0.6016732454299927
0.35973942279815674
0.7964246273040771
0.6158750057220459
0.6018737554550171
0.6611998677253723
0.4335816204547882
0.32329756021499634
0.3407435119152069
0.2972458600997925
0.599225640296936
0.5044376254081726
0.7144148945808411
0.6028107404708862
0.6486830711364746
0.7077508568763733
0.6854844093322754
0.4396919906139374
0.4862480163574219
0.46928513050079346
0.5330182909965515
0.6654913425445557
0.5771456360816956
0.5556308031082153
0.6303379535675049
0.2159992903470993
0.4205072224140167
0.7457354068756104
0.7184863090515137
0.47154584527015686
0.5738321542739868
0.586281418800354
0.6309008598327637
0.6151749491691589
0.5664939880371094
0.6062266826629639
0.6250925064086914
0.47273749113082886
0.4833099842071533
0.5343359708786011
0.5546025037765503
0.7653911113739014
0.27398544549942017
0.43314269185066223
0.3794548511505127
0.6281254887580872
0.8108735084533691
0.4556237459182739
0.6716992855072021
0.6424219608306885
0.4998651146888733
0.7525379657745361
0.5477412343025208
0.4593767821788788
0.43722784519195557
0.6288584470748901
0.6401978731155396
0.7087473273277283
0.47739118337631226
0.4709168076515198
0.6657992601394653
0.24691972136497498
0.37041008472442627
0.7868196964263916
0.7843906879425049
0.3454495370388031
0.16812169551849365
0.6409997940063477
0.5818260908126831
0.262308269739151
0.23423200845718384
0.47201284766197205
0.4839346408843994
0.2023235708475113
0.40740156173706055
0.42459410429000854
0.8391945362091064
0.5245866775512695
0.15311329066753387
0.4966135025024414
0.6119859218597412
0.2184673249721527
0.13236567378044128
0.6048269867897034
0.17642155289649963
0.5872831344604492
0.7035790681838989
0.6079062223434448
0.6379503011703491
0.5546869039535522
0.25984299182891846
0.6065446138381958
0.6633096933364868
0.4442969262599945
0.25250256061553955
0.6315410137176514
0.6524903774261475
0.5653494596481323
0.641446590423584
0.735491156578064
0.6301795244216919
0.7166069746017456
0.683876633644104
0.6704562902450562
0.630940318107605
0.30414947867393494
0.5587211847305298
0.6291936635971069
0.42606329917907715
0.3955572843551636
0.1975765824317932
0.6354570388793945
0.7365298271179199
0.6009931564331055
0.5144896507263184
0.6131124496459961
0.6684412956237793
0.6954910755157471
0.6314597129821777
0.6623181700706482
0.41865023970603943
0.4270087480545044
0.3862096667289734
0.5614427328109741
0.38387295603752136
0.6866351366043091
0.24453920125961304
0.693069338798523
0.26392680406570435
0.6259618997573853
0.5498793721199036
0.41329362988471985
0.6899173259735107
0.4954415559768677
0.6405323147773743
0.49095219373703003
0.21343430876731873
0.43933501839637756
0.23676878213882446
0.3520047664642334
0.14471347630023956
0.5884346961975098
0.7574008703231812
0.5176239013671875
0.6248151063919067
0.690120279788971
0.15878434479236603
0.6059936285018921
0.18293815851211548
0.6433347463607788
0.6562451124191284
0.7099810838699341
0.7282059192657471
0.7000207901000977
0.6446356773376465
0.583197832107544
0.6616690158843994
0.4159206748008728
0.7097464799880981
0.7310124635696411
0.7013112306594849
0.6024763584136963
0.24194097518920898
0.6045684814453125
0.6103400588035583
0.45522865653038025
0.5282020568847656
0.6235846281051636
0.39248985052108765
0.5559145212173462
0.4169149696826935
0.3097641170024872
0.630536675453186
0.6099526882171631
0.5700041055679321
0.6747178435325623
0.5694501399993896
0.6371350288391113
0.49462875723838806
0.6658781170845032
0.6267439126968384
0.43472835421562195
0.6982505321502686
0.7992160320281982
0.6560697555541992
0.3231484591960907
0.485845685005188
0.5658161044120789
0.5233124494552612
0.6218360066413879
0.6311357021331787
0.22067946195602417
0.6679738759994507
0.5868439674377441
0.42089587450027466
0.3361014723777771
0.6404169797897339
0.6338621377944946
0.14735521376132965
0.5827372074127197
0.5788354277610779
0.6344290971755981
0.22265763580799103
0.7497825026512146
0.1486455798149109
0.5945144891738892
0.5233421325683594
0.5073825120925903
0.2800881862640381
0.7318993806838989
0.36375415325164795
0.5546137094497681
0.3623411953449249
0.2020208239555359
0.17299586534500122
0.10568876564502716
0.4842612147331238
0.659393310546875
0.6407344341278076
0.5100672245025635
0.73764568567276
0.3712019920349121
0.5522406101226807
0.5846400260925293
0.5778242945671082
0.6713776588439941
0.39795881509780884
0.577023983001709
0.4703137278556824
0.3272918164730072
0.6785678267478943
0.5647125244140625
0.6504784822463989
0.514445424079895
0.6036639213562012
0.7693698406219482
0.44122207164764404
0.644274115562439
0.6611864566802979
0.061521440744400024
0.7202877998352051
0.6642547845840454
0.508279025554657
0.39735764265060425
0.6701109409332275
0.5398032665252686
0.6280914545059204
0.3990527391433716
0.3786306381225586
0.7372952699661255
0.5591748952865601
0.4510972499847412
0.4157288074493408
0.30249282717704773
0.48764899373054504
0.6385395526885986
0.07260677218437195
0.7452372908592224
0.5438201427459717
0.8056493997573853
0.10629928112030029
0.4137393832206726
0.548478901386261
0.5062432289123535
0.30004915595054626
0.6738003492355347
0.21658243238925934
0.4679147005081177
0.46251434087753296
0.5522584319114685
0.7515792846679688
0.5685179233551025
0.5077797174453735
0.3769133687019348
0.6190221309661865
0.916609525680542
0.7391592264175415
0.537889838218689
0.47375553846359253
0.6676920652389526
0.6258571147918701
0.5615041255950928
0.5004961490631104
0.6350877285003662
0.4295654296875
0.7562631368637085
0.5288248658180237
0.6443800926208496
0.7736800909042358
0.7121505737304688
0.47011053562164307
0.43911999464035034
0.6885830163955688
0.46706342697143555
0.7409314513206482
0.6550123691558838
0.3021516799926758
0.46231454610824585
0.657172679901123
0.7356324195861816
0.4093587100505829
0.6515625715255737
0.46638983488082886
0.6813532114028931
0.8317611217498779
0.6757615804672241
0.4901384711265564
0.6287958025932312
0.6137793064117432
0.4948369860649109
0.6905494928359985
0.6087450981140137
0.7251585721969604
0.5212407112121582
0.4534444808959961
0.5610029697418213
0.16982626914978027
0.7255666255950928
0.5387688875198364
0.5854379534721375
0.7846845388412476
0.5534499883651733
0.6252585053443909
0.582302451133728
0.7521827220916748
0.41726216673851013
0.5520696640014648
0.8029778003692627
0.6592055559158325
0.655564546585083
0.6769183278083801
0.2816530764102936
0.636957585811615
0.6783124208450317
0.7655924558639526
0.6165421009063721
0.7051619291305542
0.6491273641586304
0.43315213918685913
0.7759031057357788
0.24607989192008972
0.7828124761581421
0.5930853486061096
0.6452904939651489
0.6239610910415649
0.49251672625541687
0.36249542236328125
0.6159350872039795
0.5499431490898132
0.5000091791152954
0.28403061628341675
0.6619912385940552
0.5236635804176331
0.6656979918479919
0.5355724096298218
0.739418625831604
0.6885787844657898
0.5649656653404236
0.2837649881839752
0.5771437883377075
0.11107771098613739
0.6961961984634399
0.4653134346008301
0.6865196228027344
0.6742080450057983
0.5810813903808594
0.5236773490905762
0.6670196056365967
0.6883286833763123
0.5763101577758789
0.3831833004951477
0.4728521704673767
0.8254899978637695
0.5969770550727844
0.6327818632125854
0.3640977740287781
0.6541532874107361
0.5570111870765686
0.6091051697731018
0.12357348203659058
0.6422184705734253
0.36985453963279724
0.7015171051025391
0.29955238103866577
0.5077792406082153
0.6007707118988037
0.43007540702819824
0.6375564336776733
0.38513603806495667
0.515826940536499
0.504014253616333
0.27786675095558167
0.6669415235519409
0.6630527973175049
0.7861602306365967
0.5930273532867432
0.6510460376739502
0.6190012693405151
0.19151917099952698
0.6581690311431885
0.702907919883728
0.6968338489532471
0.5592031478881836
0.5595124959945679
0.6641198396682739
0.7442706823348999
0.6507234573364258
0.5970677137374878
0.2908417284488678
0.6569451093673706
0.6643626689910889
0.5915281772613525
0.6877120733261108
0.6312077045440674
0.6792556047439575
0.7800769209861755
0.18818390369415283
0.6653164625167847
0.23112565279006958
0.34859856963157654
0.6539452075958252
0.5773342847824097
0.6952239274978638
0.13425174355506897
0.6015679836273193
0.6391391754150391
0.6212558746337891
0.6267974376678467
0.7046190500259399
0.25044170022010803
0.6486910581588745
0.16427193582057953
0.730277419090271
0.7508335113525391
0.5918121337890625
0.40933114290237427
0.12474621832370758
0.36856257915496826
0.4651889204978943
0.6004601716995239
0.5990337133407593
0.572667121887207
0.6885912418365479
0.6400402784347534
0.4199409484863281
0.7127972841262817
0.4515436589717865
0.7362430095672607
0.30824780464172363
0.17521187663078308
0.223246231675148
0.6227098703384399
0.7345569133758545
0.5759580135345459
0.5444352626800537
0.4609561860561371
0.6196438074111938
0.603287398815155
0.6789776682853699
0.6323056817054749
0.6724531650543213
0.3770274519920349
0.6613766551017761
0.6902638673782349
0.3870425224304199
0.6334595680236816
0.686597466468811
0.45126718282699585
0.42996957898139954
0.6817049980163574
0.6080516576766968
0.587195634841919
0.5701496601104736
0.5682910680770874
0.8687247037887573
0.7726048231124878
0.6781754493713379
0.21142029762268066
0.5068455934524536
0.855994701385498
0.6393938064575195
0.6457793712615967
0.46185949444770813
0.6141266822814941
0.6701486706733704
0.5929239988327026
0.1452072709798813
0.4076768755912781
0.6649796962738037
0.5662397146224976
0.46134069561958313
0.30431437492370605
0.6865113973617554
0.3629201352596283
0.19024799764156342
0.5532729625701904
0.8157633543014526
0.6507750749588013
0.6018080711364746
0.7115488052368164
0.5269167423248291
0.06428655982017517
0.4273454546928406
0.6466119885444641
0.679693341255188
0.5874621868133545
0.6382107138633728
0.652189314365387
0.7215303182601929
0.26415836811065674
0.7236369848251343
0.48104938864707947
0.5869179964065552
0.5272850394248962
0.5382163524627686
0.7343558073043823
0.43453168869018555
0.19367460906505585
0.6464489102363586
0.5634851455688477
0.570034384727478
0.3490723669528961
0.580036461353302
0.5848368406295776
0.6219404935836792
0.2768607437610626
0.3870699405670166
0.6791472434997559
0.6041975021362305
0.5792499780654907
0.43071794509887695
0.4495900869369507
0.7035087943077087
0.6203063726425171
0.6984343528747559
0.5417025685310364
0.45728734135627747
0.3472011387348175
0.46738359332084656
0.5987416505813599
0.307903528213501
0.5190190076828003
0.3079078495502472
0.3889448642730713
0.6073026657104492
0.6466972827911377
0.34018105268478394
0.5847567319869995
0.724921464920044
0.39702749252319336
0.1858334243297577
0.5041234493255615
0.4013064503669739
0.560792088508606
0.7215089797973633
0.21205037832260132
0.09073363244533539
0.5949787497520447
0.5980277061462402
0.6776547431945801
0.7424008250236511
0.40909281373023987
0.316089391708374
0.4162924587726593
0.7373713254928589
0.4491230845451355
0.6934138536453247
0.6157481670379639
0.7370055913925171
0.6817483901977539
0.29999661445617676
0.6475250124931335
0.5461752414703369
0.7212300300598145
0.66741943359375
0.17410433292388916
0.16507703065872192
0.6026397943496704
0.6228700876235962
0.2835334837436676
0.6341185569763184
0.5768585801124573
0.133048415184021
0.640674352645874
0.7197389006614685
0.12208321690559387
0.7235847115516663
0.6659513711929321
0.6606824398040771
0.042270153760910034
0.6339899301528931
0.5585716962814331
0.4378504753112793
0.432456374168396
0.7751449346542358
0.5511479377746582
0.28259438276290894
0.779274582862854
0.40386176109313965
0.6278997659683228
0.675391435623169
0.6850675344467163
0.5279781818389893
0.4838613271713257
0.6220859289169312
0.5938702821731567
0.5340383052825928
0.7536031007766724
0.729314923286438
0.45144081115722656
0.699607253074646
0.5715341567993164
0.6544317007064819
0.7313615083694458
0.6539735794067383
0.6035068035125732
0.5617827773094177
0.6368588209152222
0.37747490406036377
0.39198338985443115
0.3988465368747711
0.43654337525367737
0.5114380121231079
0.564635157585144
0.7538772821426392
0.5770629048347473
0.5569416284561157
0.4093586802482605
0.6405047178268433
0.6115955114364624
0.6821455955505371
0.4591755270957947
0.7081704139709473
0.46238887310028076
0.46557003259658813
0.6374305486679077
0.7790876626968384
0.29633814096450806
0.57305908203125
0.3014802038669586
0.6679069399833679
0.6755435466766357
0.7381496429443359
0.3021056652069092
0.5080922842025757
0.6641536951065063
0.6289453506469727
0.6643270254135132
0.6616246104240417
0.3065011501312256
0.4689696431159973
0.2827703058719635
0.7011557221412659
0.5363383293151855
0.6627224683761597
0.3007992208003998
0.5506358742713928
0.667894721031189
0.38006559014320374
0.29608049988746643
0.6209839582443237
0.6720156669616699
0.7078112363815308
0.40893957018852234
0.20185475051403046
0.5600570440292358
0.6765557527542114
0.6519795656204224
0.531746506690979
0.3976970613002777
0.6343377828598022
0.4509264826774597
0.763099193572998
0.2732912302017212
0.7104545831680298
0.5971409678459167
0.19053789973258972
0.498637855052948
0.4992678761482239
0.6067833304405212
0.6120287179946899
0.520028829574585
0.6319105625152588
0.5662349462509155
0.7526564598083496
0.3695911765098572
0.22830280661582947
0.4305172860622406
0.6603076457977295
0.23478436470031738
0.642406702041626
0.6612334847450256
0.7784310579299927
0.6302273869514465
0.72553950548172
0.514410138130188
0.45730873942375183
0.2191285490989685
0.48453760147094727
0.5392869710922241
0.6743959188461304
0.4377676248550415
0.17982622981071472
0.6070275902748108
0.7232020497322083
0.7129815220832825
0.6879725456237793
0.5659289360046387
0.7007584571838379
0.5993936657905579
0.7921271324157715
0.5125936269760132
0.5409829616546631
0.6536538600921631
0.5552471876144409
0.4652414917945862
0.674083948135376
0.5260830521583557
0.6780505180358887
0.08277520537376404
0.6077196598052979
0.6764459609985352
0.6474604606628418
0.5358466506004333
0.6965389251708984
0.40039101243019104
0.5786327123641968
0.30821558833122253
0.24180534482002258
0.4958997368812561
0.3179923892021179
0.15862691402435303
0.7130566835403442
0.5460445880889893
0.4858890771865845
0.5796750783920288
0.68306565284729
0.6455456018447876
0.18899968266487122
0.6525915861129761
0.6373578310012817
0.48193469643592834
0.6698449850082397
0.4729987382888794
0.4843044877052307
0.5310090184211731
0.5507529973983765
0.6453914642333984
0.6773128509521484
0.6546165943145752
0.6959608793258667
0.6709151268005371
0.6274161338806152
0.6165574789047241
0.608475923538208
0.5857704877853394
0.5633566379547119
0.5427001714706421
0.7274601459503174
0.5809082984924316
0.09615680575370789
0.5741174221038818
0.687493085861206
0.6635256409645081
0.5753297209739685
0.313152015209198
0.7229446172714233
0.36907511949539185
0.39499881863594055
0.6562064290046692
0.32901284098625183
0.5088900923728943
0.49151286482810974
0.1462569236755371
0.7535629272460938
0.42882806062698364
0.468417763710022
0.6905181407928467
0.7810699343681335
0.4205343723297119
0.4685627818107605
0.6090786457061768
0.16309265792369843
0.7710230350494385
0.6628121137619019
0.6525133848190308
0.23244938254356384
0.5394304394721985
0.6494907140731812
0.615465521812439
0.7175960540771484
0.45620211958885193
0.5096385478973389
0.5274600386619568
0.4851076006889343
0.6933461427688599
0.5309782028198242
0.26975029706954956
0.6708683967590332
0.5731980800628662
0.6922067999839783
0.4801936745643616
0.6898391246795654
0.3513454496860504
0.6661030650138855
0.7785352468490601
0.47443079948425293
0.6131899356842041
0.6459653973579407
0.4892658591270447
0.49727675318717957
0.6277458667755127
0.5119882822036743
0.6554443836212158
0.5069050788879395
0.44137275218963623
0.7068188190460205
0.6813693642616272
0.1873357594013214
0.5142288208007812
0.7195789813995361
0.2913191020488739
0.5431723594665527
0.7383615970611572
0.2040511816740036
0.689915120601654
0.8092944622039795
0.6533129811286926
0.3604896366596222
0.5236958265304565
0.3926349878311157
0.6435384750366211
0.651429295539856
0.5043607354164124
0.46725285053253174
0.6913753747940063
0.6749939918518066
0.643404483795166
0.6384170651435852
0.20871147513389587
0.6110436916351318
0.45623457431793213
0.6369174718856812
0.5675715208053589
0.5858071446418762
0.5037207007408142
0.6324846744537354
0.43147552013397217
0.712072491645813
0.31446999311447144
0.509438157081604
0.6847093105316162
0.6266230344772339
0.6431213617324829
0.4666752219200134
0.45802128314971924
0.4829446077346802
0.6679186820983887
0.32180124521255493
0.5693386793136597
0.4647584557533264
0.33405953645706177
0.6353979110717773
0.765733003616333
0.3681672513484955
0.5019263625144958
0.5019764304161072
0.6362171173095703
0.5621844530105591
0.24142272770404816
0.5200780630111694
0.6939772367477417
0.5361900329589844
0.5704575777053833
0.46149301528930664
0.5090136528015137
0.6494179964065552
0.6848608255386353
0.7765830755233765
0.5403764247894287
0.5603381395339966
0.6155374050140381
0.6682786345481873
0.4586792588233948
0.6944193840026855
0.6891737580299377
0.6737585663795471
0.6082186698913574
0.6381747722625732
0.3243583142757416
0.7395668029785156
0.6050964593887329
0.31880486011505127
0.5690634250640869
0.6560205817222595
0.6380041837692261
0.6293203830718994
0.4279613494873047
0.654960036277771
0.7428531646728516
0.6990372538566589
0.7373164892196655
0.22904734313488007
0.6528576612472534
0.6895802021026611
0.7689741849899292
0.6280175447463989
0.537919819355011
0.5432045459747314
0.4599063992500305
0.2525871694087982
0.5788416266441345
0.765778124332428
0.32629650831222534
0.542739987373352
0.279228538274765
0.5834800601005554
0.6003944873809814
0.6730936765670776
0.4404275715351105
0.4011956453323364
0.6855098009109497
0.4031251072883606
0.2959451973438263
0.5647125244140625
0.6991156339645386
0.3326541483402252
0.647981584072113
0.10133053362369537
0.4592372179031372
0.6967255473136902
0.7062530517578125
0.5175285339355469
0.687108039855957
0.6126036643981934
0.6310344934463501
0.0898626297712326
0.3983016610145569
0.7395642995834351
0.3583114445209503
0.38979050517082214
0.3384472131729126
0.45981377363204956
0.4107840061187744
0.3379683792591095
0.25556039810180664
0.7002823352813721
0.4131081700325012
0.5726730823516846
0.7345355749130249
0.6756105422973633
0.4316684603691101
0.6843692064285278
0.6468192934989929
0.7245484590530396
0.6768735647201538
0.35284534096717834
0.4629499316215515
0.4928112030029297
0.5141531229019165
0.5369128584861755
0.8014552593231201
0.48884427547454834
0.3048289716243744
0.5676288604736328
0.25150394439697266
0.5892074108123779
0.6166645884513855
0.3921387195587158
0.2945038080215454
0.7434982061386108
0.6830152273178101
0.6902703642845154
0.5137966871261597
0.3996504545211792
0.32467570900917053
0.31852075457572937
0.4457269310951233
0.27288445830345154
0.5318804979324341
0.6853504180908203
0.7055180072784424
0.5891023278236389
0.4279644787311554
0.687987208366394
0.515625536441803
0.5680561065673828
0.685096800327301
0.5593156814575195
0.6546610593795776
0.09380480647087097
0.6612818837165833
0.49552905559539795
0.3404034674167633
0.677143931388855
0.5809948444366455
0.5309717655181885
0.43198370933532715
0.7055425643920898
0.7998042106628418
0.7003089189529419
0.7914156913757324
0.5904817581176758
0.6470650434494019
0.7051231861114502
0.2767252027988434
0.754826545715332
0.5257256031036377
0.6479499340057373
0.5204751491546631
0.48734888434410095
0.4418635070323944
0.723156213760376
0.4081859588623047
0.33231621980667114
0.5996878147125244
0.6871047616004944
0.5693623423576355
0.07654617726802826
0.3773217499256134
0.6717071533203125
0.2403557002544403
0.2537779211997986
0.7979869842529297
0.3761484622955322
0.6799149513244629
0.3022614121437073
0.5278171896934509
0.5846304893493652
0.4577239751815796
0.15857098996639252
0.4572577476501465
0.552107572555542
0.5290985107421875
0.3901718854904175
0.6399441361427307
0.6901553869247437
0.6718825101852417
0.7123802304267883
0.5053057670593262
0.5900286436080933
0.667400062084198
0.6212043762207031
0.6106358766555786
0.5796032547950745
0.6872950792312622
0.6709085702896118
0.5588878393173218
0.2510661780834198
0.6378054618835449
0.5894874334335327
0.5108919739723206
0.6618539690971375
0.4988398253917694
0.47152256965637207
0.5750331878662109
0.4234699606895447
0.6846317052841187
0.4931842088699341
0.57602858543396
0.4830330014228821
0.5296516418457031
0.37287694215774536
0.5935827493667603
0.5980915427207947
0.5437387228012085
0.4517701268196106
0.568333625793457
0.6130428314208984
0.4222903847694397
0.6412209868431091
0.5933941602706909
0.13299033045768738
0.7160651683807373
0.6494675278663635
0.25511854887008667
0.3447745442390442
0.7034932374954224
0.5932925939559937
0.6220302581787109
0.2932833433151245
0.5025750398635864
0.7256489992141724
0.22489286959171295
0.46071547269821167
0.5364142656326294
0.20793187618255615
0.28699082136154175
0.683119535446167
0.4320428967475891
0.6203347444534302
0.528398334980011
0.36510348320007324
0.12821659445762634
0.6573467254638672
0.5780035257339478
0.058796048164367676
0.5207304358482361
0.41601336002349854
0.44631966948509216
0.6555567979812622
0.23559144139289856
0.25145748257637024
0.6471561193466187
0.5589461326599121
0.5953719615936279
0.4400789141654968
0.6685452461242676
0.681423544883728
0.5567591190338135
0.7448636293411255
0.33112579584121704
0.4307699203491211
0.5938335061073303
0.47934526205062866
0.21404753625392914
0.6608374118804932
0.6210260391235352
0.7107840180397034
0.3336903154850006
0.5163317918777466
0.6370841264724731
0.618889331817627
0.6560038328170776
0.513014554977417
0.614676833152771
0.41313451528549194
0.37846463918685913
0.7791972160339355
0.38669753074645996
0.49688616394996643
0.6165255308151245
0.7148756980895996
0.4926323890686035
0.36022165417671204
0.10998070240020752
0.6736949682235718
0.41538503766059875
0.7466181516647339
0.5867366194725037
0.7901406288146973
0.12246376276016235
0.29550737142562866
0.7626715898513794
0.23798768222332
0.7252911329269409
0.5740664005279541
0.5615958571434021
0.09243866801261902
0.607862114906311
0.43405574560165405
0.5967100858688354
0.6031718254089355
0.6822402477264404
0.6971520185470581
0.7043265104293823
0.7301627993583679
0.6526325941085815
0.6156669855117798
0.5250771641731262
0.47359955310821533
0.47676774859428406
0.6420361399650574
0.42940717935562134
0.526483952999115
0.6618188619613647
0.6261110901832581
0.5783796310424805
0.6866815090179443
0.5858510732650757
0.6625453233718872
0.14144398272037506
0.4818025827407837
0.6212042570114136
0.41745761036872864
0.4327487051486969
0.6607696413993835
0.5999491214752197
0.7189566493034363
0.476518452167511
0.563712477684021
0.6061450839042664
0.45132848620414734
0.578999400138855
0.4853464961051941
0.20714639127254486
0.2799367308616638
0.6194486618041992
0.7919617891311646
0.6892444491386414
0.6920140981674194
0.6397333145141602
0.4706428050994873
0.4336898922920227
0.7083148956298828
0.44380319118499756
0.6239577531814575
0.5356902480125427
0.7117968797683716
0.44899871945381165
0.6258602142333984
0.49758660793304443
0.686962366104126
0.6665010452270508
0.5176162719726562
0.6901882886886597
0.6219981908798218
0.5273430347442627
0.6616594791412354
0.2943330705165863
0.5293439626693726
0.667547345161438
0.7135969400405884
0.6919716596603394
0.5898393988609314
0.2846090495586395
0.26061201095581055
0.5700058937072754
0.6805639266967773
0.6775468587875366
0.5399819612503052
0.5361415147781372
0.5483163595199585
0.6038723587989807
0.6424833536148071
0.4126242697238922
0.619163990020752
0.6948674917221069
0.3605062961578369
0.6779041290283203
0.17030905187129974
0.5423555374145508
0.6614794731140137
0.413160502910614
0.5159996747970581
0.6519266366958618
0.6285951137542725
0.5104061365127563
0.6910638809204102
0.5340466499328613
0.6278457641601562
0.2953736484050751
0.5537279844284058
0.4324358105659485
0.6014460325241089
0.6566568613052368
0.7073003053665161
0.5939764976501465
0.6435222625732422
0.6936474442481995
0.49399787187576294
0.6738386154174805
0.6596986055374146
0.7009153962135315
0.5427857637405396
0.42026060819625854
0.22845186293125153
0.6354992389678955
0.3318093419075012
0.5799504518508911
0.7101466655731201
0.5011188983917236
0.7051647901535034
0.6380220651626587
0.6667272448539734
0.1111794114112854
0.47189873456954956
0.3677442669868469
0.5219129323959351
0.6487021446228027
0.4819089472293854
0.6407320499420166
0.19423627853393555
0.586146354675293
0.18426349759101868
0.6084617376327515
0.42567336559295654
0.44015681743621826
0.5804613828659058
0.4520275294780731
0.5652015209197998
0.3204365372657776
0.39516162872314453
0.6508822441101074
0.5953316688537598
0.13013312220573425
0.3436430096626282
0.41635364294052124
0.5190728306770325
0.8148529529571533
0.5743029117584229
0.2870837152004242
0.7175759077072144
0.6832206845283508
0.2695351839065552
0.6770517826080322
0.7065416574478149
0.4254933297634125
0.5157310962677002
0.7238467931747437
0.7150471806526184
0.5584906339645386
0.6668828129768372
0.4981575012207031
0.30249643325805664
0.638054609298706
0.6885369420051575
0.7452508211135864
0.6081379055976868
0.4641093611717224
0.5244585275650024
0.6101011633872986
0.4273991584777832
0.6922881603240967
0.35138335824012756
0.611778974533081
0.627874493598938
0.4173462390899658
0.6183285713195801
0.6814981698989868
0.7202880382537842
0.6493120789527893
0.41342946887016296
0.5476582050323486
0.5300533771514893
0.6021714210510254
0.6460789442062378
0.6532151699066162
0.6775540113449097
0.7621632218360901
0.7273200750350952
0.562725305557251
0.5773983597755432
0.4244500994682312
0.4914100170135498
0.4574783146381378
0.39378541707992554
0.11187084019184113
0.7211087346076965
0.7133678793907166
0.30715957283973694
0.499381422996521
0.6715093851089478
0.1769426017999649
0.42728182673454285
0.6439547538757324
0.3957626521587372
0.7780897617340088
0.22964124381542206
0.69334876537323
0.7805887460708618
0.45906391739845276
0.6877226829528809
0.3787845969200134
0.6184940338134766
0.4342234432697296
0.5960173606872559
0.389647901058197
0.49013853073120117
0.5188788175582886
0.7382266521453857
0.36921387910842896
0.14489495754241943
0.5170066356658936
0.7220094203948975
0.19318124651908875
0.7121008634567261
0.4623384475708008
0.6093814373016357
0.4359681010246277
0.6510633230209351
0.2981281876564026
0.625906229019165
0.6564651727676392
0.6415290832519531
0.800289511680603
0.6768649816513062
0.6130863428115845
0.7460227012634277
0.3454495370388031
0.6993304491043091
0.433440238237381
0.2782306969165802
0.5027692914009094
0.537087082862854
0.24775530397891998
0.08450986444950104
0.5933640599250793
0.6095795631408691
0.3927673101425171
0.6269239187240601
0.515802264213562
0.6561805009841919
0.6410292983055115
0.7848827838897705
0.6925430297851562
0.3629155457019806
0.34857261180877686
0.49404001235961914
0.35063275694847107
0.5993598699569702
0.37858664989471436
0.6007735729217529
0.598628044128418
0.3468884825706482
0.18418101966381073
0.35802626609802246
0.6417856216430664
0.548862099647522
0.687359631061554
0.5479106903076172
0.5717813968658447
0.58594810962677
0.2610701620578766
0.5609772801399231
0.847722053527832
0.5814069509506226
0.6551257967948914
0.209469735622406
0.6755796670913696
0.6575976610183716
0.3906516134738922
0.47257357835769653
0.7319360971450806
0.35058796405792236
0.31062760949134827
0.7761472463607788
0.5079003572463989
0.7447506189346313
0.6667380332946777
0.560876727104187
0.5796366930007935
0.5370722413063049
0.5529744625091553
0.2501354217529297
0.2152305543422699
0.6401969194412231
0.15264207124710083
0.6546933650970459
0.5067007541656494
0.17057576775550842
0.5768661499023438
0.6046185493469238
0.633360743522644
0.2756555676460266
0.6733103394508362
0.4819829761981964
0.44144853949546814
0.6675931811332703
0.6605838537216187
0.36533021926879883
0.6509280204772949
0.3700961470603943
0.3581171929836273
0.734032392501831
0.6583574414253235
0.31808891892433167
0.24001508951187134
0.6902107000350952
0.6192730665206909
0.4126604497432709
0.55229651927948
0.6302956342697144
0.6998696327209473
0.6794455051422119
0.6069327592849731
0.3754660189151764
0.6258102655410767
0.3451001048088074
0.6468331813812256
0.6083688139915466
0.6062206625938416
0.5709530115127563
0.4496825933456421
0.6997228860855103
0.6575384140014648
0.3066636919975281
0.5011731386184692
0.4393867254257202
0.6667314767837524
0.6324253678321838
0.3178984522819519
0.5784850120544434
0.36796140670776367
0.636652946472168
0.7044637203216553
0.7159078121185303
0.5626230239868164
0.7070502638816833
0.6123908162117004
0.584447979927063
0.37667179107666016
0.5914205312728882
0.48950642347335815
0.2875158190727234
0.5772093534469604
0.6577788591384888
0.7339482307434082
0.38827386498451233
0.20093633234500885
0.8071181774139404
0.587410032749176
0.7456799745559692
0.6264127492904663
0.6701486706733704
0.4255637228488922
0.6284486055374146
0.5844489336013794
0.34286773204803467
0.3601342439651489
0.5390207171440125
0.07043582201004028
0.6570631265640259
0.8085275888442993
0.6242227554321289
0.59967041015625
0.1280551701784134
0.4305942952632904
0.24167978763580322
0.6286284327507019
0.6637139320373535
0.6497653722763062
0.6938158273696899
0.6294816732406616
0.7058370113372803
0.46294716000556946
0.5479215383529663
0.6260999441146851
0.5190446376800537
0.1968446522951126
0.7782799005508423
0.6103757619857788
0.5800253748893738
0.19029437005519867
0.5267436504364014
0.1256217658519745
0.6990549564361572
0.5385124087333679
0.6391739845275879
0.49955427646636963
0.638388991355896
0.7383882403373718
0.7927863597869873
0.6379823088645935
0.20939350128173828
0.4903259575366974
0.6379674673080444
0.7219910621643066
0.6166099309921265
0.26741093397140503
0.36995255947113037
0.5863564014434814
0.6125699281692505
0.397441565990448
0.5664330720901489
0.547599732875824
0.5994179248809814
0.6409001350402832
0.7855978012084961
0.4014090895652771
0.3612861931324005
0.45554935932159424
0.6812782287597656
0.5068574547767639
0.41739100217819214
0.6388250589370728
0.6539099216461182
0.3234885334968567
0.6292507648468018
0.32885485887527466
0.6014617681503296
0.45524245500564575
0.2888787090778351
0.5930923223495483
0.4909639060497284
0.5629202723503113
0.5336806774139404
0.6903218030929565
0.7019832134246826
0.6892420053482056
0.4937557578086853
0.569704532623291
0.6004494428634644
0.5578906536102295
0.4275667667388916
0.537076473236084
0.6885052919387817
0.6406341791152954
0.5447791814804077
0.28157177567481995
0.12181323766708374
0.463728666305542
0.5209699273109436
0.4080583155155182
0.6681337356567383
0.61155104637146
0.6094282865524292
0.465830534696579
0.5899966955184937
0.6023632287979126
0.37629932165145874
0.5806905031204224
0.06434820592403412
0.1456766575574875
0.21095611155033112
