0.7723501354781852
0.7755503676012696
0.7648643424773591
0.7523182050836066
0.761399686267185
0.750283329341
0.7096151670001916
0.7796482176431863
0.7379625304696042
0.6815987131013819
0.7103404351473734
0.7564416985211093
0.7378113896055087
0.743183669372074
0.6943935152654007
0.7402608821049036
0.7165344553608493
0.30523069505062095
0.709386699948346
0.7598429623088143
0.7486880788670354
0.719945346238186
0.7809322548986279
0.7408319365719983
0.760568362474525
0.7852067432319547
0.7564114690829187
0.7570720357598827
0.7035671579065167
0.7315778286754285
0.7742115253477293
0.7583140602645897
0.716653192024306
0.7686939022078639
0.7680783298480445
0.7404924446405965
0.769826252552591
0.7726680985583092
0.7776563491174243
0.7551501425325609
0.7539253317144421
0.7286050293750805
0.7435161327808957
0.748788645049536
0.7146930067188398
0.7496458027662103
0.8046054442322534
0.7494069152591089
0.709565843589915
0.7097818990820006
0.7345473264855418
0.7327083016148761
0.7176531566376261
0.743638068717835
0.7362309409151657
0.7247402799034837
0.7680399832640659
0.7085316752762834
0.7815669552170489
0.7445526381772523
0.7300633220837885
0.7170593092188744
0.7805523812778495
0.7674898378110118
0.7268300581472833
0.766101129457482
0.7335484387346118
0.7352649007511176
0.7570529670105024
0.7378493205769519
0.7115210972435833
0.7281855901134775
0.6857091384636618
0.7549866885221487
0.7171177194523362
0.7648985128639375
0.744367357357843
0.6480103400439365
0.7776798100509419
0.7256705706578914
nan
0.7181749502566888
0.7795891200023651
0.7573708078345401
0.7007897389908013
0.7633713608084134
0.7684151983069497
0.7368415195392579
0.7623010830604755
0.7201750408009435
0.7500234138685363
0.755626260329272
0.7284892813695201
0.7653773479140695
0.7530023225910631
0.7400546456971725
0.7768338383060391
nan
0.7577414324300454
0.787550225502482
