1
4
5
9
11
13
16
21
38
54
55
60
64
72
74
77
78
89
94
98
105
116
117
125
126
130
133
137
140
145
147
148
153
154
158
161
163
189
190
197
202
206
207
213
224
225
232
235
236
249
255
260
262
269
271
277
281
285
294
301
302
306
317
329
338
340
341
345
352
362
364
374
384
390
391
392
395
404
406
412
417
419
454
458
466
481
482
488
502
504
512
514
523
525
526
529
536
537
539
545
552
556
559
560
569
571
574
575
580
583
593
600
606
614
619
629
630
632
634
635
638
645
659
661
663
666
667
671
686
688
689
698
699
703
707
716
717
726
728
760
767
768
769
770
775
778
784
791
793
804
806
814
822
823
824
825
827
830
832
845
846
851
853
854
860
863
876
878
891
892
894
899
917
918
920
922
924
928
933
936
943
950
951
953
954
955
956
959
963
966
968
974
980
984
986
987
988
995
1000
1007
1012
1015
1016
1021
1028
1040
1045
1048
1050
1058
1059
1060
1062
1063
1065
1066
1069
1072
1077
1081
1098
1100
1120
1122
1125
1136
1148
1150
1154
1165
1167
1177
1179
1184
1191
1198
1202
1205
1214
1218
1229
1239
1240
1241
1248
1249
1252
1256
1265
1266
1267
1274
1276
1279
1286
1290
1291
1296
1300
1301
1304
1306
1308
1312
1316
1324
1331
1333
1341
1342
1343
1353
1365
1367
1380
1382
1386
1387
1388
1389
1390
1394
1403
1409
1435
1440
1442
1460
1466
1481
1484
1495
1500
1521
1524
1525
1528
1531
1540
1542
1549
1555
1560
1571
1581
1585
1591
1604
1605
1607
1619
1622
1625
1633
1636
1638
1639
1640
1645
1646
1648
1663
1664
1667
1668
1678
1679
1682
1685
1686
1687
1689
1693
1704
1707
1709
1712
1733
1734
1735
1742
1750
1757
1759
1761
1762
1763
1771
1792
1796
1798
1802
1804
1810
1816
1823
1826
1828
1838
1841
1843
1852
1853
1854
1865
1868
1875
1884
1887
1895
1899
1906
1908
1913
1917
1925
1927
1930
1931
1933
1939
1949
1959
1960
1969
1970
1976
1980
1986
1990
1994
1997
1998
2000
2026
2027
2032
2033
2043
2044
2047
2048
2049
2050
2051
2056
2060
2062
2064
2065
2071
2074
2079
2082
2105
2106
2113
2116
2120
2125
2136
2137
2139
2141
2143
2156
2162
2180
2190
2192
2193
2198
2200
2203
2204
2205
2219
2243
2247
2255
2265
2278
2279
2289
2293
2322
2327
2336
2343
2349
2353
2355
2356
2359
2365
2368
2371
2382
2383
2385
2393
2396
2403
2408
2419
2421
2427
2428
2430
2433
2443
2454
2466
2469
2472
2475
2479
2482
2489
2491
2493
2494
2496
2502
2504
2511
2529
2530
2538
2539
2541
2551
2557
2558
2560
2568
2573
2590
2593
2599
2604
2612
2632
2635
2645
2665
2667
2672
2674
2679
2681
2693
2695
2703
2708
2711
2712
2713
2717
2719
2720
2731
2733
2734
2736
2738
2739
2740
2744
2745
2747
2752
2768
2772
2779
2782
2785
2786
2790
2797
2806
2808
2811
2814
2817
2824
2832
2838
2839
2844
2849
2852
2863
2866
2869
2871
2872
2875
2878
2891
2896
2898
2911
2914
2920
2923
2931
2946
2950
2958
2961
2964
2967
2969
2975
2976
2978
2983
2989
3004
3005
3009
3020
3028
3030
3036
3040
3041
3042
3051
3054
3056
3067
3072
3073
3081
3083
3086
3093
3097
3099
3104
3108
3117
3124
3138
3141
3144
3147
3152
3155
3157
3170
3173
3174
3177
3178
3179
3186
3191
3192
3216
3223
3224
3225
3228
3230
3239
3241
3242
3249
3266
3267
3271
3273
3291
3292
3294
3300
3302
3304
3310
3324
3327
3330
3335
3342
3343
3345
3354
3356
3368
3373
3374
3376
3380
3385
3389
3391
3394
3417
3419
3420
3427
3430
3432
3436
3440
3444
3446
3451
3452
3453
3456
3462
3466
3472
3476
3486
3490
3493
3496
3506
3507
3510
3511
3517
3530
3531
3549
3553
3556
3561
3564
3568
3572
3579
3581
3584
3591
3594
3596
3598
3600
3610
3627
3629
3631
3633
3636
3638
3640
3644
3654
3665
3672
3675
3676
3683
3687
3695
3696
3701
3709
3712
3713
3714
3716
3719
3725
3726
3735
3738
3741
3744
3748
3756
3760
3762
3763
3766
3769
3775
3778
3788
3797
3810
3812
3814
3818
3828
3840
3843
3845
3850
3854
3863
3874
3876
3890
3897
3900
3911
3913
3925
3926
3930
3943
3953
3972
3974
3987
3993
3998
4000
4014
4018
4021
4033
4036
4037
4061
4070
4079
4090
4107
4109
4114
4116
4124
4133
4142
4143
4146
4150
4158
4164
4167
4171
4175
4177
4178
4179
4186
4188
4197
4199
4200
4203
4206
4208
4211
4212
4218
4223
4225
4227
4232
4234
4242
4243
4249
4255
4259
4261
4263
4268
4278
4282
4286
4289
4293
4297
4300
4311
4312
4324
4330
4346
4349
4356
4358
4360
4361
4363
4380
4388
4389
4399
4406
4413
4422
4425
4426
4430
4431
4432
4433
4435
4437
4440
4443
4445
4451
4452
4465
4468
4470
4473
4481
4488
4491
4492
4493
4494
4495
4496
4497
4499
4517
4524
4530
4543
4544
4547
4548
4555
4566
4569
4576
4585
4592
4599
4611
4612
4616
4621
4632
4636
4637
4642
4644
4648
4658
4662
4670
4673
4675
4703
4719
4729
4732
4735
4736
4737
4748
4752
4757
4760
4777
4780
4784
4788
4790
4795
4798
4799
4804
4805
4806
4809
4811
4815
4820
4831
4835
4837
4839
4841
4846
4849
4853
4854
4858
4859
4869
4873
4876
4882
4887
4892
4893
4895
4904
4909
4910
4911
4917
4926
4931
4940
4944
4946
4964
4968
4971
4973
4976
4980
5005
5010
5016
5029
5031
5043
5047
5051
5052
5056
5063
5068
5073
5078
5083
5084
5085
5088
5101
5104
5105
5109
5115
5116
5122
5124
5126
5134
5136
5142
5150
5161
5172
5175
5177
5178
5179
5182
5188
5189
5191
5203
5207
5208
5222
5232
5233
5237
5238
5240
5243
5249
5252
5256
5258
5276
5280
5287
5291
5293
5295
5299
5301
5305
5311
5315
5319
5320
5334
5342
5343
5346
5348
5352
5370
5373
5383
5387
5390
5392
5393
5401
5408
5415
5420
5423
5429
5435
5442
5445
5448
5449
5450
5463
5468
5472
5475
5486
5490
5495
5530
5534
5535
5536
5539
5541
5542
5543
5548
5560
5565
5567
5569
5575
5578
5585
5588
5592
5596
5600
5604
5618
5619
5622
5625
5626
5631
5644
5645
5655
5656
5658
5671
5675
5690
5691
5693
5699
5704
5713
5724
5726
5732
5734
5742
5745
5750
5752
5757
5759
5760
5765
5772
5776
5777
5779
5782
5788
5791
5796
5797
5801
5811
5827
5854
5855
5864
5870
5877
5878
5881
5887
5892
5895
5897
5901
5907
5913
5915
5917
5919
5941
5947
5949
5951
5954
5959
5962
5966
5971
5975
5977
5984
5986
5988
5989
5997
6002
6007
6012
6015
6016
6019
6024
6028
6031
6035
6036
6038
6042
6047
6052
6059
6078
6082
6089
6090
6097
6099
6102
6116
6122
6132
6136
6140
6150
6154
6164
6166
6168
6172
6183
6184
6185
6190
6197
6212
6228
6229
6230
6233
6235
6236
6238
6241
6254
6257
6262
6265
6269
6272
6276
6278
6283
6284
6287
6288
6293
6294
6295
6303
6305
6313
6316
6320
6327
6331
6342
6353
6356
6359
6368
6371
6374
6376
6396
6402
6406
6413
6420
6430
6439
6441
6446
6456
6457
6467
6469
6471
6477
6484
6488
6490
6493
6506
6514
6525
6527
6528
6530
6540
6541
6542
6544
6546
6548
6549
6563
6565
6570
6573
6585
6588
6600
6602
6609
6610
6612
6614
6616
6617
6619
6635
6638
6640
6644
6645
6652
6655
6656
6665
6667
6668
6674
6675
6677
6694
6704
6709
6721
6722
6731
6732
6736
6737
6738
6748
6764
6766
6767
6770
6776
6777
6780
6783
6787
6793
6799
6801
6806
6807
6809
6812
6813
6819
6833
6852
6863
6869
6873
6881
6882
6891
6892
6893
6894
6895
6898
6905
6907
6910
6917
6924
6928
6936
6937
6938
6941
6943
6944
6949
6960
6966
6970
6971
6980
6981
6986
6988
6996
7000
7002
7004
7005
7009
7010
7014
7022
7026
7027
7029
7035
7041
7043
7045
7052
7056
7057
7059
7062
7069
7079
7083
7088
7098
7099
7101
7102
7112
7114
7115
7117
7119
7121
7123
7124
7125
7126
7137
7138
7140
7141
7147
7151
7154
7158
7164
7175
7177
7179
7184
7186
7190
7192
7196
7206
7208
7214
7215
7218
7221
7227
7232
7239
7240
7241
7245
7253
7266
7270
7274
7280
7285
7287
7291
7294
7311
7312
7314
7326
7327
7330
7339
7340
7343
7350
7351
7357
7368
7373
7380
7385
7390
7392
7394
7397
7400
7404
7408
7409
7418
7419
7421
7424
7426
7437
7446
7449
7451
7455
7473
7479
7483
7486
7489
7490
7491
7494
7509
7511
7513
7519
7526
7543
7546
7554
7555
7560
7561
7564
7570
7574
7575
7576
7577
7587
7595
7617
7622
7629
7638
7641
7643
7648
7650
7651
7657
7667
7668
7673
7674
7679
7683
7686
7687
7693
7694
7705
7714
7715
7721
7723
7725
7730
7734
7758
7761
7776
7777
7783
7788
7790
7804
7805
7806
7813
7827
7830
7832
7833
7842
7843
7848
7849
7857
7858
7860
7863
7867
7869
7870
7878
7891
7892
7898
7901
7904
7906
7916
7939
7941
7943
7956
7961
7967
7970
7973
7979
7980
7982
7984
7987
7989
7992
7993
7994
7996
8002
8004
8006
8007
8010
8017
8032
8038
8041
8044
8050
8053
8056
8058
8070
8073
8080
8082
8096
8105
8110
8120
8123
8125
8130
8133
8135
8150
8152
8154
8155
8162
8164
8172
8173
8175
8189
8190
8194
8195
8202
8208
8212
8213
8219
8220
8226
8227
8228
8230
8232
8234
8238
8245
8258
8264
8286
8306
8308
8311
8319
8320
8321
8322
8325
8335
8338
8340
8352
8356
8357
8363
8378
8389
8392
8393
8407
8415
8427
8428
8429
8433
8434
8435
8436
8442
8445
8453
8465
8467
8472
8476
8477
8502
8503
8508
8512
8519
8527
8529
8533
8549
8554
8555
8564
8567
8571
8577
8580
8586
8591
8592
8595
8597
8599
8601
8609
8616
8619
8623
8632
8633
8636
8646
8647
8648
8656
8659
8662
8666
8669
8680
8684
8691
8702
8705
8707
8711
8712
8716
8717
8734
8737
8754
8755
8766
8780
8782
8783
8785
8787
8792
8795
8800
8801
8808
8815
8820
8837
8838
8841
8853
8865
8867
8884
8896
8901
8905
8906
8907
8914
8915
8920
8924
8927
8930
8932
8941
8942
8945
8946
8954
8958
8966
8967
8980
8984
8987
8989
8996
9005
9007
9011
9013
9017
9018
9041
9042
9047
9062
9064
9074
9076
9077
9078
9086
9087
9091
9092
9093
9094
9098
9105
9106
9108
9109
9110
9111
9126
9127
9130
9131
9135
9138
9146
9151
9153
9155
9160
9163
9167
9175
9179
9181
9183
9184
9196
9200
9204
9206
9207
9208
9218
9223
9227
9235
9268
9273
9274
9299
9310
9312
9323
9325
9328
9331
9333
9337
9339
9347
9348
9352
9358
9361
9374
9382
9397
9400
9409
9424
9435
9437
9439
9442
9444
9446
9454
9461
9465
9467
9472
9474
9477
9492
9499
9503
9504
9506
9508
9510
9516
9519
9521
9524
9539
9540
9547
9550
9555
9556
9561
9576
9579
9580
9588
9600
9610
9631
9633
9637
9645
9650
9651
9654
9655
9662
9667
9670
9685
9686
9687
9692
9700
9708
9710
9715
9719
9721
9732
9738
9739
9752
9759
9760
9762
9765
9766
9768
9769
9771
9776
9777
9788
9789
9793
9795
9816
9817
9823
9827
9828
9829
9831
9847
9852
9860
9865
9872
9873
9874
9879
9882
9884
9888
9900
9903
9905
9907
9908
9911
9914
9916
9917
9925
9945
9949
9956
9958
9977
9984
9986
9989
9991
9996
9998
10001
10002
10011
10015
10016
10019
10026
10030
10037
10040
10047
10048
10049
10055
10060
10093
10106
10112
10123
10136
10139
10142
10145
10147
10150
10160
10161
10167
10169
10173
10174
10176
10177
10181
10185
10188
10201
10204
10205
10209
10222
10225
10227
10230
10231
10232
10233
10238
10246
10247
10248
10250
10253
10257
10262
10267
10268
10273
10276
10281
10294
10300
10301
10314
10320
10321
10322
10326
10331
10339
10340
10342
10343
10344
10348
10350
10352
10353
10357
10361
10367
10380
10382
10395
10396
10404
10406
10426
10429
10433
10445
10453
10454
10457
10462
10470
10478
10486
10488
10492
10516
10518
10524
10526
10527
10532
10535
10541
10544
10552
10554
10555
10568
10573
10574
10578
10582
10583
10589
10593
10600
10603
10616
10617
10627
10634
10636
10640
10641
10647
10653
10658
10666
10674
10677
10682
10693
10698
10699
10700
10706
10716
10724
10729
10733
10737
10738
10745
10748
10749
10754
10755
10756
10757
10766
10785
10787
10789
10793
10797
10800
10805
10808
10813
10816
10817
10818
10823
10824
10828
10829
10831
10837
10849
10852
10853
10867
10874
10882
10893
10901
10916
10921
10922
10927
10929
10942
10948
10953
10954
10958
10960
10961
10965
10966
10969
10971
10975
10985
10992
10998
11000
11003
11008
11012
11016
11022
11023
11026
11032
11036
11040
11041
11045
11046
11053
11059
11062
11063
11068
11080
11081
11083
11088
11093
11096
11104
11106
11111
11120
11122
11125
11127
11128
11130
11139
11145
11148
11150
11151
11155
11157
11163
11167
11171
11174
11182
11185
11186
11191
11197
11211
11223
11229
11230
11244
11246
11248
11249
11250
11251
11252
11259
11260
11261
11271
11279
11284
11296
11300
11302
11303
11307
11308
11309
11310
11312
11314
11322
11326
11328
11332
11338
11341
11344
11348
11351
11352
11362
11363
11367
11368
11372
11375
11376
11378
11382
11383
11390
11393
11394
11397
11404
11411
11414
11420
11425
11426
11427
11428
11441
11443
11447
11453
11455
11458
11461
11464
11470
11472
11473
11475
11476
11479
11485
11486
11493
11494
11501
11502
11506
11516
11517
11521
11530
11534
11535
11540
11544
11548
11551
11555
11556
11559
11561
11563
11568
11570
11579
11581
11589
11593
11601
11607
11611
11613
11622
11632
11635
11636
11637
11640
11641
11649
11653
11657
11664
11666
11682
11687
11690
11694
11704
11706
11713
11714
11719
11725
11733
11738
11759
11761
11769
11774
11776
11780
11789
11792
11793
11794
11803
11807
11825
11829
11835
11837
11847
11854
11867
11869
11890
11898
11905
11907
11911
11915
11922
11928
11931
11935
11937
11938
11940
11944
11954
11961
11964
11967
11969
11973
11979
11980
11983
11985
11990
12000
12004
12007
12011
12015
12023
12039
12041
12042
12043
12049
12055
12070
12071
12076
12088
12089
12112
12115
12117
12127
12136
12138
12143
12144
12154
12159
12161
12165
12173
12175
12183
12185
12191
12194
12195
12198
12199
12200
12206
12207
12221
12233
12234
12237
12241
12249
12259
12266
12282
12289
12299
12306
12307
12309
12311
12312
12315
12319
12323
12324
12325
12326
12328
12330
12338
12341
12343
12345
12347
12348
12354
12374
12377
12378
12383
12389
12390
12394
12403
12409
12423
12433
12443
12444
12445
12449
12450
12453
12457
12459
12461
12468
12477
12480
12481
12487
12488
12489
12490
12499
12508
12523
12528
12533
12538
12545
12546
12552
12555
12556
12558
12569
12582
12584
12593
12602
12605
12606
12608
12616
12619
12624
12631
12639
12648
12649
12652
12653
12665
12666
12675
12682
12685
12686
12688
12689
12691
12692
12697
12706
12708
12711
12727
12740
12742
12743
12751
12757
12760
12769
12770
12771
12775
12777
12778
12782
12784
12787
12790
12814
12819
12826
12832
12851
12870
12874
12876
12878
12885
12886
12889
12895
12896
12899
12902
12910
12912
12913
12915
12917
12924
12929
12932
12936
12937
12943
12946
12949
12971
12980
12983
12984
12987
12990
12991
12998
13002
13008
13009
13011
13014
13022
13025
13035
13042
13045
13048
13050
13053
13054
13055
13056
13065
13066
13067
13074
13078
13079
13083
13084
13091
13098
13102
13103
13111
13114
13122
13126
13133
13136
13137
13149
13154
13164
13170
13172
13175
13176
13179
13182
13188
13190
13200
13213
13217
13228
13232
13233
13244
13255
13263
13280
13283
13285
13291
13295
13301
13304
13305
13306
13308
13309
13311
13312
13316
13317
13334
13342
13343
13345
13349
13350
13352
13354
13355
13357
13360
13371
