0.7742157578468323
0.7709722518920898
0.7571773529052734
0.7599297761917114
0.7589893341064453
0.7703864574432373
0.7698730826377869
0.7759281992912292
0.7576576471328735
0.7680370807647705
0.7491573095321655
0.7732850313186646
0.7668737173080444
0.7779098153114319
0.7712786793708801
0.7691253423690796
0.7742855548858643
0.7460010647773743
0.7718256711959839
0.7510347962379456
0.7673467993736267
0.7784560918807983
0.7729532718658447
0.7699951529502869
0.7702099680900574
0.7709404230117798
0.7673150300979614
0.7710008025169373
0.7786233425140381
0.7788300514221191
0.7808809280395508
0.780487060546875
0.7702010273933411
0.7748665809631348
0.7742774486541748
0.7722408771514893
0.7737662196159363
0.7776879072189331
0.7749778032302856
0.7728933095932007
0.7716881036758423
0.7738500833511353
0.771226167678833
0.766771674156189
0.7774145603179932
0.730025589466095
0.7797420024871826
0.7774665951728821
0.770768404006958
0.7724738121032715
0.770871639251709
0.7705947160720825
0.7788347005844116
0.7821638584136963
0.7741563320159912
0.7538080215454102
0.7723570466041565
0.7664311528205872
0.7717920541763306
0.7799465656280518
0.7768129110336304
0.7796187400817871
0.7752301096916199
0.7725220918655396
0.7761673927307129
0.7696570754051208
0.7628379464149475
0.7803010940551758
0.7733191847801208
0.7609670758247375
0.7752153873443604
0.7741813063621521
0.7764559984207153
0.7796676754951477
0.7833400964736938
0.7798370122909546
0.7831201553344727
0.7832009792327881
0.7801951169967651
0.7757961750030518
0.7785929441452026
0.7813067436218262
0.7743682861328125
0.7747334241867065
0.7736320495605469
0.7799468040466309
0.7820644378662109
0.7811924815177917
0.7722100615501404
0.7702925205230713
0.7819375991821289
0.7767621278762817
0.7752292156219482
0.7737798690795898
0.7796896696090698
0.7756715416908264
0.7810801863670349
0.7753933668136597
0.773112952709198
0.7750136852264404
