0.3438704311847687
0.4594043493270874
0.5015127658843994
0.6047729253768921
0.6952053904533386
0.5549390316009521
0.3437430262565613
0.5704001188278198
0.7714592218399048
0.6667858362197876
0.1681012511253357
0.5706696510314941
0.42169567942619324
0.686962366104126
0.5809867978096008
0.7120155096054077
0.4440266489982605
0.22988978028297424
0.5744967460632324
0.4703342020511627
0.6282258629798889
0.44051656126976013
0.46465933322906494
0.7276078462600708
0.439446359872818
0.47262173891067505
0.7800024747848511
0.6082104444503784
0.4268744885921478
0.7296949625015259
0.703757643699646
0.5225651860237122
0.6485292911529541
0.5130941867828369
0.47779738903045654
0.5863059759140015
0.6981533765792847
0.17061983048915863
0.5790722370147705
0.5908156037330627
0.17610931396484375
0.681787371635437
0.2258979082107544
0.24207182228565216
0.7161687612533569
0.6262178421020508
0.5052142143249512
0.5297069549560547
0.6576195955276489
0.6422289609909058
0.5915555953979492
0.6353175640106201
0.598351240158081
0.5577083826065063
0.14491544663906097
0.40091317892074585
0.5434209108352661
0.27425429224967957
0.4002474546432495
0.6433454751968384
0.4442390203475952
0.4521358907222748
0.8431968688964844
0.6083022356033325
0.6129310131072998
0.8449496030807495
0.4978262782096863
0.6052639484405518
0.584577202796936
0.708980143070221
0.513953447341919
0.40387797355651855
0.5957289934158325
0.7444521188735962
0.3435952961444855
0.3211804926395416
0.5796318054199219
0.3129604160785675
0.6440908908843994
0.6206388473510742
0.6157686710357666
0.6270138025283813
0.5075008869171143
0.6613447666168213
0.6299210786819458
0.6591869592666626
0.6618824005126953
0.6709541082382202
0.4087083339691162
0.709614634513855
0.27266058325767517
0.6706459522247314
0.3212074339389801
0.5495373010635376
0.3683924674987793
0.5481429100036621
0.7080701589584351
0.11030340194702148
0.7373435497283936
0.6770626306533813
0.22572605311870575
0.7261940240859985
0.5626755356788635
0.6423721313476562
0.4395162761211395
0.5390180945396423
0.6132036447525024
0.6920696496963501
0.413167804479599
0.6339654922485352
0.6279870271682739
0.14614643156528473
0.6762243509292603
0.482999324798584
0.31008076667785645
0.7310718297958374
0.5738137364387512
0.6505876779556274
0.5479861497879028
0.5281623005867004
0.5367594957351685
0.5769201517105103
0.4351443946361542
0.5373887419700623
0.6375970840454102
0.6141780614852905
0.49560976028442383
0.45975103974342346
0.5080965757369995
0.5629041790962219
0.6601752638816833
0.550912618637085
0.5550181865692139
0.5940420627593994
0.6649588942527771
0.5847903490066528
0.38653305172920227
0.5257728695869446
0.5991542339324951
0.7843281030654907
0.4643475413322449
0.6889194250106812
0.6328607797622681
0.6600641012191772
0.5225392580032349
0.6065161228179932
0.69395911693573
0.06435748934745789
0.5708329677581787
0.7129261493682861
0.5363222360610962
0.4725673794746399
0.6683404445648193
0.6041682958602905
0.6876782178878784
0.7161017656326294
0.6790302395820618
0.5049725770950317
0.240264892578125
0.4671608805656433
0.7483235001564026
0.4880973696708679
0.47339868545532227
0.6608023643493652
0.48183342814445496
0.475119948387146
0.8363063335418701
0.47646576166152954
0.6947488784790039
0.4135403037071228
0.6168098449707031
0.7003042697906494
0.3229919373989105
0.16425490379333496
0.545578122138977
0.7964917421340942
0.4786546230316162
0.5227948427200317
0.5178564786911011
0.7121648788452148
0.6684761047363281
0.588516354560852
0.6527299880981445
0.4420689344406128
0.6511452198028564
0.8389294147491455
0.6395848393440247
0.5787619352340698
0.4289577007293701
0.696141242980957
0.3757892847061157
0.6136341094970703
0.2140432894229889
0.6528782844543457
0.6842986345291138
0.3345790505409241
0.6191689968109131
0.7451335191726685
0.3926326334476471
0.6450145840644836
0.6806577444076538
0.2871849536895752
0.4294818043708801
0.25179487466812134
0.5925049185752869
0.5796160697937012
0.25040051341056824
0.6217847466468811
0.7119542360305786
0.3334181308746338
0.359925240278244
0.430711567401886
0.6781184673309326
0.5550813674926758
0.7098945379257202
0.09173454344272614
0.4717687964439392
0.6883163452148438
0.6659517288208008
0.15716052055358887
0.6635709404945374
0.6436471939086914
0.6381277441978455
0.4361700415611267
0.2528615891933441
0.4318085312843323
0.7185171842575073
0.5079054832458496
0.6052819490432739
0.13961195945739746
0.6727901697158813
0.4505368173122406
0.6106741428375244
0.3106621205806732
0.18741974234580994
0.6372044682502747
0.5916059017181396
0.5842705965042114
0.6229074001312256
0.41584303975105286
0.5634863376617432
0.44350263476371765
0.4447411298751831
0.41453254222869873
0.424264132976532
0.766228199005127
0.67417311668396
0.46234869956970215
0.6993046998977661
0.6144871115684509
0.6612930297851562
0.41174834966659546
0.6334723234176636
0.2875189781188965
0.6641875505447388
0.7086881399154663
0.528519332408905
0.30431538820266724
0.312796026468277
0.5117173194885254
0.45473790168762207
0.6413867473602295
0.2934725880622864
0.40970322489738464
0.4348177909851074
0.7309393882751465
0.5125879049301147
0.6923384666442871
0.44621315598487854
0.20737692713737488
0.6846123933792114
0.7002789974212646
0.6099457740783691
0.5819740891456604
0.5789753198623657
0.6035299301147461
0.6524834632873535
0.6858365535736084
0.8317993879318237
0.25004705786705017
0.6999319791793823
0.704236626625061
0.4688257575035095
0.5273085832595825
0.36326470971107483
0.6350384950637817
0.6526144742965698
0.6471109986305237
0.5131129026412964
0.5889912247657776
0.5961556434631348
0.6286702752113342
0.6520320177078247
0.5510820150375366
0.4517057538032532
0.6967391967773438
0.20805051922798157
0.7205022573471069
0.1765003651380539
0.5998419523239136
0.5718173384666443
0.7232528924942017
0.4800417721271515
0.5367642641067505
0.7121379375457764
0.5132781267166138
0.6064212918281555
0.561151385307312
0.6820164918899536
0.62706458568573
0.7741374373435974
0.6394495368003845
0.6315131187438965
0.44686493277549744
0.2599705457687378
0.31733977794647217
0.3534216582775116
0.3768186569213867
0.2875044643878937
0.6562377214431763
0.2472093552350998
0.23531103134155273
0.612986147403717
0.585586428642273
0.6238844394683838
0.6521828174591064
0.5704082250595093
0.2896592319011688
0.6314093470573425
0.5648987293243408
0.5446872711181641
0.17584754526615143
0.6492408514022827
0.7340845465660095
0.7419147491455078
0.6086627244949341
0.6944363117218018
0.6741563081741333
0.6625512838363647
0.43456944823265076
0.6812422275543213
0.6184351444244385
0.3876688778400421
0.6754422187805176
0.6668440103530884
0.3806220293045044
0.6878976821899414
0.5932384729385376
0.5200555324554443
0.7087122201919556
0.6102695465087891
0.49693620204925537
0.6933228969573975
0.6626995205879211
0.3435966968536377
0.7345267534255981
0.6607069969177246
0.5755695104598999
0.6518727540969849
0.3182216286659241
0.6523829698562622
0.09401528537273407
0.4501721262931824
0.41596394777297974
0.6084539890289307
0.3704575300216675
0.646643877029419
0.7115079164505005
0.691320538520813
0.7002444267272949
0.22042226791381836
0.5310285091400146
0.5539871454238892
0.6046707034111023
0.5749166011810303
0.6779096126556396
0.8266016244888306
0.604457676410675
0.47007083892822266
0.5667641162872314
0.5338855981826782
0.6046382188796997
0.615278959274292
0.7438073754310608
0.4396480917930603
0.440774530172348
0.5459272861480713
0.6536758542060852
0.39139455556869507
0.6683103442192078
0.3605106472969055
0.7974135875701904
0.6636729836463928
0.7056116461753845
0.5570774078369141
0.842918872833252
0.7924178838729858
0.8477498292922974
0.4183780550956726
0.3831234574317932
0.542495608329773
0.6140538454055786
0.49389058351516724
0.8659101724624634
0.7089346051216125
0.6131099462509155
0.6327551007270813
0.5154186487197876
0.6864234209060669
0.2654213309288025
0.6563560962677002
0.6616411805152893
0.6546576619148254
0.654093861579895
0.4750567674636841
0.5211243629455566
0.6062248945236206
0.6592106819152832
0.42906153202056885
0.4831676483154297
0.22819602489471436
0.6540898084640503
0.5495191812515259
0.47937509417533875
0.6400758028030396
0.5803238153457642
0.7872461080551147
0.5388219356536865
0.6470966339111328
0.42712539434432983
0.16245301067829132
0.6427232623100281
0.4963890612125397
0.6062465906143188
0.7517044544219971
0.6625498533248901
0.6344008445739746
0.6318674087524414
0.7727926969528198
0.46734315156936646
0.5940263271331787
0.6785068511962891
0.6956039071083069
0.45348745584487915
0.6628926992416382
0.4626634120941162
0.6738003492355347
0.6880208253860474
0.4063262343406677
0.30262312293052673
0.60491943359375
0.6023146510124207
0.3675912022590637
0.32909029722213745
0.4594672918319702
0.2331935316324234
0.7498036026954651
0.5587021112442017
0.3341803252696991
0.5357811450958252
0.3366965651512146
0.5670291185379028
0.651151180267334
0.6995811462402344
0.4891674518585205
0.2845230996608734
0.500981330871582
0.8020044565200806
0.5158405900001526
0.5380394458770752
0.7130468487739563
0.4750368595123291
0.47018447518348694
0.6849710941314697
0.7381080389022827
0.31467095017433167
0.5844883918762207
0.6818286180496216
0.6856238842010498
0.7230819463729858
0.645879328250885
0.33712536096572876
0.6409523487091064
0.7024828195571899
0.6303834915161133
0.28912028670310974
0.7601960897445679
0.6519937515258789
0.4098927676677704
0.6520047187805176
0.6780948638916016
0.635076642036438
0.6423792839050293
0.5387487411499023
0.4490719437599182
0.7518355846405029
0.5317502617835999
0.6410732269287109
0.5372689366340637
0.8263410329818726
0.715146005153656
0.37177741527557373
0.6869961619377136
0.5076576471328735
0.5870273113250732
0.7039052248001099
0.22996559739112854
0.7524896264076233
0.4329530596733093
0.48712974786758423
0.4033997058868408
0.5618675947189331
0.5425330400466919
0.5570577383041382
0.19044557213783264
0.45020896196365356
0.6881428956985474
0.5137279033660889
0.6156713962554932
0.5155638456344604
0.6556854248046875
0.5327150821685791
0.5061867833137512
0.6358579993247986
0.6497985124588013
0.7516392469406128
0.6758771538734436
0.6765559911727905
0.4795553982257843
0.5592297315597534
0.6266329288482666
0.5821175575256348
0.31909433007240295
0.22069188952445984
0.46734899282455444
0.6053217649459839
0.6872763633728027
0.6250130534172058
0.6350932121276855
0.6795783042907715
0.6546913385391235
0.6855233907699585
0.11407501995563507
0.13020822405815125
0.7191511988639832
0.5660890340805054
0.6850473880767822
0.46382319927215576
0.5525721311569214
0.7433653473854065
0.6991361379623413
0.5848637819290161
0.7202147245407104
0.7032408714294434
0.6674206256866455
0.495384156703949
0.7093658447265625
0.5508068203926086
0.3770740330219269
0.5757901668548584
0.29633209109306335
0.6324440836906433
0.7400974035263062
0.5897469520568848
0.3494527041912079
0.7271748781204224
0.3748297691345215
0.5207340717315674
0.09381294250488281
0.7647241353988647
0.7288597822189331
0.480479896068573
0.5055587291717529
0.6825816035270691
0.6267687082290649
0.6547273397445679
0.7707831859588623
0.4619795083999634
0.4034217596054077
0.611677885055542
0.48425519466400146
0.4883503019809723
0.23384174704551697
0.38993364572525024
0.38992738723754883
0.5073411464691162
0.6870131492614746
0.5519538521766663
0.6303013563156128
0.6862431764602661
0.7596051692962646
0.7125059366226196
0.4931076467037201
0.40073996782302856
0.20096157491207123
0.32774513959884644
0.666022539138794
0.38691020011901855
0.19693876802921295
0.6522412300109863
0.5684294700622559
0.6520569324493408
0.7579330205917358
0.6024765968322754
0.6070328950881958
0.6411082744598389
0.5494295358657837
0.5827749967575073
0.4232698976993561
0.5354299545288086
0.8661255836486816
0.5869301557540894
0.5359878540039062
0.6403470039367676
0.33336809277534485
0.6667780876159668
0.53131502866745
0.5945429801940918
0.4373134672641754
0.5064221620559692
0.3630432188510895
0.6036639213562012
0.6068931818008423
0.3067716062068939
0.7313562631607056
0.6249714493751526
0.5204058885574341
0.5748322010040283
0.6097476482391357
0.9166398048400879
0.6572655439376831
0.5381066799163818
0.7210609912872314
0.6659281253814697
0.5260490775108337
0.6890367269515991
0.62208092212677
0.6661738157272339
0.34347569942474365
0.5795875191688538
0.517124354839325
0.38613855838775635
0.4900745153427124
0.40933850407600403
0.25717172026634216
0.5986847877502441
0.5701907873153687
0.7707831859588623
0.5351531505584717
0.6033841371536255
0.6288360357284546
0.5057554244995117
0.6422334909439087
0.5206124782562256
0.18244212865829468
0.5972935557365417
0.6877537965774536
0.5394287109375
0.37312281131744385
0.20407763123512268
0.6905529499053955
0.5635080337524414
0.34817975759506226
0.17051929235458374
0.9213429689407349
0.26778554916381836
0.29445815086364746
0.6061220169067383
0.25183719396591187
0.619799017906189
0.538293719291687
0.6653069257736206
0.7521635890007019
0.7093173265457153
0.4557332396507263
0.7621991634368896
0.3815371096134186
0.5215187072753906
0.30253151059150696
0.3600285053253174
0.6685264706611633
0.7166357040405273
0.5373555421829224
0.3853034973144531
0.2696290612220764
0.606095552444458
0.6549539566040039
0.46970731019973755
0.6374815106391907
0.5737701654434204
0.6443678140640259
0.5165954232215881
0.5899041891098022
0.5120812058448792
0.7281625270843506
0.5597813129425049
0.6861824989318848
0.5990986824035645
0.4897843599319458
0.5917538404464722
0.7149227857589722
0.4793267846107483
0.6808000206947327
0.18837285041809082
0.20350337028503418
0.16661196947097778
0.5848194360733032
0.2613444924354553
0.48504510521888733
0.6160813570022583
0.4201483130455017
0.1685638725757599
0.3683745861053467
0.19217929244041443
0.6743517518043518
0.78449547290802
0.3452873229980469
0.26132237911224365
0.748833179473877
0.44005364179611206
0.6452962160110474
0.42179930210113525
0.7409261465072632
0.5719219446182251
0.44643744826316833
0.4610413908958435
0.717715859413147
0.3702223002910614
0.2934688925743103
0.3414233326911926
0.6497526168823242
0.5254009962081909
0.7645993232727051
0.681755781173706
0.5371454358100891
0.6042889356613159
0.655261754989624
0.5512890815734863
0.579336404800415
0.1646222323179245
0.393110990524292
0.5200316905975342
0.5296117067337036
0.558724045753479
0.28407737612724304
0.6325458884239197
0.5774298906326294
0.7198553085327148
0.5289415717124939
0.2198319286108017
0.260332852602005
0.12214024364948273
0.4730415940284729
0.42270973324775696
0.3253532648086548
0.6593941450119019
0.5796918869018555
0.44646498560905457
0.601752758026123
0.5392438173294067
0.5696530342102051
0.559891939163208
0.5590207576751709
0.1270899772644043
0.4623801112174988
0.6006871461868286
0.6344610452651978
0.4608173966407776
0.5196629762649536
0.23671609163284302
0.6189348101615906
0.3679332733154297
0.5661197900772095
0.44384992122650146
0.7102023363113403
0.37749677896499634
0.5864611268043518
0.6557314395904541
0.4818366765975952
0.7519723176956177
0.5872508883476257
0.596820592880249
0.7710636854171753
0.5460511445999146
0.43084949254989624
0.15251639485359192
0.6227995157241821
0.692083477973938
0.7256337404251099
0.7074060440063477
0.2500540316104889
0.2202480137348175
0.6417375802993774
0.7578734159469604
0.1682664453983307
0.29600054025650024
0.6737082004547119
0.7198028564453125
0.6727255582809448
0.3688049912452698
0.6174089908599854
0.6120255589485168
0.7357350587844849
0.687773585319519
0.17489176988601685
0.37128061056137085
0.14527682960033417
0.2854315936565399
0.4712067246437073
0.7169469594955444
0.7102099657058716
0.44415348768234253
0.31574708223342896
0.6227543354034424
0.5616182684898376
0.23117978870868683
0.6479270458221436
0.1890958845615387
0.6590774655342102
0.47582530975341797
0.6031813025474548
0.3816728889942169
0.7634581327438354
0.45703941583633423
0.5680087804794312
0.6904470920562744
0.5909437537193298
0.5358446836471558
0.6897297501564026
0.753578782081604
0.0537889301776886
0.40936213731765747
0.7803748846054077
0.6424146890640259
0.7051084041595459
0.485153466463089
0.6305222511291504
0.5573446750640869
0.6548837423324585
0.3406063914299011
0.22349855303764343
0.5217074155807495
0.49671271443367004
0.06146562099456787
0.631904125213623
0.4747879207134247
0.7363369464874268
0.6677175760269165
0.7526251077651978
0.5852010250091553
0.24762031435966492
0.3075296878814697
0.29281729459762573
0.5682724714279175
0.25488999485969543
0.09228682518005371
0.4772372841835022
0.6360933780670166
0.1683071106672287
0.534835934638977
0.7150265574455261
0.496293306350708
0.6643384695053101
0.5165801048278809
0.6506485939025879
0.42949819564819336
0.4911731779575348
0.5713770985603333
0.7293634414672852
0.487384557723999
0.36852484941482544
0.6105633974075317
0.6124372482299805
0.448313444852829
0.6233873963356018
0.6352213621139526
0.7054327726364136
0.37561479210853577
0.20092234015464783
0.6681201457977295
0.2285175621509552
0.5618991255760193
0.6255205869674683
0.6321220993995667
0.5660837292671204
0.4976569414138794
0.6661736369132996
0.19975045323371887
0.4867240786552429
0.6299347877502441
0.5433945655822754
0.7796816825866699
0.7149430513381958
0.7965352535247803
0.724808931350708
0.7386060357093811
0.46713125705718994
0.6627991199493408
0.4434226155281067
0.485669881105423
0.5186610817909241
0.20201802253723145
0.4972480833530426
0.6312507390975952
0.730972170829773
0.592987596988678
0.5529541373252869
0.5212546586990356
0.5435082912445068
0.19846314191818237
0.469417005777359
0.6580394506454468
0.5896384716033936
0.7892732620239258
0.5320769548416138
0.7059817910194397
0.44556498527526855
0.629067063331604
0.7568908333778381
0.663066029548645
0.5984952449798584
0.6652777194976807
0.8064827919006348
0.8086934089660645
0.5079128742218018
0.27162599563598633
0.7548810243606567
0.6572802662849426
0.7210359573364258
0.8034369945526123
0.42131125926971436
0.7363102436065674
0.38206541538238525
0.24192550778388977
0.3724784851074219
0.3642594814300537
0.5346747636795044
0.7072440385818481
0.16412976384162903
0.5771161317825317
0.3845919966697693
0.44367724657058716
0.20999300479888916
0.5568013191223145
0.753994345664978
0.7825682759284973
0.48019737005233765
0.6445069313049316
0.7149587273597717
0.2517075538635254
0.5865371823310852
0.5810941457748413
0.686742901802063
0.635871171951294
0.35691338777542114
0.612721860408783
0.6988758444786072
0.265267550945282
0.6710755825042725
0.6876779794692993
0.48912128806114197
0.724897027015686
0.38788068294525146
0.4564741849899292
0.328761488199234
0.7176612019538879
0.09260456264019012
0.42480528354644775
0.3001241087913513
0.7676336169242859
0.5635080337524414
0.6942812204360962
0.6175401210784912
0.6345677375793457
0.6210944652557373
0.49020740389823914
0.4651728868484497
0.136732816696167
0.6899287700653076
0.7409762144088745
0.371688574552536
0.5323128700256348
0.27301934361457825
0.6426345109939575
0.4378306269645691
0.5707640647888184
0.6399247646331787
0.4626167118549347
0.666962742805481
0.4354639947414398
0.1101074367761612
0.6197953224182129
0.27231672406196594
0.5687037110328674
0.11359718441963196
0.7992669343948364
0.6679242849349976
0.5112124681472778
0.655605673789978
0.40733015537261963
0.6101402044296265
0.5992358922958374
0.25338634848594666
0.7113581895828247
0.5397706627845764
0.5343759059906006
0.6967426538467407
0.6218136548995972
0.7376965880393982
0.42746466398239136
0.6487531065940857
0.6054128408432007
0.7290009260177612
0.543319821357727
0.6683225631713867
0.7260321378707886
0.461269736289978
0.7926374673843384
0.3416067361831665
0.6406856775283813
0.5295464396476746
0.6544305086135864
0.5965502858161926
0.5201377272605896
0.7330214381217957
0.565510630607605
0.6467329263687134
0.6435073614120483
0.24486935138702393
0.5792803764343262
0.7314292192459106
0.17835469543933868
0.7580159902572632
0.3950175642967224
0.6015663146972656
0.6469408273696899
0.20092234015464783
0.509818434715271
0.39151862263679504
0.5647890567779541
0.6994096040725708
0.21088960766792297
0.5271338224411011
0.5498391389846802
0.47572317719459534
0.7347145080566406
0.621353805065155
0.6470823287963867
0.40239325165748596
0.46341076493263245
0.2462638020515442
0.5914205312728882
0.3849714398384094
0.630902886390686
0.7397284507751465
0.598103940486908
0.5434271693229675
0.64690762758255
0.5601590275764465
0.5133230686187744
0.6789541244506836
0.6315915584564209
0.7372403740882874
0.4485477805137634
0.175360769033432
0.759385347366333
0.6577334403991699
0.6531633734703064
0.18293027579784393
0.5264395475387573
0.6190970540046692
0.4920676350593567
0.48516249656677246
0.5604138374328613
0.639604926109314
0.1521945297718048
0.7608829140663147
0.6518160104751587
0.6691948175430298
0.7129631042480469
0.31299954652786255
0.6454845070838928
0.48633506894111633
0.710239052772522
0.4896513819694519
0.5067903995513916
0.7733018398284912
0.24002134799957275
0.5999952554702759
0.5803128480911255
0.7934340238571167
0.685287356376648
0.4340287446975708
0.5400317907333374
0.6357800960540771
0.4835957884788513
0.5057412385940552
0.3712833523750305
0.49097514152526855
0.702957272529602
0.47902238368988037
0.6229865550994873
0.3155668377876282
0.504751443862915
0.42017632722854614
0.43606817722320557
0.6309833526611328
0.6615645885467529
0.6029043197631836
0.796938419342041
0.33267220854759216
0.6653666496276855
0.635706901550293
0.660435676574707
0.4514612555503845
0.27598053216934204
0.5316202640533447
0.695165753364563
0.5992624163627625
0.5614699125289917
0.4707643985748291
0.5681484937667847
0.6276100873947144
0.4731503427028656
0.5744978189468384
0.5865088701248169
0.6241674423217773
0.7138137817382812
0.738216757774353
0.6447163820266724
0.3300017714500427
0.731518030166626
0.5302581191062927
0.6089638471603394
0.5644519329071045
0.6573277711868286
0.4247543215751648
0.608475923538208
0.7163292169570923
0.6737971305847168
0.7257293462753296
0.6214438676834106
0.6128647327423096
0.440045028924942
0.4711821675300598
0.4886620044708252
0.6951528787612915
0.6972484588623047
0.4964205324649811
0.6279202699661255
0.7033699750900269
0.6800336837768555
0.49481961131095886
0.3489554524421692
0.4299028515815735
0.5589978694915771
0.6008734107017517
0.7286955118179321
0.565039873123169
0.7583780884742737
0.43390482664108276
0.7509753704071045
0.653246283531189
0.46517226099967957
0.5044091939926147
0.6861042976379395
0.4667290449142456
0.5582370758056641
0.1487104892730713
0.44371625781059265
0.4964149296283722
0.11854028701782227
0.5599060654640198
0.33358100056648254
0.42741161584854126
0.5637460947036743
0.6770941019058228
0.4734535217285156
0.5364500284194946
0.3239232003688812
0.719002366065979
0.6040446162223816
0.3003199100494385
0.6190799474716187
0.49440133571624756
0.46314871311187744
0.6356032490730286
0.5011582374572754
0.31746789813041687
0.3410469889640808
0.6619895696640015
0.4882121682167053
0.8482586145401001
0.5046985745429993
0.1521529108285904
0.4069612920284271
0.6626944541931152
0.677459716796875
0.5538610219955444
0.6496530771255493
0.6076178550720215
0.6155545711517334
0.7502446174621582
0.3597332835197449
0.6293753981590271
0.5770895481109619
0.7704071998596191
0.675780713558197
0.6383737325668335
0.8300062417984009
0.12259922921657562
0.6203868389129639
0.5306442379951477
0.6199040412902832
0.5189024209976196
0.760450005531311
0.5832646489143372
0.5910642147064209
0.38324689865112305
0.3094806671142578
0.6708574295043945
0.5170713663101196
0.6416497230529785
0.8391618728637695
0.4874879717826843
0.6837117671966553
0.37774085998535156
0.8034459352493286
0.6081675291061401
0.4138146936893463
0.6700013875961304
0.5361614227294922
0.4688040018081665
0.5944606065750122
0.26428261399269104
0.39185988903045654
0.6399956941604614
0.6275842189788818
0.6454213857650757
0.6585562229156494
0.5640325546264648
0.5661899447441101
0.6285473704338074
0.6812647581100464
0.5763426423072815
0.6291501522064209
0.7337439060211182
0.756378173828125
0.28808778524398804
0.25456905364990234
0.5618835687637329
0.6830717325210571
0.42695945501327515
0.28143155574798584
0.6932022571563721
0.3221673369407654
0.41512542963027954
0.4889683127403259
0.3258638381958008
0.6532659530639648
0.5979854464530945
0.6906677484512329
0.8452087640762329
0.07179778814315796
0.81489098072052
0.5894374847412109
0.4972110390663147
0.6039336323738098
0.16401679813861847
0.6355185508728027
0.5624090433120728
0.6613643169403076
0.7540795803070068
0.6813302040100098
0.11397820711135864
0.41811835765838623
0.5297173857688904
0.255879670381546
0.6112194061279297
0.21948225796222687
0.7112151384353638
0.3275609612464905
0.6606346964836121
0.6298033595085144
0.5177159309387207
0.5097977519035339
0.5444223880767822
0.6773333549499512
0.16071996092796326
0.11583402752876282
0.5954946875572205
0.1280551552772522
0.7462263107299805
0.3581882119178772
0.7078657150268555
0.4138749837875366
0.48909395933151245
0.6066536903381348
0.7793844938278198
0.5020112991333008
0.7636508941650391
0.5775220394134521
0.7171152830123901
0.6457890272140503
0.682206392288208
0.5612648725509644
0.5506988763809204
0.659568190574646
0.6380228400230408
0.08806733787059784
0.6487182974815369
0.7130439281463623
0.41754186153411865
0.09189003705978394
0.5944210290908813
0.2954002618789673
0.27376890182495117
0.30745285749435425
0.6832544803619385
0.33693116903305054
0.446226567029953
0.5466699600219727
0.6027384996414185
0.7201171517372131
0.1799641251564026
0.65345299243927
0.5271164774894714
0.7216862440109253
0.8229720592498779
0.5689241886138916
0.6465615034103394
0.486036479473114
0.3772582709789276
0.7088594436645508
0.6455531120300293
0.773842453956604
0.5026485919952393
0.5623893737792969
0.7299882173538208
0.6291635036468506
0.3604896664619446
0.7442817687988281
0.610937237739563
0.06693817675113678
0.6839215755462646
0.6846463084220886
0.5938377380371094
0.6197367906570435
0.6783226132392883
0.3773457407951355
0.647089958190918
0.5970879793167114
0.5390141010284424
0.8574525117874146
0.42804470658302307
0.6883155107498169
0.5564397573471069
0.5188565254211426
0.6590299606323242
0.5514984130859375
0.2634333372116089
0.6361167430877686
0.7998290061950684
0.8531514406204224
0.5794748663902283
0.654679536819458
0.666658878326416
0.607258141040802
0.7512901425361633
0.4195464253425598
0.3682182729244232
0.527081310749054
0.6900712847709656
0.4562099575996399
0.6893059015274048
0.19655458629131317
0.6968562602996826
0.6672093868255615
0.5007116794586182
0.5972998142242432
0.3797120451927185
0.24178773164749146
0.5660303235054016
0.6526892781257629
0.5162001252174377
0.37615931034088135
0.3276582360267639
0.5464910268783569
0.21522098779678345
0.7703948020935059
0.08201393485069275
0.7167431116104126
0.16965574026107788
0.749833345413208
0.7791267037391663
0.6978765726089478
0.08925208449363708
0.4388023018836975
0.5934653282165527
0.7091388702392578
0.5850299596786499
0.7054165005683899
0.6475754976272583
0.6827554702758789
0.6370865106582642
0.10203717648983002
0.35803210735321045
0.5094083547592163
0.6540243625640869
0.7160507440567017
0.6732891798019409
0.4409482777118683
0.12412986159324646
0.7030954360961914
0.6594104766845703
0.544265627861023
0.560344934463501
0.048309147357940674
0.69666588306427
0.5235897898674011
0.5359269380569458
0.6908789873123169
0.44241955876350403
0.7855764627456665
0.7036292552947998
0.6576583385467529
0.5753989219665527
0.19700439274311066
0.7657484412193298
0.6982886791229248
0.4111132323741913
0.30513742566108704
0.6078199148178101
0.4794936180114746
0.5876579880714417
0.6585005521774292
0.5874478816986084
0.25388795137405396
0.6569048166275024
0.4791691303253174
0.2956638038158417
0.6570432186126709
0.09796394407749176
0.7301950454711914
0.6111023426055908
0.5595133304595947
0.7047139406204224
0.6139119863510132
0.542125940322876
0.6449095010757446
0.4954845905303955
0.34880363941192627
0.4303496479988098
0.41248366236686707
0.6253381371498108
0.44858232140541077
0.6072543859481812
0.6066138744354248
0.3592415452003479
0.5002120733261108
0.24245768785476685
0.7964479923248291
0.6952332258224487
0.6438534259796143
0.7015633583068848
0.7187701463699341
0.6398930549621582
0.609138011932373
0.6678017377853394
0.6445663571357727
0.5673686265945435
0.5007880330085754
0.568436861038208
0.5287679433822632
0.7813340425491333
0.12817908823490143
0.5592619180679321
0.5466820001602173
0.6471574902534485
0.6669833660125732
0.45126277208328247
0.4760264754295349
0.8032983541488647
0.5184435844421387
0.7197448015213013
0.2940121293067932
0.5785799026489258
0.6278831958770752
0.31235015392303467
0.626085638999939
0.5705984830856323
0.08843305706977844
0.7989215850830078
0.5405478477478027
0.5953803658485413
0.6491278409957886
0.7497860193252563
0.718870997428894
0.5925238132476807
0.6559569835662842
0.6327410936355591
0.426684707403183
0.7345864772796631
0.7182424664497375
0.45765918493270874
0.6162999868392944
0.1236124038696289
0.579351007938385
0.5533874034881592
0.7234211564064026
0.7280938625335693
0.6433702111244202
0.2851897180080414
0.390481173992157
0.698485255241394
0.3918803036212921
0.609633207321167
0.49216461181640625
0.41295117139816284
0.6634533405303955
0.4965516924858093
0.6270670890808105
0.7120723724365234
0.6203188896179199
0.6617081165313721
0.7267714738845825
0.5479478240013123
0.408814013004303
0.5788851380348206
0.5580073595046997
0.6761022806167603
0.41015270352363586
0.6244953870773315
0.31947562098503113
0.5596569776535034
0.6195163130760193
0.5617114901542664
0.632352352142334
0.4993188977241516
0.5049408078193665
0.7150300741195679
0.7525821924209595
0.22494468092918396
0.7158920764923096
0.5807744264602661
0.37586402893066406
0.6256899237632751
0.44303759932518005
0.4627397060394287
0.6883836388587952
0.5642458200454712
0.5762597322463989
0.2281041294336319
0.5840047597885132
0.65241938829422
0.5943610668182373
0.7056242227554321
0.7723640203475952
0.6168791055679321
0.8029708862304688
0.49993467330932617
0.45240461826324463
0.34229540824890137
0.6539885997772217
0.6317415237426758
0.6745150089263916
0.5867903232574463
0.5117080211639404
0.5987162590026855
0.6232270002365112
0.4557758867740631
0.6824504137039185
0.6168779730796814
0.7400946617126465
0.6402502059936523
0.18106286227703094
0.6762903928756714
0.6325645446777344
0.6440008282661438
0.5790445804595947
0.8587346076965332
0.47383439540863037
0.4505864977836609
0.6036070585250854
0.6254158020019531
0.6822161674499512
0.6553078889846802
0.21793991327285767
0.4995986223220825
0.5521833896636963
0.744478702545166
0.32270869612693787
0.5376086235046387
0.7560856342315674
0.7798304557800293
0.6827369928359985
0.46882903575897217
0.20640984177589417
0.7940660715103149
0.5370551943778992
0.28117913007736206
0.12472604215145111
0.4578602910041809
0.7043423652648926
0.577385663986206
0.5147551894187927
0.5020871758460999
0.6271774768829346
0.6589392423629761
0.6365681886672974
0.528579831123352
0.5019124746322632
0.6311581134796143
0.5304100513458252
0.6406136751174927
0.7036365270614624
0.43161267042160034
0.6656513214111328
0.6372665166854858
0.33432456851005554
0.5213324427604675
0.6491223573684692
0.6364301443099976
0.43071943521499634
0.2776876986026764
0.4688338041305542
0.4693464934825897
0.5060857534408569
0.6700519323348999
0.8059035539627075
0.7520492076873779
0.6222200989723206
0.5996965765953064
0.5552703142166138
0.27993106842041016
0.6744353771209717
0.7613821029663086
0.6717612743377686
0.48207753896713257
0.6454982161521912
0.6331189870834351
0.6792283058166504
0.7577438354492188
0.6511142253875732
0.4159356951713562
0.5614877939224243
0.5595288276672363
0.49578577280044556
0.657869815826416
0.5276052355766296
0.6307976841926575
0.699415385723114
0.6316590309143066
0.6358745694160461
0.6713391542434692
0.4627116620540619
0.6411653757095337
0.45870834589004517
0.4079524278640747
0.6761695146560669
0.631391167640686
0.6727315783500671
0.4515007734298706
0.596697211265564
0.6475061178207397
0.20427389442920685
0.5862817764282227
0.5169585943222046
0.3568227291107178
0.36725565791130066
0.4859762191772461
0.16506555676460266
0.6591379642486572
0.5265060067176819
0.6479806900024414
0.7710273861885071
0.18430915474891663
0.6151542663574219
0.5450493097305298
0.6295148730278015
0.33460262417793274
0.38491255044937134
0.6597939729690552
0.63796067237854
0.2098233550786972
0.6470756530761719
0.09091687202453613
0.4595603346824646
0.5556826591491699
0.578734278678894
0.5115461349487305
0.7303508520126343
0.7117283344268799
0.6259987354278564
0.6146963834762573
0.13255730271339417
0.32039907574653625
0.3115628957748413
0.5649596452713013
0.7344200611114502
0.5808002948760986
0.6933174729347229
0.2555113434791565
0.7020169496536255
0.6634538173675537
0.6608917713165283
0.5538036823272705
0.5465129613876343
0.6726441383361816
0.8154555559158325
0.058806344866752625
0.1491740196943283
0.03981977701187134
0.5755995512008667
0.42606765031814575
0.7402384281158447
0.6168324947357178
0.6032638549804688
0.6841577291488647
0.6533478498458862
0.6872256994247437
0.7055224180221558
0.3590078055858612
0.5848198533058167
0.3421075940132141
0.5954028367996216
0.25074735283851624
0.5238898992538452
0.6384501457214355
0.49413001537323
0.7170300483703613
0.6118013858795166
0.6082745790481567
0.7360070943832397
0.40778183937072754
0.6826677322387695
0.6220061779022217
0.6307377815246582
0.41829073429107666
0.5588707327842712
0.6747896671295166
0.7002634406089783
0.7254542112350464
0.5110969543457031
0.5601679086685181
0.5343453884124756
0.41658008098602295
0.6870495676994324
0.7253938913345337
0.4872654974460602
0.6893953680992126
0.6472499370574951
0.6701425909996033
0.2237900048494339
0.6330289244651794
0.5162001252174377
0.6981574892997742
0.6291061639785767
0.5260112881660461
0.794438362121582
0.4544945955276489
0.4975060224533081
0.6381213665008545
0.5534136295318604
0.6424456834793091
0.43555748462677
0.6823886036872864
0.667881965637207
0.7231992483139038
0.7088121175765991
0.7195901870727539
0.3756709396839142
0.7012026309967041
0.47208210825920105
0.6237388849258423
0.45040443539619446
0.5423836708068848
0.6264828443527222
0.6267522573471069
0.310941219329834
0.8323538303375244
0.2870006561279297
0.5647028684616089
0.6962615251541138
0.10132338106632233
0.2550883889198303
0.6434190273284912
0.6569103002548218
0.33113276958465576
0.5497952699661255
0.13236290216445923
0.7071017026901245
0.40389710664749146
0.5210751891136169
0.589197039604187
0.5702469348907471
0.6814068555831909
0.5733739137649536
0.46928003430366516
0.40125641226768494
0.7144178152084351
0.717471718788147
0.7255903482437134
0.09991839528083801
0.6836759448051453
0.6411175727844238
0.6652692556381226
0.24156293272972107
0.6302514672279358
0.6623597145080566
0.7080491781234741
0.6859374642372131
0.543844997882843
0.51073157787323
0.3954733610153198
0.6716893911361694
0.6551514267921448
0.7179425954818726
0.5962324142456055
0.6009370684623718
0.5142935514450073
0.27701887488365173
0.6182076334953308
0.6819344758987427
0.2342209666967392
0.7548196315765381
0.5273611545562744
0.6194428205490112
0.5724608898162842
0.4794498085975647
0.7101118564605713
0.4494692087173462
0.5923567414283752
0.6392067074775696
0.45563626289367676
0.21123217046260834
0.4989848732948303
0.6902189254760742
0.577662467956543
0.6048605442047119
0.663587212562561
0.6971796751022339
0.4327237904071808
0.6779027581214905
0.721899688243866
0.7309268712997437
0.6212481260299683
0.4523524045944214
0.6433436870574951
0.437826007604599
0.6813873052597046
0.47005754709243774
0.42196565866470337
0.5187287330627441
0.08839704096317291
0.6612321138381958
0.5507102012634277
0.6782450675964355
0.6540229320526123
0.4312152862548828
0.5204159021377563
0.2976020872592926
0.5929630398750305
0.7362908124923706
0.7708802223205566
0.36663755774497986
0.4256557822227478
0.3781910836696625
0.3627157211303711
0.6832154989242554
0.7115671634674072
0.520676851272583
0.5640042424201965
0.37721559405326843
0.3704667389392853
0.5823546648025513
0.6227190494537354
0.7849446535110474
0.6382032036781311
0.636408805847168
0.5129292011260986
0.27131181955337524
0.5017856359481812
0.5095261335372925
0.36261558532714844
0.20995615422725677
0.7137815356254578
0.3261360228061676
0.6260573863983154
0.5876656770706177
0.20697668194770813
0.7128106355667114
0.4114251136779785
0.7002002000808716
0.5668922066688538
0.6417018175125122
0.6733306646347046
0.5117008686065674
0.7457470893859863
0.7566705942153931
0.35346248745918274
0.3381677269935608
0.45208877325057983
0.4151550531387329
0.5638003349304199
0.5762495994567871
0.14149105548858643
0.5297986268997192
0.6049830317497253
0.6920223236083984
0.6261202692985535
0.7056764364242554
0.3691451847553253
0.4894741177558899
0.7246074080467224
0.5626610517501831
0.6312641501426697
0.3583233058452606
0.683779239654541
0.5365238189697266
0.40153318643569946
0.6333439946174622
0.6115149259567261
0.5979771614074707
0.6736423969268799
0.5707011222839355
0.598713755607605
0.5900729894638062
0.6465640068054199
0.5939266681671143
0.7125385999679565
0.6868364810943604
0.49098074436187744
0.6044019460678101
0.4366791844367981
0.22450551390647888
0.4224867522716522
0.8484710454940796
0.5199778079986572
0.4100969433784485
0.42199671268463135
0.5310826301574707
0.7890703678131104
0.6958798170089722
0.3880578279495239
0.7374802827835083
0.36724671721458435
0.466602623462677
0.6779375672340393
0.4847443103790283
0.7875733375549316
0.6100510358810425
0.7432403564453125
0.7573947906494141
0.7001396417617798
0.6403275728225708
0.426461786031723
0.6698741912841797
0.6051051616668701
0.4541393220424652
0.8082587718963623
0.5300438404083252
0.4332893192768097
0.3525286614894867
0.6889961957931519
0.6831666231155396
0.8298527002334595
0.5714974403381348
0.6173447370529175
0.5838602781295776
0.333251416683197
0.22357997298240662
0.7441449165344238
0.7183568477630615
0.44530224800109863
0.48366856575012207
0.4038635492324829
0.5519949197769165
0.18955698609352112
0.5745244026184082
0.6734806299209595
0.5096760988235474
0.7039042711257935
0.3414672017097473
0.20506694912910461
0.62553870677948
0.37114110589027405
0.3136574923992157
0.5597202777862549
0.14084623754024506
0.44173434376716614
0.6654801368713379
0.692209005355835
0.6315857172012329
0.316716730594635
0.27238890528678894
0.6352283954620361
0.6561687588691711
0.6516777276992798
0.6248822212219238
0.63454270362854
0.7475714683532715
0.5911041498184204
0.30881255865097046
0.5570451021194458
0.22421297430992126
0.5046584010124207
0.7861975431442261
0.7806433439254761
0.31837254762649536
0.3361060917377472
0.3625444769859314
0.1630423218011856
0.27274155616760254
0.7060495615005493
0.6434051990509033
0.4703962802886963
0.2387685626745224
0.49021318554878235
0.7211133241653442
0.6903265714645386
0.6958306431770325
0.6235864162445068
0.5632622241973877
0.42114055156707764
0.6871261596679688
0.6530255079269409
0.5397295355796814
0.7341562509536743
0.5460126399993896
0.10700146853923798
0.7833478450775146
0.2672378420829773
0.6166064739227295
0.7307652235031128
0.48919063806533813
0.7056534290313721
0.6067876815795898
0.6143182516098022
0.7243020534515381
0.7762095928192139
0.19383767247200012
0.745205283164978
0.794148325920105
0.6895798444747925
0.6307398080825806
0.550987184047699
0.4598866105079651
0.37010616064071655
0.5480022430419922
0.6721726655960083
0.6377246379852295
0.663825511932373
0.18733128905296326
0.7523600459098816
0.38745173811912537
0.4015558958053589
0.6532175540924072
0.12184368073940277
0.49922478199005127
0.3245530128479004
0.13841813802719116
0.5519206523895264
0.6390049457550049
0.6854012608528137
0.6115514039993286
0.19567173719406128
0.3918609321117401
0.7166244983673096
0.4088779389858246
0.5717302560806274
0.6736654043197632
0.10486863553524017
0.659522294998169
0.6381492614746094
0.34464824199676514
0.731577455997467
0.7310366630554199
0.6666069626808167
0.42655670642852783
0.6172647476196289
0.5145738124847412
0.7136584520339966
0.48214659094810486
0.38007795810699463
0.6619288921356201
0.4034653902053833
0.5615012645721436
0.6797698736190796
0.7382634878158569
0.3780481219291687
0.6547501087188721
0.5993375778198242
0.39087510108947754
0.6527746915817261
0.48572391271591187
0.7652328014373779
0.49222332239151
0.4491102695465088
0.5274806022644043
0.6055457592010498
0.36157000064849854
0.6711443662643433
0.45384326577186584
0.6073946952819824
0.7604117393493652
0.5546983480453491
0.4196837842464447
0.09495767951011658
0.5869818329811096
0.13309238851070404
0.5893744230270386
0.6793978810310364
0.8315608501434326
0.6451383233070374
0.5302672386169434
0.7159587144851685
0.6688540577888489
0.6739734411239624
0.3499319553375244
0.4849613904953003
0.5622034072875977
0.5199400782585144
0.4415290951728821
0.7446911334991455
0.6167040467262268
0.636631965637207
0.6844924688339233
0.5568447709083557
0.21775409579277039
0.6232579946517944
0.3300293982028961
0.3206242620944977
0.3830558657646179
0.14521661400794983
0.7098371982574463
0.6484801769256592
0.6693695783615112
0.6780327558517456
0.6815638542175293
0.6260675191879272
0.7317701578140259
0.23331056535243988
0.6108036041259766
0.5244092345237732
0.6747092008590698
0.4977571964263916
0.6539932489395142
0.7052040696144104
0.5677647590637207
0.6965397596359253
0.7788329124450684
0.5341031551361084
0.7175922989845276
0.6539229154586792
0.6501210331916809
0.45904502272605896
0.37913694977760315
0.7624553442001343
0.4377720355987549
0.6384671926498413
0.1544187217950821
0.7100189924240112
0.695932149887085
0.7260375022888184
0.42767825722694397
0.5598564147949219
0.38015323877334595
0.594998836517334
0.5087148547172546
0.5764473676681519
0.6460539102554321
0.5046788454055786
0.06446734070777893
0.24683979153633118
0.5850073099136353
0.11036117374897003
0.6432249546051025
0.35304033756256104
0.6955562829971313
0.33276697993278503
0.6663082838058472
0.1859811246395111
0.6886099576950073
0.6811869144439697
0.46775129437446594
0.3901706039905548
0.5076687335968018
0.4134576618671417
0.7629639506340027
0.7670631408691406
0.44225025177001953
0.614905834197998
0.5570774078369141
0.6881943345069885
0.7757519483566284
0.6134378910064697
0.6635804176330566
0.7395542860031128
0.6784887313842773
0.6830500364303589
0.3307313919067383
0.27300167083740234
0.6299700736999512
0.6135604381561279
0.49056315422058105
0.6500152945518494
0.5359396934509277
0.5595594644546509
0.6526252031326294
0.7181532979011536
0.6304501295089722
0.2779320478439331
0.6875019073486328
0.593178391456604
0.5435020923614502
0.2963169813156128
0.5778660774230957
0.6989582777023315
0.4523257315158844
0.6322355270385742
0.14109614491462708
0.4354313015937805
0.39385274052619934
0.41932764649391174
0.7067763805389404
0.5530846118927002
0.6647558212280273
0.6306586265563965
0.6293948888778687
0.09254293143749237
0.6572982668876648
0.48380693793296814
0.6003290414810181
0.698225736618042
0.7157403230667114
0.6007802486419678
0.5931366682052612
0.4955527186393738
0.6414186954498291
0.6837066411972046
0.3571431636810303
0.6445502042770386
0.5832200050354004
0.3527543544769287
0.6575214862823486
0.6392644643783569
0.27814584970474243
0.23567041754722595
0.7421431541442871
0.6647628545761108
0.28740161657333374
0.6197850704193115
0.6546865701675415
0.6701455116271973
0.6928017735481262
0.5555695295333862
0.5782412886619568
0.7177427411079407
0.25592857599258423
0.5896106958389282
0.46494269371032715
0.7055013179779053
0.5779926776885986
0.6458345651626587
0.602831244468689
0.5172213912010193
0.3202112019062042
0.5741121172904968
0.6124042868614197
0.659723162651062
0.27951544523239136
0.7062064409255981
0.3085339367389679
0.7144825458526611
0.47765791416168213
0.542665958404541
0.6847571730613708
0.3846200704574585
0.6274009943008423
0.4126346707344055
0.5684707760810852
0.1817278265953064
0.45724815130233765
0.5406970381736755
0.41288524866104126
0.3729609549045563
0.5000600218772888
0.6001969575881958
0.7043994665145874
0.5875170230865479
0.49390628933906555
0.6143426895141602
0.6931320428848267
0.4054572582244873
0.5857640504837036
0.1841556429862976
0.3980763852596283
0.7580111622810364
0.40655791759490967
0.6834055185317993
0.6697949171066284
0.5248336791992188
0.582054615020752
0.11363920569419861
0.42499351501464844
0.5068039894104004
0.37581706047058105
0.7187337875366211
0.7095817923545837
0.46360719203948975
0.6888355016708374
0.34383004903793335
0.6005170345306396
0.13323469460010529
0.4135487973690033
0.5877302885055542
0.3940575420856476
0.09853051602840424
0.5723814964294434
0.15755553543567657
0.40584105253219604
0.6384438276290894
0.08287999033927917
0.24639466404914856
0.4697594940662384
0.33237698674201965
0.5596694350242615
0.6990374326705933
0.6079407334327698
0.5967174768447876
0.6289220452308655
0.6726514101028442
0.6776928901672363
0.11471107602119446
0.6854680776596069
0.6242830753326416
0.5812021493911743
0.484201043844223
0.48237189650535583
0.6018660068511963
0.5799122452735901
0.7828633785247803
0.5170092582702637
0.4094465672969818
0.3891620337963104
0.3163081407546997
0.6293009519577026
0.6608881950378418
0.5559603571891785
0.7293713092803955
0.5190814733505249
0.5937681198120117
0.5409905910491943
0.749453067779541
0.638014554977417
0.4725269079208374
0.6645134091377258
0.19586363434791565
0.6598960161209106
0.3041226863861084
0.5041341781616211
0.34668004512786865
0.4882339835166931
0.5160880088806152
0.7997642755508423
0.6838812828063965
0.6450442671775818
0.44596487283706665
0.6311635971069336
0.6012160181999207
0.4858089089393616
0.4416571855545044
0.6109260320663452
0.6260809898376465
0.4610285758972168
0.47280511260032654
0.7543103694915771
0.6300269365310669
0.4536198675632477
0.4566090404987335
0.5369377136230469
0.3068670928478241
0.6867884397506714
0.772614598274231
0.341837614774704
0.45406997203826904
0.6541447639465332
0.6436188220977783
0.3456437587738037
0.4219329059123993
0.44779521226882935
0.6600604057312012
0.6575198769569397
0.2861126959323883
0.5839194059371948
0.3455946445465088
0.30805760622024536
0.3791504502296448
0.14112058281898499
0.33668410778045654
0.688326358795166
0.37815719842910767
0.6098756790161133
0.5003294944763184
0.6706845760345459
0.4238553047180176
0.497816264629364
0.6016767621040344
0.5366750955581665
0.7029614448547363
0.6505074501037598
0.36275479197502136
0.5833818912506104
0.6011147499084473
0.5942428112030029
0.33983150124549866
0.20897091925144196
0.5051372051239014
0.6560040712356567
0.6815202236175537
0.5272887945175171
0.6767624020576477
0.18129287660121918
0.6015750169754028
0.4927678108215332
0.5828781127929688
0.22735843062400818
0.5800403356552124
0.6533235311508179
0.662903904914856
0.6164728403091431
0.6702840924263
0.6793761849403381
0.4158612787723541
0.45236384868621826
0.663119912147522
0.7059041261672974
0.29039767384529114
0.5478179454803467
0.4977266788482666
0.3043563663959503
0.673722505569458
0.4843423068523407
0.6720914244651794
0.6002939939498901
0.6042434573173523
0.6845348477363586
0.6130355596542358
0.3924524188041687
0.5069217681884766
0.5879696607589722
0.676985502243042
0.5929882526397705
0.5734251141548157
0.5764150619506836
0.7237770557403564
0.6551589965820312
0.7221125960350037
0.4662429094314575
0.4280833601951599
0.7164314985275269
0.6680330038070679
0.5452191829681396
0.724979043006897
0.1766149252653122
0.7211934328079224
0.5092992782592773
0.7862710952758789
0.7387060523033142
0.5811398029327393
0.747551679611206
0.4616639316082001
0.22335578501224518
0.43385958671569824
0.693378210067749
0.5883073806762695
0.2943919599056244
0.5550297498703003
0.6625694632530212
0.5944083333015442
0.5612776875495911
0.5997229814529419
0.6734057664871216
0.7026158571243286
0.4974609613418579
0.37061965465545654
0.8105909824371338
0.22289139032363892
0.7077816724777222
0.5447747707366943
0.18941012024879456
0.6581159830093384
0.6900666952133179
0.13463324308395386
0.4730224609375
0.39261728525161743
0.6774425506591797
0.3667390048503876
0.5896869897842407
0.6574903726577759
0.6906514763832092
0.7091372609138489
0.6832853555679321
0.4808805584907532
0.35952121019363403
0.5260491371154785
0.508979082107544
0.7921327352523804
0.6592832803726196
0.35997191071510315
0.3701990842819214
0.7457782030105591
0.7203742265701294
0.042334794998168945
0.7290430665016174
0.6211307048797607
0.5922130346298218
0.6804198026657104
0.3796810805797577
0.6477077007293701
0.5401698350906372
0.3654768466949463
0.6401031017303467
0.5729700922966003
0.6810514330863953
0.5491815805435181
0.32705119252204895
0.7031781077384949
0.6063575148582458
0.5630918741226196
0.7287431359291077
0.704018235206604
0.5464462637901306
0.7180047035217285
0.7901840209960938
0.5861324071884155
0.7063038945198059
0.9199991226196289
0.7460737228393555
0.13706445693969727
0.41274869441986084
0.7382941246032715
0.6242936849594116
0.6584728956222534
0.39494335651397705
0.5777308940887451
0.32499921321868896
0.502205491065979
0.6301780939102173
0.18308007717132568
0.7864567041397095
0.5300421714782715
0.677310585975647
0.7373351454734802
0.6946079730987549
0.6409337520599365
0.3882077932357788
0.5975639820098877
0.4882252514362335
0.33970072865486145
0.5454735159873962
0.64453125
0.7205022573471069
0.523669421672821
0.3999275267124176
0.7487717866897583
0.4637182950973511
0.45954859256744385
0.7115023136138916
0.6126307249069214
0.5395865440368652
0.18288558721542358
0.6532026529312134
0.7466387748718262
0.6560555696487427
0.6350803971290588
0.7177516222000122
0.41936206817626953
0.6407569646835327
0.58510422706604
0.3109874129295349
0.2879968285560608
0.43823209404945374
0.6738491058349609
0.5672764778137207
0.7140425443649292
0.49288541078567505
0.6311514377593994
0.7083833813667297
0.3456437587738037
0.6061484813690186
0.6758077144622803
0.651237964630127
0.6759320497512817
0.19030410051345825
0.6079584360122681
0.6468814611434937
0.542129397392273
0.5517533421516418
0.5540786385536194
0.7035121917724609
0.26519954204559326
0.7793456315994263
0.4691846966743469
0.5466244220733643
0.7244207859039307
0.6752007007598877
0.2069428712129593
0.6410965919494629
0.10768181085586548
0.5385516881942749
0.49142932891845703
0.8350409269332886
0.31317007541656494
0.6799569129943848
0.6394022703170776
0.723198413848877
0.6125322580337524
0.6632724404335022
0.519000768661499
0.6770908832550049
0.6612305641174316
0.4900525212287903
0.7347331047058105
0.44909346103668213
0.7245867252349854
0.6295851469039917
0.17633478343486786
0.33969664573669434
0.45746758580207825
0.3674900233745575
0.30913665890693665
0.5771191120147705
0.5596694350242615
0.14366360008716583
0.6025346517562866
0.612055778503418
0.4353159964084625
0.4904373288154602
0.31093767285346985
0.27170485258102417
0.4375793933868408
0.33024656772613525
0.5795035362243652
0.4698251485824585
0.22644835710525513
0.7051939964294434
0.12127749621868134
0.621220588684082
0.6575472950935364
0.6870126724243164
0.6244679689407349
0.5378576517105103
0.7059069871902466
0.5995105504989624
0.43050438165664673
0.4591559171676636
0.6558963656425476
0.41355016827583313
0.511376142501831
0.7236517667770386
0.5558580160140991
0.23994243144989014
0.6282867193222046
0.6117814779281616
0.5266164541244507
0.5020624399185181
0.6586959362030029
0.6738327741622925
0.7290064096450806
0.6946697235107422
0.6466375589370728
0.7217779159545898
0.6982681751251221
0.5820878744125366
0.6270742416381836
0.3975532352924347
0.3035809397697449
0.5360015034675598
0.6467262506484985
0.7535498142242432
0.6876779794692993
0.5056239366531372
0.7050139904022217
0.260967880487442
0.6579076051712036
0.2844444215297699
0.5390959978103638
0.6768269538879395
0.5943281650543213
0.5193305015563965
0.6734033823013306
0.7383962869644165
0.708796501159668
0.6072815656661987
0.6827071905136108
0.18552115559577942
0.1757459193468094
0.6865665316581726
0.4845565855503082
0.6509512662887573
0.5152804255485535
0.5633939504623413
0.12147407233715057
0.5137684345245361
0.27852490544319153
0.4241730570793152
0.2817762792110443
0.6079491376876831
0.7292389869689941
0.48466944694519043
0.6287381649017334
0.5464859008789062
0.23777073621749878
0.41649073362350464
0.38954776525497437
0.29036763310432434
0.7264768481254578
0.589348316192627
0.5567721724510193
0.4334946870803833
0.4726339876651764
0.7175877094268799
0.7135524749755859
0.6561411619186401
0.6211245059967041
0.41300395131111145
0.6433185338973999
0.5017286539077759
0.554265022277832
0.4949147701263428
0.2911306619644165
0.5354756116867065
0.6688308715820312
0.30555662512779236
0.615504264831543
0.672082781791687
0.47358185052871704
0.5663574934005737
0.32807987928390503
0.5424489974975586
0.6903464794158936
0.7294426560401917
0.6839290857315063
0.6288058757781982
0.5824540853500366
0.6477712392807007
0.3031504452228546
0.5731440782546997
0.5746854543685913
0.5895990133285522
0.5718971490859985
0.6325697302818298
0.6531627178192139
0.5662349462509155
0.42234382033348083
0.3275611996650696
0.23476547002792358
0.6476317644119263
0.6701996326446533
0.7188186049461365
0.17689675092697144
0.423979252576828
0.6034111976623535
0.5338865518569946
0.7923867702484131
0.44456085562705994
0.23711168766021729
0.5834407806396484
0.6032989025115967
0.8909989595413208
0.6214806437492371
0.7502720355987549
0.6845623850822449
0.6115946769714355
0.6455087065696716
0.3090570271015167
0.3488542437553406
0.5106914043426514
0.4953068494796753
0.6410965919494629
0.6998855471611023
0.5281423330307007
0.22621773183345795
0.6308315992355347
0.713809072971344
0.5738168954849243
0.4777143895626068
0.20694473385810852
0.5854281187057495
0.6799455881118774
0.5268805027008057
0.5269007682800293
0.7014927864074707
0.7068397998809814
0.6647028923034668
0.7025669813156128
0.632521390914917
0.36495906114578247
0.6083059310913086
0.5918550491333008
0.5845685601234436
0.3385588526725769
0.6874105930328369
0.07214099168777466
0.728390097618103
0.6061036586761475
0.7179148197174072
0.738013505935669
0.4054268002510071
0.35731086134910583
0.30167680978775024
0.6157821416854858
0.5238223075866699
0.8404775857925415
0.6291822195053101
0.41773363947868347
0.570976972579956
0.677614688873291
0.5785737037658691
0.2835114598274231
0.6684836149215698
0.5550980567932129
0.40205511450767517
0.5639552474021912
0.6440002918243408
0.4181947112083435
0.6470106244087219
0.408593088388443
0.524889349937439
0.1906381994485855
0.3291477560997009
0.6589792966842651
0.5275644063949585
0.5026845335960388
0.306530237197876
0.5796729922294617
0.43957245349884033
0.7614654898643494
0.7206052541732788
0.4117777943611145
0.46376073360443115
0.7712075710296631
0.657825767993927
0.5250467658042908
0.5855088233947754
0.7471370697021484
0.6434544324874878
0.5333256721496582
0.43430548906326294
0.7129544615745544
0.7293362617492676
0.27688318490982056
0.1907883882522583
0.7499958276748657
0.6639816761016846
0.6716002225875854
0.7937153577804565
0.6351218223571777
0.5069476366043091
0.7144221067428589
0.42789602279663086
0.6704857349395752
0.606431245803833
0.7151117324829102
0.5984574556350708
0.6811361312866211
0.6624278426170349
0.37821197509765625
0.35993844270706177
0.5613826513290405
0.7142037749290466
0.49693799018859863
0.5347393155097961
0.5386080741882324
0.5318312644958496
0.653620183467865
0.5879626274108887
0.6561572551727295
0.20082122087478638
0.07265797257423401
0.7328011393547058
0.7656545639038086
0.725370466709137
0.7018856406211853
0.5702345371246338
0.23953726887702942
0.6281183958053589
0.6507300734519958
0.6526404619216919
0.6745333671569824
0.4013146460056305
0.547599732875824
0.25302422046661377
0.7619038820266724
0.5960942506790161
0.2695525586605072
0.16467462480068207
0.5284329652786255
0.7297477722167969
0.7104583978652954
0.6965539455413818
0.6702739596366882
0.6260955929756165
0.6636190414428711
0.6925593614578247
0.6678794622421265
0.5726966857910156
0.7526460289955139
0.4816519320011139
0.6691917181015015
0.2852283716201782
0.3672662377357483
0.6196535229682922
0.5342445373535156
0.3922896385192871
0.7099604606628418
0.4028951823711395
0.7163639068603516
0.4344952702522278
0.560436487197876
0.712044358253479
0.5210365653038025
0.20545312762260437
0.4290652871131897
0.437650203704834
0.7747958898544312
0.6371446847915649
0.3316977024078369
0.7227756977081299
0.24068301916122437
0.6343095302581787
0.43386808037757874
0.53192138671875
0.7219864130020142
0.6710678339004517
0.5217524766921997
0.4640669822692871
0.20921841263771057
0.33841240406036377
0.6695784330368042
0.505596399307251
0.5862106084823608
0.6545039415359497
0.8113358020782471
0.0967465341091156
0.621522068977356
0.588203489780426
0.4515805244445801
0.6769341230392456
0.5185245871543884
0.6806208491325378
0.645439863204956
0.6763428449630737
0.3860546350479126
0.20237237215042114
0.6747260093688965
0.492342472076416
0.6927345991134644
0.7240022420883179
0.8523905277252197
0.4922494888305664
0.6824644804000854
0.655021607875824
0.500308096408844
0.5401453971862793
0.3214149475097656
0.7369600534439087
0.524941086769104
0.6737947463989258
0.6604224443435669
0.5946293473243713
0.45291435718536377
0.4473951458930969
0.683229923248291
0.3901219367980957
0.42708757519721985
0.6221058964729309
0.42570436000823975
0.5067844390869141
0.6755439043045044
0.726502537727356
0.7033873796463013
0.5953705310821533
0.46737244725227356
0.4339367151260376
0.38493841886520386
0.7312382459640503
0.4820725917816162
0.21169908344745636
0.6337528228759766
0.6990891695022583
0.4328630864620209
0.699210524559021
0.698485255241394
0.7429212927818298
0.7161991596221924
0.6743004322052002
0.3766413927078247
0.38109302520751953
0.4061151444911957
0.6845948696136475
0.734512209892273
0.6137719750404358
0.4559473395347595
0.6093271970748901
0.11369591951370239
0.5141017436981201
0.6426488161087036
0.5538110733032227
0.4355044364929199
0.3783085346221924
0.6724181175231934
0.6322179436683655
0.7821539044380188
0.630399227142334
0.5500403642654419
0.5602607727050781
0.7076544165611267
0.6624586582183838
0.6230951547622681
0.7191184759140015
0.603713870048523
0.4122895300388336
0.6093810796737671
0.6403409242630005
0.5009340047836304
0.5387909412384033
0.7053389549255371
0.17848911881446838
0.7452425956726074
0.6630475521087646
0.4834803342819214
0.7835538387298584
0.6793947219848633
0.6020342111587524
0.4696279466152191
0.4616332948207855
0.6612671613693237
0.43853724002838135
0.6306722164154053
0.47444915771484375
0.29495567083358765
0.5447304248809814
0.3857819437980652
0.608068585395813
0.7418960332870483
0.3475804924964905
0.7842444181442261
0.4555720090866089
0.5997743606567383
0.7202012538909912
0.49304473400115967
0.35352814197540283
0.7924515008926392
0.7150760889053345
0.4339599311351776
0.2805342972278595
0.6091681718826294
0.6288564205169678
0.49148938059806824
0.7034996747970581
0.6986305713653564
0.4879472255706787
0.6287202835083008
0.45030009746551514
0.7288918495178223
0.722611129283905
0.39440256357192993
0.5821653604507446
0.48548752069473267
0.4625695049762726
0.6995314359664917
0.40611791610717773
0.43932223320007324
0.47868162393569946
0.4776122570037842
0.7997195720672607
0.5770160555839539
0.6663782596588135
0.07655516266822815
0.4163717031478882
0.32385650277137756
0.6444162726402283
0.1343947798013687
0.633162260055542
0.7953194379806519
0.34422528743743896
0.6818430423736572
0.6377168297767639
0.5221382975578308
0.30235370993614197
0.6076599955558777
0.5375300645828247
0.2514198124408722
0.4438014626502991
0.21675413846969604
0.5803502798080444
0.6141650676727295
0.1414206624031067
0.6506799459457397
0.540555477142334
0.6530241966247559
0.5411511659622192
0.8928127288818359
0.7556649446487427
0.14486850798130035
0.6886037588119507
0.671546220779419
0.49545446038246155
0.2356104999780655
0.640888512134552
0.6259331703186035
0.5393521785736084
0.24430793523788452
0.5223785638809204
0.6579173803329468
0.5773603916168213
0.605492353439331
0.43940529227256775
0.7361159920692444
0.6885138154029846
0.47013911604881287
0.6127643585205078
0.7056384086608887
0.7383517026901245
0.49154216051101685
0.61859130859375
0.5991891622543335
0.6127752065658569
0.7801326513290405
0.6225947141647339
0.6344962120056152
0.4089473485946655
0.6889098286628723
0.46199288964271545
0.6931201219558716
0.70626300573349
0.5693318843841553
0.48760858178138733
0.15642283856868744
0.6353240013122559
0.6033852100372314
0.7199550867080688
0.7060415148735046
0.659233808517456
0.7828446626663208
0.615532636642456
0.5793951153755188
0.5636419653892517
0.3949049413204193
0.45130711793899536
0.46137428283691406
0.3788674771785736
0.775195837020874
0.23684120178222656
0.5553956031799316
0.5054746866226196
0.674422025680542
0.34144431352615356
0.19020648300647736
0.4793444871902466
0.6792049407958984
0.7377941012382507
0.7864497900009155
0.6576340198516846
0.5301074385643005
0.6642560958862305
0.5460987091064453
0.7744976282119751
0.7062925100326538
0.6409986019134521
0.6314541697502136
0.5147334933280945
0.4818337857723236
0.4995304048061371
0.8193976879119873
0.30418679118156433
0.38101840019226074
0.3341825008392334
0.6008844971656799
0.07053287327289581
0.6933323740959167
0.848739504814148
0.5692259073257446
0.6387879848480225
0.09184840321540833
0.6405622363090515
0.6734700202941895
0.6578136682510376
0.68227219581604
0.1533988118171692
0.6280245780944824
0.4169877767562866
0.6601582169532776
0.48225754499435425
0.5239214897155762
0.7140339016914368
0.6965199708938599
0.5545539259910583
0.5401583313941956
0.5035228133201599
0.6530441045761108
0.5949209332466125
0.2827913463115692
0.4261680543422699
0.7796787023544312
0.5475945472717285
0.6560179591178894
0.4784407913684845
0.6600698232650757
0.6821178197860718
0.6193394660949707
0.17941975593566895
0.6808077096939087
0.6417578458786011
0.7036011219024658
0.08767896890640259
0.6076787710189819
0.46637046337127686
0.5935537815093994
0.3313869833946228
0.7087850570678711
0.6937322616577148
0.4715906083583832
0.38412511348724365
0.7195671796798706
0.5704919695854187
0.7945057153701782
0.4954471290111542
0.386713445186615
0.5865656733512878
0.3572663962841034
0.48405808210372925
0.7424710988998413
0.6437295079231262
0.45622074604034424
0.5382076501846313
0.6993975639343262
0.6661052107810974
0.7123357057571411
0.7194403409957886
0.7791622877120972
0.5776321887969971
0.6921023726463318
0.5882668495178223
0.7043802738189697
0.6480721235275269
0.28194424510002136
0.48618075251579285
0.6227293014526367
0.6557473540306091
0.6101311445236206
0.6076377630233765
0.6028420925140381
0.2671545743942261
0.5741339921951294
0.45644423365592957
0.44952821731567383
0.6773899793624878
0.2565968930721283
0.34301283955574036
0.6616753935813904
0.6776381731033325
0.5692299604415894
0.6718426942825317
0.48487603664398193
0.5899166464805603
0.3853859603404999
0.8234670162200928
0.696098804473877
0.6528992652893066
0.46013039350509644
0.38379010558128357
0.5781062841415405
0.5085778832435608
0.5217632055282593
0.6483553051948547
0.7313420176506042
0.3583400845527649
0.3785576820373535
0.21209436655044556
0.7250363826751709
0.3716425895690918
0.5523572564125061
0.23960557579994202
0.43214479088783264
0.4656228721141815
0.5749494433403015
0.23560185730457306
0.7323870062828064
0.6376397609710693
0.6701619029045105
0.3406412899494171
0.6952321529388428
0.5222156047821045
0.3953224718570709
0.638765811920166
0.12273028492927551
0.8056873083114624
0.6677649021148682
0.701360285282135
0.6930662393569946
0.58039391040802
0.6594442129135132
0.6340193748474121
0.15304575860500336
0.6489057540893555
0.2802477478981018
0.5138555765151978
0.7567013502120972
0.7273709177970886
0.5470142364501953
0.5782042741775513
0.7423005104064941
0.6213010549545288
0.5275683403015137
0.28273749351501465
0.44065797328948975
0.414362370967865
0.62090003490448
0.5586229562759399
0.43553414940834045
0.6851056218147278
0.6582416296005249
0.7617254257202148
0.7715341448783875
0.5913563966751099
0.5629358291625977
0.7487349510192871
0.7265692949295044
0.7216763496398926
0.6850799322128296
0.6145123839378357
0.5813436508178711
0.4988788366317749
0.3954993188381195
0.744588315486908
0.6552407741546631
0.6151955127716064
0.5560482144355774
0.6920387744903564
0.1526145339012146
0.6491624116897583
0.4375722110271454
0.7316250801086426
0.2679954171180725
0.6975511908531189
0.3901483118534088
0.5874031782150269
0.3456437587738037
0.4119419455528259
0.6467291116714478
0.6514105796813965
0.4936622977256775
0.17431162297725677
0.6157504320144653
0.7046842575073242
0.6553359627723694
0.6220680475234985
0.7809913158416748
0.5919764041900635
0.7655140161514282
0.5252225995063782
0.6836902499198914
0.45524340867996216
0.4914299249649048
0.6955419778823853
0.6598730087280273
0.7873739004135132
0.5318074822425842
0.522552490234375
0.6278809905052185
0.7039139270782471
0.6958514451980591
0.49817752838134766
0.6103149056434631
0.7112609148025513
0.5144240260124207
0.5363485813140869
0.07706975936889648
0.3042225241661072
0.6309850215911865
0.3911866545677185
0.5233128666877747
0.6297147274017334
0.6426918506622314
0.5993587970733643
0.5084215402603149
0.1845923513174057
0.4841848313808441
0.6259346604347229
0.7216188311576843
0.6166096925735474
0.5799490213394165
0.24184902012348175
0.2999926209449768
0.7224714756011963
0.5574105978012085
0.6125974655151367
0.7460619211196899
0.5919968485832214
0.7127372026443481
0.6665481328964233
0.4260932207107544
0.4769175350666046
0.19144606590270996
0.6122947931289673
0.566603422164917
0.7386403679847717
0.4689490795135498
0.6510275602340698
0.6500788331031799
0.6959251165390015
0.36036574840545654
0.1651747226715088
0.32559970021247864
0.6486648321151733
0.596240222454071
0.7807297706604004
0.6300859451293945
0.6100385189056396
0.6846197843551636
0.49020785093307495
0.5558179616928101
0.36910855770111084
0.6903495788574219
0.5598580837249756
0.35123109817504883
0.11722168326377869
0.4984346032142639
0.4992166757583618
0.5775189399719238
0.6722838282585144
0.6708107590675354
0.5958508253097534
0.3070612847805023
0.4076138734817505
0.621353805065155
0.6771821975708008
0.6455240249633789
0.40118494629859924
0.46704068779945374
0.4179472327232361
0.6963809728622437
0.49214208126068115
0.7339268922805786
0.05617929995059967
0.5760067701339722
0.6220924854278564
0.7044309377670288
0.6115162372589111
0.7509709596633911
0.4995688498020172
0.5470056533813477
0.5267305374145508
0.750782310962677
0.5417737364768982
0.7452648878097534
0.46202194690704346
0.5258490443229675
0.45945122838020325
0.7251520156860352
0.7784662842750549
0.329477459192276
0.276483952999115
0.7321997880935669
0.44579100608825684
0.108899787068367
0.3418406844139099
0.440442830324173
0.6327981352806091
0.5220381021499634
0.42175328731536865
0.6832500696182251
0.7014549970626831
0.4720221757888794
0.6991485357284546
0.51479172706604
0.6315906047821045
0.6892398595809937
0.3237718641757965
0.542625904083252
0.28478989005088806
0.6912641525268555
0.4931829571723938
0.6525627374649048
0.6407127380371094
0.5154677033424377
0.598101794719696
0.5348339080810547
0.5868627429008484
0.784423828125
0.4712498188018799
0.6472197771072388
0.39790451526641846
0.6701996326446533
0.646499752998352
0.4323553740978241
0.7196138501167297
0.46872928738594055
0.6288934946060181
0.4263099730014801
0.710498571395874
0.622063159942627
0.37252533435821533
0.1600724160671234
0.7213968634605408
0.45679908990859985
0.5266640186309814
0.6088895797729492
0.4166989326477051
0.6283255219459534
0.5873066186904907
0.5992933511734009
0.26763197779655457
0.6035768985748291
0.7452350854873657
0.1782372146844864
0.7197412252426147
0.628460168838501
0.7983262538909912
0.7656021118164062
0.4415488839149475
0.6866554617881775
0.7273838520050049
0.17305973172187805
0.6746026873588562
0.29557058215141296
0.6664019823074341
0.7346115112304688
0.7381479740142822
0.5877684354782104
0.5370044708251953
0.674731969833374
0.2424556016921997
0.5510883331298828
0.6794964075088501
0.789873480796814
0.7268459796905518
0.7050843238830566
0.5062268376350403
0.4862256646156311
0.5670163631439209
0.7136160135269165
0.7027791738510132
0.7196866273880005
0.611787736415863
0.509213924407959
0.7758179903030396
0.6494086980819702
0.3649018108844757
0.5126630067825317
0.6036922931671143
0.7114518880844116
0.7124007940292358
0.30889183282852173
0.5456609725952148
0.5539687871932983
0.6595333814620972
0.23398247361183167
0.6695249080657959
0.5071687698364258
0.640355110168457
0.5773289203643799
0.43595588207244873
0.6542471647262573
0.5838298797607422
0.377555787563324
0.6469818353652954
0.5565859079360962
0.6787363290786743
0.4120545983314514
0.5335795879364014
0.6414554119110107
0.3404839336872101
0.7626993656158447
0.47239255905151367
0.24649643898010254
0.5427708625793457
0.48358479142189026
0.5590399503707886
0.6882104873657227
0.6484236717224121
0.7394537925720215
0.49242138862609863
0.5577383041381836
0.37799370288848877
0.7249634265899658
0.5122750997543335
0.629271924495697
0.4771438539028168
0.7293233871459961
0.49760252237319946
0.6488713026046753
0.35186225175857544
0.37923896312713623
0.7444364428520203
0.5504649877548218
0.5761548280715942
0.6379202008247375
0.22287298738956451
0.6738598942756653
0.5878336429595947
0.6567145586013794
0.5666532516479492
0.6042697429656982
0.7815186977386475
0.5533667802810669
0.33959323167800903
0.10565462708473206
0.42026281356811523
0.6383187174797058
0.6309986114501953
0.6907745599746704
0.5053759217262268
0.6844866275787354
0.684582531452179
0.6068066358566284
0.6838091611862183
0.8061081171035767
0.6632647514343262
0.4521501362323761
0.2838023900985718
0.70369553565979
0.2885597348213196
0.4943951368331909
0.7332884073257446
0.6560584306716919
0.5082614421844482
0.7617989778518677
0.11119930446147919
0.7435551881790161
0.5708118677139282
0.542468786239624
0.546139121055603
0.5177221298217773
0.6273630857467651
0.640998363494873
0.19058425724506378
0.47265011072158813
0.6073590517044067
0.6304639577865601
0.27626049518585205
0.46783381700515747
0.5888128280639648
0.6679062843322754
0.6748820543289185
0.5848803520202637
0.6285229921340942
0.6000139713287354
0.6692488789558411
0.6036639213562012
0.6615309715270996
0.588485598564148
0.6044081449508667
0.42544859647750854
0.6935877799987793
0.706051230430603
0.8260248899459839
0.2965044379234314
0.41838300228118896
0.673949122428894
0.7212971448898315
0.48590514063835144
0.690004289150238
0.7120320796966553
0.6354904174804688
0.6568077206611633
0.3776111304759979
0.5649596452713013
0.43972423672676086
0.551977813243866
0.5396720170974731
0.36607488989830017
0.48876631259918213
0.6457502841949463
0.6437417268753052
0.702842116355896
0.6242234706878662
0.5027235746383667
0.37785473465919495
0.5657436847686768
0.6270012855529785
0.5879567861557007
0.7278802394866943
0.6320375204086304
0.7133957147598267
0.6499330997467041
0.2848125398159027
0.4814617931842804
0.15831679105758667
0.633510410785675
0.6731285452842712
0.46320676803588867
0.6013765335083008
0.1612524390220642
0.6628773212432861
0.710471510887146
0.3263987600803375
0.4936597943305969
0.6763426065444946
0.5713931322097778
0.7411361336708069
0.5674012899398804
0.8245226144790649
0.41722816228866577
0.7015447616577148
0.06578823924064636
0.6444647312164307
0.5235746502876282
0.302238792181015
0.553824245929718
0.4939337372779846
0.5618076324462891
0.39299559593200684
0.43901345133781433
0.4076138734817505
0.6766060590744019
0.7679283618927002
0.6353535652160645
0.6645845174789429
0.6582849025726318
0.7094131708145142
0.5696179270744324
0.44006723165512085
0.5992717742919922
0.6610057353973389
0.6688879728317261
0.7964044809341431
0.5683438777923584
0.6264435052871704
0.7072899341583252
0.7165817022323608
0.6527712345123291
0.23178739845752716
0.6113606691360474
0.753545880317688
0.7188225388526917
0.4000188112258911
0.651827335357666
0.3431166410446167
0.5726392269134521
0.5872632265090942
0.6155669093132019
0.22168675065040588
0.608769416809082
0.5637431740760803
0.08997619152069092
0.7695750594139099
0.3838921785354614
0.33199384808540344
0.5334122180938721
0.6296955347061157
0.2695811986923218
0.7439513206481934
0.5895313024520874
0.7460246086120605
0.677544355392456
0.5504092574119568
0.4481024146080017
0.8328205347061157
0.6584044694900513
0.5037888288497925
0.5969378352165222
0.631788969039917
0.38487425446510315
0.6300268173217773
0.3953653573989868
0.7245887517929077
0.6621689796447754
0.4684375524520874
0.564023494720459
0.6076529026031494
0.6432870626449585
0.6377702355384827
0.47542864084243774
0.60826176404953
0.38661104440689087
0.3676545321941376
0.25608211755752563
0.5804322957992554
0.6883796453475952
0.6122021675109863
0.5953989028930664
0.575714111328125
0.5591835975646973
0.638802170753479
0.6996317505836487
0.458021879196167
0.6613960266113281
0.33372846245765686
0.5384420156478882
0.48172852396965027
0.4255787432193756
0.5564091205596924
0.5630452632904053
0.7050241231918335
0.31199946999549866
0.5714039206504822
0.4014638066291809
0.5465420484542847
0.6470173597335815
0.7403885126113892
0.4843907952308655
0.5160542726516724
0.32532069087028503
0.6435389518737793
0.585461437702179
0.5169429779052734
0.5816168785095215
0.7485125064849854
0.6575015783309937
0.7990790605545044
0.6521508693695068
0.30099594593048096
0.45879876613616943
0.7594645619392395
0.6526364088058472
0.6137350797653198
0.5787461996078491
0.29255029559135437
0.23944658041000366
0.7189610004425049
0.679266095161438
0.49271559715270996
0.2299986481666565
0.3975580334663391
0.5195201635360718
0.2286296784877777
0.8107162714004517
0.6695717573165894
0.8560116291046143
0.29871341586112976
0.1940763145685196
0.5557045936584473
0.6067418456077576
0.5242944955825806
0.3989807963371277
0.36578449606895447
0.701187014579773
0.5313029289245605
0.6678637266159058
0.6274405717849731
0.42341941595077515
0.6667513847351074
0.11127927899360657
0.643068790435791
0.3180884122848511
0.7439693212509155
0.6093372702598572
0.6567272543907166
0.5220853090286255
0.3440004885196686
0.6992120146751404
0.7304947376251221
0.4470732808113098
0.7855643033981323
0.5862867832183838
0.5667560696601868
0.6079862117767334
0.7202799320220947
0.2468247413635254
0.6176670789718628
0.5849951505661011
0.5507868528366089
0.4425293207168579
0.5503578186035156
0.6906920671463013
0.6507651805877686
0.3495470881462097
0.6359490156173706
0.522296130657196
0.6965826153755188
0.3713212013244629
0.6480379104614258
0.4020638167858124
0.21340391039848328
0.7145130038261414
0.6877779960632324
0.7487640380859375
0.5524766445159912
0.33182859420776367
0.46767908334732056
0.6602298617362976
0.6719496250152588
0.5630114078521729
0.7848213911056519
0.37010622024536133
0.5980498790740967
0.6779431700706482
0.5801593065261841
0.5296562910079956
0.21148553490638733
0.6433694362640381
0.4134569764137268
0.7396339178085327
0.5792791843414307
0.3162917494773865
0.6532204747200012
0.24204395711421967
0.6905784606933594
0.7729356288909912
0.5103904008865356
0.5813905596733093
0.7229323387145996
0.5476096868515015
0.5884581804275513
0.5806921720504761
0.5353281497955322
0.3481241464614868
