0.062948833
0.050879739
0.062014761
0.048087236
0.041199736
0.063313365
0.068655257
0.083680266
0.060648442
0.041514447
0.075293601
0.073003375
0.035808214
0.041824671
0.037401011
0.0381967
0.034632035
0.041627358
0.046851788
0.075892367
0.041758452
0.032950991
0.064932048
0.067750981
0.031653117
0.019153419
0.031766473
0.027161277
0.024778943
0.042352192
0.020418581
0.042580235
0.01207554
0.019487963
0.002216654
0.002242354
0.012213208
0.006739193
0.023244737
0.005373249
0.006206285
0.003928922
0.000589623
0.04816859
0.000201898
0.013135228
0.021189056
0.054331865
0.025461755
0.006939625
0.002543534
0.014702858
0.003792149
0.000814922
0.01838451
0.018275684
0.003175163
0.051398964
0.027123983
0.022323274
0.01853676
0.013779364
0.019138353
0.022366399
0.011269667
0.017534986
0.016629522
0.011836292
0.018896196
0.013029039
0.009906712
0.009003267
0.009145567
0.001496011
0.003738014
0.006333122
0.006232342
0.006967213
0.010761872
0.007085187
0.000386623
0.010665529
0.014337809
0.001513944
0.001544799
0.000249917
0.003538014
0.000408097
0.001165404
0.005807499
0.002647692
0.000165673
0.004915847
0.003305645
0.0013939
0.000327439
0.000322009
0.000758853
0.00016811
0.000328542
0.000599315
0.000166099
0.001647446
0.002659574
0.002578649
0.000710543
0.001941433
0.003816484
0.000169952
0.000502428
0.000765501
0.003657219
0.00243467
0.005694189
0.012273261
0.204509223
0.212674187
0.159632214
0.175789942
0.13852331
0.141206088
0.175074524
0.178540453
0.187431892
0.080550329
0.19544335
0.163399489
0.158767219
0.140477006
0.134194718
0.063013091
0.08772515
0.029248837
0.116139099
0.139833226
0.122077623
0.106513809
0.055431853
0.051621904
0.059738503
0.024903992
0.004913695
0.032226916
0.04630463
0.041951324
0.006142079
0.034514709
0.01300052
0.012098093
0.001235539
0.000411523
0.006548578
0.00178962
0.038299663
0.005798969
0.010321629
0.004754522
0.003463687
0.003468208
0.002818225
0.003977539
0.079482644
0.076799829
0.005936073
0.000854492
0.002194587
0.01228332
0.016285882
0.06019837
0.024263039
0.012127066
0.050811723
0.11812222
0.023351932
0.030626669
0.015879017
0.02601626
0.006004088
0.000287439
0
0.000427107
0.01506866
0.003359086
0.014326334
0.008152174
0.005373455
0
0.007371632
0.003140265
0.048482379
0.049822064
0.043058091
0.037468776
0.050695616
0.04636568
0.059920514
0.009472714
0.032604801
0.02915242
0.012905049
0.011882086
0.024835778
0.03468392
0.045951437
0.000481309
0.001207146
0.035516687
0.041538182
0.037867149
0.050265554
0.047874067
0.045156591
0.050380839
0.045198704
0.052631579
0.034592548
0.006458967
0.00794186
0.023480084
0.003954802
0.011806116
0.031930334
0.033620898
0.035264757
0.027240426
0.000599161
0.002298851
0.057895228
0.003000923
0.005004482
0.012310606
0.01322314
0.01950558
0.027829777
0.035243501
0.018606305
0.087185826
0.00083867
0.009550702
0.013011902
0.00468114
0.020666898
0.006077768
0.210589381
0.060246755
0.049847476
0.035402488
0.000216716
0.006873816
0.007947365
0.001995751
0.001915542
0.001352379
0.001046536
0.000546112
0.010222294
0.020283976
0.023162311
0.025396825
0.013383952
0.124599891
0.03252103
0.039879055
0.039670103
0.035147824
0.036245605
0.03763303
0.03598791
0.033425591
0.035651253
0.041378261
0.029409951
0.016849119
0.032090437
0.033827414
0.035949723
0.065527335
0.023329558
0.017733046
0.049753289
0.018402103
0.00137836
0.006946497
0.004187924
0.005765795
0.05054445
0.015370392
0.018656346
0.046560764
0.02173913
0.00323257
0.00315585
0.013583755
0.004083114
0.007221458
0.02690583
0.006760848
0.002570346
0.003965107
0.012487146
0.002638191
0.009394665
0.010708613
0.01788083
0.034384582
0.023225313
0.000877663
0.007963656
0.002191301
0.01219106
0.006449823
0.009595255
0.004014214
0.00021933
0.0007541
0.000558784
9.54E-05
0
0
0.001623275
0.001448607
0.002953035
0.00575374
0.001487357
0.001572327
0.003143242
0.006604293
0.003322259
0.001136794
0.00789177
0
0.001596806
0.000777907
0
0.002264493
0
0.006772446
0.000618047
0.000450789
0.000369004
0.000507271
0.036752137
0.014975665
0.004997728
0.006022701
0.014107884
0.010612245
0.004254112
0.016949153
0.004142012
0.016409746
0.001035733
0.003144654
0.000406174
0.001956947
0
0
0.000221239
0.000462856
0.000217912
0.000257732
0.002194787
0.003328156
0.00135318
0
0.003174603
0
0.001941748
0
0
0.004149378
0
0
0
0.010169492
0
0.007272727
0.001808318
0.002283105
0
0
0.004129387
0
0
0.000533333
0
0
0
0
0
0
0
0.00204165
0.000393082
0.001010611
0.000827472
0
0.003770536
0.005885815
0.004503152
0.004713805
0.006035003
0.013731826
0.011363636
0.01343785
0.01432958
0.013544018
0.001647446
0.002884615
0.01722488
0.029514757
0.007056452
0.007205765
0.001533742
0.004484305
0.008865248
0
0.103841425
0.108053432
0.121225948
0.105340713
0.129614438
0.126093952
0.1314472
0.090149656
0.132751092
0.092912041
0.11082666
0.097463812
0.125713989
0.126835105
0.127037051
0.098754541
0.071992762
0.079555928
0.111970747
0.117994247
0.101195186
0.06458516
0.046477825
0.047880212
0.086057372
0.101280076
0.085461203
0.074937832
0.038814496
0.075183922
0.018018431
0.014634146
0.007133626
0.038656559
0.037844772
0.164535585
0.035820599
0.027651975
0.077413542
0.068400831
0.001497006
0.002198991
0.01936976
0.022598192
0.093046805
0.018494522
0.027145185
0.089656625
0.013855854
0.006241641
0.010459795
0.032898223
0.021992901
0.030476707
0.016575965
0.021252689
0.052531004
0.12078197
