0.607475171012898
0.627819761814477
0.6030370803166909
0.6198822651057211
0.6320630716775116
0.6589810194246061
0.6361135900863107
0.6365867317213462
0.6549466625003149
0.6203788539582064
0.6207661920987471
0.6581483742354359
0.6095127885374795
0.6316937839501698
0.6245942377254853
0.6274839199344519
0.6102169080732002
0.6005231586084079
0.659304306510119
0.5840421306964948
0.6131570327840767
0.5929881679871267
0.6159935903749802
0.6158817586317479
0.6093499915592232
0.6222951016889744
0.6616550208282709
0.6048335274515748
0.6684878614684464
0.5820771835569628
0.6300990023389322
0.636977510491141
0.6405630664222295
0.6044602503204827
0.6159674143919351
0.6232096095729536
0.6346902387620952
0.5843506799135636
0.5899840011267362
0.6015352317303806
0.5884919312540878
0.6356977195446337
0.6236069037248673
0.6262679299422349
0.6546204407501905
0.6743937937699118
0.6516997926361804
0.577664538408624
0.6683265097169143
0.6198217037363413
0.6677651639394202
0.6745196211724701
0.6405883197716963
0.6495518628215834
0.6722148364045151
0.6841854027639797
0.6564597967674651
0.6539829014158514
0.608961610710595
0.6443484096533987
0.6242980948077568
0.6431830694244017
0.6645558317530729
0.6262131374418899
0.6681536933477675
0.6070366220371426
0.6279645284326415
0.6679775697738296
0.5875537130259172
0.6399120558377553
0.6388863083690625
0.6365151732719547
0.6421940970008566
0.6253663779914156
0.6613293028967215
0.6008076755493843
0.6352857618647256
0.6175374041716585
0.6334225743541606
0.626591695633351
0.6508125943862572
0.6494798950739861
0.6314670986797676
0.6311331381356318
0.6492521860271084
0.6257012092566037
0.6547322968947824
0.620817352238957
0.6206734636135772
0.6521357240563119
0.6394792285106453
0.6531898007414593
0.659118794830164
0.5853314342634194
0.6245677144238874
0.5266906672453626
0.6326777604327857
0.6401151111663506
0.6025641467740152
0.6563962838539453
