0.6156963833325199
0.6339469594480677
0.6096033818953389
0.5914461781449546
0.5455181850022457
0.6198284627606198
0.552879910837758
0.5933603088452222
0.5892475131100905
0.5674075938883519
0.6564467767506287
0.6474366623796979
0.5854611043672305
0.6232859206949484
0.5983337804404183
0.6200661185631141
0.6318167347059028
0.6235006858084916
0.5894262937505941
0.6405103568192313
0.6528081132822304
0.6035090015966669
0.5410694962885386
0.6011923596071346
0.6377361035319262
0.5358328534028237
0.5795698077342342
0.608246151792996
0.6216318921735855
0.6074510472526939
0.6159214103258523
0.5918992490696473
0.5965942681000777
0.619432048050543
0.6030063489267793
0.6060757231663372
0.6358217060012894
0.59668982121138
0.6029042190947412
0.6384285714479702
0.5823047558375289
0.6076691490424626
0.595337069588069
0.606261532763912
0.650502937443183
0.6164521851259801
0.5501175433787432
0.5973584763361945
0.6061060077203089
0.6341479831868151
0.5517586418939511
0.6161244283382866
0.5811023388854192
0.5987958735866712
0.6368285472993261
0.6086112316881728
0.634260409526366
0.624355914298232
0.5963491848475171
0.627067303762206
0.5728366595676432
0.5935186168200388
0.637138951890944
0.6113678896941528
0.6162307614187963
0.5986220870968162
0.5873143768685096
0.5833730559888239
0.6300792203835737
0.6404499607095475
0.538025888216299
0.615533781389449
0.6074583010533738
0.5576244794153902
0.653393825191792
0.6476538850733781
0.601928975481986
0.5695853419659864
0.6376695989997291
0.6454115211654059
0.6015507034855727
0.6062530868598497
0.6479569883664165
0.5982907330846889
0.639714635111523
0.4576341941435635
0.6114052413410411
0.5819041117816969
0.6131621953231895
0.5221444235358111
0.6412004475637415
0.5223900189298812
0.6231686812875058
0.6110084197096071
0.632135554996061
0.44008022222524346
0.6464592381347087
0.6429119599544019
0.6257444371503941
0.6447518414666522
