0.621434857647089
0.6175154596412422
0.6095363708810999
0.5953198829611536
0.570928523249886
0.6043798514796553
0.6184114145734222
0.5663711358153659
0.5873176702374229
0.5788958978834385
0.5778387631211916
0.6189493401090604
0.5948498215929681
0.609761390207789
0.6184203006019743
0.6311974144699637
0.6329077186626962
0.5851838607875669
0.6547659031574488
0.6353331988747514
0.5051155071705848
0.5869992144167367
0.6017724453176352
0.6423684478740317
0.6445560766459655
0.6080748667097132
0.6311029454577637
0.6018045258683691
0.5606623035111197
0.5621859504598342
0.6333829921396779
0.640282486461983
0.6177199357541404
0.6633005803877181
0.6361688508974086
0.6179964874280689
0.6178196557009205
0.41477841548681205
0.6398968862907454
0.6541842883984942
0.6378356168769405
0.6313996783534246
0.609976518860751
0.6136880115336351
0.4445699817407846
0.6294757717409343
0.5755765777196243
0.6220685302105672
0.6230099825128561
0.6385653270513364
0.5963281816373468
0.6350161395064423
0.6150633323296033
0.6206386868051036
0.5606701335357603
0.6111846160662209
0.6644320049775817
0.6355862204510466
0.5771920408347554
0.6314522443435734
0.622902300444935
0.632066898105112
0.6128506722582984
0.6416500057148942
0.6295151867470513
0.5904116220907307
0.620276493929928
0.6314636548330371
0.675358935796187
0.6277890636696509
0.6064541646088107
0.6116075118023443
0.5784052241809909
0.6738038819886096
0.6196038670412727
0.637699249296892
0.6640277366479386
0.6412655094160277
0.6266882451610388
0.5676824601632248
0.6644934709583327
0.6613833570979347
0.6646481827822774
0.6214860947933419
0.6796290119851613
0.6866050154640052
0.6440576961769662
0.6314878191590125
0.6309415850731239
0.5836345297813351
0.670603312276195
0.6625218654278999
0.6606864541289786
0.6272479280795815
0.6041294076237114
0.6265785829256003
0.617522985149952
0.6134654261757583
0.5907590546296388
0.6487214599979337
