0.53995538722674
0.5093318296513659
0.5196357735802855
0.4999468782450817
0.5123982973627531
0.4887504070284115
0.5423355815057143
0.5160269508212281
0.4969349449570925
0.5379245632110317
0.5047370857591396
0.4653918116032182
0.4654755817268602
0.5764873996237622
0.5414066007263871
0.5650275154769626
0.584476546837595
0.5892941673773181
0.5442404222545352
0.5584795935060851
0.5648959183723726
0.549962891362162
0.6083678735886824
0.5809385167591785
0.5416698678425503
0.5941786436205919
0.5349977123723811
0.5285499645963551
0.5211146917335304
0.5348106330536124
0.4864675435719455
0.5645000334538554
0.5534875794626617
0.53042505929605
0.5615303862160945
0.5518639409478591
0.5649401000041628
0.5160266591932954
0.5463363522061986
0.5576734609933698
0.5118747523167363
0.5335064729389833
0.5403073092344162
0.5519336729188599
0.5145209112702502
0.5128292505401667
0.5293856973442302
0.567839027468266
0.5645437776437469
0.4849552340204167
0.5621717489468856
0.5789910254252134
0.5564883579822285
0.6002250384543645
0.5337179031901252
0.6151043330179918
0.5683431063497812
0.575369735572037
0.5519768009577788
0.35808053345017915
0.5811239039437737
0.5865323050415414
0.5886415769711216
0.5696557236744559
0.5882104050727587
0.5661040599901899
0.5227575047849021
0.5498704529909085
0.5808761812885833
0.5487232539276228
0.5768684689960426
0.48392987020936223
0.4726829473603505
0.5648504973218686
0.5903674310763036
0.3297725016597234
0.5628130387706934
0.5339525907688925
0.2873406374650647
0.5819817639923017
0.3958588907241906
0.56675927504778
0.5542286060394219
0.5656335183209248
0.6065801943617871
0.5866035351640813
0.5700418390572307
0.5630362799531059
0.5795292976818271
0.4606925190971513
0.5430505802894892
0.5503502461636504
0.554567988045996
0.5053306215089827
0.5915225693173692
0.5177856859758118
0.5751618777630697
0.550510933154518
0.5466828061901385
0.5533976122454516
