-7.319871662
-6.796222005
-7.44492208
-7.041197937
-7.573126792
-3.213823069
-2.971725822
-7.418520667
-3.092402002
-7.611341843
-6.966721355
-3.125949504
-3.462364623
-7.929798609
-3.297742758
-7.574990156
-7.365214197
-7.765879399
-6.582990709
-6.820653104
-6.987291071
-7.566453566
-7.873068316
-7.134071356
-7.524576415
-2.971037451
-8.002704659
-8.107601564
-3.221551242
-7.052073553
-3.307991799
-3.209404141
-2.993391636
-8.25737661
-3.151105582
-7.630761945
-3.281636153
-7.452205828
-6.903943045
-7.413789836
-0.7804684169
-1.155736536
-3.025503638
-6.965674988
-6.50861793
-7.581750577
-4.183613818
-9.565320642
-7.78757923
-7.994771422
-8.23969869
-7.902711661
-3.532482256
-8.035988965
-3.326464963
-6.458376192
-6.521752523
-3.223665523
-7.935128494
-3.077216694
-7.197701844
-7.552360563
-6.667458534
-3.411882933
-5.759890682
-0.8721800139
-6.710738258
-6.618497123
-6.967837433
-6.633382534
-6.277920398
-1.090741184
-3.177997644
-3.059580653
-0.8266810654
-6.567528293
-1.803234077
-6.690064705
-7.070872705
-7.750873244
-6.884589852
-7.195721855
-7.014708963
-2.769736708
-7.166815909
-3.026566927
-3.291091635
-0.8363625426
-2.948773718
-3.003146269
-7.213434737
-7.399325508
-3.224489466
-3.296064504
-6.709647597
-3.313211693
-3.993857809
-7.36830787
-8.135899252
-6.977870602
-3.113999096
-7.437798657
-6.92127673
-3.087306596
-7.563357295
-7.43130116
-6.748094323
-7.024766197
-3.100739845
-7.884990068
-7.588616471
-1.762011637
-0.91834792
-7.455637806
-3.385503484
-7.428938974
-5.972544643
-3.551309849
-1.054839482
-0.7183871063
-7.376988128
-6.469292982
-5.566537488
-3.242576806
-4.110218555
-1.006871847
-7.299031021
-1.134365317
-6.804141705
-2.94429079
-7.2770613
-0.8422617162
-3.025503638
-7.430622525
-1.911572674
-1.145127234
-0.6706577517
-8.057711777
-0.5864456996
-7.331675165
-6.144820927
-1.461093776
-7.031770346
-3.132051771
-8.168092197
-1.194992192
-6.32259491
-7.436299475
-9.882604208
-7.091476135
-1.126227253
-7.2187141
-9.251504502
-1.048393874
-1.161490587
-6.408468137
-0.7272374856
-8.134952723
-5.064351798
-6.757630622
-3.08552621
-7.987357433
-3.033785559
-1.852610743
-1.014631232
-7.457763499
-3.520649663
-5.996917322
-3.000489207
-2.709903668
-3.328412586
-3.248416666
-0.6906834139
-2.478242347
-3.236962059
-3.24965793
-7.100585358
-1.111099508
-0.5901885077
-0.9640058379
-7.046584573
-7.621737992
-1.744157185
-7.392863587
-0.3017331483
-7.056637267
-0.7711900522
-2.997492131
-7.626976988
-1.170812874
-0.9673208164
-1.779770025
-5.433995426
-6.345315916
-8.03267863
-3.30494148
-1.078763511
-3.289952365
-3.992259623
-1.072828811
-6.340938828
-0.8865830711
-3.027972291
-7.629915932
-7.069032005
-1.725033117
-3.285796814
-0.931902876
-7.383643193
-7.612099077
-6.951094398
-1.928356577
-1.231686727
-1.119959095
-9.658957772
-5.474061381
-3.451116984
-7.106001704
-5.613856284
-0.9956923798
-1.08979283
-9.834356691
-5.414964456
-7.630921908
-3.294006629
-1.038915457
-2.98654885
-0.7041932804
0.09805785937
-0.9301219865
-6.620090757
-3.340322369
-6.456510351
-3.134756222
-4.077365594
-3.368126318
-2.983777982
-1.157365523
-3.980788234
-7.208225333
-3.452152386
-0.8215771719
-2.89558793
-1.071933286
-2.781820155
-1.927172337
-1.08067682
-4.826355589
-6.525473344
-1.523095905
-4.454363692
-1.221204942
-1.11621796
-3.112040586
-6.03749268
-6.680936742
-0.581333862
-5.484094291
-0.7476142169
-7.312868265
-3.225358021
-6.873126729
-7.859135831
-1.837806033
-0.8231262518
-2.524441367
0
-3.232807023
-0.8556325227
-2.910294126
-8.023590285
0
-7.636797322
-3.299367142
-0.8099651299
-6.356766791
-9.843419583
-6.490944082
-4.597857433
-4.434583211
-0.6134490729
-4.046850121
-5.421881968
-5.044980287
-3.135825591
-1.140231667
-6.823583455
-6.62577749
-0.7596503193
-6.995020257
-8.129207549
-0.8731419416
-0.7289923606
-0.6680502243
-7.661251756
-7.667365527
-6.288335023
-1.614157158
-7.650940371
-6.504481045
-0.7832896967
-0.7264609416
-0.6185731392
-1.265883122
-3.027998834
-7.769336018
-6.151564534
-1.004275111
-1.750638839
-6.177669213
-1.796457804
-7.897372277
-0.8632631213
-0.7795330839
-1.110126453
-1.127630677
-1.000678055
-7.019865597
-6.614186443
-7.70471702
-6.408833458
-3.193268588
-3.994638078
-2.971037451
-1.02115121
-9.523771833
-3.372228836
-3.135676194
-0.6037440331
-7.789170115
0
-1.018157805
-1.038496665
-1.130305228
-0.8090534909
-0.8968909387
-2.899623203
-7.092817434
-6.378179853
-5.214196631
-6.63671551
-0.9281820218
-5.14213965
-9.432027059
-5.956528783
-3.615063296
-3.838119722
-7.151487344
-0.8682338128
-2.648239979
-1.127173918
-9.093665961
-2.05507972
-0.6425151814
-3.237818843
-3.380834288
-1.177831886
-0.7868996678
-3.078429395
-9.81427768
-4.049672246
-0.860647424
-0.7972429611
-2.826833209
-1.134024423
0
-7.516187404
-0.5935045916
-4.252341616
-3.671907068
-0.797170366
-6.482432886
-3.897879161
-1.043183264
-1.200777216
-0.977687918
-0.9526916101
-7.865736411
-6.881701886
-5.613437855
-7.111044908
-6.782770886
-6.336137046
-0.575807412
-6.636958218
-3.213605099
-7.323218755
-6.934959481
-3.870696
-0.8119168058
-2.889339899
-3.107042546
0
-2.890988748
-0.9738023424
-1.75740059
-1.07298037
-5.231651349
-2.810557766
-6.207310841
-9.159750941
-0.9712469466
-0.9993703846
-0.874808385
-3.118672069
-7.034026509
0
-0.797822071
-7.168608718
-1.332914678
-2.499681974
-7.712071825
-5.597647342
-2.234507577
-7.728864649
-0.8240023173
0.5394021372
-3.296228258
-6.248942847
-2.691263994
-1.298591414
-1.05555154
-6.638204848
-1.179966128
-1.073387329
-1.186445095
-3.756210335
-4.351902983
-4.297181096
-5.550437391
-6.637408168
-3.313635136
0
-1.336477384
-1.035544421
-1.969965363
-1.160472974
0
-2.92745358
-9.746025414
-0.7810213294
-2.990432642
-6.079921958
-6.55290812
-10.11192755
-6.37580091
-0.6035389355
-0.9868207323
-6.136143938
-2.81438574
-3.110214824
-3.243755518
-6.754974252
-4.049397529
-3.918108646
-1.765232956
-3.870906256
-5.967604721
-0.7637629898
-0.8987660056
-1.189486155
-5.360233436
-1.047226718
-3.072950387
-1.079186063
-0.6779798102
-1.389876835
-3.466417046
-0.8138950447
-3.342188464
-0.8491413404
-5.25591093
-0.7318399095
-0.7149715363
-1.104484722
-1.752725799
-1.838336135
-0.8190857161
-6.37580091
-7.020132741
-1.024879711
0.2999547553
0.4312653581
-0.8575816065
-2.51996399
-6.519337318
-5.21342749
-1.256582472
-0.8053898903
-0.8145018636
-1.909701102
-3.01322861
-1.015807414
-5.34080806
-1.031747351
-7.559553532
-9.482332504
-1.847531495
-8.873158248
-8.319178018
-1.05700674
-1.015213521
-2.999146739
-6.440902865
-9.563603107
-0.7735199644
-0.7959931366
-4.787221422
-1.97382862
-1.084624027
-0.8463051914
-1.504208088
-0.5828642426
-1.408954841
-3.299214035
-0.9094780473
-5.724220388
-7.32178138
-1.070086384
-5.918800025
-7.823014212
-1.764247702
-5.406702231
-1.161106152
-1.093382069
-0.5542428149
-6.910375418
-2.690655438
-6.144889366
-1.316643144
-5.395269749
-0.8131952832
-0.189205871
-6.483242866
-8.880825153
-2.194995681
-0.7188946232
-2.545554476
-1.118078624
-9.704851213
-5.911776246
-1.063810981
-0.8640632617
-3.454928245
-4.217021164
-0.8302546925
-1.37379766
-6.856729059
-1.001591733
-0.7632460273
-1.035354399
-0.9076888045
-4.301473023
-3.15204807
-6.946326861
-0.7205823562
-1.558591929
-1.918783433
-6.60149455
-0.8558446294
-9.26713099
-3.572994851
-1.934065913
-0.9865016749
-0.7106465334
-0.8803228861
-0.8468346203
-5.737689007
-0.8901943399
-1.894709702
-0.9980290929
-4.102952913
-2.963475313
-0.8514015362
-1.8400179
-0.7050683472
-0.7216464949
-1.365473502
-1.084857861
-2.230636454
-1.106621991
-5.899586123
-1.053523311
-0.5745110026
-0.9495237893
-3.551739209
-1.822923102
-0.9201590374
-1.711411589
-5.554884292
-0.5137120539
-1.13990542
-2.865640236
-0.8008267846
-1.24582614
-0.7087706917
-1.098705755
-0.7408760645
-5.402198521
-0.6396316909
-1.908164055
-1.163388259
-6.252790045
-0.9735460561
-0.7269413021
-3.363569628
-1.219660593
-8.894832257
-0.9472875143
-1.070650919
-0.5671082209
0.295702728
-1.098656376
-0.9298940907
-6.861312793
-9.200026518
-1.767132719
-1.651293985
-3.606639035
-0.7862429927
-4.869470656
-0.8120932915
-6.839308489
-1.617058842
-1.001393882
-0.7772295704
-0.8569408761
-0.8485524193
-0.8007258808
-0.9276426283
0.6707030128
-0.7126430227
-6.02824576
-1.161541327
-1.014614317
-1.971672579
-0.9921306238
-1.171619452
-3.603603072
-0.943940402
-2.142518718
-3.39196513
-1.12237104
-0.7604924286
-0.7794206785
-4.036483837
-5.825643142
-0.7524397
-0.6544395396
-0.8512998636
-1.731892424
-7.111769824
-4.371589742
-0.9094983396
-4.510838557
-0.1407374547
-0.5319874333
-1.17848254
-2.966090926
-0.8413308209
-7.417584141
-0.676619549
-0.8388956073
-0.569125041
-3.280260183
-0.7059812926
-3.053831935
-9.860003544
-6.103907348
-0.7951338717
-3.084031263
-1.913762461
-0.5364757436
-1.094047629
-0.9295726888
-0.9969021869
-5.312734283
-0.5269217728
-1.102147348
-2.700811058
-0.887715536
-1.740995668
-5.529602949
-4.289752024
-0.8039902779
-0.672529779
-3.074213832
-2.763127021
-0.8706248508
-7.361345622
-1.120522735
-1.720861129
-1.735907871
-0.763322596
-1.011086382
-0.9673323961
-6.369321187
-1.124846688
-3.6730711
-0.7525861771
-5.229291956
-1.46205977
-4.524762572
-6.091509194
-3.616041127
-5.045667448
-5.296505462
-0.9264495416
-0.4417967422
-0.8925493865
-0.8841780118
-7.168212232
-6.144820927
-9.330173599
-3.341649811
-8.748878468
-2.750661492
-5.124635386
-3.560251494
-0.6817130296
-0.934327709
-0.9028715944
-0.8611175745
-1.183567499
-0.8765048456
-1.568553946
-9.010683919
-1.074429756
-2.754240457
-1.402065001
-6.642831907
-0.5526277323
-6.878732361
-5.79130797
-3.001310701
-2.925869922
-0.8285521574
-4.310567478
-0.79729553
-0.6104329419
-1.422405673
-9.675072245
-0.8007984829
-0.887060901
-1.049048807
-3.427252575
-1.213372476
-8.505311963
-6.979308407
-0.8440046426
-4.19223101
-8.967111918
-0.7465659269
-0.6250800768
-0.9725323617
-4.703881995
-0.8305885744
-1.623577548
-6.696084112
-4.250215891
-1.11232779
-1.126546365
-0.979525687
-5.957673841
-3.939004288
-0.7103672189
-0.6620667075
-5.085042937
-0.5354179507
-2.567521047
-0.620929376
-1.494283239
-5.734223755
-9.549420366
-0.9576911607
-2.688895603
-0.5685590715
-3.982934689
-0.6611242252
-0.7738688414
0
-4.495073908
-0.6063906844
-1.209772129
-0.6385135438
-5.291299412
-5.252487026
-4.268366791
-8.288201454
-1.186957159
-0.4090327152
-4.853062283
-4.763941876
-1.203856853
-3.418664365
-0.7354075574
-1.230094992
-4.933296214
-1.339936122
-6.068730874
-0.7146691691
-0.6558955787
-0.8833761253
-1.785633671
-0.8742629747
-1.620391367
-5.369443762
-0.7372579067
0
-0.8909997186
-0.6951032099
-0.7510857706
-7.439033968
-0.9924543011
-0.5985476729
-5.258757363
-1.029785436
-1.17175816
-1.008275466
-0.9396043983
-3.524070683
-1.012920951
-0.712357165
-6.098270454
-0.5479429635
-1.136745759
-1.015213521
-1.739799916
-0.5910909216
-0.614240769
-0.7842771003
-0.9096303769
-0.8836640409
-1.053179728
-3.976632452
-1.02506681
-0.7526904889
-0.8182966491
-1.232908466
-3.574699712
-0.6204406826
-1.417387426
-0.6278834007
-0.9446928292
-0.2173566719
-4.826355589
-9.664984908
-1.7410241
-1.3823787
-3.906799553
-0.704540562
-2.603738212
-0.5145681022
-0.9222537847
-0.5681627646
-1.412832254
-0.6459544119
0.03980997668
-1.499799212
-4.303779694
-3.574870011
-7.032942997
-0.9593999373
-7.302706069
-0.6879042094
-0.5917900889
-4.77962983
-6.949708843
-3.67380063
-1.061501885
-1.148756898
-6.086662805
-0.6114371019
-0.9538009903
-1.662251568
-0.6322147202
-1.417121563
-4.117301468
-5.217949294
-1.253634465
-0.9293891114
-1.021094835
-1.126336596
-5.269010254
-2.460035042
-1.978847141
-0.7539288167
-0.6902839617
-0.6631002328
-0.5838309586
-3.876898022
-1.041718308
-0.6711512391
-3.355585113
-0.5852009213
-3.210087127
-2.541504764
-3.309908623
-0.7727850349
-2.222491629
-4.752730254
-2.9125187
-2.066719463
-1.189854337
-0.9787486763
-5.380108498
-0.4725871473
-0.79423271
-0.2528218169
-1.074380893
-2.202100631
-5.760648812
-1.104360292
-1.435336043
-0.6955753518
-0.5615968419
-0.7668204204
-3.931710419
-2.320910087
-2.687134673
-0.8975865657
-0.4006548237
-7.388934464
-2.840658788
-0.7310512462
-0.6696472277
-1.866889145
-4.057862882
-0.6190958533
-0.8922960116
-0.5397221491
-2.060365696
-4.520026736
-2.622783526
-6.203615226
-1.000253266
-0.93336084
-0.9024758907
-0.4103639141
-0.9067219709
-5.131870468
-1.683806005
-1.907216433
-1.667116013
-9.581023946
-2.119705862
-1.307855493
-2.472489028
-2.699646643
-6.659163959
-4.151669204
-1.101311596
-0.4196303579
-1.432203945
-4.133953871
-0.9035119205
-3.895957847
-0.940282215
-1.639517519
-3.983878221
-7.729700594
-3.756191404
-3.593845044
-1.196299587
-1.862103333
-3.413249469
-1.126909083
-0.1590640206
-1.072326288
-1.698666713
-0.6444096677
-0.3708244652
-2.934640464
-5.681706605
-5.670739233
-1.377495486
-9.502354848
-1.225735877
-0.7078350359
-0.6166465322
-0.521454504
-0.8771550169
-8.138421472
-2.76040818
-0.7906999241
-0.6248270939
-7.180406209
-1.776000197
-8.419670466
-1.321305584
-0.9797355011
-0.749672588
-9.239018545
-0.9658568239
-0.7102506618
-0.9599491089
-0.950798817
-5.564881653
-0.8067078842
-0.3420564034
-6.265406674
-3.271370393
-2.969779907
-0.5637327029
-2.51682167
-0.916451112
-0.7510736135
-0.3528951351
-4.966417646
-0.794073288
-5.680397587
-5.314634961
-1.480836402
-4.149443522
-4.287170684
-1.438271811
-3.889477989
-6.325497452
-0.6537907039
-2.963280629
-6.378039367
-1.065342951
-9.732559148
-5.771145678
-0.4329200562
-4.362768931
-1.108257186
-0.2348072028
-2.774153086
-8.289777932
-3.689075417
-2.034502204
-1.167099244
-4.092741512
-2.902971459
-0.7782079023
-0.9824585856
-0.3105817282
-0.5606103192
-0.6827864774
-1.025535785
-0.444121768
-0.9577906375
-0.7533020202
-0.7260342432
-4.081074737
-1.122520717
-3.777651831
-0.2171741434
-4.322091041
-0.2830106015
-0.7992737532
-1.296868817
-0.9768447126
-2.021624257
-0.7387668556
-0.9945940466
-5.703468221
-3.967707009
-0.888236884
-0.3114940969
-1.037852518
-3.448303508
-1.216831808
-0.1804766242
-0.4448254938
-4.357867766
-0.5363042115
-0.1920439217
-0.8742992781
-3.9655495
-1.066123224
-0.3229396265
-1.718039556
-0.4262005818
-0.7021493529
-0.1247464774
-3.897898027
-0.5987642103
0.1981719851
-0.4362204595
-6.902450809
-0.8924595793
-0.2695437259
-0.6570149931
-0.8257612234
-3.669865494
-2.154413637
-1.286058332
-1.530598829
-2.570461275
-0.7105285739
-0.9162577674
-1.492183793
-0.7332924935
-0.844887295
-1.959506683
-0.5112342109
-1.764247702
-1.43698459
-0.7332924935
-3.89173367
-1.149992649
-2.183869497
-4.910777681
-2.434828882
-1.838452142
-0.4724824516
-0.7064061427
-0.7467673363
-6.079335445
-4.071126412
-0.5831275783
-6.064677224
-6.336472607
-1.065239874
-0.8008000599
-0.19742777
-1.01805173
-0.7816705206
-9.541305242
-0.8597031906
-2.074613858
-1.028813549
-2.102102426
-5.42932495
-4.73315533
-2.623502299
-0.9111941113
-4.599781385
-1.798449649
-0.7209262471
-1.933830817
-1.027915531
-2.785883862
-0.5977674359
-0.5408183192
-0.2092732721
-3.978329019
-0.5796612625
-4.929681095
-5.307940898
-2.039455439
-0.4921119767
-2.963832098
-0.6146770771
-0.368119832
-1.049106438
-2.037664656
-0.8139593941
-1.444180812
-0.6877135676
-0.4955707478
-0.2550760957
-5.102243994
-0.6599772372
-2.795397776
-0.2850415776
-0.7800853471
-2.527320834
-3.078421594
-0.3029873234
-0.6281015727
-0.8287348702
-2.367540081
-1.866506539
-0.5974183082
-0.4733912836
-0.821131703
-3.777686533
-3.567856804
-3.226226846
-0.1493404506
-0.6874208898
-5.962592536
-9.193922969
-0.2587810257
-0.2778339008
-0.7103186694
-0.4803023018
-0.5921756178
-1.000980897
-1.02414838
0
-1.261789603
-0.7031809762
-2.091472198
-2.858870304
-1.159403075
-0.5533364089
-0.9293230424
-0.3003511467
-0.510732473
-1.015808606
-1.177585105
-1.735707455
-0.653348487
-0.7828096112
-2.585605159
-3.084212364
-7.023310219
-0.6765119713
-1.404446714
-0.5852009213
-0.4783137208
-0.5366453429
-3.200345901
-0.63994803
-0.8408141659
-2.66047998
-0.5687634806
-0.2701090627
-5.081948884
-0.9471360284
-2.148610105
-0.749453445
-0.8566855004
-0.4175049154
-2.679921433
-0.2303563329
-4.180896988
-3.457534926
0.08086846643
-3.175367468
-4.221277867
-4.266780444
-0.5218835243
-0.8159388091
-2.353776008
-0.3247389489
-0.5839022297
-1.091940914
-0.8562332698
-0.5139049157
-2.858473537
-0.5204202514
-1.67416337
-3.12395302
-0.2511393783
-0.2084645191
-1.217878877
-0.7201405734
-4.138530524
-1.507555572
-2.263550012
-0.3016121516
-0.1042322596
-3.539933169
-0.3483514916
-0.6205727607
-2.230636454
-0.8447437595
-1.813529945
-0.1682260638
-7.581662002
-0.7221875738
-1.017277367
-4.090379537
-1.006428188
-1.248798948
-0.6526247461
-0.4008443298
-3.869782674
-1.224482632
-2.328040894
-0.9368839894
-1.102762179
-4.982199862
-0.06549646522
-2.638751098
-2.316028771
-1.053621587
-0.7468668846
-0.7536141186
-0.4780033496
-0.3488432174
-0.6565733173
-0.4705166404
0.1379308807
-0.4442477655
-0.8826477218
-4.920934666
-3.473062378
-0.7136013696
-0.7627426454
-2.592046093
-3.08180669
-1.286301056
-5.001701096
-0.5645706603
-0.4318233811
-1.006517581
-6.382876497
-0.7210881305
-6.936856727
-0.8487689699
-1.235487741
-4.42505733
-0.4873518619
-0.6212332315
-0.1720304928
-2.274694526
-1.628128246
-1.00864635
-5.828896267
-3.722464139
-1.299371133
-2.221465871
-0.6542291786
-3.746683416
-1.548689483
-0.5279833521
-3.405548787
-2.502488346
-3.210087127
-2.70553452
-0.3294940028
-2.593286392
-3.003521888
-0.9181842823
-2.394824316
-0.7699891773
-0.3803655047
-0.568605976
-3.56450433
-3.760883254
-0.1259813632
-1.057501551
-3.56450433
-0.753418135
-0.5542428149
-1.094538387
-3.138349433
-2.449075724
-2.835132162
-8.110794555
-0.9169690689
-5.925199745
-0.09753332103
-1.122219771
-1.355820966
-1.971088139
-1.914419033
-1.880621067
-0.7865588466
-0.8433748304
-0.2603124641
-2.835132162
-0.2971201755
-0.7519772196
-3.789126341
-0.4701576919
-0.6921736955
-3.117133309
-0.346201019
-2.89528656
-1.424193061
-2.168608129
-3.42972404
-6.361645099
-0.4830745915
-0.9548913483
-3.232658546
-0.733930036
-0.4346472361
-1.204276109
-0.07937370419
-0.1771969046
-0.09062959383
-1.716535029
-0.2734484962
-1.424011551
-2.578955433
-0.6613479784
-0.8036303322
-3.895486171
-0.7532931138
-0.8647755455
-1.036244021
-0.7378645836
-0.632837817
-1.709304086
-0.3832309159
-1.219195267
-5.542625898
-1.256160972
-0.187542704
-0.6629641681
-6.22946351
-6.734690041
-0.5819742742
-1.048781412
-0.1693852153
-0.4977015812
-0.7021503623
-4.162373513
-1.10279925
-0.5373197962
-3.324141
-0.8472087775
-0.6751542173
-0.7800889873
-7.304038814
-3.285689346
0
-0.19742777
-2.66047998
-3.338252726
-3.593845044
-0.2928420971
-1.118078624
-0.5487339926
-0.7435779219
-0.1225334107
-0.8598449613
-0.4211762116
-1.330070768
-0.6855544077
-3.805136827
-0.7083501423
-3.197794974
-0.8096980663
-0.56940456
-0.7644826537
-0.9037945501
-0.4303477152
-0.2814066833
-0.5090409877
-2.544899967
0.1417898028
-3.341752083
-2.360279022
0
-7.524175099
-2.278871235
-7.996199631
-0.9752513931
-0.3508788262
-0.4892489047
-3.087682682
-0.5719784668
-0.8743037873
-3.124535841
-4.685307928
-0.5280841718
-0.614653326
-0.5203403248
-1.500711545
-1.137608821
-2.85259975
-0.5141763555
-0.4142628864
-1.850199153
-0.5715608402
-0.7223476167
-1.895787247
-1.149992649
-0.4362204595
-1.729170121
0.3422109042
-0.6253151196
-2.243101146
-1.060029212
0.1854289204
-0.3775402386
-2.503589281
-3.9655495
-1.334905072
-0.4128370216
-0.16819556
-0.4473695711
-0.6155325998
-3.003521888
-0.2701090627
-1.433792992
-0.3145959075
-2.600882858
-2.267778414
-6.367283956
-0.4842105938
-0.4916772885
-0.7930195655
-0.3497146239
-0.05468138678
-0.8129151284
-5.586492675
-2.752559317
-0.562059684
-0.2461325596
-3.767136822
-0.2461325596
-0.5250846251
-0.3867145466
-0.256181997
-0.635228497
-8.17408
-0.3867145466
-0.4100160722
-1.862848286
-0.3834102102
-0.8543619932
-3.203262696
-2.732099542
-3.001851105
-0.6491858755
-0.6180754593
-1.028963617
-1.028963617
-8.397787637
-2.08112884
-0.7740421369
-0.6023550527
-0.5207248509
-0.4749740301
-3.034900609
-4.827734407
-0.9599370866
-3.548235573
-0.3396332711
0.1624721221
-0.5762839096
-1.650911202
-0.6501825683
-1.011099797
-0.3069908728
-1.031286329
-0.2294912184
-0.6810585045
-2.485727314
-3.041139489
-8.033370328
-0.5687342774
-0.6814897258
-4.314317235
-1.204277111
-0.5100831449
-0.7029893565
-0.6527399465
-0.0838825631
-0.2410543098
-2.571247464
-0.5145618833
-0.5435627599
-0.07640379497
-1.67058238
-2.779798601
-4.788123643
-1.772947494
-0.2410543098
-3.743588046
-2.485727314
-0.5892586294
-0.1755178435
-3.844425211
-3.382242409
-0.5153671336
-0.486928127
-2.816180681
-5.001701096
-0.5562769605
-0.6663534306
-0.6945208722
-0.712357165
-0.9939590886
-3.260451347
-1.878055571
-0.7498942292
-8.881735849
-0.5966529379
-1.329714775
-1.6620705
-3.784255247
-0.6490225474
-3.260451347
-7.414106957
-0.7498942292
-0.5344000317
-0.6951032099
-0.6726382889
-0.3803689651
-0.126539247
-0.5926749918
-0.844696407
-0.4957503362
-0.0974960472
-4.288743761
-0.2817779884
-0.709211837
-1.34451314
-0.8430861885
-0.5963042135
-1.883728166
-0.3935456003
-3.620887604
0
-0.5541251851
-3.736961602
-1.823024724
-0.1116046743
0
-0.3451648352
-0.4921119767
-3.350483831
-4.575775423
-0.4921119767
-0.5936476352
-0.9193118422
-1.447413982
-2.171120973
-1.820790361
-3.457346717
0
-0.2852758547
-0.7283855336
-3.715946959
-2.286059351
-0.295702728
-0.3006506983
-0.5524464083
-0.3476045385
-2.418012836
-0.7756557569
-0.6131190016
-2.152548
-0.3687843969
-6.479179975
-0.3244178116
-0.9505453696
-3.657904483
-0.1262458265
-1.024125666
-3.103334496
-0.5249155109
-0.7991747448
-0.397125343
-1.369909601
-1.410104426
-0.4549503611
-0.4549503611
-4.72493941
-1.032241652
-0.3588388178
-2.92501353
-0.3034228597
-2.731548491
-0.881181798
-0.5958674639
0.1737035314
-0.5438709689
-0.9796255641
-1.758868528
-3.805136827
-0.3259029354
-0.3171976755
-6.554706057
0.04163729864
-0.5973379304
-1.01077122
-0.293164904
-0.141461286
-0.9122055816
-0.4803023018
-0.645510958
-0.05982282857
-2.350909985
-1.503802049
-0.8575395763
-1.122934482
-0.141461286
-2.451512631
-2.916854813
-1.388712801
-2.622912551
-0.5676618678
-0.2434423628
-2.866538521
-0.6951032099
-0.6924968823
-2.537172433
-2.140058085
-0.6243725669
-0.2911302534
-3.712673355
-0.6951032099
-0.5315254468
-0.3834102102
-0.5605015906
-2.427002581
-1.037421229
-3.200345901
-0.4231964861
-2.954551267
-2.486380136
-0.3878396944
-0.3554699388
-0.2659299028
-4.467388418
-2.732099542
-0.2877692627
-0.6027914976
-0.7780637403
-0.8972851991
-1.95049769
-1.528276344
-0.2062572782
-0.6976015834
-3.260451347
0
-2.657780056
-2.226462229
-0.4944886703
-0.9790274087
-2.612723937
-0.6465388398
-2.900116744
-0.4251548213
-0.676619549
-0.5397686041
-2.265763262
-2.308075286
-0.962607778
-6.942082424
-2.612723937
-0.6000093034
-0.3228243189
-6.942082424
-0.4427113496
-0.6778583936
-3.545915847
-0.9650684224
-0.1794476156
-6.458134211
-2.839881503
-1.641666986
-3.901767467
-2.798768722
-0.7194506749
-4.11305925
-2.929740434
-0.6034425843
-0.3474082946
-3.098481745
-0.4427113496
-0.3776738682
-0.4427113496
-0.998966463
-0.4193654421
-1.460676737
-0.1017671494
-4.166418182
-0.8699252701
-0.7375209996
-3.821756286
-4.131327698
-1.86805552
-0.4409666207
-7.87850507
-0.365030953
-0.3133771382
-1.260974825
-2.973340095
-0.9640058379
-4.813110916
-2.946887863
-4.697124563
-0.4677462072
-1.835097366
-0.4515374322
-2.214377571
0.0521478695
0
-2.558002791
-0.3635139477
-2.973340095
-0.7412565842
0
-3.69468221
-0.9071318282
-0.2853866837
-0.2257687161
-2.849594286
-1.500711545
-5.466099209
-0.1521616484
-3.158208156
-0.2161308175
-0.5272760839
-0.8134222105
-0.4072727066
-1.051166531
-1.563363649
-0.9474982329
-0.4072727066
-7.320153287
-2.557974294
-2.66047998
-2.33910821
-2.611914666
-0.7172853377
-0.9808038659
-2.611914666
-2.611914666
-3.300556272
-1.659248056
-0.7101021244
-0.4004377342
-7.597642743
-4.174191686
-0.6891780793
-2.563186404
-0.7371621411
-0.19742777
-0.4881452164
-0.5022787567
-0.6891780793
-0.2830106015
-0.4969312248
-3.203262696
-0.9939590886
-3.1823485
-0.1469071188
-0.5667308052
-0.4969312248
-1.369909601
-0.4262005818
-0.4881452164
-0.1247464774
-3.285689346
0
-1.7037439
-0.3396332711
-0.900957515
-0.3070219616
-0.5719782273
-0.7546801434
-0.427371071
-4.367790052
-8.194898238
-0.5719382788
-0.2829103161
-0.1743323345
-3.250628714
0
-0.3645410196
-0.6611242252
-0.04775101028
-0.2697238384
-7.309991426
-1.757413002
-1.461624457
-1.064726164
-1.16481829
-6.178109313
-0.6645197487
-7.083180375
-0.2071785312
-1.401233261
-3.335999393
-0.3988795368
-0.2479275476
-0.5766320822
-0.5168301756
-0.9356849716
-0.4547114542
-7.863971656
-0.4246281543
-4.12318068
-0.7538116252
-3.66602175
-0.9078674476
-2.585316176
-0.3773037362
-0.05501688272
-0.3595322219
-4.593072704
-1.652651637
-0.4276908763
-0.3595322219
-0.003226882384
-0.09062959383
-2.442190334
-0.6017120383
-2.039455439
-2.517443024
-0.9071049331
0.05982282857
0.05982282857
-0.6213015407
-0.8618373159
-1.051166531
-6.282224844
-0.5955511688
-0.5406247872
-0.5976071627
-0.9300756973
-0.1116046743
-0.467149201
-0.4670746131
-0.4100160722
-0.8314534152
-3.772270477
-0.4497175194
-0.5874891314
-0.5786636527
-0.2317453133
-2.208136497
-0.9298940907
-0.9071049331
-0.715059466
-0.2689026281
-0.1850810812
-2.286059351
-0.8972851991
-0.3354291126
-0.1415053008
-2.039455439
-0.7780637403
-0.7780637403
-0.5961903939
-2.802828096
-0.9568240729
-5.852524394
-0.1648295568
-0.1634588271
-0.715059466
-0.2419049094
-0.4670746131
-0.5259119732
-0.3194053539
-0.1614533021
-2.073185761
-0.671584222
-3.341752083
-0.5639107625
-0.5599795477
-0.2595825253
-7.297364048
0.2785650184
-0.6973384127
-0.8288821758
-0.859934303
-1.698765133
-0.7889181551
-0.5037578202
-0.5182889028
-1.15052051
-8.232291029
-0.05888345804
-0.4524454073
-0.4892489047
-0.2910769196
-0.2057905768
-0.09675728318
-0.6148965843
-0.5440399344
-0.4418138622
-1.77605999
-4.362534277
-2.856799998
-2.434598508
-0.5611622147
-2.434598508
-4.627821025
-0.4892489047
-0.4977015812
-0.1037252867
0.02117619526
-0.7592607068
-2.824695277
-0.617310286
-0.107686349
-0.566021203
-0.19742777
-7.640918008
-0.5127678926
-0.4958777788
-0.5249155109
-2.140058085
-0.3381080082
-0.9599370866
-0.5067447752
-0.3319882
-0.1826109928
-1.141810433
-0.1195082973
-0.2794745031
-0.007596075863
-2.129168653
-4.432791929
-0.3898768125
-0.8998744656
-0.8965313182
-0.7800853471
-4.432791929
-0.5834985356
-1.060029212
-0.4245159023
-0.7234930075
-0.4262005818
-0.3319882
-2.394824316
-0.8280694089
-3.004102108
-0.5381808806
-0.4245159023
-2.732099542
-5.525355215
-2.140058085
-0.7800853471
-1.949463306
-1.989270413
-1.45915452
-0.7201405734
-0.7800659265
-0.6683378057
-1.814345146
-0.330642368
-0.6085358991
-3.593845044
-2.887826815
-2.385777491
-0.4512379454
-0.6065110162
-0.3604735269
-0.6253151196
-2.66047998
-0.4007244449
-3.468918359
-0.5378052561
-0.06362931412
0
-0.9289899986
-0.4512379454
-1.170759501
-0.7519780888
-0.3006506983
-0.6114371019
-0.1247464774
-2.386963109
-2.78722417
-2.673170297
-0.4935135803
-2.887996651
-2.53195908
-0.6891780793
-0.7658338529
-0.6855544077
-0.2051346149
-3.388569018
-0.2274334735
-0.6126229932
-3.08180669
-0.9599370866
-7.671244118
-0.9599370866
-1.6620705
-0.6353013033
-0.5050534675
-0.8334732884
-0.4780033496
-2.732099542
-0.8225397652
-0.5521014238
-3.9655495
-0.1696195311
-0.3803689651
-0.4349015718
-0.6430086916
-3.67380063
-7.898055169
-0.4612177867
-5.782492377
-3.036748194
-1.072665396
-1.286301056
-0.7489655207
-0.8090108283
-1.260974825
-0.7784154622
-0.7172853377
-0.3803689651
-2.254111958
-0.5645706603
-3.635527142
-0.8824692515
-2.444706736
-0.5819032356
-2.056940752
-0.02263774397
-0.4074883783
-0.3377629823
-0.3980041638
-0.4711176924
-0.3232884423
-0.8907920494
-1.914873438
-0.8608870038
-0.4575525898
-0.9126603694
-0.4880684045
-3.759684087
-0.6131190016
-0.4575525898
-0.5018207872
-5.925199745
-1.120767489
-0.6640510826
-0.7474764556
-0.5067531289
-0.7238529892
-0.6489652022
-1.10657893
-0.409286964
-4.774261591
-0.7474764556
-0.993178578
-0.2743873137
-0.4880684045
-0.1713566269
-0.1799938936
-2.809488292
-0.397125343
-0.9085572774
-3.501083844
-1.725368733
-7.259971257
-0.8608870038
-0.3554757044
-0.9240335408
-1.153166859
-0.3951484546
-0.8998744656
-1.153166859
-0.7238529892
-0.6097142383
-0.3951484546
-3.501083844
-0.01384585239
-3.167690147
-0.8608870038
-0.409286964
-1.299322064
-0.7756557569
-0.8622230677
-1.125214194
-0.7780637403
-3.078421594
-0.4362204595
-0.945269261
-0.07861125481
-0.3738679232
-0.4362204595
-0.467149201
-1.189070405
-0.6924968823
-2.576372269
-1.051166531
-2.790559323
-1.231822249
-2.66047998
-1.271021681
-4.533629094
-0.5280841718
-0.8314534152
-0.4875907611
-0.5378052561
-1.029082124
-0.8972851991
-2.790559323
-2.66047998
-0.3738679232
-2.732099542
-2.394824316
-0.6243725669
-0.3006506983
-1.166632367
-0.3738679232
-3.567856804
-0.3325176673
-3.683382042
-0.2062572782
-0.6490225474
-7.063016125
-0.4875907611
-0.6750363454
-1.340740237
-6.079335445
-2.605829193
-0.07861125481
-0.3796303534
-0.227468705
-0.2062572782
-0.2062572782
-0.3796303534
-0.4262005818
-0.2348072028
-2.740829322
-0.8170931166
-0.8783332398
-0.1935456245
-0.4622406763
-0.4024178477
-0.4599561659
-1.86805552
-0.6821023572
-0.2601220561
-6.800870721
-1.309881002
-2.460096977
-0.1017671494
-0.1718718374
-0.1711054521
-0.1017671494
-0.7615604448
-0.8155332303
-4.634466259
-0.6503493165
-0.1017671494
-1.096190648
-0.8155332303
-0.3133771382
-3.052138435
0
-0.1718718374
-0.1017671494
-0.3555554925
-0.4122837046
-0.9807171442
-0.5061785774
-0.7668204204
-2.940119137
-1.86805552
-0.2001805463
-0.6503493165
-2.691172638
-2.293479942
-2.293479942
-0.5128201572
-4.144376111
-0.3604735269
-1.170759501
-0.1330400534
-2.563186404
-0.4470395243
-0.9083257211
-1.145508989
-0.9599370866
-0.2511393783
-0.5831275783
-0.4480514039
-0.2511393783
-0.1946330547
-0.2511393783
-0.6085358991
-0.4480514039
-0.5489304221
-0.4480514039
-0.3396332711
-0.4935135803
-0.5719782273
-0.6891780793
-0.8598449613
-2.295785358
-0.8598449613
-1.223591654
-0.5831275783
-0.5249155109
-0.5489304221
-0.3396332711
-0.4924965718
-0.2051346149
-0.5249155109
-0.6891780793
-0.3466399156
0.1475778495
-0.4067943134
-0.7800853471
-3.47174313
-0.2051346149
-0.70817346
-0.4336907517
-0.6891780793
-0.5249155109
-1.829452768
-2.386963109
-0.5560118116
-3.805136827
-1.949463306
-3.548235573
-0.5885448251
-0.6149014332
-0.867220029
-1.158123317
-2.887996651
-1.007197058
-0.4497175194
-2.926135644
-0.3805073024
-0.8972851991
-0.3834102102
-0.3950441184
-1.315493721
-0.3805073024
-0.6791129382
-1.051166531
-0.3354291126
-0.1676106449
-0.1285944666
-0.6253151196
0.02147901833
-0.3805073024
-0.1046198128
-0.3354291126
-0.3805073024
0.02147901833
-0.7432113323
-0.8342669566
-0.3354291126
-0.2571889333
-0.78178103
-2.887996651
-1.051166531
-1.007197058
-0.6253151196
-2.385777491
-0.7780637403
-7.616996355
-0.2419049094
-0.3950441184
-1.387776085
-2.887996651
-0.5280841718
-0.6056170926
-0.3805073024
0.02147901833
-2.490303955
-0.8779591845
-0.5667308052
-0.9023051768
-0.5069079766
-0.9023051768
-0.3319882
-0.2945441738
-0.2830106015
-0.1659497072
-0.9599370866
-1.152355919
-0.5317920018
-0.5249155109
-1.619644474
-0.2497167069
-2.922694321
-0.3392973317
-1.291735931
-0.7234930075
-0.4262005818
-0.3319882
-0.5831275783
-0.3048003591
-0.4262005818
-0.5317920018
-0.1659497072
-0.8998744656
-3.9655495
-0.4977015812
-1.112113471
-0.4977015812
-0.3319882
-0.133694907
-0.4262005818
-0.4977015812
-1.918583665
-0.6628854951
-1.112113471
-1.330070768
-3.628789651
-1.062469113
-1.539879062
-0.208299586
-1.619644474
-0.04055869902
-2.846153415
-1.383579935
-0.5521014238
-0.6898636433
-0.9996691036
-3.415200388
-1.804206253
-0.5819032356
-2.254111958
-0.7049381645
-0.2497167069
-0.3827696032
-0.3368940527
-0.4297415872
-2.892552492
-0.2500712175
-1.181209414
-5.158270159
0.05953157413
-1.330070768
-0.8420252917
-0.3831112709
-1.330070768
-0.7172853377
-0.8245246669
-4.688378134
-0.1666575302
-0.4875907611
-0.4875907611
-0.9599370866
-0.6253151196
-0.34980698
-0.4362204595
-0.3834102102
-4.063737069
-0.2571889333
-0.204710086
-0.07861125481
-0.4336907517
-0.2571889333
-1.260974825
-0.4362204595
-0.8972851991
-0.6611242252
-1.619644474
-1.525302016
-0.2571889333
-0.7800853471
-0.9083257211
-3.9655495
-0.204710086
-0.9599370866
-0.4875907611
-0.2911302534
-3.674976901
-0.4875907611
-0.2877692627
-0.4875907611
-0.3834102102
-1.145508989
-0.7668204204
-0.1236178757
-0.0235276026
-1.713986932
-0.5348464507
-0.4436072246
-0.0235276026
-1.145508989
-1.581766165
-0.88327461
-0.5885448251
-0.5879070004
-0.6891780793
-0.5885448251
-0.3604735269
-1.355317283
-0.1236178757
-0.4436072246
-0.8774385272
-0.0235276026
-1.355317283
-1.145508989
-1.041718308
-0.8161338677
-1.862848286
-0.3604735269
-0.8543619932
-0.1946330547
-1.170759501
-0.5885448251
-1.355317283
-0.3604735269
-0.315012758
-1.793752343
-1.713986932
-0.315012758
-1.47078312
-0.6056170926
-4.533629094
-0.9083257211
-1.141810433
-1.47078312
-0.9836150636
-0.6951032099
-0.34980698
-0.5143778665
-0.4336907517
-0.6056170926
-0.6763877345
-1.260974825
-6.325519922
-0.4336907517
-1.260974825
-0.3857833999
-0.178701528
-1.619644474
-1.90921818
-0.6056170926
-0.5249155109
-0.945269261
-0.7342115592
-7.414106957
-1.47078312
-0.07861125481
-1.007834873
-0.6611242252
-0.1496264338
-1.978314122
-1.619644474
-2.058079534
-0.6253151196
-0.3207318859
-0.477022626
-1.088978279
-1.409836179
-0.1496264338
-0.3207318859
-0.2497167069
-0.1496264338
-0.4588747148
-1.409836179
-0.1496264338
-0.3207318859
-0.3207318859
-1.409836179
-8.924275244
-0.2497167069
-1.978314122
-1.978314122
-0.420822159
-0.2497167069
-1.763639511
-0.7342115592
-1.344852879
-0.6056170926
-0.6056170926
-0.6056170926
-0.2497167069
-0.34980698
-0.6470112633
-1.978314122
-10.08364998
-0.420822159
-0.73007044
-0.5919276111
-1.909620411
-2.188122417
