0.9361567559508848
0.9350875741016903
0.936318612599591
0.938051495000745
0.9302372008513928
0.9370383887491582
0.9209799309186169
0.9366708328114631
0.9294525015234464
0.9384754378007161
0.9365432856840277
0.939969636042933
0.9396296014212628
0.9414015764169724
0.935997177836245
0.9427542628859972
0.9399741152663809
0.9393075174722472
0.9396984940368663
0.9395304152661268
0.9398203005509361
0.9388082451022655
0.9393862759951513
0.9402191459616894
0.93987758321314
0.9408724405760461
0.9397165187755989
0.9411785989924638
0.9398835914782789
0.9380823401047189
0.9401788633469608
0.9404861394898802
0.941215846906313
0.9379151135046869
0.9393201720749245
0.9391349760442218
0.9389928173949431
0.9395598000661755
0.9405767164254197
0.9373172638285017
0.9398496396281297
0.9425725396828902
0.9378509398672263
0.9393686372687416
0.9359446144114604
0.9403184617907981
0.9410673385187578
0.940207465645811
0.9399942416582989
0.9408831554461996
0.9388897332231451
0.9365131035695518
0.9311697331835046
0.9402526704780311
0.938441522083002
0.9309363821889726
0.9404520257655781
0.9417921534587248
0.9395718336323795
0.9387748633358269
0.9377353316789221
0.9397736030160232
0.9387336086180863
0.9400068112125053
0.9411209089800608
0.9395986466791538
0.9368194552314388
0.9395426103154529
0.939773605190276
0.9399734915439858
0.937210814272702
0.9416536606764736
0.9393640159871427
0.9405964916779774
0.9412290340879874
0.9409141070648638
0.9414843199191637
0.940661201868855
0.9373218173519945
0.9363149701739061
0.9402265231184157
0.9380454938246645
0.9386159800630625
0.9411664404334018
0.9422008704885344
0.9382490551065222
0.9405022464719737
0.9363332057026191
0.9392393971911297
0.9402066785724145
0.9416011096103993
0.9390293846681543
0.9383652998322097
0.9388887791980199
0.9398757668111818
0.9360760429488914
0.9412423728796687
0.939102856917812
0.9406944787641879
0.9359997959780163
