0.27563697228210937
0.2576323676027576
0.2559945397676124
0.2479937601215317
0.25705675142295514
0.2440322394168114
0.29171762517674243
0.25243158406414234
0.2394241913284538
0.26651617463531674
0.21908285868452027
0.2679264473780621
0.2719070335910294
0.2893999334276481
0.2205581488533555
0.2500365776123423
0.25480644310680045
0.2748767006344259
0.21828569425269556
0.27040563000829765
0.25299851044104477
0.2717887512551519
0.2637218771059099
0.24049794258319074
0.22683490899141087
0.2571733797631448
0.2670842602766196
0.26643621039866994
0.2658671371710322
0.2538679154830912
0.24461958472296239
0.2638043250662568
0.29671715253075365
0.2427421838496119
0.2815169197506889
0.24508101659205084
0.26803878215200144
0.26039473114694955
0.2645011724250848
0.27801960049150054
0.2793323027933112
0.2821827369923418
0.23128269790085482
0.2333880674809655
0.24597715768154393
0.28268043145523913
0.27943605740704996
0.2494748941118892
0.2802603543928243
0.2715044042604678
0.24498245494424653
0.2892673193073054
0.23358554329433162
0.24655704456657696
0.2884739906048839
0.25254030586965226
0.28915810912205636
0.25487946847871745
0.2149196544566611
0.25750211394346245
0.279891367682119
0.23912720399181314
0.256552086142255
0.26052501722681565
0.09870939137464133
0.26347105432378104
0.2693569932446154
0.2542965420924931
0.2758126353416909
0.27427311436206303
0.25905121796330777
0.2698046685067478
0.277783608150155
0.1842729227441141
0.24359203772209126
0.25850024304267477
0.26904733224367955
0.23689932311499526
0.25393447396671076
0.24496614001641673
0.277709509896304
0.2604790018859418
0.2748629674392384
0.2718231624745873
0.2675401879887418
0.23891915207894726
0.29376340297060055
0.24541996781650063
0.22305242431846553
0.2635914838169599
0.24789487009264452
0.2675372585348112
0.25443225605190634
0.26143073408381773
0.2582191457469721
0.21478216727702742
0.2695545750619896
0.2582548599376202
0.25895581733171674
0.26383981764102665
