0.8887572696943523
0.8890357159839584
0.8775700703352616
0.8687605559224033
0.8718265502159992
0.8900160224223327
0.8796466572676555
0.8740299143960559
0.8817512382865872
0.8717294261716235
0.8849244718966995
0.8784142293838189
0.8851682707110231
0.8826447494401635
0.8885831729158119
0.8909681947489242
0.8782388661179314
0.8823813200719591
0.8887843634772428
0.8501068802245965
0.8866034270337834
0.8927136857034236
0.8892299408649799
0.8836889682578771
0.8885449521369431
0.8667365375678588
0.8877489196075771
0.892897220652238
0.8793598504232156
0.847238823385928
0.8854399322469839
0.8806887954275845
0.8820527570687591
0.8812330231333252
0.8835942530969878
0.8795670947232407
0.8922713197657455
0.8860883737687176
0.8770889091917861
0.8771111948303796
0.8856309456779466
0.8866775165435908
0.8919631110234817
0.8838086965438725
0.8788606661736844
0.8862476797843111
0.8787903308942273
0.88293581537155
0.8805789728819114
0.8889025086540542
0.8793422479874329
0.8819252037002262
0.877386339206545
0.8859480675068292
0.8880748139410097
0.8844084687661234
0.8863390478000687
0.8854921296183623
0.8698940498078067
0.881215880322448
0.8801405873330385
0.8908592768370706
0.8786029812302331
0.8594763730564754
0.8809843845280678
0.8769114064513688
0.8826723860033454
0.8459421300681792
0.8810990016329836
0.8877130961083294
0.8882840557434332
0.8826201886319672
0.8867545461133112
0.8877126890231108
0.8822168576435953
0.8863538837947065
0.8891364921914378
0.8745181072188094
0.8875957651019554
0.8785090350080902
0.874394127153863
0.8911653144581677
0.8812008634010463
0.8764123199732153
0.8878601443356702
0.8783690429245408
0.8790093641074791
0.875795631098542
0.8817486644103736
0.8871666494978898
0.8625294022957454
0.8659575573859881
0.8874983812712989
0.8813011420599247
0.8922911236321407
0.873526225662885
0.865499514795849
0.8799750253951221
0.8788551026756951
0.8147290615451293
