0.8866119305916856
0.8884818991597322
0.870986990224307
0.8908933363003703
0.9004023946928146
0.9005634195126646
0.7058653803714379
0.8665224438995962
0.9071038315634217
0.904359986725851
0.8823332587236185
0.887407284645687
0.8996716314935169
0.8917953919133681
0.8992109014893052
0.8570030945677272
0.8941903647184936
0.8983633500639253
0.8849640043946065
0.8994868351468521
0.7728951272029845
0.8996318728371551
0.8939281566059454
0.898250858848485
0.8933790891092709
0.8953735352908644
0.8993289109710437
0.899296208458473
0.8768513387657619
0.9045106082567783
0.8946475666508096
0.892827760028048
0.9028793725536671
0.882016209862456
0.9056849586494103
0.8933516787045436
0.8896135960677802
0.8805265493520781
0.8724617388522788
0.8872326450868551
0.8590408226566674
0.8910957028857664
0.8827995775183508
0.8973352337281965
0.8979257334537988
0.8926537084811984
0.8875544233364097
0.9021301095927631
0.8981253861377365
0.8916338243132262
0.8936554095094015
0.9042836356314953
0.9031750973492234
0.9025298220458573
0.9027909898295133
0.8883947376912346
0.8572141810582699
0.8978933023313739
0.9010478509229441
0.906609177790983
0.9067961203697585
0.8966842592317685
0.8956135798748378
0.9082168477830995
0.9064145458247428
0.8964257148861889
0.9102412373441146
0.8799041738686056
0.8998902814876618
0.8920446637622991
0.9024715183961982
0.9010352312811639
0.893320333142702
0.9049541954501128
0.9028424634938361
0.898161616722203
0.9085830887848766
0.8953204785173577
0.8927377037313282
0.896795076874643
0.9057746983242931
0.900816581287019
0.9022830831716206
0.8944056223358158
0.8975046716425669
0.8833912118705542
0.9087353838883698
0.9072711435883164
0.9054174131973279
0.8959307444919135
0.8923480779453201
0.9048736378084966
0.9024454197105088
0.9036599358447215
0.8901276994673354
0.90094264200975
0.8961796997190077
0.90254348201653
0.8899251067234848
0.9043977099561195
