0.8268610025165126
0.8708718783892198
0.8542555309202868
0.8638798848930113
0.8283474063451409
0.8387369900656814
0.7994870093004386
0.8477063891531726
0.8394335128749153
0.8560984057054428
0.840253699127259
0.878135376008994
0.8764089728280836
0.8771371003139014
0.8517618767874044
0.8872376658045528
0.8831651400447634
0.8581531004994073
0.864282699399097
0.879734949528427
0.8572735702685121
0.8581986488122134
0.8520119938165261
0.8842450918983427
0.8714111423661386
0.8809439926280324
0.8712465442427019
0.8849055198181834
0.8792676361871814
0.8504159031372976
0.877981678723081
0.8837507095160501
0.883783050175093
0.870360772038453
0.8762055659137955
0.8771837464626944
0.8666719467131551
0.8290505329812563
0.8659780473419971
0.8769631826572268
0.8858834742086275
0.8902798136440649
0.873817875410916
0.8670160241863573
0.8650652718182398
0.8578247636546623
0.8845995726604682
0.8790713553902187
0.8627093791941116
0.8512524632617721
0.8680085431812934
0.8370595334368809
0.8050861498621277
0.8692259541437279
0.8721936554640967
0.8077982544533037
0.8579393355278871
0.8799286811207415
0.8702738367284102
0.8683615805389143
0.8645989473612297
0.8801907945100141
0.8633601727637759
0.873619896299544
0.884476542461032
0.8799204446930915
0.874616893231886
0.8681713320370912
0.8793040724402549
0.8648804098972489
0.8797315571516043
0.879311219047428
0.8613172382094633
0.8736597001875969
0.8813984354271994
0.8746303722757949
0.8792271333339166
0.8861514719776196
0.8757441122025281
0.8592843903222367
0.8842208288573126
0.8719405793089322
0.8631417489280858
0.8762500286660182
0.887203561109562
0.8577115035004756
0.8885337799092737
0.8449637655712584
0.8730951182209198
0.8556959793508904
0.8628400987810125
0.8376105400337858
0.8575168715342353
0.8519232040071536
0.867703998205998
0.8625480829841157
0.8764007406603272
0.8743756273922564
0.8766350860512384
0.8745390947234192
