0.9038755588802424
0.9883164616710596
0.998402572862148
0.994947226291965
0.8292123507606076
0.9936939081041172
0.9596600468186698
0.9962981384098447
0.9778238795842342
0.967668699172505
0.9975688880881971
0.9987137632791256
0.998649991931566
0.9319600023593055
0.9933372181679583
0.9881471419025759
0.9913931553779143
0.954893297260316
0.9967329683747297
0.9661573369837659
0.9537276499297332
0.9969520753681009
0.9992824329506065
0.9930785829063054
0.9990232116860633
0.8712209762271557
0.9937966807409115
0.9937219633586409
0.9536356261335375
0.9409602881319157
0.9959770123624372
0.9971985866197957
0.9893212366495501
0.9983020186757379
0.9977843251107206
0.9932457973787194
0.9477642628941945
0.9952993372387358
0.9187595395279827
0.9969434720694044
0.9327490080835299
0.9974425255179653
0.9977847419325201
0.9972427667058513
0.9992218658890121
0.9913804727081328
0.9954602114256563
0.9960163641969096
0.9976251418805776
0.9896343606301239
0.9898077081179126
0.9965981871562555
0.9973447824449475
0.9929234013826935
0.9949046793083218
0.9986806612750864
0.9986636248222515
0.9929507300976768
0.9964370045452684
0.9975065463473332
0.9977586130987828
0.9973941109275899
0.9993028097526067
0.9966812537732719
0.9985488586961238
0.9963471147336824
0.9991447794132051
0.9945918475175519
0.9923843953093676
0.9973328704413993
0.9983139365252891
0.9985393312943056
0.9990217124488889
0.998332180497557
0.997738568476827
0.997743887019957
0.9971853387747942
0.996077131526251
0.9970773212566735
0.9967023356409102
0.9983865734931681
0.983971991911585
0.998535077971652
0.9981786191472786
0.9950047808979694
0.9356466412709499
0.9993877411390026
0.9984608155884038
0.9989419223118703
0.9977457905784082
0.9979153493057731
0.997545696610592
0.9993453859706791
0.9986728159247003
0.998653262962558
0.8668624173236337
0.9994205956716143
0.9992475955196234
0.9976596946748142
0.9632604046469088
