0.354442
0.598956
0.237825
0.660541
0.397273
0.412494
0.406624
0.489437
0.286748
0.658732
0.265947
0.375192
0.536159
0.309631
0.314580
0.463551
0.408928
0.357667
0.452749
0.359919
0.387444
0.537422
0.336166
0.278148
0.299614
0.577830
0.445377
0.385260
0.146957
0.458875
0.111549
0.682263
0.295092
0.464728
0.445633
0.470922
0.358606
0.202160
0.388400
0.200556
0.307208
0.228764
0.408263
0.360500
0.422016
0.265213
0.395004
0.333129
0.211494
0.321474
0.218542
0.734548
0.261442
0.512696
0.349493
0.293642
0.488533
0.638545
0.392410
0.422477
0.368776
0.648510
0.219668
0.604177
0.469933
0.319358
0.411675
0.377837
0.708969
0.302618
0.407989
0.330279
0.536296
0.669568
0.254650
0.479318
0.378912
0.272687
0.435617
0.585151
0.750776
0.525545
0.331371
0.450377
0.190386
0.362513
0.288744
0.587915
0.393997
0.864766
0.501024
0.495580
0.449456
0.279769
0.412204
0.471332
0.287157
0.547916
0.644415
0.538565
0.538378
0.330671
0.319801
0.289410
0.438603
0.410344
0.607607
0.331388
0.422255
0.416419
0.672963
0.229019
0.667230
0.743336
0.394270
0.377581
0.296526
0.228508
0.433483
0.420088
0.534487
0.494471
0.844442
0.355875
0.460360
0.391130
0.507952
0.382137
0.270861
0.509488
0.546620
0.413399
0.613136
0.370124
0.482219
0.588512
0.260759
0.882154
0.265315
0.389116
0.215146
0.713064
0.519573
0.331251
0.725214
0.389389
0.628238
0.541022
0.548172
0.419115
0.377035
0.521979
0.549213
0.369288
0.530170
0.794939
0.582028
0.491809
0.571107
0.288915
0.320296
0.810245
0.478687
0.747432
0.516177
0.338231
0.474591
0.606327
0.834681
0.431743
0.428825
0.370397
0.796543
0.375977
0.337173
0.405293
0.710761
0.701034
0.411965
0.448312
0.304307
0.186802
0.470257
0.639347
0.871165
0.837053
0.824818
0.730504
0.310467
0.432596
0.557882
0.440087
0.667093
0.876813
0.738337
0.422016
0.917238
0.338845
0.826866
0.674533
0.391454
0.499164
0.695130
0.545766
0.431470
0.560868
0.738183
0.488328
0.505375
0.341541
0.852718
0.427750
0.262585
0.340125
0.842855
0.542388
0.558803
0.766749
0.421607
0.000000
0.436214
0.297038
0.921539
0.844237
0.170148
0.351114
0.642623
0.874885
0.713286
0.848896
0.493737
0.874748
0.778881
0.458483
0.433859
0.263814
0.325279
0.631497
0.656889
0.279479
0.312720
0.441401
0.917614
0.601072
0.490410
0.448671
0.567114
0.609126
0.710317
0.508003
0.868964
0.573120
0.463039
0.412085
0.349817
0.682861
0.783335
0.401983
0.876489
0.863861
0.387751
0.450838
0.708167
0.300809
0.470769
0.681769
0.737244
0.469131
0.636361
0.579861
0.551329
0.554674
0.466759
0.726289
0.413245
0.859800
0.848998
0.899474
0.268711
0.759360
0.886830
0.534845
0.684584
0.412341
0.442459
0.288369
0.503549
0.421521
0.614774
0.259018
0.838350
0.575492
0.830586
0.351473
0.468892
0.466827
0.757551
0.771254
0.877581
0.468670
0.598785
0.527491
0.753882
0.859425
0.434746
0.551790
0.400174
0.859203
0.460223
0.508532
0.343333
0.495034
0.647009
0.584570
0.759547
0.693423
0.871318
0.391693
0.418569
0.797686
0.584349
0.777960
0.928211
0.529555
0.520358
0.891198
0.358793
0.695727
0.806884
0.872632
0.893724
0.457851
0.195778
0.451947
0.726187
0.545562
0.603273
0.857974
0.604075
0.858913
0.874868
0.429098
0.735231
0.401863
0.778625
0.815774
0.745640
0.855022
0.452408
0.703252
0.649261
0.810570
0.798590
0.520887
0.907955
0.755640
0.794888
0.405703
0.470974
0.817361
0.694311
0.713883
0.759633
0.564315
0.890516
0.677878
0.710829
0.736698
0.562080
0.610474
0.551415
0.749684
0.350892
0.861302
0.809733
0.832617
0.632828
0.494864
0.546978
0.889424
0.574776
0.784598
0.536125
0.554179
0.874032
0.779752
0.820143
0.610235
0.855244
0.334664
0.867138
0.630013
0.681837
0.803693
0.863230
0.750811
0.494181
0.726648
0.554606
0.400157
0.808215
0.859988
0.861558
0.851541
0.712877
0.622300
0.299529
0.546705
0.861250
0.423689
0.707723
0.637811
0.750043
0.686188
0.580663
0.458278
0.353606
0.563360
0.780315
0.377717
0.826166
0.643988
0.692229
0.630439
0.857462
0.681803
0.754650
0.595731
0.856865
0.721409
0.770554
0.837412
0.759547
0.401898
0.483106
0.328811
0.556466
0.846422
0.838145
0.806611
0.553258
0.397444
0.581653
0.779581
0.411215
0.687656
0.810126
0.468926
0.519641
0.853537
0.322071
0.380260
0.656087
0.843452
0.908177
0.828214
0.792294
0.844596
0.854152
0.773984
0.866557
0.733422
0.580885
0.409406
0.560186
0.637879
0.774803
0.354237
0.916948
0.551073
0.805570
0.646838
0.784086
0.580833
0.542149
0.825808
0.296270
0.876386
0.797311
0.849852
0.547234
0.783864
0.377717
0.426112
0.508242
0.713508
0.849510
0.333794
0.731528
0.775588
0.902546
0.699601
0.720112
0.468687
0.549469
0.391130
0.568684
0.350261
0.794580
0.713064
0.875584
0.837497
0.268728
0.473482
0.912204
0.579229
0.582284
0.314085
0.865670
0.814358
0.588308
0.624586
0.418518
0.560971
0.913348
0.593836
0.850756
0.842906
0.961008
0.592676
0.843708
0.659107
0.864766
0.394713
0.437033
0.410600
0.627828
0.803010
0.450070
0.916982
0.483243
0.833606
0.544845
0.883059
0.288591
0.592625
0.901232
0.749224
0.850329
0.805587
0.662349
0.439405
0.835262
0.854169
0.863861
0.733490
0.481025
0.863349
0.395174
0.766919
0.510085
0.618887
0.774325
0.848060
0.903775
0.865056
0.893553
0.426180
0.644517
0.913860
0.630746
0.601515
0.865517
0.646121
0.899662
0.768967
0.608716
0.738746
0.509437
0.830449
0.861472
0.869766
0.727808
0.374271
0.757397
0.897427
0.441265
0.862752
0.868998
0.646992
0.831746
0.441828
0.559315
0.742824
0.871916
0.415276
0.803181
0.829289
0.864066
0.465974
0.875414
0.741681
0.956315
0.783437
0.849527
0.806286
0.453500
0.828982
0.444985
0.480103
0.735760
0.630559
0.875448
0.863622
0.865551
0.838265
0.814153
0.728985
0.846456
0.656599
0.865636
0.807123
0.812959
0.579366
0.859988
0.891693
0.779683
0.846012
0.773711
0.663868
0.875994
0.826661
0.784871
0.805587
0.856268
0.835398
0.864305
0.890823
0.514385
0.823863
0.881250
0.890447
0.656735
0.707894
0.853503
0.528361
0.868315
0.836098
0.410993
0.917545
0.589946
0.608443
0.830552
0.659414
0.900686
0.273574
0.832156
0.873912
0.679362
0.768916
0.897222
0.743780
0.811269
0.876182
0.875277
0.843265
0.785383
0.805365
0.540493
0.805382
0.771663
0.810877
0.868332
0.430241
0.622624
0.622777
0.763523
0.873520
0.861626
0.874799
0.722006
0.841439
0.902512
0.846387
0.756885
0.924712
0.897239
0.606225
0.947408
0.621754
0.861882
0.449217
0.893758
0.900584
0.867991
0.906863
0.862206
0.881079
0.490871
0.858998
0.873537
0.821883
0.692894
0.689209
0.880772
0.721818
0.829136
0.567728
0.594587
0.901215
0.864663
0.687366
0.886318
0.571943
0.844510
0.658117
0.859237
0.688526
0.830740
0.877223
0.788352
0.766032
0.889185
0.908740
0.920361
0.868366
0.871762
0.881932
0.919576
0.864100
0.883076
0.796475
0.859834
0.821371
0.856012
0.871421
0.855978
0.765776
0.836183
0.872086
0.418569
0.858315
0.894611
0.904833
0.863742
0.864322
0.978141
0.914815
0.887427
0.926146
0.871267
0.811201
0.953875
0.825825
0.533019
0.796440
0.732995
0.984028
0.848572
0.822753
0.606515
0.802788
0.541074
0.901505
0.584400
0.859988
0.878195
0.898809
0.801423
0.886011
0.806833
0.881045
0.862616
0.862991
0.694652
0.935292
0.873042
0.810621
0.879373
0.837855
0.792277
0.849237
0.852531
0.729583
0.895754
0.672127
0.883229
0.814836
0.865329
0.803266
0.927187
0.862018
0.920651
0.855022
0.690915
0.898604
0.863196
0.895993
0.863349
0.837224
0.854032
0.876301
0.854442
0.842872
0.865175
0.871694
0.851421
0.869032
0.864117
0.903553
0.876250
0.886471
0.806713
0.846643
0.940446
0.867735
0.796372
0.835364
0.894645
0.888622
0.841132
0.855397
0.923603
0.931009
0.760810
0.677059
0.864476
0.860619
0.915344
0.823914
0.919610
0.903638
0.909986
0.878298
0.832361
0.801321
0.867052
0.925207
0.906897
0.884355
0.809716
0.879475
0.911846
0.861575
0.902307
0.864527
0.892905
0.850961
0.853742
0.817071
0.887256
0.848333
0.855295
0.856831
0.938586
0.845603
0.846422
0.910054
0.837053
0.912170
0.865261
0.921556
0.885669
0.874612
0.835944
0.821730
0.921556
0.918979
0.810535
0.876659
0.890618
0.852497
0.914354
0.928364
0.878349
0.856302
0.837975
0.867377
0.858742
0.496570
0.327770
0.381523
0.420736
0.440736
0.217842
0.479881
0.346063
0.408194
0.271015
0.372666
0.396864
0.346626
0.418296
0.527473
0.526211
0.692826
0.877513
0.478260
0.269291
0.481366
0.415498
0.330176
0.545459
0.724634
0.846746
0.551159
0.910413
0.878758
0.878178
0.866950
0.823265
0.873178
0.908809
0.859578
0.865244
0.859629
0.747295
0.857070
0.830211
0.815399
0.803812
0.844152
0.821849
0.889202
0.787806
0.474318
0.510273
0.354169
0.359885
0.477117
0.966878
0.334391
0.498447
0.648561
0.875073
0.414952
0.787345
0.568957
0.777909
0.745947
0.836490
0.848794
0.864800
0.869851
0.738678
0.775332
0.285314
0.428996
0.278932
0.506638
0.830108
0.746579
0.890823
0.863964
0.686461
0.640388
0.437511
0.848538
0.854715
0.895874
0.831473
0.874032
0.853264
0.585048
0.843367
0.496707
0.858844
0.851439
0.894731
0.843265
0.961486
0.886506
0.832156
0.901625
0.768882
0.868349
0.897819
0.888093
0.908399
0.866899
0.841456
0.885618
0.893195
0.524436
0.974643
0.899389
0.813385
0.834152
0.783386
0.839818
0.863622
0.888775
0.820893
0.825945
0.512935
0.696529
0.825603
0.858452
0.532200
0.836047
0.554145
0.823607
0.866557
0.896573
0.815740
0.822566
0.885772
0.896864
0.814819
0.920395
0.871165
0.875124
0.836473
0.770725
0.861233
0.742347
0.572011
0.347770
0.281475
0.294324
0.314836
0.390328
0.690949
0.350056
0.410123
0.330569
0.372035
0.338470
0.282414
0.408655
0.431606
0.287260
0.462271
0.760094
0.853896
0.518737
0.361319
0.589519
0.106293
0.256766
0.636326
0.608000
0.716102
0.702092
0.887922
0.800809
0.654892
0.501450
0.526501
0.750179
0.506689
0.629159
0.722006
0.542166
0.556022
0.900345
0.823556
0.785502
0.679328
0.776816
0.873195
0.519044
0.404508
0.385669
0.331849
0.362035
0.418023
0.621412
0.414713
0.747688
0.414269
0.683799
0.432255
0.386898
0.411709
0.394492
0.508003
0.410293
0.429934
0.745213
0.787106
0.863315
0.417443
0.586635
0.436453
0.423194
0.570561
0.619979
0.572438
0.410890
0.418655
0.511791
0.773182
0.483738
0.507747
0.845466
0.889918
0.645609
0.751152
0.756527
0.870260
0.893485
0.856234
0.817481
0.858281
0.888212
0.886864
0.868281
0.590645
0.413075
0.302379
0.460735
0.387666
0.695027
0.627043
0.422068
0.351729
0.393502
0.517832
0.547268
0.639688
0.475103
0.639449
0.294990
0.864885
0.821934
0.859937
0.882683
0.758234
0.879441
0.603580
0.694328
0.408740
0.323504
0.626497
0.544998
0.808454
0.457868
0.869834
0.833965
0.906829
0.718644
0.769598
0.675335
0.645166
0.617897
0.469557
0.722655
0.910839
0.846934
0.917375
0.541159
0.826985
0.647742
0.429081
0.410856
0.395806
0.403877
0.698474
0.543104
0.419832
0.499863
0.389065
0.546858
0.422665
0.503635
0.443227
0.452049
0.665336
0.755333
0.730299
0.864100
0.867206
0.772670
0.734890
0.759565
0.544623
0.494096
0.358264
0.562626
0.468994
0.591584
0.863605
0.909935
0.868315
0.856063
0.822088
0.889492
0.784086
0.765759
0.663971
0.273830
0.875994
0.838043
0.883571
0.855551
0.728064
0.793369
0.619177
0.626293
0.410890
0.270161
0.304017
0.353981
0.364049
0.298488
0.408331
0.339767
0.334050
0.231579
0.381898
0.343760
0.206034
0.394219
0.376933
0.821371
0.856165
0.894867
0.875857
0.857223
0.809631
0.707655
0.411419
0.385977
0.507286
0.335756
0.381233
0.441777
0.697775
0.828572
0.456435
0.430566
0.351746
0.352770
0.327276
0.396676
0.389355
0.364168
0.822361
0.866472
0.747995
0.855500
0.853879
0.839664
0.913518
0.757909
0.398297
0.186410
0.260691
0.296594
0.209379
0.298966
0.203799
0.218593
0.288471
0.251886
0.190727
0.325859
0.288659
0.234139
0.134159
0.880141
0.617897
0.897666
0.343162
0.363844
0.719515
0.570834
0.499625
0.224583
0.524078
0.405942
0.303061
0.332753
0.315962
0.445719
0.332378
0.235009
0.288642
0.302566
0.276816
0.309768
0.458722
0.498686
0.366848
0.494352
0.895396
0.823521
0.561807
0.884850
0.690318
0.608307
0.238729
0.433313
0.480854
0.627368
0.548787
0.872393
0.445190
0.495717
0.426948
0.324887
0.416249
0.453585
0.541005
0.549367
0.561534
0.817378
0.853845
0.870158
0.901044
0.897222
0.850483
0.835091
0.692980
0.539180
0.420890
0.421300
0.342173
0.451094
0.413638
0.292396
0.446248
0.357036
0.700198
0.484028
0.455889
0.468243
0.427665
0.409576
0.620337
0.614211
0.785246
0.821951
0.793403
0.736238
0.759633
0.373417
0.524999
0.454677
0.274598
0.899423
0.583888
0.413928
0.562455
0.547183
0.427460
0.638255
0.394167
0.734019
0.534197
0.629688
0.802140
0.529419
0.810331
0.894372
0.935736
0.953244
0.830808
0.699823
0.560237
0.454797
0.666086
0.830620
0.794017
0.816849
0.856199
0.841951
0.791850
0.786953
0.865363
0.834460
0.845381
0.851251
0.865858
0.833282
0.786867
0.799683
0.863657
0.884338
0.876574
0.890191
0.805911
0.801764
0.754240
0.154517
0.271680
0.170250
0.189874
0.239804
0.203645
0.220248
0.303386
0.254002
0.428074
0.233337
0.270537
0.361199
0.505614
0.249855
0.400294
0.840005
0.885550
0.581397
0.385175
0.389321
0.455019
0.359152
0.213901
0.270366
0.377496
0.587437
0.452152
0.346524
0.318863
0.414610
0.663595
0.397666
0.438210
0.476861
0.410532
0.424900
0.483755
0.752056
0.604007
0.870875
0.799375
0.876745
0.473021
0.762517
0.373315
0.311269
0.409781
0.701358
0.456844
0.425156
0.389577
0.547985
0.397751
0.338180
0.306577
0.371233
0.285212
0.346251
0.471998
0.711887
0.749736
0.856677
0.847889
0.655370
0.777772
0.891522
0.792584
0.410481
0.265554
0.423433
0.692007
0.516945
0.269513
0.579195
0.402290
0.374083
0.354595
0.324767
0.391045
0.428450
0.391881
0.195471
0.486587
0.539657
0.717040
0.826473
0.688628
0.635012
0.907375
0.428347
0.368827
0.541381
0.805775
0.603409
0.856182
0.814989
0.793574
0.822327
0.779069
0.888758
0.886454
0.872957
0.878963
0.871540
0.892529
0.855824
0.894731
0.873639
0.822071
0.891301
0.904560
0.856302
0.843470
0.874851
0.373332
0.293847
0.279479
0.470564
0.477816
0.648220
0.437050
0.313215
0.389048
0.556670
0.341644
0.522951
0.352565
0.355295
0.452800
0.436930
0.888570
0.782550
0.898178
0.756049
0.549043
0.559298
0.327958
0.342019
0.308556
0.256066
0.505819
0.432306
0.535647
0.436470
0.381847
0.516177
0.399474
0.557165
0.429781
0.442562
0.390567
0.496246
0.481656
0.851968
0.845773
0.721921
0.780895
0.838111
0.810024
0.671803
0.589707
0.800160
0.737210
0.601498
0.613324
0.704635
0.651155
0.606839
0.664278
0.651241
0.757636
0.814682
0.838982
0.896283
0.871916
0.848828
0.820211
0.840722
0.901113
0.848606
0.872001
0.849544
0.614450
0.272721
0.449592
0.294649
0.244138
0.485188
0.367701
0.209942
0.330211
0.281475
0.290997
0.324119
0.511740
0.290127
0.504641
0.324443
0.724753
0.830194
0.873093
0.824494
0.539231
0.790127
0.335995
0.348742
0.751920
0.594673
0.778779
0.655217
0.508464
0.509437
0.474131
0.578427
0.412819
0.556141
0.540562
0.701700
0.651206
0.892273
0.586192
0.487372
0.867598
0.863503
0.837924
0.748097
0.588410
0.633852
0.828999
0.511041
0.636429
0.510307
0.519334
0.454950
0.380567
0.862974
0.325859
0.479830
0.413791
0.440309
0.501126
0.475871
0.443449
0.667571
0.631002
0.863059
0.814409
0.769189
0.802805
0.826559
0.543838
0.511143
0.395311
0.450206
0.441248
0.492287
0.400720
0.897393
0.510443
0.326695
0.428108
0.353862
0.471776
0.497611
0.404235
0.543548
0.839818
0.898468
0.828555
0.847053
0.809409
0.824494
0.548957
0.672998
0.455445
0.215539
0.595850
0.351421
0.382257
0.491946
0.778540
0.442203
0.528531
0.476827
0.540067
0.458824
0.587608
0.486570
0.721784
0.599365
0.820808
0.858759
0.826235
0.859629
0.776629
0.834425
0.596720
0.479455
0.366660
0.384663
0.343179
0.426180
0.519948
0.347821
0.356319
0.661513
0.382769
0.375653
0.453534
0.433381
0.418245
0.468278
0.448312
0.423228
0.814000
0.760111
0.650473
0.903945
0.505768
0.528822
0.387376
0.337173
0.605901
0.354732
0.316662
0.249275
0.349237
0.336661
0.405925
0.450616
0.707263
0.391011
0.544589
0.608409
0.784478
0.828265
0.809938
0.873963
0.866728
0.826883
0.769496
0.923689
0.744190
0.297396
0.338367
0.376165
0.352241
0.424542
0.467202
0.445241
0.292976
0.363332
0.434081
0.390584
0.422341
0.384082
0.415208
0.474250
0.476383
0.719446
0.813249
0.595628
0.619825
0.483379
0.371847
0.456452
0.313180
0.340654
0.434593
0.454421
0.483567
0.435821
0.471093
0.820655
0.382734
0.438313
0.399560
0.445889
0.416556
0.486110
0.576994
0.881711
0.786970
0.864561
0.894475
0.748268
0.711938
0.877888
0.688970
0.568957
0.410515
0.223388
0.425924
0.289922
0.401932
0.374748
0.375141
0.374919
0.288130
0.351831
0.401147
0.399901
0.355022
0.299085
0.439729
0.795434
0.876625
0.847036
0.712314
0.834306
0.549623
0.514044
0.267073
0.550834
0.533787
0.768728
0.609314
0.438654
0.664926
0.597369
0.512713
0.530545
0.542234
0.459216
0.534436
0.599229
0.547575
0.684891
0.791918
0.902119
0.902068
0.862206
0.825757
0.838487
0.782789
0.582011
0.287345
0.276578
0.262380
0.199021
0.199362
0.285588
0.279752
0.477629
0.413638
0.285110
0.347872
0.288335
0.440053
0.391932
0.408962
0.831712
0.870909
0.771885
0.739480
0.752739
0.704345
0.385823
0.310450
0.232808
0.451503
0.388383
0.352821
0.329016
0.313317
0.784018
0.529470
0.415293
0.418330
0.404525
0.834920
0.200164
0.180199
0.427016
0.764786
0.608153
0.897273
0.809631
0.801321
0.400771
0.445394
0.268353
0.377103
0.520477
0.473107
0.450360
0.519965
0.340176
0.516450
0.350142
0.334152
0.298454
0.461059
0.413740
0.686632
0.880943
0.893536
0.851302
0.677707
0.661155
0.839221
0.810006
0.883417
0.538019
0.336814
0.361523
0.347736
0.226221
0.274837
0.223593
0.424218
0.237688
0.170421
0.270076
0.315399
0.450070
0.668424
0.856592
0.831593
0.807106
0.856268
0.407819
0.684550
0.487372
0.898126
0.487560
0.471161
0.286048
0.429337
0.360210
0.450428
0.465087
0.385635
0.443261
0.412221
0.354066
0.362411
0.433586
0.459080
0.381147
0.444814
0.509795
0.641394
0.890823
0.885311
0.736579
0.860790
0.905464
0.847360
0.397205
0.493362
0.513890
0.654432
0.617641
0.500495
0.822412
0.519453
0.561824
0.427886
0.537576
0.443500
0.595833
0.606566
0.805638
0.685164
0.820126
0.894236
0.871574
0.846575
0.829409
0.749582
0.564196
0.532286
0.490802
0.522371
0.806986
0.682178
0.756066
0.772653
0.610935
0.782123
0.711921
0.657725
0.818231
0.822753
0.934746
0.764172
0.839340
0.863622
0.892819
0.883434
0.896966
0.874987
0.933722
0.831917
0.541637
0.561107
0.869475
0.911556
0.891420
0.797498
0.848964
0.887103
0.852514
0.876318
0.774103
0.585902
0.637248
0.875260
0.840603
0.810809
0.877837
0.810075
0.882922
0.839579
0.874646
0.873827
0.876028
0.584007
0.406658
0.544725
0.792260
0.517235
0.688253
0.271441
0.487850
0.408843
0.313163
0.437442
0.545306
0.574895
0.599894
0.904355
0.766697
0.786168
0.871011
0.903638
0.859783
0.746579
0.777363
0.539487
0.787362
0.738661
0.473482
0.578035
0.536722
0.585065
0.735333
0.569400
0.596157
0.423962
0.559844
0.786355
0.483789
0.465940
0.772533
0.829033
0.805365
0.831013
0.845381
0.880687
0.867445
0.867189
0.634825
0.564759
0.896215
0.804324
0.874475
0.816627
0.842872
0.835586
0.855261
0.886284
0.807873
0.823282
0.873929
0.830927
0.879322
0.880943
0.832258
0.870124
0.898246
0.853964
0.896147
0.920122
0.851626
0.863281
0.820382
0.428723
0.375943
0.562267
0.501536
0.623170
0.548360
0.364715
0.386557
0.400498
0.393792
0.469523
0.336268
0.470684
0.299717
0.815962
0.851353
0.606652
0.440872
0.386215
0.720829
0.841610
0.394048
0.271902
0.456776
0.489693
0.731801
0.786082
0.627487
0.524282
0.594331
0.914235
0.502901
0.497577
0.608222
0.645217
0.495632
0.619535
0.842855
0.923706
0.865602
0.754326
0.823897
0.901351
0.851404
0.603751
0.562745
0.312020
0.451845
0.464540
0.546415
0.467919
0.511587
0.580680
0.355141
0.334869
0.369305
0.373929
0.353810
0.411249
0.503157
0.591755
0.589024
0.895754
0.452305
0.881625
0.905754
0.440633
0.377598
0.482850
0.920975
0.877018
0.788898
0.870687
0.888826
0.957391
0.803829
0.933432
0.833794
0.690062
0.794273
0.738678
0.700693
0.855926
0.843214
0.839357
0.890806
0.900805
0.792618
0.779291
0.736442
0.664363
0.779786
0.651701
0.663868
0.615269
0.691325
0.664585
0.632367
0.718644
0.639910
0.672588
0.667708
0.779018
0.817276
0.658066
0.841354
0.828948
0.884134
0.850108
0.812805
0.866370
0.857496
0.920600
0.745265
0.771066
0.682844
0.738610
0.541739
0.745930
0.642913
0.592898
0.517440
0.706751
0.435582
0.646053
0.750486
0.621463
0.526262
0.576840
0.740862
0.808761
0.835927
0.899969
0.851660
0.670267
0.813556
0.624398
0.640063
0.552609
0.757210
0.727569
0.513993
0.636292
0.754343
0.849152
0.658015
0.629211
0.697007
0.697348
0.680438
0.680540
0.864851
0.751271
0.732569
0.862650
0.892290
0.840500
0.874544
0.787140
0.674550
0.600577
0.843555
0.803044
0.870653
0.872854
0.914133
0.863657
0.819904
0.933825
0.809409
0.895379
0.854476
0.878622
0.899082
0.822139
0.886898
0.881472
0.868059
0.862394
0.817464
0.902375
0.882018
0.864851
0.822480
0.482680
0.393280
0.725760
0.513737
0.503259
0.352326
0.675250
0.340654
0.413109
0.369714
0.271424
0.368400
0.412153
0.533873
0.446777
0.771475
0.869510
0.834835
0.512645
0.669909
0.489915
0.367155
0.457698
0.318249
0.271083
0.275588
0.155268
0.270793
0.309955
0.365687
0.193440
0.274018
0.265810
0.327566
0.315655
0.269103
0.518429
0.396539
0.857803
0.835313
0.795877
0.854049
0.843674
0.667912
0.551585
0.319597
0.780263
0.831746
0.815416
0.851370
0.865517
0.839118
0.841678
0.836934
0.827412
0.796577
0.817173
0.849408
0.874288
0.797925
0.744923
0.792208
0.881318
0.847667
0.931333
0.888673
0.849101
0.699072
0.621975
0.752961
0.905618
0.847736
0.725709
0.888007
0.802754
0.905754
0.746340
0.822327
0.824750
0.865022
0.866080
0.864015
0.842514
0.854783
0.894423
0.864578
0.899236
0.882615
0.908894
0.898792
0.895737
0.909218
0.664278
0.417784
0.462510
0.367854
0.405532
0.675489
0.606583
0.559469
0.427392
0.357684
0.476707
0.581755
0.558309
0.600474
0.818470
0.745572
0.863025
0.769479
0.896403
0.800945
0.753490
0.571636
0.617948
0.347463
0.596533
0.816935
0.825689
0.651275
0.858111
0.892171
0.764172
0.489881
0.745760
0.553019
0.520255
0.873793
0.379322
0.509010
0.890755
0.665609
0.845893
0.843862
0.829579
0.554452
0.516791
0.454694
0.715061
0.804546
0.851319
0.868230
0.847241
0.879902
0.859715
0.797567
0.843043
0.874731
0.844493
0.840500
0.866046
0.834323
0.907768
0.854732
0.883417
0.918689
0.878844
0.873639
0.908075
0.829989
0.841183
0.784564
0.874390
0.865534
0.857445
0.851694
0.869441
0.724395
0.833419
0.579656
0.841780
0.684175
0.840347
0.817105
0.814000
0.835398
0.845620
0.906010
0.852326
0.874526
0.833555
0.881659
0.789666
0.757602
0.479898
0.775605
0.845841
0.861455
0.864493
0.878758
0.866933
0.880243
0.925805
0.834169
0.808215
0.718388
0.890720
0.870960
0.906010
0.884970
0.890601
0.917801
0.891796
0.807344
0.860312
0.919576
0.484028
0.577301
0.540937
0.477936
0.691205
0.476690
0.337360
0.336627
0.598256
0.498259
0.511638
0.397307
0.343299
0.738814
0.297311
0.808931
0.809836
0.879287
0.718201
0.779820
0.925532
0.544487
0.478021
0.647538
0.534623
0.794956
0.786628
0.892546
0.774479
0.885721
0.851319
0.671308
0.689703
0.484608
0.857718
0.841541
0.669551
0.825757
0.867411
0.861319
0.891062
0.879816
0.851677
0.839408
0.812020
0.869697
0.616993
0.595355
0.634074
0.756698
0.707587
0.807310
0.850619
0.763182
0.691836
0.636992
0.680557
0.857803
0.502730
0.726596
0.823777
0.850432
0.913535
0.838436
0.892495
0.863674
0.804136
0.725982
0.669858
0.425463
0.467783
0.515358
0.378963
0.426453
0.464199
0.740282
0.382342
0.443159
0.434030
0.459780
0.460223
0.457561
0.392888
0.474881
0.838350
0.802020
0.818317
0.818846
0.851814
0.637879
0.700659
0.385738
0.828914
0.895174
0.749991
0.714532
0.709020
0.759053
0.848418
0.791935
0.854374
0.841268
0.864049
0.871011
0.845022
0.804682
0.846234
0.856694
0.855397
0.899014
0.852121
0.904321
0.852326
0.736391
0.628118
0.574810
0.588188
0.761766
0.555271
0.772431
0.514880
0.737176
0.423876
0.332634
0.570902
0.476400
0.779188
0.555220
0.754667
0.821422
0.858281
0.947681
0.888229
0.864117
0.877973
0.747125
0.706563
0.557370
0.655268
0.848248
0.833385
0.903655
0.786509
0.707041
0.858759
0.861882
0.839391
0.840517
0.871813
0.863639
0.853213
0.843384
0.844186
0.928074
0.863708
0.890891
0.921283
0.877359
0.899491
0.857019
0.917068
0.831593
0.852497
0.756783
0.906147
0.874851
0.885516
0.827566
0.739070
0.872001
0.849510
0.821508
0.782123
0.831269
0.830040
0.871711
0.838657
0.867496
0.932460
0.893894
0.855380
0.869714
0.884577
0.806764
0.575902
0.443108
0.675455
0.862667
0.666462
0.643920
0.533702
0.893519
0.475905
0.845568
0.594126
0.632726
0.559128
0.852804
0.724992
0.857769
0.895311
0.835756
0.863418
0.715214
0.822702
0.594758
0.654466
0.814443
0.879885
0.894560
0.892598
0.846200
0.874902
0.864663
0.865909
0.897154
0.887444
0.899782
0.844169
0.906676
0.878434
0.846149
0.869885
0.855636
0.885499
0.872735
0.835978
0.843981
0.871250
0.892239
0.318795
0.375158
0.369817
0.290826
0.414525
0.478055
0.196887
0.355756
0.268233
0.255998
0.221068
0.298437
0.233507
0.269923
0.456111
0.517286
0.767073
0.720743
0.746835
0.422494
0.548104
0.319750
0.475632
0.843316
0.810638
0.837343
0.794495
0.808283
0.855261
0.820501
0.791782
0.827787
0.828385
0.827702
0.795946
0.877581
0.833862
0.844272
0.845005
0.674158
0.804136
0.748660
0.656428
0.766476
0.770332
0.651531
0.463824
0.560663
0.824170
0.696649
0.716733
0.809000
0.828009
0.775878
0.685454
0.785076
0.783847
0.863725
0.846695
0.882359
0.935309
0.861916
0.902256
0.885601
0.836337
0.885857
0.742500
0.811679
0.662776
0.605355
0.826781
0.849630
0.789393
0.857104
0.850858
0.814563
0.874117
0.878793
0.859766
0.869185
0.784922
0.906676
0.841166
0.870789
0.871045
0.892188
0.891557
0.869237
0.865807
0.953705
0.933774
0.661343
0.639091
0.810467
0.650950
0.737057
0.799870
0.687741
0.858230
0.766237
0.685710
0.674806
0.751851
0.837753
0.814017
0.833146
0.853776
0.890072
0.848418
0.905891
0.888263
0.860022
0.864988
0.862394
0.812037
0.641855
0.562523
0.733337
0.787755
0.734600
0.697792
0.733047
0.403809
0.547251
0.645115
0.580663
0.554640
0.595253
0.660080
0.644944
0.753285
0.819221
0.637674
0.788625
0.887478
0.868673
0.559657
0.616651
0.648152
0.581943
0.465752
0.409474
0.416317
0.465274
0.416641
0.410361
0.388161
0.418672
0.531637
0.500427
0.881745
0.773864
0.817293
0.822839
0.868366
0.892785
0.668254
0.744770
0.688884
0.622265
0.584724
0.823214
0.887785
0.825876
0.620917
0.873093
0.916999
0.637504
0.704072
0.633033
0.626532
0.564383
0.759923
0.590714
0.731357
0.821644
0.870346
0.863042
0.909781
0.866984
0.889884
0.812959
0.863469
0.765315
0.852599
0.768523
0.841302
0.859561
0.838316
0.866677
0.903246
0.808146
0.757500
0.750623
0.786611
0.869527
0.836456
0.876659
0.864697
0.900771
0.880618
0.862070
0.831115
0.838094
0.842633
0.735538
0.756032
0.765656
0.844118
0.812686
0.781339
0.800638
0.814989
0.857411
0.822753
0.811611
0.839749
0.811628
0.896539
0.874526
0.836149
0.896232
0.876250
0.876233
0.872905
0.852087
0.927545
0.848828
0.829016
0.826132
0.838521
0.861046
0.874407
0.888519
0.877086
0.848913
0.846268
0.872547
0.853725
0.877547
0.850585
0.862530
0.899184
0.888826
0.866387
0.883263
0.852394
0.861626
0.850039
0.898587
0.890345
0.860636
0.833914
0.370448
0.362274
0.438227
0.467066
0.326098
0.391335
0.429115
0.386130
0.262414
0.321098
0.342292
0.443500
0.399850
0.836610
0.848811
0.677281
0.869237
0.866063
0.468772
0.806645
0.463397
0.636958
0.474864
0.465871
0.426095
0.519044
0.459012
0.761954
0.587233
0.481468
0.388212
0.418228
0.350875
0.540801
0.597062
0.814238
0.602676
0.839289
0.873230
0.859919
0.631856
0.882922
0.570697
0.847019
0.842821
0.771202
0.748012
0.689413
0.774376
0.732637
0.689106
0.861148
0.689635
0.453039
0.873195
0.605355
0.739087
0.775895
0.844186
0.583444
0.776731
0.845108
0.839391
0.828419
0.838470
0.870568
0.679550
0.536586
0.573769
0.885277
0.861268
0.869458
0.884748
0.892273
0.907614
0.960923
0.830876
0.862701
0.870568
0.876898
0.876933
0.922392
0.939968
0.872291
0.870585
0.877188
0.847411
0.877240
0.863844
0.835722
0.914218
0.877786
0.496212
0.494420
0.381523
0.384185
0.457971
0.570237
0.405669
0.569810
0.392598
0.396898
0.513634
0.759957
0.525033
0.828880
0.873810
0.867052
0.799171
0.819631
0.884936
0.758182
0.822293
0.406658
0.437579
0.734105
0.862633
0.853845
0.874202
0.853503
0.892034
0.861097
0.855193
0.845022
0.948278
0.875602
0.808829
0.965240
0.917324
0.899338
0.897034
0.855790
0.828572
0.824972
0.605065
0.885328
0.848350
0.876677
0.433859
0.425037
0.608307
0.418740
0.852701
0.702587
0.392461
0.859100
0.274615
0.475564
0.446947
0.361080
0.827736
0.917938
0.610764
0.801730
0.625593
0.535818
0.332531
0.425924
0.472782
0.632931
0.885908
0.845927
0.485717
0.821883
0.346405
0.828931
0.329255
0.537029
0.789871
0.655831
0.871421
0.858674
0.862001
0.882240
0.745367
0.869254
0.848896
0.833606
0.884151
0.900191
0.826235
0.704447
0.868946
0.833163
0.803693
0.884731
0.865602
0.665728
0.832241
0.868861
0.837685
0.820501
0.825194
0.853930
0.878417
0.860022
0.859169
0.868998
0.962698
0.821798
0.840108
0.890738
0.890430
0.844971
0.837019
0.883007
0.810553
0.854681
0.901607
0.879475
0.846200
0.867803
0.881949
0.847667
0.848998
0.895925
0.873912
0.831763
0.858964
0.862940
0.906164
0.829187
0.854851
0.905720
0.870772
0.879816
0.823521
0.853094
0.917170
0.927255
0.869493
1.000000
0.808949
0.889799
0.826183
0.844579
0.900532
0.476639
0.884151
0.630405
0.738610
0.809904
0.796167
0.824579
0.617624
0.867291
0.933074
0.803949
0.882990
0.920856
0.879509
0.869714
0.863298
0.874117
0.802532
0.850858
0.849834
0.818607
0.827276
0.856182
0.878059
0.649261
0.824631
0.878656
0.916897
0.826491
0.847889
0.774769
0.871148
0.865175
0.878417
0.859254
0.866080
0.855432
0.794393
0.830484
0.817737
0.853998
0.840500
0.804682
0.862104
0.830467
0.848265
0.880909
0.807481
0.834869
0.895430
0.892273
0.911402
0.766373
0.950155
0.898945
0.811133
0.916317
0.891642
0.880806
0.901420
0.862479
0.829750
0.848333
0.901556
0.902461
0.851200
0.914064
0.936777
0.818334
0.847957
0.924286
0.792106
0.931504
0.890618
0.845705
0.892512
0.918996
0.922614
0.853725
0.924576
0.878502
0.853094
0.917375
0.864629
0.891625
0.857513
0.864203
0.902051
0.899645
0.946691
0.848521
0.918074
0.907989
0.804717
0.912341
0.910839
0.829101
0.923501
0.924013
0.955070
0.834391
0.915583
0.869271
0.878451
0.876045
0.823231
0.844374
0.858810
0.900754
0.941316
0.854357
0.842736
0.852360
0.877615
0.867138
0.866336
0.878349
0.868810
0.899509
0.862923
0.867428
0.823453
0.862872
0.866438
0.817924
0.835910
0.932733
0.804426
0.853572
0.861370
0.882137
0.842463
0.809751
0.842070
0.901266
0.884799
0.863384
0.865175
0.911385
0.917068
0.957237
0.854817
0.907341
0.820655
0.876284
0.902375
0.860210
0.924985
0.902392
0.957715
0.883758
0.860602
0.856899
0.908263
0.918859
0.846626
0.879322
0.891778
0.882598
0.877871
0.848043
0.787430
0.856643
0.872325
0.814767
0.926078
0.903553
0.760640
0.815382
0.835705
0.895430
0.876915
0.868946
0.837582
0.916522
0.793778
0.844954
0.863332
0.905532
0.924491
0.890106
0.841115
0.902802
0.831951
0.895277
0.961196
0.834135
0.874066
0.825125
0.796253
0.942988
0.894543
0.850688
0.839323
0.847019
0.897956
0.902921
0.897666
0.868946
0.776356
0.516194
0.358042
0.774410
0.565100
0.375397
0.880294
0.404116
0.639944
0.784512
0.842446
0.911334
0.642197
0.895789
0.805996
0.875550
0.891744
0.871864
0.856097
0.467100
0.881318
0.862701
0.817788
0.922852
0.827054
0.860653
0.813846
0.874765
0.815160
0.539128
0.795041
0.756527
0.801253
0.878434
0.557029
0.889748
0.789785
0.792243
0.882615
0.871950
0.836098
0.900567
0.536279
0.649756
0.855807
0.683697
0.867769
0.813812
0.838316
0.876779
0.838418
0.945906
0.804051
0.865551
0.836115
0.495666
0.841405
0.627248
0.852889
0.679345
0.842053
0.844510
0.807310
0.804734
0.732296
0.814972
0.756595
0.839238
0.846097
0.920805
0.765418
0.796440
0.903450
0.897802
0.902136
0.909764
0.874953
0.932084
0.887291
0.912000
0.848606
0.910071
0.912273
0.902324
0.702246
0.851336
0.897324
0.954711
0.917290
0.859220
0.858674
0.858623
0.842087
0.886932
0.835091
0.618870
0.572318
0.859476
0.828675
0.811423
0.858588
0.382990
0.480581
0.563667
0.577745
0.934217
0.838521
0.851643
0.862530
0.859868
0.794307
0.864032
0.799478
0.890021
0.859032
0.495290
0.741067
0.788130
0.882154
0.863179
0.861677
0.898212
0.892444
0.690830
0.816627
0.887820
0.785041
0.902700
0.432562
0.897444
0.923330
0.784683
0.914849
0.815535
0.811662
0.848964
0.899952
0.900242
0.867888
0.839494
0.923211
0.922784
0.478550
0.750162
0.713764
0.793284
0.869390
0.870380
0.894031
0.929047
0.849988
0.620303
0.861933
0.857906
0.865892
0.900720
0.822327
0.880721
0.939848
0.836832
0.831047
0.885942
0.869680
0.535818
0.716187
0.865022
0.540954
0.885448
0.863486
0.781185
0.741118
0.885601
0.867069
0.677229
0.915447
0.744582
0.920054
0.850295
0.644893
0.888707
0.865278
0.871353
0.871762
0.852633
0.931112
0.864305
0.864271
0.866506
0.937698
0.847360
0.859954
0.877342
0.850824
0.874339
0.862889
0.877223
0.883178
0.907443
0.862513
0.826576
0.855807
0.861438
0.877308
0.757568
0.492816
0.804085
0.841627
0.908348
0.823436
0.876779
0.868622
0.933449
0.816115
0.831064
0.459609
0.867769
0.891403
0.559196
0.836098
0.655234
0.886267
0.873366
0.882700
0.852036
0.905327
0.686393
0.697468
0.875653
0.797720
0.847770
0.802618
0.901164
0.849732
0.885601
0.808590
0.912443
0.864715
0.890908
0.907085
0.918962
0.853367
0.821781
0.882461
0.891505
0.867735
0.867394
0.910430
0.845295
0.889372
0.808078
0.877376
0.908092
0.909491
0.813982
0.392342
0.870277
0.538668
0.850193
0.416402
0.877188
0.841285
0.898621
0.669909
0.950087
0.822856
0.896181
0.857377
0.807942
0.870022
0.881147
0.904645
0.846063
0.858964
0.891369
0.554230
0.848367
0.873690
0.821781
0.825296
0.911078
0.897307
0.830176
0.854732
0.893963
0.832651
0.907955
0.830654
0.866762
0.921351
0.820074
0.870022
0.860295
0.894662
0.888690
0.889321
0.883963
0.867308
0.872547
0.879919
0.852172
0.652162
0.382291
0.781816
0.883315
0.409372
0.800706
0.667503
0.689038
0.482219
0.842326
0.881472
0.741391
0.919934
0.659619
0.616600
0.438296
0.769923
0.550613
0.692826
0.401607
0.734565
0.652623
0.847428
0.442340
0.858486
0.890311
0.603648
0.505819
0.780212
0.562796
0.819648
0.499505
0.580117
0.596362
0.831388
0.633152
0.808573
0.855653
0.871148
0.758797
0.762653
0.773779
0.683492
0.847190
0.867325
0.883809
0.880874
0.835193
0.755418
0.885789
0.849903
0.760844
0.892342
0.541244
0.874509
0.873827
0.929439
0.935446
0.292806
0.467680
0.688458
0.798317
0.847667
0.885345
0.912750
0.880977
0.762431
0.832907
0.879287
0.899696
0.861797
0.816508
0.828675
0.870533
0.874083
0.901334
0.920685
0.843879
0.869902
0.796065
0.896744
0.854288
0.825603
0.808931
0.832446
0.822549
0.957476
0.811952
0.850568
0.812003
0.856848
0.900532
0.885482
0.825893
0.861694
0.843998
0.874288
0.820569
0.832992
0.822753
0.905208
0.348248
0.229992
0.280724
0.577625
0.802942
0.778369
0.841951
0.526228
0.888775
0.373946
0.886949
0.826849
0.880601
0.810024
0.487611
0.537746
0.352667
0.914098
0.482202
0.354391
0.469677
0.448858
0.313095
0.645661
0.847804
0.448449
0.522747
0.870994
0.829903
0.909235
0.410447
0.572899
0.320876
0.474984
0.885755
0.486263
0.830791
0.897614
0.822719
0.876984
0.880124
0.855363
0.834169
0.840005
0.861728
0.858469
0.851916
0.789837
0.449302
0.798386
0.882547
0.744224
0.442186
0.857582
0.831217
0.906812
0.863469
0.408655
0.885823
0.764650
0.881318
0.936333
0.795434
0.829374
0.772073
0.837565
0.870380
0.897034
0.884407
0.843538
0.844545
0.828811
0.928364
0.923279
0.930429
0.803983
0.860943
0.836029
0.876352
0.892034
0.891915
0.720334
0.871557
0.892922
0.890396
0.837053
0.782055
0.793249
0.818334
0.734412
0.903911
0.902631
0.873724
0.891079
0.875482
0.819767
0.897273
0.808710
0.899730
0.851746
0.833043
0.251544
0.551005
0.573206
0.924627
0.411556
0.277072
0.841627
0.224105
0.698765
0.872325
0.798573
0.641190
0.744787
0.505444
0.500717
0.867394
0.623614
0.432221
0.796850
0.817310
0.312549
0.905362
0.867223
0.825313
0.309887
0.749940
0.206716
0.912750
0.375397
0.097369
0.810809
0.374509
0.599724
0.398178
0.454899
0.678390
0.883912
0.852275
0.863076
0.430856
0.866080
0.789478
0.316269
0.724224
0.842531
0.862855
0.871643
0.830518
0.817037
0.904713
0.354408
0.448927
0.195505
0.419934
0.604194
0.349084
0.796492
0.401744
0.527235
0.478158
0.811713
0.263677
0.860005
0.894253
0.795758
0.830859
0.322719
0.542541
0.839596
0.484659
0.877427
0.405123
0.709856
0.822378
0.475410
0.682536
0.531620
0.280707
0.879731
0.460855
0.805246
0.767039
0.368964
0.821149
0.583427
0.881079
0.509948
0.614621
0.885448
0.853879
0.850244
0.575202
0.848947
0.843248
0.815552
0.851541
0.849476
0.799666
0.775417
0.847787
0.725692
0.583495
0.729992
0.856455
0.511740
0.790366
0.752739
0.893911
0.901556
0.672042
0.664977
0.888878
0.882393
0.878741
0.715692
0.763899
0.553121
0.851780
0.877376
0.617385
0.854049
0.701222
0.880311
0.681939
0.561483
0.873827
0.602727
0.495666
0.908638
0.894338
0.489779
0.630593
0.879390
0.655370
0.896403
0.796816
0.802208
0.909645
0.910498
0.892512
0.882427
0.863605
0.839681
0.865602
0.876062
0.893963
0.825433
0.828282
0.580287
0.841200
0.744821
0.440429
0.477646
0.852053
0.453022
0.492116
0.653066
0.569998
0.547507
0.873759
0.842958
0.675250
0.873468
0.819443
0.856438
0.475598
0.545220
0.892086
0.858947
0.652793
0.837343
0.877871
0.842412
0.769479
0.845261
0.858998
0.749343
0.887000
0.781475
0.489898
0.808095
0.891710
0.809938
0.908792
0.845688
0.888434
0.864441
0.857889
0.815945
0.838674
0.840330
0.876335
0.857001
0.882222
0.913194
0.869527
0.888007
0.825757
0.765145
0.728934
0.915532
0.483362
0.485274
0.873486
0.879714
0.750264
0.863537
0.810501
0.629296
0.648544
0.854271
0.882018
0.863964
0.723610
0.933364
0.856387
0.876045
0.856490
0.870295
0.741220
0.886813
0.843572
0.881608
0.856336
0.884168
0.903655
0.901249
0.826627
0.904816
0.912238
0.856609
0.897000
0.616276
0.887444
0.844152
0.874134
0.856404
0.883946
0.868213
0.896318
0.908962
0.892273
0.882001
0.865329
0.841951
0.842480
0.813402
0.831559
0.846114
0.844152
0.883946
0.921300
0.867752
0.848265
0.869458
0.861609
0.858077
0.847599
0.845091
0.928723
0.886983
0.881233
0.858742
0.866080
0.845978
0.811252
0.844203
0.873997
0.845056
0.855210
0.861762
0.847957
0.852752
0.874168
0.839050
0.860278
0.797259
0.884338
0.825450
0.922460
0.922989
0.818453
0.833316
0.856319
0.831525
0.897700
0.865073
0.862906
0.828862
0.840415
0.903604
0.836251
0.885567
0.856404
0.885567
0.863878
0.843589
0.512286
0.428671
0.849800
0.451247
0.356711
0.564639
0.440548
0.383451
0.442476
0.454370
0.493652
0.506621
0.804717
0.803624
0.176820
0.313385
0.798812
0.847548
0.427494
0.248882
0.192485
0.888656
0.370295
0.401795
0.442681
0.610696
0.251476
0.366080
0.489983
0.827002
0.387444
0.873520
0.391710
0.606447
0.621037
0.814119
0.667247
0.891949
0.698696
0.451213
0.848162
0.470018
0.881711
0.856507
0.813215
0.864851
0.867820
0.875397
0.862411
0.849783
0.290792
0.267653
0.813249
0.464523
0.835023
0.521467
0.878144
0.475649
0.858844
0.780878
0.472356
0.499522
0.303010
0.432101
0.434746
0.534606
0.557148
0.875209
0.822088
0.439627
0.564076
0.814221
0.494539
0.516586
0.851114
0.438347
0.925685
0.513600
0.402188
0.787482
0.807549
0.580151
0.804512
0.637555
0.857462
0.855295
0.848776
0.434815
0.860960
0.871728
0.912221
0.787891
0.944302
0.863503
0.907017
0.556414
0.880891
0.873042
0.831286
0.858674
0.486093
0.799051
0.496553
0.510426
0.565049
0.742381
0.829272
0.398178
0.822856
0.874629
0.880260
0.897154
0.714225
0.553121
0.683219
0.569042
0.861353
0.906812
0.882205
0.892649
0.898263
0.879287
0.856455
0.910549
0.463841
0.805160
0.850176
0.866592
0.863861
0.842224
0.500700
0.882410
0.614825
0.578854
0.831371
0.855739
0.691973
0.852667
0.882291
0.759411
0.885601
0.868742
0.881949
0.851336
0.911948
0.887512
0.883024
0.877564
0.906727
0.877991
0.873759
0.580475
0.844732
0.458892
0.850892
0.910464
0.618238
0.882171
0.548292
0.457118
0.238780
0.312993
0.906641
0.627248
0.898075
0.886489
0.827105
0.589110
0.888809
0.723252
0.614450
0.577779
0.799222
0.750981
0.810092
0.847480
0.880209
0.892290
0.827805
0.842446
0.886762
0.466315
0.905549
0.732176
0.351814
0.741152
0.315945
0.827258
0.433569
0.919832
0.872069
0.898434
0.853025
0.946043
0.895140
0.802037
0.870039
0.897563
0.834101
0.814784
0.859885
0.846046
0.894270
0.879799
0.695488
0.885482
0.880004
0.898451
0.897461
0.851080
0.960752
0.900328
0.875550
0.858571
0.884577
0.854152
0.863554
0.887188
0.901659
0.889850
0.915924
0.890277
0.914798
0.885857
0.836064
0.834596
0.861626
0.848845
0.903877
0.881216
0.847463
0.840432
0.875738
0.873161
0.863759
0.815672
0.841371
0.861353
0.869800
0.882803
0.888110
0.922255
0.884543
0.859681
0.862889
0.867411
0.961537
0.882393
0.866506
0.871677
0.739002
0.878741
0.520716
0.551944
0.857786
0.771834
0.824255
0.726579
0.865431
0.403655
0.597522
0.851490
0.871506
0.940531
0.858793
0.880397
0.602590
0.810041
0.435241
0.838589
0.579264
0.838265
0.855875
0.624620
0.899628
0.568598
0.867121
0.902665
0.868571
0.871165
0.783335
0.866711
0.850210
0.852582
0.532524
0.421726
0.812720
0.593546
0.834272
0.459285
0.941794
0.885226
0.882103
0.867701
0.798949
0.900447
0.860500
0.907802
0.909628
0.447783
0.748985
0.867496
0.544248
0.872922
0.836780
0.568359
0.505426
0.421726
0.389014
0.757414
0.900345
0.518890
0.943039
0.579093
0.617334
0.877035
0.856490
0.836507
0.858640
0.850619
0.819409
0.819836
0.886676
0.862855
0.850244
0.858623
0.574793
0.923006
0.815433
0.523310
0.411095
0.821013
0.648101
0.852974
0.861523
0.610542
0.866626
0.631514
0.905669
0.632641
0.413484
0.524436
0.867035
0.946572
0.823487
0.840790
0.904508
0.837497
0.864919
0.866455
0.881506
0.654790
0.856626
0.848930
0.854237
0.862360
0.853708
0.851114
0.858162
0.890550
0.896539
0.870295
0.835176
0.620917
0.848691
0.916743
0.829989
0.869970
0.837326
0.863486
0.859032
0.850739
0.672895
0.926948
0.951282
0.871387
0.862530
0.814921
0.906590
0.850619
0.819494
0.909252
0.816952
0.822583
0.799000
0.799085
0.836012
0.878161
0.918262
0.853008
0.898536
0.863759
0.870824
0.902887
0.897768
0.898143
0.878656
0.853845
0.855159
0.827702
0.717706
0.542609
0.357872
0.614109
0.331047
0.826132
0.858913
0.503686
0.445326
0.572864
0.673782
0.498567
0.888502
0.433483
0.831013
0.866745
0.433739
0.666530
0.476281
0.514419
0.366216
0.432016
0.854391
0.488635
0.561585
0.485478
0.426811
0.388246
0.818760
0.377649
0.391591
0.690761
0.359100
0.375687
0.370875
0.433279
0.394526
0.739855
0.392103
0.440053
0.860943
0.433364
0.778711
0.788710
0.880260
0.852292
0.880465
0.910140
0.840995
0.784751
0.571653
0.846848
0.813488
0.544384
0.916658
0.760691
0.803795
0.731084
0.880533
0.864834
0.701768
0.848265
0.847138
0.849067
0.918126
0.871370
0.875482
0.864680
0.875158
0.894440
0.865670
0.888570
0.870260
0.864032
0.845637
0.893724
0.873878
0.895345
0.865875
0.675472
0.571090
0.599843
0.890550
0.903706
0.895345
0.912870
0.890908
0.739122
0.923876
0.862479
0.880414
0.792226
0.934866
0.794853
0.930361
0.883605
0.838965
0.860312
0.884560
0.844971
0.642760
0.798113
0.590389
0.804273
0.687468
0.659244
0.499130
0.505034
0.802584
0.907409
0.794615
0.876489
0.642179
0.772192
0.723081
0.854408
0.498874
0.830194
0.846797
0.517252
0.389867
0.491980
0.874100
0.601601
0.613614
0.943961
0.763216
0.821235
0.521177
0.446572
0.791389
0.867957
0.482663
0.675830
0.845330
0.732176
0.925753
0.912000
0.817788
0.836183
0.900106
0.882598
0.863571
0.844050
0.905003
0.867957
0.899423
0.852172
0.840739
0.804751
0.850636
0.397990
0.884304
0.770929
0.863878
0.948790
0.835159
0.883468
0.884287
0.784086
0.698201
0.822020
0.889662
0.791099
0.926248
0.891659
0.830671
0.855722
0.879833
0.841968
0.896881
0.843555
0.885192
0.885072
0.893417
0.869919
0.884680
0.842992
0.838436
0.803403
0.889594
0.847070
0.850773
0.605013
0.859971
0.847121
0.846149
0.838794
0.833129
0.887000
0.865431
0.842138
0.834972
0.872155
0.874817
0.949268
0.770554
0.835449
0.883110
0.844118
0.596601
0.568308
0.799034
0.319682
0.809102
0.717808
0.896420
0.749889
0.711972
0.573103
0.537866
0.458995
0.894884
0.814836
0.599212
0.497526
0.777892
0.691700
0.448620
0.768165
0.601857
0.870858
0.714890
0.833111
0.845005
0.859254
0.634262
0.445667
0.546551
0.636395
0.786151
0.899850
0.709310
0.578308
0.849527
0.727296
0.873417
0.836200
0.852940
0.901061
0.885055
0.838674
0.844101
0.881574
0.849664
0.877752
0.920105
0.893075
0.852258
0.867138
0.408041
0.339221
0.476366
0.396829
0.545425
0.665592
0.695966
0.776066
0.676257
0.896710
0.510546
0.854049
0.436811
0.444251
0.841797
0.863452
0.878895
0.848350
0.832736
0.886676
0.486417
0.839852
0.526484
0.563138
0.876694
0.567882
0.623528
0.589519
0.869544
0.857565
0.821678
0.893946
0.889901
0.793983
0.860670
0.870039
0.880226
0.874868
0.844357
0.875021
0.797891
0.845859
0.876728
0.804341
0.904116
0.873127
0.766185
0.896249
0.476946
0.822805
0.519044
0.366848
0.564793
0.327822
0.475632
0.534197
0.414133
0.899509
0.856916
0.821167
0.828436
0.547183
0.873127
0.855295
0.822753
0.617027
0.872888
0.869919
0.872189
0.857991
0.860107
0.888110
0.832565
0.639415
0.945377
0.895891
0.831695
0.863622
0.908911
0.913740
0.860346
0.625815
0.876011
0.846712
0.864732
0.912273
0.885550
0.838862
0.842343
0.790468
0.870209
0.845483
0.819767
0.777823
0.812720
0.887854
0.868383
0.885140
0.837309
0.458483
0.605594
0.844527
0.638852
0.880397
0.414201
0.838180
0.386727
0.646394
0.808368
0.448278
0.844101
0.684311
0.692348
0.360995
0.832873
0.380840
0.787772
0.542439
0.844562
0.670318
0.703508
0.610030
0.402188
0.671803
0.509778
0.848094
0.711853
0.441435
0.422204
0.646684
0.818061
0.686751
0.891693
0.661906
0.459916
0.679823
0.926419
0.788471
0.905498
0.893144
0.907187
0.852275
0.862104
0.877410
0.859373
0.900771
0.835603
0.875823
0.875584
0.606174
0.576124
0.887973
0.890072
0.835449
0.716921
0.574588
0.873946
0.580066
0.872581
0.565885
0.829528
0.653749
0.861285
0.796133
0.892239
0.571550
0.885192
0.875926
0.802276
0.845125
0.670660
0.817498
0.878997
0.701051
0.873161
0.859646
0.896300
0.852838
0.859117
0.841405
0.449029
0.831507
0.850295
0.818897
0.671530
0.778762
0.483704
0.543906
0.768967
0.755930
0.868486
0.905600
0.807157
0.846132
0.868861
0.922852
0.864578
0.831661
0.852292
0.406880
0.868708
0.873639
0.230914
0.380977
0.752653
0.378059
0.538019
0.548121
0.507457
0.677502
0.927852
0.822190
0.799137
0.503072
0.725146
0.337719
0.426743
0.855312
0.849681
0.392700
0.785485
0.844186
0.573752
0.727484
0.850671
0.564793
0.873861
0.808949
0.529231
0.661735
0.540801
0.372888
0.870039
0.879151
0.517235
0.418501
0.350398
0.817139
0.829118
0.897973
0.886489
0.614296
0.868946
0.832224
0.883468
0.851609
0.880141
0.716443
0.831661
0.777158
0.620371
0.880977
0.721102
0.883929
0.625576
0.861404
0.872786
0.878537
0.864885
0.898997
0.906420
0.852155
0.658715
0.846285
0.913041
0.745094
0.853674
0.901113
0.865431
0.889662
0.853845
0.727433
0.590543
0.858844
0.568479
0.776305
0.578632
0.878434
0.869970
0.847497
0.877035
0.737688
0.844937
0.791560
0.850227
0.920736
0.744036
0.840432
0.900584
0.836576
0.885089
0.832224
0.860107
0.834954
0.914849
0.853742
0.872308
0.882001
0.361626
0.240282
0.719924
0.406846
0.279120
0.825979
0.402956
0.317907
0.442476
0.425668
0.869458
0.662281
0.276816
0.426828
0.593632
0.773335
0.870243
0.838709
0.287379
0.878332
0.839016
0.553565
0.393485
0.890772
0.852940
0.835108
0.669585
0.458602
0.878127
0.657879
0.380943
0.867615
0.878281
0.380328
0.418109
0.521433
0.833146
0.639074
0.630217
0.839954
0.779240
0.837463
0.823692
0.849510
0.867445
0.861677
0.695130
0.876711
0.860926
0.785400
0.336012
0.818539
0.791202
0.333333
0.512355
0.427221
0.411112
0.447869
0.528753
0.276919
0.819614
0.871250
0.771663
0.863520
0.774393
0.557763
0.506860
0.536466
0.442749
0.592318
0.459319
0.879407
0.936743
0.760503
0.907017
0.774735
0.862360
0.853606
0.479079
0.851353
0.782141
0.588512
0.420156
0.916010
0.564315
0.612146
0.734036
0.835859
0.666172
0.533429
0.894167
0.895789
0.911368
0.823641
0.835330
0.895021
0.883588
0.836166
0.865994
0.529129
0.436709
0.853964
0.895345
0.596891
0.843691
0.434268
0.930327
0.876506
0.911709
0.888741
0.550374
0.908365
0.546125
0.858793
0.883826
0.837907
0.899850
0.668766
0.810740
0.388792
0.876933
0.518446
0.469967
0.578052
0.887888
0.814921
0.758012
0.884270
0.853264
0.863605
0.876728
0.294563
0.870533
0.326235
0.842360
0.898775
0.863964
0.430002
0.880704
0.912034
0.914354
0.863964
0.791679
0.442869
0.891932
0.900669
0.899065
0.876694
0.878042
0.797993
0.345859
0.430275
0.381079
0.901915
0.806389
0.505034
0.538429
0.842019
0.773301
0.861592
0.515972
0.867240
0.364032
0.860687
0.819255
0.876745
0.558667
0.534589
0.755742
0.867547
0.899901
0.598904
0.268626
0.809290
0.525255
0.831593
0.852121
0.849681
0.510085
0.765042
0.267039
0.448568
0.866796
0.798335
0.843231
0.906317
0.848742
0.926402
0.815484
0.842173
0.867121
0.863349
0.884475
0.840023
0.855380
0.896488
0.847548
0.928296
0.888895
0.437238
0.425634
0.890738
0.427272
0.329340
0.328316
0.611122
0.385635
0.589024
0.872428
0.728456
0.573120
0.442237
0.691922
0.505034
0.846012
0.816491
0.849340
0.527473
0.853725
0.661957
0.705437
0.811884
0.403621
0.753097
0.867342
0.463465
0.515443
0.649210
0.405805
0.863076
0.477390
0.599280
0.472049
0.875465
0.514931
0.894253
0.715982
0.866336
0.607573
0.903502
0.832702
0.852872
0.771100
0.892956
0.840005
0.860073
0.824033
0.903553
0.850278
0.878707
0.779837
0.863384
0.802549
0.764564
0.806031
0.836285
0.779205
0.578990
0.667417
0.821951
0.835245
0.726596
0.726392
0.842838
0.785502
0.865909
0.864527
0.690113
0.614877
0.797823
0.867906
0.588785
0.825996
0.849630
0.727023
0.889236
0.493174
0.852206
0.863554
0.766356
0.648954
0.854254
0.787550
0.685198
0.474387
0.520733
0.885482
0.449319
0.850176
0.823334
0.847480
0.846848
0.867701
0.858657
0.857769
0.883571
0.879833
0.880226
0.888212
0.885789
0.852428
0.862377
0.920788
0.845330
0.863093
0.925173
0.944473
0.835739
0.857957
0.942562
0.866301
0.863332
0.886267
0.888058
0.871233
0.860022
0.849664
0.900396
0.872547
0.835705
0.902546
0.889099
0.875004
0.856660
0.857360
0.926163
0.856916
0.824904
0.840176
0.915242
0.858008
0.867530
0.839647
0.841951
0.849459
0.853299
0.873230
0.913535
0.815348
0.890191
0.805860
0.886454
0.879663
0.882581
0.857718
0.913245
0.899304
0.866319
0.854612
0.855551
0.843964
0.858281
0.893314
0.873912
0.877308
0.832907
0.813931
0.825194
0.889901
0.908314
0.849271
0.867001
0.878690
0.856182
0.951862
0.920208
0.866114
0.871353
0.907136
0.961588
0.940872
0.857001
0.889594
0.887512
0.883315
0.827310
0.921436
0.839971
0.894748
0.880857
0.857752
0.881420
0.910191
0.884287
0.849459
0.858606
0.876728
0.869851
0.803334
0.874953
0.831388
0.846695
0.848196
0.834954
0.870226
0.868998
0.917511
0.868810
0.895806
0.902034
0.531193
0.844050
0.576994
0.861472
0.716682
0.820518
0.548804
0.679550
0.824187
0.872513
0.678680
0.930651
0.869356
0.887325
0.843743
0.744394
0.871335
0.852138
0.563104
0.840057
0.822566
0.908826
0.835552
0.832105
0.887376
0.768899
0.785229
0.842207
0.563189
0.728985
0.381591
0.849391
0.871847
0.872052
0.889338
0.837105
0.685625
0.863895
0.833350
0.911590
0.861865
0.863776
0.824016
0.858111
0.923689
0.893724
0.905618
0.874748
0.790195
0.891676
0.767158
0.899526
0.787174
0.866643
0.938825
0.766237
0.834340
0.709908
0.798386
0.864988
0.738268
0.912512
0.848998
0.488635
0.815757
0.898758
0.739770
0.830620
0.913484
0.876864
0.835671
0.818829
0.803829
0.845517
0.910669
0.857752
0.839937
0.830381
0.860056
0.811611
0.877973
0.529965
0.604553
0.820262
0.859476
0.889441
0.907665
0.870533
0.439661
0.727023
0.820655
0.837907
0.866267
0.865346
0.901539
0.758762
0.819921
0.837514
0.827822
0.815382
0.850295
0.895618
0.841217
0.816115
0.886181
0.874219
0.796372
0.860295
0.846439
0.849834
0.863639
0.829511
0.862104
0.866916
0.872871
0.898058
0.843845
0.856746
0.835688
0.894628
0.857650
0.895140
0.907443
0.844596
0.843179
0.848759
0.846763
0.842326
0.891028
0.900567
0.832838
0.894594
0.822463
0.884611
0.862837
0.881864
0.858708
0.869936
0.854527
0.869987
0.902785
0.859646
0.870533
0.841132
0.863503
0.877496
0.881420
0.886284
0.869271
0.862070
0.656138
0.783557
0.890226
0.485188
0.834357
0.893331
0.867991
0.491963
0.454967
0.742859
0.759428
0.929422
0.892410
0.804273
0.887120
0.878810
0.926828
0.875602
0.811832
0.866353
0.933483
0.866711
0.843094
0.883246
0.817003
0.846712
0.889901
0.869936
0.565919
0.600543
0.863110
0.443005
0.826491
0.626190
0.918109
0.947476
0.590697
0.582540
0.673236
0.958602
0.801696
0.856660
0.810058
0.849800
0.922955
0.867121
0.904628
0.868861
0.951520
0.558155
0.754275
0.924917
0.765281
0.842992
0.912750
0.871779
0.870243
0.890925
0.864237
0.886540
0.861967
0.805263
0.944115
0.893434
0.896318
0.876762
0.884287
0.922648
0.656718
0.793761
0.919525
0.884014
0.798829
0.836098
0.939234
0.914679
0.861097
0.506246
0.814529
0.645695
0.832139
0.838572
0.855107
0.916027
0.897102
0.857565
0.877786
0.894765
0.900481
0.909525
0.847394
0.799375
0.809153
0.837804
0.863418
0.863554
0.888127
0.812088
0.787533
0.392905
0.365158
0.583888
0.362274
0.480120
0.520443
0.856882
0.550510
0.532354
0.704874
0.841132
0.621105
0.690505
0.904474
0.780246
0.880994
0.812737
0.863298
0.681240
0.603665
0.491724
0.864186
0.829750
0.797089
0.812157
0.513293
0.480939
0.841883
0.649585
0.895942
0.716699
0.816354
0.857701
0.331934
0.594826
0.869066
0.647299
0.843282
0.888366
0.889970
0.865278
0.932289
0.881062
0.885789
0.837616
0.847582
0.885823
0.838436
0.890652
0.860517
0.873417
0.892376
0.867888
0.845551
0.880243
0.835142
0.831746
0.902154
0.934303
0.869390
0.851165
0.842616
0.828641
0.925054
0.863128
0.877120
0.967970
0.876830
0.818146
0.836234
0.892598
0.850654
0.867035
0.853657
0.829289
0.911215
0.902973
0.903348
0.581362
0.896659
0.835262
0.834613
0.850551
0.857582
0.859476
0.723098
0.887683
0.879492
0.850363
0.857462
0.947169
0.826491
0.704345
0.863008
0.843538
0.861370
0.860909
0.885038
0.933961
0.887683
0.667827
0.883212
0.837668
0.762773
0.551722
0.825740
0.854135
0.923023
0.721068
0.640985
0.931060
0.824238
0.806235
0.734429
0.869868
0.696000
0.877615
0.841012
0.882734
0.872342
0.862138
0.834101
0.855807
0.851968
0.846712
0.812481
0.897239
0.819614
0.841115
0.664738
0.815023
0.818351
0.849766
0.890584
0.842702
0.881693
0.850056
0.782584
0.781885
0.905089
0.907375
0.873298
0.886710
0.881762
0.880857
0.875721
0.890413
0.848265
0.855670
0.842480
0.726630
0.740811
0.877069
0.576857
0.862752
0.880448
0.861831
0.842804
0.835347
0.859698
0.828521
0.905362
0.888383
0.874407
0.871796
0.926078
0.797396
0.871370
0.841524
0.888741
0.786117
0.815450
0.847053
0.865414
0.828487
0.851404
0.878144
0.890720
0.895652
0.828487
0.665028
0.724992
0.858708
0.821610
0.852497
0.859015
0.867684
0.835432
0.845466
0.855346
0.858469
0.875107
0.803181
0.868417
0.877342
0.840330
0.867274
0.912426
0.899253
0.859100
0.824955
0.914866
0.876608
0.571585
0.532661
0.852991
0.884577
0.858128
0.901880
0.795946
0.816320
0.881540
0.869083
0.888792
0.578444
0.870516
0.856933
0.858367
0.698628
0.806798
0.833931
0.623221
0.810109
0.827617
0.808573
0.893109
0.852462
0.816354
0.763643
0.923774
0.868281
0.872103
0.673015
0.869202
0.897666
0.543411
0.886898
0.844749
0.847531
0.868110
0.891249
0.839869
0.889151
0.889168
0.573445
0.855534
0.880909
0.871796
0.910652
0.897341
0.891369
0.885328
0.908774
0.880089
0.842599
0.835842
0.938654
0.853793
0.825074
0.887854
0.811781
0.863998
0.821781
0.860756
0.806235
0.823112
0.915685
0.866643
0.846592
0.867394
0.860210
0.949592
0.870056
0.912853
0.870312
0.873434
0.811593
0.947306
0.837173
0.878298
0.868622
0.848589
0.896437
0.887137
0.869015
0.848845
0.849476
0.886335
0.933637
0.884560
0.907375
0.861233
0.881028
0.842156
0.869834
0.814546
0.901130
0.835518
0.843162
0.904764
0.518634
0.443432
0.485410
0.621822
0.748370
0.425310
0.367940
0.489164
0.359800
0.754292
0.633801
0.862172
0.561892
0.530767
0.688441
0.872069
0.828214
0.770912
0.809733
0.684021
0.476451
0.850927
0.832036
0.892086
0.856797
0.862803
0.380840
0.601532
0.478038
0.791424
0.464745
0.406539
0.849203
0.614774
0.495068
0.491485
0.922870
0.541500
0.841780
0.779530
0.890959
0.570202
0.817856
0.866319
0.785826
0.863605
0.912153
0.855159
0.867530
0.266288
0.401744
0.436692
0.904082
0.383212
0.370619
0.551346
0.877223
0.426146
0.829409
0.800502
0.529231
0.299119
0.222023
0.856507
0.583291
0.395174
0.544504
0.628374
0.286953
0.725334
0.773114
0.753558
0.897836
0.644876
0.528241
0.791355
0.379441
0.777294
0.497918
0.823146
0.863059
0.669892
0.841302
0.719378
0.845210
0.885567
0.905362
0.857479
0.819136
0.882427
0.831746
0.426061
0.893451
0.904508
0.831712
0.865534
0.850722
0.823214
0.832736
0.870772
0.891130
0.815313
0.851848
0.850636
0.719293
0.896010
0.857803
0.849186
0.845637
0.865414
0.848060
0.883195
0.556261
0.842258
0.930275
0.851131
0.895362
0.828470
0.722518
0.886898
0.639586
0.903467
0.836473
0.843145
0.575629
0.955206
0.850022
0.844493
0.569708
0.856063
0.547114
0.925890
0.896693
0.920549
0.830176
0.781543
0.850875
0.905259
0.754565
0.891318
0.815569
0.890976
0.777311
0.898246
0.874936
0.884833
0.883844
0.875499
0.823317
0.834016
0.860158
0.894202
0.809955
0.871165
0.856455
0.926436
0.893929
0.854510
0.881966
0.831883
0.864476
0.911607
0.743780
0.859663
0.926282
0.887615
0.859800
0.865022
0.905327
0.845125
0.905566
0.859100
0.856182
0.916351
0.846200
0.885550
0.901778
0.853145
0.765145
0.847377
0.873946
0.939814
0.872854
0.879612
0.826166
0.845312
0.904543
0.917170
0.853896
0.924627
0.873980
0.844203
0.913655
0.882001
0.915617
0.968670
0.842036
0.832036
0.736016
0.394867
0.786748
0.867086
0.870789
0.790980
0.534965
0.868844
0.834886
0.588154
0.488925
0.876250
0.848794
0.661957
0.808181
0.458551
0.821013
0.649602
0.432511
0.485700
0.859937
0.853230
0.822651
0.833572
0.511467
0.684687
0.895225
0.847753
0.754650
0.674465
0.685659
0.568547
0.890157
0.693065
0.669704
0.875670
0.912648
0.664994
0.866711
0.877786
0.890652
0.877854
0.700317
0.822788
0.870277
0.876472
0.900601
0.904014
0.896318
0.757636
0.793113
0.866267
0.855193
0.907699
0.936265
0.821354
0.927392
0.860329
0.794324
0.877393
0.888280
0.894731
0.901078
0.791714
0.905020
0.875431
0.854903
0.863059
0.858332
0.857923
0.910532
0.792345
0.851763
0.836456
0.901334
0.888058
0.887018
0.852906
0.900447
0.847616
0.883571
0.891540
0.898178
0.887137
0.819426
0.839357
0.872342
0.892307
0.939866
0.838504
0.809716
0.819733
0.899526
0.910566
0.830910
0.865960
0.905720
0.890430
0.839801
0.876728
0.821508
0.872632
0.900430
0.857257
0.876728
0.851524
0.862240
0.833231
0.883434
0.838231
0.911232
0.876028
0.871455
0.866131
0.869441
0.837924
0.888075
0.866267
0.819341
0.863264
0.878212
0.842292
0.855875
0.869629
0.887717
0.908655
0.900106
0.912904
0.810655
0.864083
0.889219
0.835552
0.932630
0.889014
0.871421
0.925941
0.862001
0.885362
0.841746
0.843930
0.908740
0.894406
0.801730
0.901147
0.893127
0.901898
0.897256
0.892273
0.886437
0.932528
0.848043
0.893161
0.888366
0.827241
0.849340
0.891420
0.847463
0.861302
0.880926
0.874049
0.874253
0.901625
0.887768
0.851950
0.858674
0.777328
0.778864
0.879816
0.844391
0.885925
0.590048
0.849681
0.849681
0.873588
0.910447
0.852411
0.696341
0.888929
0.830927
0.916778
0.882854
0.846268
0.896181
0.874458
0.811645
0.855602
0.917750
0.866813
0.840057
0.886045
0.846916
0.870670
0.839459
0.886864
0.891113
0.855705
0.902580
0.870670
0.922767
0.862547
0.886489
0.898092
0.886471
0.888246
0.886693
0.912187
0.906880
0.921436
0.853179
0.902000
0.885260
0.885089
0.911505
0.893860
0.912170
0.856131
0.834460
0.871216
0.924712
0.863571
0.893929
0.878588
0.915651
0.918382
0.937715
0.911829
0.871916
0.874595
0.864936
0.862394
0.866080
0.930497
0.830961
0.797686
0.811167
0.905532
0.898621
0.912972
0.914679
0.925276
0.860141
0.886369
0.856097
0.933774
0.843879
0.873963
0.847906
0.864527
0.856882
0.907614
0.732876
0.847480
0.816900
0.544981
0.796423
0.627368
0.819818
0.861762
0.700420
0.881898
0.590475
0.795963
0.540767
0.638511
0.818982
0.841746
0.891045
0.897870
0.826781
0.837019
0.867257
0.763148
0.907682
0.661428
0.775963
0.538207
0.526006
0.860534
0.830228
0.890959
0.532388
0.362360
0.828436
0.825808
0.829050
0.757636
0.823419
0.939439
0.911948
0.736374
0.850654
0.863008
0.852548
0.883383
0.840603
0.902324
0.905362
0.847514
0.888314
0.504010
0.846695
0.843043
0.834118
0.899543
0.834767
0.877291
0.873349
0.660524
0.918399
0.820620
0.880670
0.852582
0.881062
0.854493
0.938722
0.857479
0.873213
0.894901
0.824323
0.882956
0.882547
0.841405
0.829579
0.857206
0.782260
0.871353
0.858008
0.833658
0.884833
0.888980
0.850312
0.862018
0.835023
0.886062
0.866523
0.867018
0.875004
0.889407
0.881386
0.864851
0.864817
0.869015
0.867598
0.922443
0.889338
0.807140
0.910822
0.867479
0.891301
0.920856
0.605150
0.840603
0.830142
0.757244
0.784734
0.866677
0.627641
0.877171
0.866728
0.811935
0.844101
0.893946
0.546807
0.873230
0.691410
0.887171
0.822685
0.847565
0.897222
0.889884
0.903553
0.840330
0.911505
0.898604
0.896283
0.863895
0.879577
0.685164
0.866933
0.827600
0.863622
0.905993
0.686359
0.839050
0.893468
0.800945
0.845722
0.868110
0.843214
0.890328
0.859169
0.872701
0.865329
0.864851
0.885925
0.905515
0.819818
0.848998
0.840005
0.909832
0.815023
0.453295
0.807908
0.825757
0.368144
0.462817
0.885175
0.635371
0.497236
0.590458
0.671035
0.785332
0.850483
0.808897
0.852974
0.885772
0.766322
0.867513
0.470718
0.901727
0.768574
0.841490
0.816133
0.559008
0.810433
0.890959
0.953978
0.683390
0.916965
0.778659
0.785946
0.869987
0.562626
0.684499
0.835859
0.893144
0.566448
0.881557
0.693918
0.791679
0.880448
0.870226
0.699567
0.864168
0.911829
0.923143
0.852343
0.854834
0.763779
0.873315
0.855073
0.856421
0.811645
0.725999
0.885431
0.853452
0.876813
0.858384
0.841968
0.863998
0.927716
0.826132
0.877410
0.873520
0.855329
0.887205
0.883076
0.823794
0.829409
0.859390
0.874066
0.839954
0.849084
0.922528
0.864970
0.875141
0.870141
0.901710
0.827531
0.841268
0.851985
0.905925
0.838180
0.891403
0.880209
0.854425
0.862923
0.856541
0.880584
0.822975
0.832821
0.827173
0.813914
0.835552
0.867547
0.814733
0.874117
0.861848
0.857974
0.888297
0.762585
0.923279
0.610218
0.822583
0.815569
0.689499
0.622794
0.868571
0.822549
0.868520
0.837019
0.808437
0.798420
0.764854
0.862360
0.818914
0.822890
0.825671
0.872820
0.867718
0.835091
0.613597
0.801645
0.877103
0.883690
0.923347
0.670045
0.835569
0.713918
0.855346
0.436128
0.895720
0.554810
0.722552
0.779444
0.844254
0.809580
0.779769
0.905174
0.820177
0.851899
0.847616
0.903263
0.794939
0.883485
0.863349
0.840449
0.848589
0.881642
0.614808
0.870687
0.853879
0.830910
0.826252
0.812873
0.824562
0.837548
0.832054
0.879134
0.749923
0.888093
0.846899
0.791731
0.882478
0.829357
0.860397
0.839186
0.802993
0.865226
0.883980
0.749650
0.824289
0.897990
0.896403
0.870363
0.898365
0.882257
0.884697
0.811849
0.872240
0.848367
0.827549
0.823146
0.868929
0.854101
0.855636
0.894355
0.864032
0.872086
0.815501
0.849834
0.849374
0.898928
0.848213
0.875653
0.885738
0.864612
0.841814
0.822361
0.884850
0.866165
0.832292
0.851746
0.835023
0.851865
0.915515
0.885260
0.889680
0.833077
0.880891
0.878178
0.900754
0.888110
0.849544
0.891386
0.955343
0.903399
0.849084
0.855653
0.889287
0.862616
0.847275
0.870124
0.891966
0.890601
0.887581
0.788830
0.880857
0.874885
0.828129
0.882564
0.888980
0.913638
0.869646
0.863861
0.820126
0.900822
0.827224
0.880362
0.897683
0.809000
0.930446
0.902136
0.895891
0.876950
0.879731
0.941248
0.822276
0.864015
0.789120
0.893519
0.609996
0.634176
0.631702
0.594058
0.627180
0.834818
0.848384
0.914781
0.731733
0.906949
0.936675
0.785212
0.647572
0.882444
0.890584
0.844613
0.722706
0.847992
0.630542
0.696870
0.812225
0.904816
0.843248
0.792004
0.918655
0.836507
0.858452
0.903792
0.581977
0.818470
0.867957
0.865073
0.902478
0.733815
0.840142
0.820928
0.756647
0.898485
0.878076
0.860875
0.790366
0.849817
0.881386
0.863349
0.875226
0.831780
0.867377
0.860551
0.884970
0.937118
0.881966
0.892205
0.881779
0.919593
0.885704
0.915703
0.901795
0.854527
0.912546
0.864544
0.867598
0.844459
0.885857
0.849886
0.882495
0.879014
0.906932
0.857223
0.846097
0.891369
0.902085
0.916829
0.898314
0.845278
0.817532
0.881762
0.856370
0.896215
0.894167
0.829938
0.898536
0.845432
0.866319
0.860585
0.868810
0.854954
0.872155
0.880311
0.911112
0.822958
0.897222
0.856660
0.908467
0.874765
0.887785
0.864459
0.864134
0.878025
0.390089
0.912221
0.595321
0.860943
0.405839
0.862001
0.564588
0.374015
0.615098
0.813692
0.796457
0.790895
0.538975
0.486280
0.485547
0.750759
0.874868
0.866762
0.509539
0.830859
0.523003
0.806184
0.302208
0.679431
0.406897
0.867001
0.455889
0.497474
0.625183
0.318385
0.414713
0.450531
0.735350
0.518685
0.466947
0.805348
0.818078
0.339630
0.857752
0.856746
0.869271
0.855244
0.916573
0.825142
0.904594
0.873127
0.871028
0.910549
0.422938
0.676854
0.828163
0.876267
0.805945
0.855329
0.861131
0.765179
0.917716
0.839101
0.820143
0.928296
0.857786
0.848521
0.881711
0.906249
0.855500
0.807549
0.906744
0.860005
0.856302
0.793659
0.833896
0.756544
0.884202
0.864715
0.836388
0.854322
0.888622
0.831013
0.805979
0.836507
0.849869
0.673458
0.855159
0.721733
0.883844
0.845876
0.781117
0.881113
0.842514
0.862377
0.836729
0.816610
0.856831
0.711494
0.838913
0.779137
0.892103
0.897290
0.839767
0.765298
0.794956
0.798044
0.860329
0.632333
0.895481
0.803676
0.672844
0.820091
0.845278
0.889048
0.907290
0.818709
0.862274
0.731818
0.908826
0.862513
0.640780
0.772533
0.836217
0.823556
0.879356
0.856626
0.913348
0.848828
0.838879
0.843964
0.833726
0.870192
0.899918
0.920992
0.702655
0.907375
0.895225
0.912307
0.808232
0.831234
0.863708
0.865653
0.989301
0.853247
0.876813
0.859698
0.843572
0.849357
0.846217
0.831900
0.812481
0.861882
0.827617
0.834306
0.846865
0.858776
0.850193
0.849271
0.871813
0.866609
0.709140
0.897546
0.792669
0.939490
0.886625
0.838265
0.833282
0.909525
0.841507
0.916709
0.851012
0.841029
0.897478
0.877632
0.869919
0.854322
0.821542
0.875021
0.852957
0.855483
0.899765
0.933825
0.856490
0.864732
0.873656
0.830944
0.861216
0.846729
0.855432
0.840552
0.853572
0.886028
0.835176
0.851251
0.790417
0.867206
0.937408
0.892717
0.877035
0.892495
0.878741
0.903485
0.914593
0.859117
0.719634
0.855670
0.884526
0.788761
0.848486
0.766714
0.872581
0.858861
0.868622
0.885413
0.783420
0.878349
0.832770
0.794768
0.882820
0.830347
0.836934
0.815331
0.833709
0.817259
0.861626
0.911436
0.861831
0.838777
0.827088
0.838163
0.886369
0.837105
0.895925
0.819614
0.915361
0.881335
0.899304
0.861216
0.836320
0.797533
0.872410
0.894918
0.811628
0.934610
0.869868
0.867650
0.785400
0.838589
0.831303
0.838777
0.844647
0.886983
0.877854
0.862616
0.665813
0.739292
0.478328
0.924781
0.600031
0.894287
0.877837
0.872393
0.862104
0.888912
0.832736
0.843094
0.897956
0.888263
0.913023
0.903979
0.800809
0.867667
0.834187
0.903450
0.838111
0.897410
0.930975
0.886710
0.814716
0.853213
0.886164
0.867308
0.857548
0.846661
0.890413
0.445582
0.899236
0.744394
0.846780
0.904423
0.895055
0.818897
0.814392
0.859749
0.811696
0.848111
0.857138
0.884219
0.839630
0.893468
0.873827
0.836576
0.842241
0.865380
0.892717
0.871404
0.624501
0.862974
0.924081
0.554674
0.853247
0.870482
0.774735
0.632999
0.917204
0.903996
0.857360
0.901437
0.822122
0.420225
0.873042
0.766151
0.823573
0.831883
0.792038
0.834494
0.830194
0.633511
0.832105
0.845125
0.835483
0.799853
0.728439
0.667810
0.765008
0.863435
0.854647
0.742483
0.864902
0.730487
0.872718
0.878008
0.922102
0.880038
0.844596
0.871916
0.920941
0.852872
0.840944
0.857428
0.918160
0.839203
0.873707
0.911471
0.846234
0.697229
0.669585
0.711051
0.835262
0.815194
0.847155
0.845893
0.909576
0.865602
0.845466
0.877393
0.752380
0.932528
0.870192
0.907802
0.919167
0.781714
0.880499
0.882649
0.811884
0.875192
0.875055
0.842633
0.810621
0.790383
0.887137
0.871335
0.911402
0.845978
0.887273
0.609245
0.759036
0.808385
0.891727
0.846456
0.864834
0.873997
0.811406
0.844254
0.873656
0.850483
0.841934
0.910105
0.889662
0.864697
0.847736
0.859339
0.868144
0.809495
0.869629
0.854203
0.881216
0.856780
0.841968
0.871864
0.822805
0.865329
0.875772
0.887000
0.873178
0.834374
0.868076
0.833640
0.832088
0.892990
0.877496
0.879253
0.838982
0.810297
0.850005
0.867735
0.834801
0.930839
0.899491
0.849067
0.881318
0.855329
0.883980
0.867837
0.879117
0.842002
0.888673
0.870124
0.896659
0.822975
0.891471
0.865295
0.820893
0.888980
0.866336
0.873929
0.914627
0.888093
0.905669
0.854408
0.830944
0.864817
0.827480
0.789990
0.924286
0.792226
0.897768
0.896096
0.840995
0.836627
0.870346
0.902085
0.827173
0.775946
0.852974
0.784478
0.883315
0.851200
0.890311
0.789035
0.776356
0.851968
0.830961
0.870090
0.903024
0.899713
0.871813
0.851865
0.884765
0.820876
0.870789
0.792789
0.935173
0.869083
0.880738
0.935258
0.938432
0.842941
0.845585
0.842906
0.871506
0.885721
0.871933
0.858844
0.853060
0.902102
0.828112
0.891881
0.907870
0.897529
0.886557
0.862752
0.901181
0.917597
0.855244
0.875499
0.872513
0.842889
0.900311
0.835142
0.846473
0.860670
0.860073
0.894338
0.883929
0.874953
0.875260
0.870243
0.862769
0.880038
0.867547
0.754701
0.902051
0.882905
0.892137
0.883724
0.841081
0.848043
0.874936
0.843913
0.891796
0.909662
0.873673
0.834801
0.889372
0.838163
0.857172
0.841968
0.853674
0.895703
0.823214
0.869561
0.881574
0.872052
0.878315
0.896471
0.865380
0.916778
0.894099
0.907187
0.885618
0.664892
0.469011
0.781646
0.626941
0.504522
0.420139
0.865312
0.285502
0.413467
0.549486
0.642981
0.291850
0.678304
0.863332
0.516006
0.807106
0.446896
0.612641
0.605986
0.506228
0.884577
0.621498
0.752705
0.910959
0.862326
0.623648
0.849254
0.779820
0.907648
0.834255
0.870704
0.378468
0.869458
0.872342
0.563274
0.697075
0.833965
0.827531
0.863930
0.904031
0.840313
0.829545
0.906454
0.872598
0.828862
0.870397
0.882666
0.788727
0.860056
0.609518
0.874902
0.719378
0.870073
0.536398
0.818436
0.895055
0.887871
0.854800
0.897751
0.863622
0.738678
0.867957
0.887734
0.645695
0.896437
0.858896
0.814904
0.911419
0.873503
0.896249
0.885175
0.927016
0.863486
0.881045
0.846678
0.854698
0.845398
0.883588
0.892137
0.836320
0.908297
0.885226
0.839528
0.888519
0.874219
0.876113
0.855619
0.838333
0.832344
0.879407
0.854868
0.895669
0.834647
0.923825
0.905447
0.927938
0.870738
0.888331
0.885106
0.896079
0.839732
0.835569
0.679516
0.841149
0.856728
0.633425
0.849681
0.868878
0.851985
0.856012
0.816320
0.857735
0.851950
0.854800
0.856251
0.857565
0.903467
0.855756
0.846012
0.832736
0.863861
0.807515
0.804375
0.832207
0.822839
0.603068
0.878912
0.829835
0.627163
0.866370
0.815228
0.711392
0.655694
0.896847
0.870397
0.789017
0.835432
0.893519
0.856199
0.874561
0.871967
0.873707
0.872581
0.865602
0.849425
0.850568
0.911965
0.846251
0.860568
0.888604
0.905959
0.854749
0.833009
0.768540
0.857428
0.852906
0.845722
0.801167
0.840807
0.940156
0.903485
0.841900
0.802754
0.902461
0.897631
0.827617
0.828043
0.872410
0.860943
0.921351
0.867803
0.852599
0.887308
0.900771
0.840722
0.874236
0.829170
0.856131
0.886847
0.903723
0.857479
0.840722
0.828624
0.892069
0.845261
0.885874
0.837582
0.878724
0.888383
0.877257
0.888075
0.816764
0.875107
0.913177
0.890703
0.823044
0.868042
0.891249
0.889168
0.872735
0.692058
0.924286
0.885755
0.873554
0.684601
0.869134
0.801440
0.849493
0.581584
0.636019
0.875448
0.861592
0.890311
0.811013
0.818931
0.761988
0.789973
0.832770
0.744821
0.442152
0.899730
0.842156
0.461367
0.896966
0.840739
0.544367
0.846114
0.882120
0.872888
0.796765
0.884304
0.706000
0.707911
0.875021
0.516689
0.840057
0.897341
0.924064
0.844323
0.918040
0.784803
0.884731
0.870824
0.896062
0.901044
0.878468
0.827873
0.868179
0.864015
0.864834
0.855756
0.700096
0.854237
0.841507
0.820893
0.878349
0.779939
0.893195
0.840620
0.864049
0.890755
0.861046
0.860261
0.859510
0.843879
0.791987
0.868400
0.881130
0.827002
0.867974
0.890840
0.906914
0.899833
0.870516
0.821900
0.854971
0.898297
0.891881
0.817344
0.853998
0.912238
0.858196
0.912068
0.870687
0.861114
0.887359
0.822498
0.898041
0.866421
0.892529
0.838436
0.899236
0.861984
0.829511
0.859510
0.871404
0.865653
0.910361
0.886437
0.879014
0.403723
0.329255
0.843674
0.501809
0.374561
0.576192
0.854408
0.859373
0.879202
0.867615
0.957032
0.942135
0.886045
0.850517
0.885328
0.883861
0.802413
0.517269
0.505444
0.848299
0.852070
0.897444
0.802498
0.582932
0.793488
0.838999
0.886437
0.881403
0.856711
0.857309
0.860397
0.832378
0.875055
0.812481
0.822378
0.892768
0.859015
0.870107
0.899986
0.862701
0.919371
0.819801
0.884202
0.843981
0.869117
0.904662
0.898707
0.848162
0.861080
0.884543
0.607641
0.789495
0.848179
0.834596
0.630968
0.259377
0.577182
0.827753
0.884202
0.868383
0.822139
0.890550
0.828965
0.927801
0.334169
0.868161
0.844835
0.894833
0.497184
0.461861
0.895225
0.398331
0.549077
0.639773
0.838657
0.675694
0.870226
0.820160
0.915464
0.858350
0.441623
0.833077
0.862820
0.879287
0.869629
0.864032
0.828060
0.858367
0.567557
0.877223
0.846097
0.844135
0.818573
0.892222
0.876131
0.817447
0.714959
0.584349
0.577404
0.788949
0.870056
0.686751
0.703816
0.850585
0.725385
0.813829
0.816644
0.856848
0.882120
0.877888
0.885533
0.882205
0.312413
0.494181
0.288574
0.920481
0.849340
0.920139
0.810928
0.639023
0.515938
0.941708
0.852019
0.851763
0.839442
0.871626
0.857462
0.851780
0.287311
0.406317
0.849869
0.824887
0.832122
0.781100
0.714839
0.292106
0.850534
0.502611
0.419269
0.681871
0.903792
0.859527
0.877496
0.823197
0.853947
0.808744
0.388741
0.486246
0.556909
0.864919
0.868639
0.886727
0.373622
0.914576
0.717416
0.574093
0.787806
0.896505
0.868452
0.821730
0.888860
0.812242
0.705317
0.898894
0.889441
0.857838
0.880431
0.853060
0.856984
0.907751
0.881284
0.878690
0.875073
0.890260
0.911095
0.829067
0.487185
0.193884
0.300109
0.370858
0.324699
0.444985
0.874134
0.864049
0.550886
0.452544
0.406607
0.546790
0.838726
0.847258
0.866489
0.892819
0.355312
0.833060
0.920259
0.666206
0.401096
0.694140
0.861268
0.871608
0.877496
0.815160
0.898297
0.609587
0.464148
0.840193
0.556193
0.822873
0.827156
0.915993
0.847992
0.877871
0.927221
0.863776
0.843743
0.842156
0.501860
0.786048
0.791321
0.925497
0.883502
0.893536
0.911300
0.778096
0.399662
0.615030
0.902205
0.437272
0.398143
0.519214
0.908194
0.884117
0.648783
0.884594
0.691888
0.872735
0.874629
0.826439
0.848384
0.857019
0.386079
0.782192
0.384355
0.473687
0.872837
0.873793
0.888604
0.921521
0.840347
0.850534
0.852582
0.853145
0.857019
0.893724
0.854595
0.885192
0.929610
0.753251
0.854630
0.812088
0.415515
0.512730
0.811355
0.889577
0.551790
0.861012
0.770844
0.864834
0.790639
0.930292
0.859459
0.737603
0.466537
0.487287
0.575322
0.557438
0.608409
0.847309
0.866967
0.538719
0.571004
0.895806
0.884407
0.551551
0.831047
0.587352
0.882205
0.862889
0.426965
0.827770
0.781185
0.860517
0.838794
0.880311
0.888144
0.862479
0.508157
0.735316
0.382240
0.303812
0.486383
0.834272
0.882751
0.848265
0.692741
0.834903
0.822634
0.497935
0.549657
0.851268
0.893963
0.884680
0.212604
0.538633
0.625985
0.243917
0.482526
0.387802
0.874236
0.920617
0.662435
0.823829
0.913365
0.841354
0.817447
0.842804
0.879851
0.914696
0.225573
0.879697
0.388673
0.561858
0.432818
0.699191
0.831968
0.821866
0.351933
0.818470
0.885533
0.777909
0.668049
0.523532
0.520835
0.876096
0.458022
0.870380
0.860483
0.906164
0.847787
0.847684
0.881113
0.425788
0.369680
0.427801
0.885618
0.844971
0.868998
0.707245
0.455752
0.738866
0.387359
0.551534
0.580629
0.429866
0.841558
0.549333
0.383349
0.876045
0.592522
0.563462
0.803078
0.883195
0.845347
0.877888
0.861506
0.618136
0.921078
0.840381
0.894372
0.862121
0.866353
0.849271
0.903809
0.858827
0.835245
0.791867
0.866080
0.897853
0.822515
0.870465
0.907085
0.742108
0.803505
0.874322
0.836064
0.891454
0.859083
0.889901
0.700249
0.801304
0.907887
0.894406
0.907495
0.883468
0.911198
0.851131
0.846712
0.824784
0.918382
0.865892
0.867445
0.887837
0.882683
0.858401
0.840108
0.918723
0.804938
0.453107
0.412324
0.855875
0.879151
0.868093
0.822361
0.703372
0.812532
0.915447
0.887922
0.874253
0.873059
0.852462
0.818948
0.848811
0.402427
0.500939
0.780281
0.855432
0.868161
0.875346
0.916658
0.924730
0.877052
0.930839
0.895277
0.863213
0.822873
0.832548
0.558087
0.801491
0.737279
0.750606
0.851490
0.814580
0.880362
0.851012
0.849613
0.781594
0.806235
0.865790
0.788659
0.833163
0.884014
0.876438
0.819477
0.569230
0.841592
0.842650
0.864527
0.892905
0.876591
0.870243
0.882427
0.862411
0.839169
0.831064
0.826456
0.828641
0.868383
0.858367
0.840859
0.519982
0.534060
0.726153
0.844152
0.486161
0.540579
0.898092
0.382240
0.305536
0.331098
0.455070
0.345108
0.289188
0.884287
0.911778
0.418518
0.924781
0.842497
0.866080
0.525818
0.894543
0.872257
0.885994
0.817208
0.797038
0.889236
0.844306
0.874953
0.872684
0.858657
0.870499
0.853810
0.863964
0.356472
0.839988
0.745930
0.385823
0.749599
0.939729
0.822276
0.857718
0.863674
0.941606
0.850875
0.839152
0.914440
0.786953
0.912699
0.896659
0.860534
0.892000
0.874629
0.841132
0.875260
0.890772
0.849459
0.864083
0.853845
0.604826
0.821934
0.855056
0.876369
0.901113
0.867735
0.730743
0.837412
0.890464
0.846746
0.858315
0.811303
0.884321
0.853281
0.621634
0.840159
0.446435
0.313402
0.829750
0.367121
0.868503
0.574281
0.831030
0.885431
0.777584
0.844374
0.906641
0.881557
0.837821
0.829835
0.838862
0.817720
0.875994
0.962766
0.901761
0.912187
0.863503
0.613085
0.488328
0.366711
0.907119
0.843777
0.744275
0.895260
0.908416
0.788011
0.832873
0.862923
0.816440
0.873144
0.914150
0.899287
0.846746
0.877496
0.798010
0.797021
0.787533
0.831576
0.915225
0.538360
0.889253
0.867564
0.810672
0.781953
0.868230
0.829955
0.822532
0.869510
0.816713
0.858350
0.890072
0.892410
0.881352
0.885158
0.777516
0.859203
0.933466
0.810996
0.834801
0.744821
0.768677
0.797601
0.843418
0.842872
0.832787
0.644551
0.874987
0.855722
0.870755
0.826985
0.891540
0.830944
0.847650
0.887205
0.458995
0.621003
0.859698
0.376762
0.294171
0.844084
0.938603
0.859032
0.868042
0.858367
0.861677
0.843026
0.875107
0.887598
0.917887
0.862991
0.539265
0.825006
0.857274
0.857411
0.915464
0.867035
0.844698
0.876711
0.825740
0.846592
0.912546
0.868554
0.876523
0.880158
0.895225
0.914713
0.729617
0.815996
0.919883
0.822344
0.875772
0.852258
0.815348
0.865448
0.643323
0.850671
0.946418
0.779205
0.841507
0.805775
0.570390
0.711665
0.601157
0.932664
0.864902
0.589622
0.906744
0.855193
0.762005
0.842002
0.686768
0.855073
0.757210
0.830757
0.880038
0.843828
0.875977
0.825671
0.845551
0.881386
0.849579
0.875567
0.851490
0.860670
0.874151
0.814102
0.875687
0.880021
0.871114
0.845654
0.804085
0.876881
0.861865
0.772653
0.871387
0.854851
0.880106
0.872103
0.888468
0.872325
0.874100
0.901983
0.357479
0.492065
0.418347
0.808334
0.880635
0.904048
0.866711
0.680642
0.477185
0.882939
0.830671
0.500068
0.545545
0.779496
0.864936
0.844220
0.815262
0.854220
0.819904
0.662332
0.875260
0.856575
0.843282
0.817464
0.851490
0.860141
0.907614
0.897137
0.886830
0.878212
0.866267
0.850944
0.607812
0.545476
0.478994
0.886813
0.914747
0.899406
0.874612
0.860210
0.825825
0.866319
0.883349
0.837787
0.878008
0.915481
0.841917
0.818829
0.854527
0.836695
0.738541
0.839579
0.861029
0.927204
0.535169
0.746630
0.876455
0.811593
0.856967
0.843555
0.858537
0.887547
0.905805
0.878076
0.867086
0.838674
0.529555
0.863827
0.918347
0.854442
0.877700
0.847121
0.877171
0.852684
0.877257
0.830398
0.816286
0.892819
0.816764
0.879390
0.504744
0.457920
0.842275
0.405225
0.769837
0.803488
0.872786
0.886898
0.443654
0.877274
0.825433
0.885345
0.871506
0.859476
0.874373
0.871182
0.831832
0.873520
0.868213
0.858077
0.868366
0.845295
0.723713
0.816235
0.855329
0.845176
0.903143
0.865977
0.852565
0.829665
0.893451
0.861899
0.816269
0.873673
0.844323
0.890891
0.870960
0.858094
0.888195
0.876933
0.885038
0.918262
0.868981
0.883417
0.919781
0.907068
0.903382
0.863520
0.917409
0.862957
0.913126
0.836985
0.856643
0.862633
0.856677
0.843538
0.893621
0.817941
0.901727
0.856165
0.823743
0.884629
0.853162
0.908228
0.821371
0.858418
0.900959
0.865312
0.804222
0.899031
0.920310
0.854288
0.830023
0.847053
0.886625
0.788420
0.860568
0.891267
0.893724
0.850022
0.880977
0.881557
0.901420
0.877240
0.931146
0.921265
0.909457
0.859868
0.856984
0.897922
0.846899
0.894475
0.835125
0.859681
0.836422
0.900891
0.835944
0.869185
0.848964
0.881523
0.914320
0.839818
0.825364
0.904338
0.925600
0.856438
0.892853
0.879492
0.873366
0.896045
0.876079
0.933125
0.866011
0.898604
0.883502
0.842241
0.877240
0.932152
0.914713
0.608341
0.871574
0.886847
0.889935
0.943790
0.910464
0.864732
0.917545
0.940565
0.860295
0.915242
0.874748
0.858691
0.859646
0.875943
0.880738
0.837497
0.881455
0.926709
0.866848
0.883741
0.850739
0.842275
0.923603
0.831507
0.854032
0.895345
0.903024
0.874100
0.849988
0.914269
0.893365
0.882035
0.852155
0.861643
0.912989
0.914303
0.846200
0.857633
0.819477
0.847531
0.833521
0.822446
0.829170
0.871591
0.903331
0.930975
0.889867
0.891403
0.798966
0.850756
0.856660
0.836064
0.837907
0.926043
0.903058
0.849596
0.944183
0.813163
0.948398
0.926555
0.921163
0.848350
0.848981
0.825091
0.925514
0.886113
0.823163
0.902085
0.867957
0.889850
0.924337
0.841081
0.930975
0.833555
0.882683
0.895021
0.830347
0.827958
0.875653
0.857445
0.897376
0.861523
0.918330
0.856848
0.898980
0.956213
0.858759
0.883349
0.891267
0.861677
0.883127
0.822446
0.834289
0.868571
0.917819
0.908245
0.861302
0.925037
0.859868
0.873673
0.805160
0.822583
0.963551
0.846797
0.669090
0.917443
0.792806
0.902529
0.843521
0.874748
0.914525
0.883707
0.806184
0.889407
0.844101
0.948244
0.914952
0.859408
0.912733
0.864834
0.853077
0.921061
0.877308
0.875755
0.856626
0.824869
0.847565
0.882922
0.875994
0.912597
0.821730
0.914269
0.891642
0.837565
0.901829
0.813624
0.915685
0.863878
0.849852
0.867701
0.870550
0.885413
0.774376
0.871353
0.857735
0.881216
0.958790
0.863435
0.826320
0.873076
0.856063
0.914508
0.904218
0.573479
0.863639
0.837241
0.701222
0.856234
0.886983
0.850722
0.815194
0.862411
0.849886
0.924354
0.837821
0.905788
0.916470
0.819818
0.857667
0.861882
0.857292
0.862530
0.871677
0.844545
0.874629
0.887342
0.907648
0.856370
0.913552
0.883707
0.891249
0.883315
0.814648
0.796372
0.795655
0.880499
0.877598
0.810979
0.914167
0.840944
0.836780
0.846063
0.836285
0.908416
0.873588
0.829289
0.840432
0.837668
0.859254
0.931197
0.897478
0.909849
0.879083
0.827651
0.923757
0.807037
0.820740
0.782414
0.794137
0.933313
0.882188
0.934815
0.945736
0.857923
0.875567
0.865431
0.891659
0.939064
0.889048
0.892580
0.945326
0.836729
0.887837
0.882325
0.829699
0.946401
0.833811
0.892819
0.901454
0.929849
0.866933
0.907734
0.845841
0.917238
0.862326
0.846746
0.834681
0.843845
0.909184
0.931180
0.893741
0.905891
0.892717
0.879014
0.904321
0.859732
0.874424
0.889407
0.862650
0.888468
0.862872
0.860585
0.837156
0.895720
0.850671
0.811747
0.886437
0.881625
0.862940
0.943893
0.836473
0.866848
0.849288
0.831149
0.563070
0.869168
0.848725
0.816747
0.858725
0.871387
0.930634
0.865858
0.866199
0.879509
0.871574
0.823095
0.837702
0.843077
0.887734
0.840313
0.888314
0.845534
0.829443
0.844340
0.886779
0.843094
0.820364
0.883690
0.877223
0.851916
0.878588
0.952971
0.869936
0.846814
0.869612
0.897819
0.800945
0.915293
0.840859
0.774820
0.873042
0.907205
0.865124
0.774479
0.572404
0.697860
0.882478
0.913211
0.932391
0.830808
0.993516
0.888110
0.915566
0.912273
0.888912
0.910652
0.864510
0.863793
0.876608
0.825211
0.823692
0.889048
0.879646
0.765742
0.863912
0.867906
0.904474
0.871216
0.883809
0.881557
0.836883
0.802925
0.911010
0.889662
0.874458
0.881062
0.929644
0.888673
0.871847
0.943859
0.923484
0.879475
0.940207
0.964319
0.832565
0.844664
0.898894
0.833623
0.743900
0.811047
0.867462
0.880977
0.902188
0.811798
0.895106
0.836780
0.887785
0.880772
0.878212
0.877240
0.850483
0.889441
0.873059
0.833965
0.894150
0.891540
0.896010
0.818522
0.896045
0.862735
0.895089
0.909645
0.842992
0.881642
0.826013
0.878144
0.872137
0.856148
0.796918
0.921692
0.820825
0.864510
0.838657
0.895208
0.882342
0.826473
0.866233
0.858537
0.900754
0.897307
0.863230
0.759991
0.927187
0.837292
0.881267
0.884987
0.915856
0.871830
0.826013
0.871489
0.830364
0.892410
0.923569
0.860192
0.874987
0.923074
0.864885
0.936214
0.853111
0.886915
0.923330
0.905447
0.856746
0.895686
0.839579
0.858861
0.888809
0.915361
0.880294
0.842804
0.853452
0.843504
0.841063
0.815331
0.957510
0.862155
0.888161
0.814563
0.905908
0.830996
0.914542
0.882205
0.873912
0.904508
0.866250
0.832275
0.900362
0.903792
0.911488
0.861199
0.870397
0.902683
0.821167
0.906846
0.908723
0.878178
0.830944
0.883280
0.901061
0.845091
0.873349
0.489574
0.824443
0.877871
0.560510
0.863008
0.446504
0.711341
0.838538
0.813146
0.625576
0.873178
0.566022
0.863861
0.852855
0.743917
0.874799
0.853213
0.895976
0.791014
0.787977
0.834152
0.877581
0.672059
0.821184
0.845603
0.887069
0.849596
0.850619
0.677434
0.760162
0.906556
0.860329
0.721682
0.825620
0.871882
0.841763
0.862872
0.693355
0.895874
0.905447
0.876438
0.854152
0.853162
0.754769
0.875431
0.920719
0.830808
0.852718
0.787123
0.866813
0.886847
0.875499
0.867257
0.851609
0.878502
0.877922
0.894935
0.954592
0.906283
0.904884
0.808249
0.914986
0.819255
0.861831
0.848657
0.881420
0.897324
0.782601
0.921010
0.818112
0.869373
0.865807
0.836900
0.899116
0.826798
0.895976
0.871694
0.837941
0.899372
0.827156
0.786509
0.851302
0.804819
0.888127
0.839425
0.844391
0.877086
0.885925
0.913740
0.853845
0.905345
0.854817
0.864373
0.882018
0.879833
0.890874
0.402904
0.470837
0.298335
0.764428
0.438449
0.365670
0.844954
0.848128
0.834221
0.832600
0.889987
0.836081
0.801867
0.860346
0.881625
0.878161
0.824818
0.828146
0.808522
0.865244
0.826422
0.853947
0.860790
0.885533
0.723525
0.852616
0.935565
0.795690
0.907512
0.811269
0.857684
0.858640
0.849288
0.893502
0.851370
0.836593
0.880465
0.819836
0.968499
0.890174
0.875960
0.855312
0.871643
0.820620
0.841473
0.822156
0.891540
0.884082
0.824426
0.924849
0.884731
0.812600
0.817907
0.897973
0.920293
0.905208
0.455172
0.831388
0.871864
0.638596
0.940855
0.894765
0.842736
0.874407
0.881745
0.806918
0.861421
0.855107
0.849015
0.881216
0.786270
0.834869
0.899287
0.847070
0.919627
0.884594
0.880004
0.884902
0.864527
0.887444
0.851950
0.876011
0.859271
0.815382
0.865875
0.861660
0.846507
0.899884
0.810484
0.909372
0.846029
0.841917
0.833470
0.826456
0.870363
0.871916
0.869117
0.913058
0.893570
0.936572
0.324409
0.836200
0.457169
0.853435
0.840910
0.856404
0.880618
0.585884
0.880158
0.578717
0.825723
0.781594
0.819443
0.761766
0.857257
0.305194
0.455718
0.857087
0.907017
0.847275
0.855670
0.779342
0.798539
0.788215
0.886762
0.418757
0.863145
0.851968
0.883707
0.888366
0.832241
0.826235
0.856677
0.916453
0.701017
0.844698
0.816303
0.861080
0.826337
0.905037
0.854169
0.920600
0.823641
0.947493
0.852479
0.871899
0.910123
0.847855
0.822822
0.872376
0.844783
0.595099
0.835825
0.865909
0.836029
0.865619
0.852957
0.843231
0.907836
0.855995
0.870602
0.821064
0.843299
0.607454
0.874714
0.837087
0.870721
0.845193
0.899713
0.869117
0.851524
0.930770
0.691154
0.829528
0.861268
0.881164
0.750657
0.888758
0.887103
0.832019
0.885942
0.855500
0.829767
0.759223
0.880874
0.865738
0.489284
0.882018
0.885601
0.957851
0.857752
0.853230
0.904798
0.900840
0.836354
0.836712
0.882359
0.837412
0.864168
0.930139
0.834204
0.865619
0.858128
0.863366
0.920992
0.804990
0.872837
0.916368
0.910088
0.878008
0.881472
0.900925
0.894833
0.857292
0.876199
0.840586
0.805228
0.873776
0.885345
0.901932
0.923825
0.945616
0.873178
0.947459
0.863998
0.899867
0.828589
0.868981
0.843470
0.819033
0.878161
0.823282
0.870499
0.833589
0.883366
0.896625
0.851473
0.914952
0.923825
0.877291
0.835159
0.881437
0.872172
0.857821
0.828760
0.894202
0.845005
0.870277
0.885874
0.848725
0.831644
0.782448
0.866882
0.833760
0.449148
0.813061
0.542678
0.834204
0.883775
0.623187
0.834152
0.910634
0.791287
0.835927
0.922050
0.855039
0.854425
0.902324
0.892853
0.869441
0.847275
0.504078
0.859834
0.887256
0.862428
0.837685
0.816150
0.870209
0.853384
0.820808
0.873127
0.859578
0.911061
0.883605
0.863742
0.868144
0.880431
0.873605
0.899747
0.730743
0.887478
0.884424
0.798505
0.861233
0.846951
0.882205
0.881881
0.862223
0.874817
0.880499
0.684942
0.884100
0.839732
0.877393
0.829050
0.846951
0.853708
0.899014
0.885755
0.887000
0.859135
0.853708
0.868469
0.853606
0.819307
0.851848
0.836200
0.892154
0.878366
0.860329
0.965581
0.931163
0.868656
0.878827
0.881045
0.918808
0.879322
0.836917
0.859237
0.895498
0.708918
0.904816
0.894321
0.854066
0.919269
0.869305
0.915327
0.847360
0.895669
0.892393
0.867035
0.873861
0.943244
0.851200
0.913109
0.836320
0.873571
0.918416
0.898792
0.904508
0.848009
0.857377
0.895601
0.840193
0.863008
0.889321
0.866916
0.942784
0.851575
0.899918
0.876028
0.862735
0.916982
0.873912
0.805484
0.863878
0.873161
0.835245
0.867923
0.909798
0.862257
0.870260
0.859390
0.839715
0.876079
0.843470
0.881028
0.849647
0.895345
0.840517
0.809051
0.827173
0.872718
0.915941
0.860022
0.879339
0.775690
0.905532
0.833163
0.856165
0.907580
0.862991
0.837958
0.880414
0.940412
0.886642
0.881642
0.883280
0.877188
0.915993
0.824136
0.343094
0.204481
0.269530
0.305894
0.704635
0.797942
0.887717
0.829869
0.821081
0.902768
0.831320
0.934576
0.838606
0.843794
0.900618
0.771390
0.261663
0.857821
0.506007
0.825996
0.820928
0.579417
0.894594
0.891932
0.881386
0.839323
0.637487
0.897393
0.867411
0.873912
0.455172
0.865926
0.871779
0.760162
0.921146
0.838248
0.899782
0.869049
0.821866
0.840705
0.887820
0.947237
0.859271
0.855380
0.838043
0.895754
0.850824
0.873025
0.866472
0.809512
0.498225
0.869015
0.766168
0.875602
0.760913
0.292038
0.887325
0.443159
0.828180
0.832856
0.640439
0.834204
0.448551
0.811730
0.867138
0.831166
0.865022
0.772687
0.837651
0.883144
0.869373
0.874612
0.906744
0.940036
0.728388
0.894389
0.898212
0.876369
0.847138
0.872325
0.821474
0.865005
0.676956
0.870499
0.824699
0.448858
0.837719
0.845500
0.883400
0.840569
0.854442
0.871523
0.810450
0.869339
0.831746
0.889799
0.893690
0.882990
0.920190
0.726409
0.700693
0.876301
0.851950
0.738593
0.641070
0.843196
0.706358
0.889987
0.924064
0.884424
0.863827
0.846456
0.863674
0.897768
0.859885
0.909508
0.856933
0.907392
0.880106
0.823914
0.827924
0.799700
0.869953
0.887751
0.908570
0.852701
0.860909
0.795826
0.840091
0.822122
0.917443
0.874885
0.860721
0.906488
0.880465
0.889680
0.911351
0.864134
0.867308
0.903758
0.896198
0.853111
0.825910
0.888468
0.863639
0.871489
0.811645
0.806286
0.886693
0.889236
0.876096
0.805792
0.819853
0.889884
0.884867
0.833350
0.876438
0.829886
0.844135
0.922119
0.858162
0.778369
0.586857
0.796645
0.854391
0.871626
0.900771
0.916675
0.812805
0.815313
0.752142
0.850125
0.844425
0.852053
0.832105
0.837053
0.761066
0.905242
0.827822
0.888570
0.853828
0.855995
0.922460
0.932477
0.851558
0.821764
0.860346
0.865346
0.849937
0.875755
0.829118
0.884526
0.925566
0.882751
0.899799
0.855159
0.879543
0.907102
0.912358
0.890021
0.875875
0.899679
0.831422
0.862837
0.854749
0.904969
0.898945
0.917068
0.921948
0.891096
0.820143
0.864015
0.849800
0.878690
0.856984
0.883792
0.868298
0.838572
0.836473
0.887785
0.841388
0.888144
0.890720
0.844732
0.800092
0.816371
0.888809
0.854288
0.909184
0.863008
0.866114
0.880909
0.893638
0.927921
0.862633
0.849852
0.861779
0.781850
0.862360
0.883639
0.841354
0.865909
0.895157
0.908501
0.883468
0.881301
0.873264
0.876131
0.716682
0.867991
0.838640
0.635507
0.398195
0.853452
0.913399
0.877837
0.874288
0.900532
0.844067
0.890567
0.831917
0.931538
0.884629
0.842053
0.921300
0.854032
0.843299
0.840722
0.907512
0.850500
