0.7096188094603063
0.6813467199533139
0.7257258338391064
0.7121404367018548
0.7010974257336964
0.7112613305941932
0.7165371813633371
0.7122226065229055
0.7188077274339574
0.7198537172709916
0.7168879762231637
0.6863562555094851
0.7375015894034133
0.7137426567671402
0.723959781073799
0.7137727176612195
0.7308537900815267
0.7174994535438464
0.6971587656618343
0.7313405656772626
0.6885854331142364
0.7084111975228454
0.6969516377847875
0.7089107194147352
0.7141821138592923
0.7091016803438557
0.7125238363794806
0.7015026092732414
0.6992810108498818
0.7150633569944792
0.7105291674660954
0.7161865243588905
0.7222638597058679
0.7176740757404894
0.7191533796791395
0.7221105301572146
0.7186128995547021
0.713064479009767
0.717619818495012
0.7065271385371197
0.7203113841878309
0.7160094565492007
0.7190041207459316
0.7192044179760159
0.7185994641968098
0.7147231936284846
0.7103682231749098
0.7115431023553307
0.7246768172365781
0.7221960736040686
0.719961292507973
0.7200100695801399
0.7209346544265653
0.7159533676659124
0.7140671674707342
0.7182138050960393
0.7120827945852222
0.723980140149833
0.7232385460660978
0.7161397178177489
0.7223793304627342
0.7216612094888644
0.7126308981537799
0.7207230237059654
0.7249210518085178
0.7089504094911275
0.7212512903490025
0.7082280690616143
0.7137148255333373
0.7066602136568686
0.7236826119401222
0.7149056581452004
0.7290973460741644
0.7224935193022716
0.7228126740594127
0.7103226187902378
0.7228308944730346
0.7097093116141996
0.7205067298074813
0.7149100473320912
0.7114367627840964
0.7105458205045772
0.7243532542067166
0.712764125471145
0.7114830761716039
0.7100556117515073
0.7186918361320674
0.7234814768376739
0.7185281111121592
0.699103757376066
0.719317121958291
0.7178917679522647
0.7123290023406549
0.7203670722561114
0.7199551890136117
0.70988301543715
0.7088150245039746
0.7190088773602666
0.7166403694982355
0.7054829549887826
0.7105773246249705
0.7218806440186865
0.7014929448660843
0.7247798354405108
0.70871699819416
0.7091496603815804
0.7140074652255645
0.7141189965073991
0.709343835335765
0.7189269925322253
0.7104711717396519
0.7253393625906915
0.7174114455069034
0.7103358025927288
0.7216998125274248
0.7002936622797635
0.718460981533449
0.7197707393490511
0.7019013438277671
0.7206952285600805
0.7154801707154503
0.7163650364125921
0.7111033498747256
0.7215865052190756
0.7013473400643732
0.7122237906638237
0.71135983534056
0.7176959735418597
0.7075620775246927
0.7157758474754099
0.7061103765395548
0.7112526702792027
0.720099062338126
0.7203569904018454
0.7120299919684153
0.7129080698033771
0.7183173006014206
0.7166933839067083
0.7187110951367056
0.709533397613622
0.7188263964845064
0.717228549903055
0.710843245238608
0.7144768112461312
0.7015305669709375
0.7125152767512443
0.7163598200458824
0.7128325126013642
0.7142947621883763
0.720771658896648
0.7231280460404814
0.7158305648738694
0.7200014112107849
0.7117666800102492
0.7229243676293675
0.7009641949236675
0.7196674356597967
0.7184490860599865
0.7203376181900897
0.7218607832478552
0.7121002264178152
0.707040690883895
0.7013654274296504
0.7119533923124888
0.7127304620567967
0.7160997144761748
0.7273960782009836
0.7176703572999998
0.7146012370453318
0.7174686367738305
0.723652405857483
0.7146792743407442
0.7215269060907843
0.7246992584255859
0.7264307577749874
0.6923523956756572
0.7150651009706329
0.7163754562630822
0.7048654102709272
0.706383827123422
0.7100662763798314
0.7166983610317854
0.6938478036608667
0.7155980966281781
0.7029284863475961
0.7144562991410294
0.7070526636265525
0.700918321484013
0.7210954319149686
0.7134911626424703
0.7095449609518515
0.7177922220322079
0.7187652688197457
0.711868854965711
0.7059089442134153
0.7135681297637805
0.7161248784393734
0.7135044690984815
0.7118611842863439
0.723757335003055
0.7229266210173773
0.7145646683063818
0.7157697291928727
0.7162191439939288
0.7231185848540834
0.7157319833160596
0.7284569528320728
0.717352777440177
0.7043520228176584
0.7178807884495966
0.7202296371339503
0.7126637889190073
0.712091780313164
0.713506428567253
0.6989847788376221
0.6978574537420288
0.7241696137011762
0.7124937285922069
0.7165948933826632
0.7212781079543995
0.720071453458805
0.7218522870245561
0.7045212553043201
0.724778618437166
0.7290452580063086
0.7218868105039542
0.7163990227633348
0.7234848383439211
0.7058868196773777
0.7033374081045093
0.7052632849573315
0.7242440295260304
0.7240155123456398
0.7012781819514758
0.7138331251923994
0.7026244478865017
0.7089067400888676
0.7159385616244699
0.7165061588810984
0.7252142909073594
0.7202932025867727
0.7137102706016457
0.7186507439371537
0.7116876012808991
0.7081885574930487
0.6940873336237926
0.7146108028722354
0.7088323593154834
0.7191043638828406
0.6990394371305251
0.7238859424376336
0.6974739535206467
0.7189506779926625
0.7198532886383799
