0.0307692308
0.0632318501
0.3980582524
0.1863979849
0.24171779140000002
0.0074211503
0.2362204724
0.1275483107
0.9503546099000001
0.2909836066
0.1591695502
0.7814978859
0.1876606684
0.0409265619
0.0836231884
0.4732824427
0.23478392509999998
0.0732600733
0.0964467005
0.2
0.2628075837
0.0008824814
0.7982456139999999
0.4615384615
0.0393518519
0.4548494983
0.317535545
0.0033222591
0.0
0.26380368099999996
0.6186440678
0.1
0.6838709677
0.0
0.2342342342
0.07068607069999999
0.1784184953
0.0
0.23195106370000002
0.3
0.1758010979
0.2617067145
0.35016451709999996
0.6530306225
0.2382495948
0.0
0.0420841683
0.0033783784
0.4675925926
0.1993670886
0.5558546638
0.14188994530000001
0.3718803787
0.0023923445
0.0
0.301369863
0.3071060083
0.1855670103
0.2588541667
0.0
0.5374149659999999
0.5412026726
0.3136363636
0.062222222199999996
0.18262586379999998
0.480620155
0.3640167364
0.2187517725
0.6595744681
0.6854503997000001
0.0
0.1102141644
0.0794788644
0.45119022540000003
0.35129779720000004
0.24285714290000002
0.34668948219999995
0.0
0.1496873497
0.2790697674
0.5618479880999999
0.0
0.5712653289
0.5120967742
0.039678589199999996
0.39587437270000003
0.2853327228
0.2272727273
0.6203007519
0.2763816599
0.1049723757
0.1573472042
0.2826086957
0.0010850261999999999
0.1210251394
0.177466863
0.0413823896
0.6467099973
0.0
0.23340961100000002
0.2486920126
0.37810564659999996
0.008078817700000001
0.1497712424
0.29467067199999997
0.4730769231
0.24786324789999997
0.1574363992
0.6441424236000001
0.1535087719
0.05454545450000001
0.3726241716
0.6444672312
0.6165517241
0.0
0.316031746
0.6601732483
0.1945945946
0.6117216117000001
0.47340425529999997
0.5400843882
0.5416666667
0.0
0.2826086957
0.0035714286
0.1867104147
0.5161301989
0.6156490424
0.5005235602
0.044025157200000005
0.0525817351
0.2114307498
0.0
0.137378887
0.5261707989
0.2773324895
0.0
0.0921106557
0.5593220339
0.37566759079999995
0.21749338699999998
0.0870967742
0.003125
0.36
0.2004573617
0.4454545455
0.2133649875
0.22646359900000002
0.042168674700000006
0.0015974441
0.071675907
0.2298467999
0.137745975
0.0
0.1581769437
0.3191489362
0.536493446
0.14457831329999998
0.2655523653
0.3176291793
0.5783432039
0.001934236
0.026827737100000002
0.2929292929
0.4894514768
0.26134301270000004
0.0631313131
0.4912699041
0.22683706069999998
0.0884315501
0.3695652174
0.33394908759999997
0.2220544679
0.0
0.0
0.0027339936
0.5411140584
0.4327454356
0.2038831248
0.42386831280000004
0.0972762646
0.44628099169999996
0.9731543624
0.296969697
0.2688957564
0.057021912400000006
0.7507295575
0.1659479828
0.4907407407
0.49839228300000005
0.4590039948
0.1944429131
0.3698089846
0.9088319088
0.3191489362
0.5875706215000001
0.21241830069999998
0.264
0.28888888890000003
0.5017921147
0.20512820510000002
0.1328548924
0.4927536232
0.0773497378
0.1070505226
0.19553072629999999
0.0628019324
0.0596508478
0.3109010304
0.0817793893
0.4410270938
0.35337712060000004
0.46779661019999996
0.0742857143
0.5384969776999999
0.008
0.5095628125
0.5882352941
0.5133928570999999
0.1059158706
0.5777414075
0.45890410959999994
0.5903028135
0.1449275362
0.0917431193
0.0494182173
0.0
0.2625455
0.5218978102
0.1905406345
0.5836134216
0.5387453875
0.1879286694
0.9540229884999999
0.2146892655
0.431372549
0.2884615385
0.2250637523
0.3710431206
0.3311540927
0.09707521919999999
0.2278452542
0.1257142857
0.33492708790000003
0.5096393405
0.0
0.2851436687
0.1132075472
0.0487804878
0.0
0.0
0.27828734780000003
0.435957514
0.08965517240000001
0.0
0.5719063545
0.6139332366
0.0087023423
0.34771773170000003
0.1067961165
0.2844611529
2.43078e-05
0.005235602099999999
0.0
0.21296477060000002
0.0275894579
0.0
0.14249520499999999
0.2602150538
0.005899705
0.16065819
0.7043478261
0.38702928870000003
0.4211525269
0.4281542898
0.2269326683
0.005188507100000001
0.2570257857
0.2552278233
0.0043668121999999995
0.7818181818
0.5361445783
0.0
0.11111111109999999
0.0376344086
0.3663144483
0.4449438202
0.16463414629999998
0.5718390805
0.4820512821
0.24964101800000002
0.1333333333
0.09101647090000001
0.34873119539999997
0.6018099548
0.6744214535
0.2284916229
0.32999536139999996
0.6889541920000001
0.3248945148
0.1634615385
0.2
0.0
0.37186492649999997
0.4736913379
0.19407008090000002
0.6328725149000001
0.7155358553000001
0.5090909091
0.0511363636
0.30187628790000004
0.1513353116
0.08187162369999999
0.6587050819
0.2844827586
0.4836333879
0.0096153846
0.5826771654
0.2032238943
0.06593644679999999
0.4273127753
0.3879781421
0.24572583879999998
0.5703123245
0.9105691057
0.4526756033
0.41573033709999996
0.5426997244999999
0.7154836152999999
0.4440582088
0.6431535270000001
0.1174252055
0.36518389679999996
0.43394077449999996
0.6368118596
0.5844945854
0.6430095025999999
0.8221355036
0.6914190439
0.6028845959
0.2800228746
0.5604770017
0.9128787879
0.7576807577
0.504950495
0.0
0.4721253791
0.4997003807
0.025
0.47474747469999995
0.0
0.3986874487
0.141025641
0.36559139780000005
0.0011203758
0.34640522879999996
0.0597609562
0.052980132500000006
0.5322580645
0.3768844221
0.10919540230000001
0.0961357008
0.36034115139999995
0.5289473684
0.1744186047
0.6831411115
0.66
0.8391304347999999
0.4891458629
0.5289699570999999
0.5451292929
0.34591384859999996
0.16607936420000002
0.6063829787
0.6149425287
0.0166966158
0.6762210584999999
0.5949723992
0.0013616558
0.4595653084
0.5151716613
0.2511642157
0.4090909091
0.7074513485999999
0.5737704918
0.2548983743
0.0473209549
0.36918138040000004
0.1015625
0.6188416988000001
0.0789473684
0.8235294118
0.2030696576
0.2222939415
0.17061190669999998
0.10466016160000001
0.3787878788
0.1466173362
0.0065359477
0.20228080569999998
0.2053571429
0.9142857143
0.2953020134
0.0027932961000000003
0.868986718
0.5408805031
0.5159078251
0.5752263421
0.1026558597
0.0021777003
0.7824603863
0.5810055866
0.0
0.7604180981
0.0092454147
0.3383458647
0.43676814989999996
0.27197802200000004
0.6051660516999999
0.9603174603
0.042085035800000004
0.3856286748
0.5060453748
0.6127946128
0.38721804509999996
0.3041455462
0.5514498668000001
0.4522885877
0.08053691280000001
0.9177072927000001
0.4035981985
0.6301805938
0.9133333333
0.4200913242
0.0
0.11252964430000001
0.2315963361
0.5911013248
0.4756838906
0.6601548272
0.8518801254
0.41278914190000005
0.5256222548
0.7303017262
0.4678243326
0.4112615382
0.22310416570000002
0.4642857143
1.0
0.7033039622
0.4136363636
0.0761090284
0.5498824813000001
0.5665450536000001
0.2456896552
0.1744061204
0.1281222276
0.3869994236
0.5447113841
0.6708913801
0.0
0.23333333329999997
0.2130230736
0.2587323511
0.0361067504
0.1452374528
0.0494296578
0.7275768006
0.210106383
0.5529936206
0.0
0.9417919746
0.0676484702
0.29165778249999996
0.3079402462
0.24044356100000003
0.3528967515
0.4702267946
0.5830945559
0.0061728395
0.09807179590000001
0.7119852987999999
0.184675835
0.2740740741
0.44915358699999997
0.4699646643
0.112745098
0.3486430063
0.3762294196
0.2574233716
0.19782412740000002
0.3763282275
0.4225885368
0.43939393940000004
0.43382352939999996
0.0505415162
0.028780074500000002
0.0400696864
0.3238185436
0.0
0.1544696383
0.4552594654
0.0
0.002901354
0.0721688752
0.7342214006000001
0.08478976449999999
0.3576440083
0.0611976293
0.0839530547
0.052589873100000004
0.0909521707
0.0613207547
0.283460199
0.34530462640000004
0.2039473684
0.1609426043
0.32542372880000003
0.2580943339
0.47591985639999995
0.004950495
0.0
0.3039438565
0.007352941200000001
0.005464480900000001
0.3933554817
0.0516605166
0.45376712329999996
0.18404118400000002
0.2302812951
0.2427745665
0.0110214858
0.07112454409999999
0.3357988166
0.1730205279
0.1438935913
0.2314883324
0.47283488490000003
0.5179487179
0.2537910119
0.3354944916
0.3885135135
0.1165977545
0.0831133393
0.0303297993
0.1450028985
0.35849056599999995
0.07650377950000001
0.07293401249999999
0.3082816801
0.0037243948
0.1800168386
0.1795686518
0.1708032422
0.1512513118
0.2292993631
0.21359405599999998
0.1403426694
0.6679071416
0.08696435190000001
0.3744139645
0.0855712572
0.0003859487
0.0145876845
0.8309239818
0.38955648439999996
0.1520618557
0.023880597
0.3228438228
0.0008982627
0.33962264150000004
0.039987948599999996
0.2026859884
0.0613050678
0.3132022505
0.0
0.343220339
0.23577235770000002
0.4979527328
0.5365803622
0.1003460208
0.0789473684
0.1722488038
0.2135158484
0.0
0.003968254
0.24092409239999998
0.5965964486
0.7185952576
0.37766990489999996
0.6183937472000001
0.059782608699999996
0.35102066540000004
0.2644904016
0.133126935
0.4456762749
0.3722283282
0.38352272730000003
0.1056621846
0.49434180410000006
0.11147781439999999
0.4637896825
0.30065359480000003
0.19322033900000002
0.2110552764
0.2184679607
0.2080667709
0.3548626204
0.34842871119999996
0.32677254419999996
0.2891626697
0.0
0.314699793
0.4105754956
0.058084220699999994
0.4493891798
0.3008130081
0.33940774490000003
0.0016528926
0.14634146339999998
0.0619158879
0.1946308725
0.6981515711999999
0.48663101599999997
0.1156716418
0.5432640308
0.5698005698
0.3587005654
0.504950495
0.5218814626
0.4025157233
0.1478873239
0.2727272727
0.14766514490000002
0.8177777777999999
0.0708812261
0.36013986010000004
0.2285277732
0.0
0.2550607287
0.2683486239
0.4849765258
0.2058823529
0.7326203209000001
0.06408925359999999
0.39680683190000005
0.2557077626
0.8203753351
0.1788538502
0.0
0.2891491915
0.12367491169999999
0.0989761092
0.1297709924
0.4126213592
0.09645194809999999
0.3698880329
0.2615179114
0.072859745
0.8620689655
0.0314685315
0.0374377646
0.4079711021
0.0755148741
0.527932391
0.6198156682
0.3249238799
0.2856369301
0.7909075668
0.0
0.09375
0.5574572126999999
0.0286947689
0.22606689729999999
0.6477879481
0.0671641791
0.15543102490000002
0.7153850382
0.0
0.5743243243
0.12362128950000001
0.7250755287
0.1337295691
0.5347826087
0.1495983936
0.1704152249
0.1554054054
0.106557377
0.4388066002
0.42946708460000005
0.5673469388
0.3917534338
0.394586189
0.0618228446
0.041736227
0.7823834196999999
0.0830039526
0.2934131737
0.1150528482
0.5383770457
0.6192606820000001
0.0598290598
0.0234197489
0.7191943128
0.2333370412
0.046875263599999994
0.0988593156
0.4775086505
0.2256325147
0.0035087719000000002
0.1888739345
0.7800875521999999
0.4179607357
0.1225295725
0.4130212692
0.8235977864999999
0.795
0.1246885299
0.3492622232
0.2377622378
0.1315789474
0.5604333506
0.5124555159999999
0.5035460993
0.3688047202
0.6136363636
0.0
0.7362204724
0.5859872611
0.5777777778000001
0.3852144541
0.1772727273
0.5947714706
0.2128514056
0.3903662613
0.3300238925
0.6706283057
0.6066666667
0.1479820628
0.6829974194999999
0.5094373866
0.0028716216
0.0
0.22065014319999998
0.3007518797
0.3740458015
0.38716348269999995
0.7214285714
0.1779233027
0.0
0.4946384253
0.4865930295
0.2182160378
0.23
0.3772607182
0.1515330869
0.1526548673
0.0675758124
0.7125614283
0.41843631870000003
0.2279325045
0.0098280098
0.1367924528
0.044919581
0.2717882698
0.0306122449
0.09216384059999999
0.0
0.10898791020000001
0.1644177224
0.3822838737
0.6147588332
0.1698630137
0.4457676995
0.4914518972
0.2727272727
0.3981841764
0.703196347
0.0
0.318275154
0.4697989465
0.0
0.5460232649000001
0.5189620758
0.22629225300000003
0.2303030303
0.1497326203
0.0
0.0568929236
0.16238512060000002
0.0066225166
0.0039215686
0.2076284408
0.0
0.761060241
0.23537980869999997
0.5421366622
0.46293570500000003
0.4452380952
0.6912532806
0.2014387396
0.0760869565
0.1678082192
0.0009873453
0.1694094869
0.0
0.4418326877
0.5263034638
0.3231707317
0.5204415707
0.0014534884
0.0
0.3324035454
0.883348652
0.7886597938
0.2994843955
0.019379845
0.3914141414
0.1071913161
0.5688161694
0.4415066671
0.36635818989999996
0.7426548068
0.6630952381
0.29677977380000004
0.3470325043
0.0
0.2538071066
0.42011834319999997
0.2523270768
0.3169398907
0.5156114742
0.33420365539999997
0.0
0.6387096774
0.7649122807000001
0.6772727273
0.22463768120000002
0.424959694
0.329428687
0.34069286740000004
0.1710296684
0.7085564951000001
0.19922003279999997
0.0049019608
0.40487155610000003
0.2592592593
0.22886904760000001
0.4842969473
0.6974358974
0.5
0.3306451613
0.42296918769999997
0.3759053498
0.6917293232999999
0.6244088526
0.0716845878
0.33580331360000004
0.2870686662
0.3413433561
0.2261484099
0.4730404823
0.3486804375
0.216080402
0.0955315871
0.1213872832
0.131097561
0.40077821010000003
0.6005873715
0.849521947
0.0076678641
0.3957871088
0.6155705995999999
0.6860465116000001
0.1088082902
0.506097561
0.5
0.7578565905000001
0.5540540541
0.18954830390000002
0.0
0.5298490582000001
0.4768301036
0.3564356436
0.0
0.6208318943
0.0
0.6100965789
0.2847241411
0.1169818509
0.4483195952
0.56875
0.45590062109999996
0.7163742327999999
0.4027254977
0.2363944063
0.4431554524
0.0043478261
0.2974358974
0.0
0.35754189940000003
0.4587866685
0.8441388813
0.1208333333
0.0068493150999999995
0.204238921
0.0044444444
0.0
0.0766981556
0.2209770115
0.45070422540000005
0.0
0.12408850290000001
0.008
0.35742971889999997
0.4243442775
0.8209606987
0.48386826720000004
0.0612357197
0.38480152889999997
0.326446281
0.405027933
0.9243697478999999
0.6330645161
0.4335664336
0.8849557522000001
0.0962566845
0.6
0.1461988304
0.3094534712
0.2820512821
0.6401899083000001
0.4888392857
0.5620819607
0.6757369615000001
0.0464135021
0.1442756946
0.5849324805
0.2295451774
0.0009532888
0.2682759956
0.0409530083
0.1923076923
0.75
0.19183673469999998
0.4171915175
0.3829842747
0.1711101399
0.6615649242
0.06896551719999999
0.0
0.2692307692
0.5331724121
0.0547945205
0.29819055299999997
0.3709677419
0.24530047570000002
0.8348623852999999
0.9919388907
0.0072992701000000005
0.56797168
0.5618715316
0.5204578026
0.1312183751
0.4431137725
0.35458786940000003
0.5408038976999999
0.6493506494000001
0.669255581
0.3016013789
0.27874056280000004
0.5956211849
0.10055612650000001
0.3583061889
0.6250681801
0.3828193883
0.33382137630000003
0.3204098916
0.1525558359
0.1780272654
0.0562229697
0.37006700670000003
0.2286585366
0.3795620438
0.0223840969
0.2551724138
0.36513157890000003
0.1564147627
0.0018726592000000001
0.1420233463
0.17296037299999997
0.8065693431
0.7171314741
0.6513317191
0.0078740157
0.0
0.5713034641
0.0342465753
0.27526132400000003
0.1025729461
0.20512820510000002
0.3134997806
0.012190207500000001
0.46616899009999996
0.0606060606
0.23420092360000003
0.2455808081
0.4482758621
0.18209658090000003
0.22222222219999999
0.072234763
0.44235924930000003
0.10820895520000001
0.5541064857
0.48041565849999995
0.17670682729999998
0.0
0.32899843830000003
0.5406768838
0.0924119138
0.3377483444
0.6777408638
0.5076477732
0.12449799199999999
0.007462686600000001
0.561468254
0.125
0.0
0.7743190661
0.47397260269999997
0.1774891775
0.073602669
0.4569892473
0.0397527953
0.4722222222
0.7142857143000001
0.1991084695
0.1191066998
0.5589225589
0.1990470518
0.6570247934
0.0857142857
0.0062893082
0.2495253455
0.053768709899999996
0.35659548690000004
0.3298276887
0.050589660800000005
0.1516853933
0.0227152946
0.0014904482999999998
0.1355932203
0.1701388889
0.0
0.1728665208
0.0
0.1073619632
0.07371794870000001
0.4046242775
0.236587596
0.0055248619
0.0473152251
0.2151710613
0.12440191390000001
0.2699541837
0.0023923445
0.0
0.11111111109999999
0.2630893153
0.1251351351
0.01
0.6468590832
0.0
0.1148799632
0.16195295680000002
0.1590493601
0.0
0.5539215686
0.2096698113
0.0
0.08
0.11165048540000001
0.060868218599999996
0.2820512821
0.0
0.21781766309999998
0.4029007002
0.0318902203
0.2696361521
0.25128205130000003
0.0888868898
0.0
0.0039215686
0.2397003745
0.2099447514
0.0722485091
0.0
0.5370370369999999
0.032312925199999995
0.35294117649999995
0.0
0.028762045500000003
0.10691498149999999
0.0188057668
0.18273155970000002
0.0
0.0
0.2524904347
0.0514705882
0.0
0.0109786428
0.3
0.42331952549999996
0.1324536064
0.1264367816
0.18798599589999998
0.0017889088
0.0592592593
0.28026534000000003
0.0090649917
0.09929078009999999
0.1294838626
0.3984646565
0.4281690141
0.3162790698
0.0953649871
0.48717948720000004
0.0
0.0
0.121293474
0.5227950012
0.2215909091
0.0
0.2131984759
0.005464480900000001
0.31707317069999996
0.2279792746
0.4876033058
0.0
0.0837837838
0.1575342466
0.2708514543
0.0032
0.005076142099999999
0.1876126158
0.0
0.0062111801
0.1639869333
0.0533333333
0.0
0.2890007189
0.23165713140000002
0.5215686275
0.11419753090000001
0.2999655147
0.1598837209
0.0
0.2
0.0781818182
0.8773234201
0.28389830509999997
0.0
0.1340206186
0.1168293973
0.0
0.0
0.0
0.2328482328
0.0575692964
0.0040983607
0.0
0.0727565416
0.1765913758
0.2547936921
0.0028089888000000004
0.31110011709999996
0.0
0.0750988142
0.0
0.0
0.1455554441
0.0951075636
0.061220491700000004
0.0055865922000000005
0.2211538462
0.0393070342
0.25169334979999997
0.0819619849
0.08673469389999999
0.0693048995
0.0729823748
0.524137931
0.2369819794
0.39750728479999997
0.0177935943
0.0
0.2167487685
0.0394086798
0.0753424658
0.44753086420000004
0.1418439716
0.2975743212
0.16048354480000002
0.0585915493
0.0063694267999999995
0.2722117202
0.45833333330000003
0.0858895706
0.3899492148
0.0
0.0009191176
0.4261363636
0.11016949150000001
0.0346207546
0.3630363036
0.3488372093
0.0
0.0
0.005263157899999999
0.0391459075
0.0003126565
0.052434456899999995
0.14043583540000001
0.045563549200000004
0.0034602075999999996
0.0
0.1546201258
0.0015128593000000002
0.1367521368
0.0012048193
0.1059907834
0.0
0.2356424761
0.08297088009999999
0.0058102001
0.2224979322
0.0
0.0
0.1052631579
0.0
0.2191780822
0.0347826087
0.0
0.22125211050000002
0.0
0.0
0.0662415636
0.1148825065
0.0
0.0
0.0
