0.5469793725750279
0.600850880510221
0.5529485705317727
0.5893727593391322
0.5966085154504092
0.5621638016033289
0.5960022792324078
0.5979917203158049
0.590231058425169
0.43489146185757155
0.5854895427684215
0.5947058498243044
0.5966308564790974
0.5622913659833044
0.602689806218632
0.5851367087350124
0.5817849616840165
0.5863595724061129
0.5984390232825421
0.5749975284224276
0.5822418099858516
0.5992374781105301
0.5633612766939233
0.5889992227389261
0.587666294435432
0.5920581367722569
0.5998019047472607
0.5736159323683561
0.5979004579577243
0.6001989018422644
0.5858234472962368
0.5730654079801959
0.5756602911869089
0.5963996695584408
0.5724177820443784
0.6070720507317925
0.5986979807243252
0.5887785430297592
0.5813115747550527
0.591964394356278
0.5940440994953826
0.5864396127039242
0.5972424985764404
0.5948066374192147
0.5860686944370757
0.5870032245340346
0.6004304897133536
0.5938652368714487
0.5822207015539593
0.6073816724596441
0.5987472674564261
0.5988560414443536
0.5820938584209728
0.576442177549946
0.5888132200309188
0.5739739056045182
0.6047109105256294
0.5842030226756216
0.5830869050695758
0.609853038031395
0.582249691877758
0.6033836665104756
0.5707063611140222
0.5730711494062092
0.5834407002418313
0.5909315145923211
0.5656232610845012
0.5899889574746513
0.5901412394519391
0.5838699996171441
0.5993664293324703
0.6013998043321914
0.6063714027857029
0.5751622785575814
0.5575251095437065
0.5856350498168326
0.583092341121979
0.5961764471506452
0.497983612533532
0.6003639636954273
0.5755627673443636
0.5832884593798824
0.4932771272120826
0.5588581493883498
0.5755880477871106
0.4748429531657876
0.5826127465364876
0.5720846429387314
0.5833475789304512
0.5595571559141009
0.606856478779006
0.5893963612897115
0.5814379323220531
0.593429136252722
0.5861291034121169
0.579066016463676
0.5950263314406885
0.5997622380522523
0.5795518819022037
0.5741008365111593
