0.584962385431262
0.6142315458146067
0.5663148923359417
0.5976286743964494
0.6197185458529137
0.5811345341043327
0.5888247054591637
0.5834151740728397
0.5942981027963582
0.6125180725355034
0.60965477078227
0.6009600125112545
0.5784243657575276
0.5852314843258009
0.5960020499968061
0.6089314581751373
0.6163767107545797
0.6051760092025067
0.6183621007845068
0.5949308060122921
0.6082272983423339
0.6097858586456281
0.5919963528359402
0.6068110602233564
0.6141874081999337
0.5962565761311139
0.6026587232325723
0.5927921397674873
0.6050070432472092
0.5841298170028218
0.5868449873925079
0.6065876515177191
0.6170513672723408
0.6087595247038683
0.5905559136042876
0.5945940257307163
0.6128071341142295
0.5709953056202342
0.59599502827273
0.583437910497299
0.5953043233683625
0.5897334472922271
0.6016097285243919
0.5894827329988447
0.5867482291028235
0.5717999468430588
0.5962715577885576
0.6031241310378164
0.5812094240336826
0.5746852970546705
0.48459183576329645
0.5988610346779165
0.5962305850779946
0.6145739473706937
0.5725067350744119
0.5686184968726942
0.6036667050654158
0.5898668214036962
0.5978223779189191
0.6053457848603095
0.5925094156778337
0.5871833841329132
0.5935289940986094
0.5737372360275643
0.6016458350833542
0.5842465589940039
0.5729564529928542
0.588344574077646
0.6090863701126099
0.5858220314268336
0.5762798607426157
0.5878830799835765
0.6005482579083097
0.5697720707280237
0.5758858670877872
0.5904371579225588
0.5974560733282832
0.5884644209595791
0.5882240252269175
0.5956299569766208
0.5898802227929374
0.5830134756341435
0.5984231238681642
0.5805651789800831
0.5966376013604486
0.5891126406738066
0.5876471275146606
0.6214671056590311
0.5919625013409401
0.6048223024966136
0.5964482494631158
0.6002226181804858
0.5831703283868667
0.594579238339311
0.618211303529412
0.5723829569452578
0.585730527107334
0.5857848379694439
0.5985481415944789
0.6022568706985609
