0.5399676205217862
0.5765911812784261
0.5214844820941834
0.5673355694337866
0.5776223658186274
0.5460063313127836
0.5792968546634442
0.578360932294605
0.5736687959418236
0.4262970782531561
0.5443527802121442
0.5547646122657968
0.5620608536665008
0.5322229198492262
0.5666296425862437
0.5463327275971316
0.5511167103462061
0.5497325623822334
0.5578499620678509
0.5625284353203571
0.566377634292282
0.5741656014490462
0.5345536170378076
0.5481180393664014
0.5597373675586201
0.5676900509798108
0.5785814395518215
0.5593711205651369
0.5662721247957139
0.5700602193469644
0.5627607080250325
0.5490736973245267
0.5610395369209427
0.5732581438724467
0.5529695785557247
0.5829646380261619
0.5714591690029016
0.5530386531182262
0.5588173854734352
0.5652401811943863
0.5633098887499759
0.5688229497109484
0.570759694174933
0.5725761274503849
0.562475680572073
0.5644974398822135
0.5797215493636596
0.5858984092796603
0.5540406138050613
0.5869709626512497
0.5710003165519988
0.5695611366563629
0.5624343117406848
0.5687052952363578
0.5707240183019926
0.5474341252915238
0.5737158577316598
0.5620513654024208
0.5626692411593025
0.5789438912396727
0.5530826786635568
0.5757383761029268
0.5471437844106795
0.5429169525283755
0.5495978290322991
0.5684597389619706
0.536351453315663
0.5593047027165777
0.56404921428708
0.5501606728575177
0.5700161938016338
0.5741413114930016
0.572926434160214
0.5450267629291771
0.5281850941873933
0.5675416545296015
0.5555363437546134
0.558554370793141
0.4882539245725078
0.5845601845138343
0.5589156838893028
0.5454848563189536
0.4868234738798253
0.5352697912105567
0.5443940854803307
0.46670569731654127
0.5569277027992867
0.5419419385115272
0.5513960448407177
0.5386840481570602
0.5856061707460001
0.5574051522477862
0.5625014886503703
0.5723590359682373
0.5641285361747878
0.5561295500248873
0.5678691894056389
0.5793534047173603
0.5473938950518251
0.5478523679721649
