0.3279089069690901
0.31573162027483537
0.3691212412803103
0.3697297329324332
0.3114005188501297
0.3613708771558179
0.33433995258498816
0.361722943930736
0.3543219915804979
0.33261667415416857
0.3580527805131951
0.3550222848887046
0.3766670531667633
0.3536459099114775
0.3384120111030028
0.35400930150232535
0.3333959307268829
0.35025467456366866
0.36348886587221646
0.34025979106494775
0.34814043903510977
0.3575979353994838
0.36671311517827876
0.36244997161249287
0.3498977044744261
0.3738365164591291
0.3583153030788258
0.3661126260281565
nan
0.353081531770383
0.3612825348206337
0.35054538513634625
0.35572735843183956
0.3581050225262556
0.3743324090831023
0.35506364576591143
0.3472364023091006
0.34490634222658556
0.34959781539945384
0.3521020465255116
0.33109434927358733
0.36543401535850384
0.3523412005853001
0.35505979076494765
0.3482577270644318
0.35529232532308136
0.350426204106551
0.3263562620890655
0.34924136431034103
0.34785846446461616
0.33364053253524834
0.34736213534053384
0.3594666448666612
0.3536450384112596
0.36881177770294443
0.35610249352562334
0.3457754769438692
0.3546141226535306
0.3421351875337969
0.3587667926916982
0.3568774837193709
0.3569377102344276
0.3651452262863065
0.36370923992730997
0.35277850319462584
0.36456242514060627
0.3611505137876284
0.36042556360639094
0.3684723831180957
0.360298692074673
0.35788330747082686
0.36092368523092133
0.3591938787984697
0.3551273447818362
0.3606554101638525
0.358021528005382
0.3361367205341801
0.3661094910273727
0.3688610107152527
0.3762996340749085
0.3612141873035468
0.36505098276274567
0.36881248870312217
0.3607119256779814
0.36659948414987104
0.3542448630612158
0.3778548419637105
0.36413409103352273
0.36791216897804224
0.3638711664677916
0.368461616115404
0.34814801566755943
0.36062956665739165
0.3466254372863439
0.3695521148880287
0.35813849203462295
0.3683273615818404
0.3558515644628911
0.36203274950818737
0.3552443223110806
