0.6960264444351196
0.6485543251037598
0.8614963293075562
0.5597856640815735
0.7002537250518799
0.48206618428230286
0.630784273147583
0.6837410926818848
0.7930033206939697
0.9282652735710144
0.8007367849349976
0.9588559865951538
0.7075122594833374
0.8836008906364441
0.5608498454093933
0.8552623391151428
0.7119144201278687
0.8144800662994385
0.5211257934570312
0.5789071321487427
0.5210545659065247
0.7656537294387817
0.8346337676048279
0.5455408096313477
0.644601583480835
0.8365201950073242
0.5585593581199646
0.8230528235435486
0.8168041706085205
0.5504850149154663
0.6349992752075195
0.7919555902481079
0.6766144633293152
0.6095060110092163
0.5899040102958679
0.7820326089859009
0.8163709044456482
0.7960136532783508
0.3532024025917053
0.4780738055706024
0.6824090480804443
0.7259365320205688
0.6489405035972595
0.6707080602645874
0.6772029399871826
0.7021822333335876
0.796403169631958
0.6110650300979614
0.5217304229736328
0.7026376724243164
0.8091045022010803
0.5156732201576233
0.5452136993408203
0.5813388228416443
0.7095232009887695
0.7718451023101807
0.5029546618461609
0.8205803632736206
0.6471643447875977
0.5972789525985718
0.7581220865249634
0.7056055665016174
0.6366357803344727
0.3082607686519623
0.7319508194923401
0.8151541948318481
0.8305189609527588
0.6537501811981201
0.8557097911834717
0.7983622550964355
0.4723072946071625
0.6473077535629272
0.8008442521095276
0.7609692811965942
0.4942731559276581
0.3327852785587311
0.6992112398147583
0.6005185842514038
0.7102860808372498
0.5422260165214539
0.6710959076881409
0.7496805191040039
0.6157153248786926
0.5417347550392151
0.7403299808502197
0.6392163634300232
0.824615478515625
0.7721771001815796
0.6762616634368896
0.6033667325973511
0.842735767364502
0.6309359073638916
0.9795209169387817
0.7184057831764221
0.7860589027404785
0.27870264649391174
0.6789325475692749
0.794600248336792
0.7320618629455566
0.6609916090965271
0.8217466473579407
0.8412610292434692
0.8255916833877563
0.8435163497924805
0.6754832863807678
0.6887012720108032
0.7240181565284729
0.7772338390350342
0.5825772881507874
0.7306259870529175
0.8356074690818787
0.3182692229747772
0.7239271402359009
0.6713610887527466
0.5162265300750732
0.577928364276886
0.7122689485549927
0.7292841076850891
0.5849635004997253
0.4934638440608978
0.8721319437026978
0.6578419208526611
0.7318915724754333
0.4810788929462433
0.7503759860992432
0.6979255080223083
0.7373872995376587
0.8133893013000488
0.6899625062942505
0.7124636173248291
0.6323068141937256
0.8858050107955933
0.8509712219238281
0.6832007765769958
0.7445199489593506
0.7706938982009888
0.7321677803993225
0.7172016501426697
0.692703366279602
0.7676756978034973
0.706719160079956
0.43794968724250793
0.8641662001609802
0.6385753154754639
0.6484331488609314
0.5374578237533569
0.4361587166786194
0.6024858951568604
0.710532546043396
0.8083788156509399
0.5984055399894714
0.7379465103149414
0.6512172818183899
0.6460251212120056
0.6887034177780151
0.646973729133606
0.7684159278869629
0.6576178073883057
0.876607358455658
0.6160203218460083
0.6525183916091919
0.5603532791137695
0.6876118183135986
0.6387978792190552
0.6847564578056335
0.8045921325683594
0.7581207752227783
0.746447741985321
0.7776505947113037
0.688413143157959
0.6788730025291443
0.7840793132781982
0.8303453922271729
0.29518285393714905
0.5573890209197998
0.7692652940750122
0.7052403688430786
0.7440207004547119
0.372723251581192
0.6970198154449463
0.7555527687072754
0.7786741852760315
0.619386613368988
0.7969644069671631
0.6033821105957031
0.7192547917366028
0.4583706557750702
0.7129886150360107
0.26254621148109436
0.5680270195007324
0.6818451881408691
0.8573377132415771
0.757264256477356
0.8060669898986816
0.6548855304718018
0.7490823268890381
0.6228490471839905
0.47891756892204285
0.6605143547058105
0.6201182007789612
0.7093359231948853
0.6371404528617859
0.7511178255081177
0.647563636302948
0.7360968589782715
0.5076863765716553
0.8560173511505127
0.6014362573623657
0.886599063873291
0.9870508909225464
0.7455450296401978
0.5611192584037781
0.394178181886673
0.6410727500915527
0.7517576217651367
0.8334778547286987
0.826845645904541
0.7383308410644531
0.5585402250289917
0.5192488431930542
0.8761799335479736
0.7357549071311951
0.5980414152145386
0.9848555326461792
0.8691105246543884
0.8277298212051392
0.8391461372375488
0.5620517730712891
0.5759168863296509
0.8060139417648315
0.7311810255050659
0.6554796099662781
0.6837807893753052
0.7486333847045898
0.7046593427658081
0.6146948337554932
0.5657356977462769
0.3584067225456238
0.6043282747268677
0.6401503682136536
0.6670407652854919
0.9005864858627319
0.7306170463562012
0.7566307187080383
0.3990829586982727
0.41161784529685974
0.7319884300231934
0.7882914543151855
0.7599475383758545
0.7998594045639038
0.7764726281166077
0.8366149067878723
0.638126015663147
0.6940082311630249
0.6289595365524292
0.6597869396209717
0.605331301689148
0.7306784987449646
0.6599165201187134
0.7328583002090454
0.8233602046966553
0.6160501837730408
0.8862894773483276
0.8211424946784973
0.5977128744125366
0.6645463109016418
0.8360241651535034
0.7778380513191223
0.7488223910331726
0.778191328048706
0.6401576399803162
0.7044206857681274
0.8815047740936279
0.330926775932312
0.6433181166648865
0.9115945100784302
0.6197794675827026
0.7059988975524902
0.5760362148284912
0.2532152235507965
0.6798675060272217
0.7233424782752991
0.6738017797470093
0.6417211294174194
0.8303807973861694
0.7024292349815369
0.5222783088684082
0.9411954879760742
0.7058998346328735
0.521855354309082
0.5970726013183594
0.7604291439056396
0.8079923391342163
0.8438479900360107
0.3243311941623688
0.5660920143127441
0.6121184229850769
0.8769302368164062
0.6455754041671753
0.7581033706665039
0.6128456592559814
0.716874361038208
0.7233525514602661
0.4968468248844147
0.856253445148468
0.6791151762008667
0.6803270578384399
0.7408537268638611
0.672382116317749
0.8407539129257202
0.8565312623977661
0.45788654685020447
0.3971072733402252
0.7076738476753235
0.7535324096679688
0.6540172100067139
0.731410026550293
0.8619163036346436
0.7143790125846863
0.5804715156555176
0.41659340262413025
0.7120575904846191
0.6960199475288391
0.6232452392578125
0.758586585521698
0.5187540054321289
0.5661860704421997
0.5079598426818848
0.7777602672576904
0.682314395904541
0.678010106086731
0.885539710521698
0.7472773790359497
0.7429566383361816
0.6055627465248108
0.7778558731079102
0.7264108061790466
0.8589272499084473
0.6820101141929626
0.796587347984314
0.6780048608779907
0.7028086185455322
0.7778417468070984
0.6478247046470642
0.4134286940097809
0.749167799949646
0.7671430110931396
0.7557231187820435
0.7121142745018005
0.5022216439247131
0.6127257347106934
0.753546953201294
0.5858607888221741
0.7443557977676392
0.765154242515564
0.7753410339355469
0.5670738220214844
0.7529463768005371
0.5596188902854919
0.8438970446586609
0.4162731468677521
0.956297755241394
0.6425184011459351
0.8806316256523132
0.6156718134880066
0.7996252179145813
0.6213251948356628
0.5864742398262024
0.778998613357544
0.6451042294502258
0.8837161064147949
0.6445557475090027
0.5569216012954712
0.8204783201217651
0.716073751449585
0.6399705410003662
0.6805692315101624
0.8483861684799194
0.5816730260848999
0.873786211013794
0.7491700649261475
0.6434069871902466
0.8059706687927246
0.6462644934654236
0.9468356966972351
0.7454047799110413
0.6284053325653076
0.7393748760223389
0.936147928237915
0.5058777332305908
0.8706656694412231
0.4644242227077484
0.6819334030151367
0.41764748096466064
0.6867743134498596
0.6156603097915649
0.6269948482513428
0.7061673402786255
0.680432915687561
0.688189685344696
0.6497789025306702
0.6814566850662231
0.8657799959182739
0.674037516117096
0.7466117739677429
0.7284777164459229
0.7976009845733643
0.8773345947265625
0.8306289315223694
0.529432475566864
0.5882753133773804
0.6072523593902588
0.616534948348999
0.6389296054840088
0.5783098936080933
0.8006666898727417
0.5685784220695496
0.7339538335800171
0.6837815046310425
0.49393555521965027
0.7872931957244873
0.831714391708374
0.6749160289764404
0.6183156967163086
0.5802305936813354
0.5143004655838013
0.581552267074585
0.7559539079666138
0.798978865146637
0.8594175577163696
0.686732292175293
0.569591224193573
0.752648651599884
0.6528468728065491
0.908500075340271
0.7625113129615784
0.7955822348594666
0.7712730765342712
0.7110489010810852
0.8125455379486084
0.8041490912437439
0.8455854654312134
0.5698086023330688
0.6442071199417114
0.6529483795166016
0.7603322863578796
0.6609078645706177
0.6089718341827393
0.5826642513275146
0.5972880721092224
0.6443800926208496
0.9277787804603577
0.7416888475418091
0.6458733081817627
0.7057809233665466
0.6509712934494019
0.7192143797874451
0.5616304874420166
0.8792074918746948
0.5247726440429688
0.6456554532051086
0.7376229763031006
0.6531715393066406
0.589815616607666
0.6075809597969055
0.6084970235824585
0.4684887230396271
0.698891282081604
0.40336036682128906
0.5516692399978638
0.6192250847816467
0.9560902118682861
0.5841352343559265
0.7522754669189453
0.6570338606834412
0.4723072946071625
0.811306357383728
0.7130752205848694
0.7023302316665649
0.7776386737823486
0.8977332711219788
0.8548983931541443
0.4923385679721832
0.5715224742889404
0.7859317660331726
0.8850972652435303
0.8735113739967346
0.664921760559082
0.6116929054260254
0.5270570516586304
0.5318163633346558
0.5295774340629578
0.8743839859962463
0.7743921279907227
0.8891249895095825
0.6061434745788574
0.4386015236377716
0.7259368896484375
0.6415327191352844
0.8091120719909668
0.5417591333389282
0.42766866087913513
0.7709163427352905
0.9885507822036743
0.6142415404319763
0.7538427114486694
0.6848224401473999
0.3954818546772003
0.8609755039215088
0.6819031238555908
0.7906662225723267
0.5561397671699524
0.7846171855926514
0.47094616293907166
0.5349181890487671
0.5745478868484497
0.7608930468559265
0.7241255044937134
0.7861634492874146
0.6940267086029053
0.3834196627140045
0.5977128744125366
0.8494226932525635
0.6678174138069153
0.635565996170044
0.5841090083122253
0.6858571767807007
0.45786985754966736
0.6756559610366821
0.6763280630111694
0.6866282224655151
0.5288023948669434
0.8287866115570068
0.6221290826797485
0.6579801440238953
0.6291543245315552
0.6830785870552063
0.6744953989982605
0.6593508720397949
0.726584792137146
0.5538123846054077
0.6496561765670776
0.9055582880973816
0.70064377784729
0.7582667469978333
0.721566915512085
0.7217281460762024
0.5853977799415588
0.7436042428016663
0.47120413184165955
0.8504514694213867
0.6574576497077942
0.8871419429779053
0.6689972877502441
0.7401518225669861
0.6052287817001343
0.8069756031036377
0.7907332181930542
0.761681318283081
0.7530889511108398
0.7755928039550781
0.7448604702949524
0.4634217917919159
0.818486750125885
0.8366718888282776
0.684813916683197
0.7283462285995483
0.753788411617279
0.9808405637741089
0.5497277975082397
0.5617344379425049
0.6679677963256836
0.7223796844482422
0.5924686193466187
0.7380735874176025
0.5782203674316406
0.550283670425415
0.5931547284126282
0.7707045078277588
0.8021768927574158
0.7453839778900146
0.797215461730957
0.5135997533798218
0.5689971446990967
0.6608808636665344
0.7991287708282471
0.5076930522918701
0.7575972080230713
0.858680784702301
0.5328769683837891
0.7093852758407593
0.9396027326583862
0.6969674825668335
0.7491980195045471
0.5631067156791687
0.7776819467544556
0.10489979386329651
0.6836384534835815
0.4356558620929718
0.6440555453300476
0.635850191116333
0.7860533595085144
0.5074150562286377
0.8523117303848267
0.9029803276062012
0.5130801200866699
0.8308703303337097
0.6615879535675049
0.7973169088363647
0.5919630527496338
0.5499004125595093
0.8594954609870911
0.76729416847229
0.7752442359924316
0.656800389289856
0.8444586992263794
0.6272804737091064
0.8049715757369995
0.8223291039466858
0.3977518379688263
0.6540542840957642
0.799920380115509
0.7415269613265991
0.7394620776176453
0.6819309592247009
0.7872682809829712
0.6757714748382568
0.6895972490310669
0.7722707986831665
0.606818437576294
0.7417484521865845
0.584389328956604
0.7942308783531189
0.365193247795105
0.5702313780784607
0.691103994846344
0.6576069593429565
0.6517730951309204
0.7900869846343994
0.6077761650085449
0.7015891671180725
0.5816508531570435
0.6669515371322632
0.5352693796157837
0.6884434223175049
0.7112284898757935
0.7609835863113403
0.7072598338127136
0.7843641042709351
0.7873655557632446
0.49380025267601013
0.8253906965255737
0.8155926465988159
0.692204475402832
0.6867607235908508
0.5528162717819214
0.779409646987915
0.7602230906486511
0.6690640449523926
0.65911465883255
0.5817533135414124
0.8212625980377197
0.5717453956604004
0.5555112361907959
0.6590255498886108
0.6748799681663513
0.7227978706359863
0.5897886157035828
0.4465755820274353
0.7010207176208496
0.1922786384820938
0.7960203886032104
0.8112176060676575
0.7804147601127625
0.6287476420402527
0.5272959470748901
0.3934268057346344
0.6520993709564209
0.8315753936767578
0.7130160331726074
0.7732815742492676
0.5510417222976685
0.7620155811309814
0.47768375277519226
0.6660376191139221
0.7909853458404541
0.753910481929779
0.7293128967285156
0.7831004858016968
0.9158420562744141
0.7638267278671265
0.38750502467155457
0.585394561290741
0.6820197701454163
0.7088236808776855
0.6035306453704834
0.5604140162467957
0.6560791730880737
0.7815810441970825
0.8638519644737244
0.5695798397064209
0.5976664423942566
0.7196042537689209
0.6627634763717651
0.6435596942901611
0.6268782615661621
0.646108090877533
0.7559889554977417
0.8237526416778564
0.4736233651638031
0.6376427412033081
0.7573590874671936
0.6091412305831909
0.5692257881164551
0.6451518535614014
0.732089638710022
0.646995484828949
0.7798413634300232
0.8463297486305237
0.9310412406921387
0.7760788798332214
0.6356145143508911
0.8418809175491333
0.7734293937683105
0.6518121957778931
0.7123576998710632
0.6025505065917969
0.7484353184700012
0.7291173934936523
0.6973351836204529
0.7212731838226318
0.6970647573471069
0.7450317144393921
0.42918282747268677
0.3225730061531067
0.7113053798675537
0.5097284317016602
0.8545799255371094
0.7306613326072693
0.7715128660202026
0.6864548921585083
0.8146312236785889
0.7124631404876709
0.5526288151741028
0.7144639492034912
0.8420668840408325
0.7252262830734253
0.7347205877304077
0.4703643023967743
0.6566131114959717
0.585582971572876
0.6826511025428772
0.7161331176757812
0.6666879653930664
0.4962363541126251
0.7460067272186279
0.5802835822105408
0.4244009256362915
0.6564301252365112
0.5367570519447327
0.7822434902191162
0.5728055238723755
0.46556779742240906
0.6576477289199829
0.8428934812545776
0.7797847986221313
0.6649782061576843
0.6699761748313904
0.648235023021698
0.8636590838432312
0.5741807222366333
0.6839274168014526
0.6870496273040771
0.6953257322311401
0.912627637386322
0.6573624014854431
0.7913258075714111
0.7775581479072571
0.6919467449188232
0.6440291404724121
0.6953461170196533
0.7413064241409302
0.8388436436653137
0.5818669199943542
0.49967101216316223
0.6707173585891724
0.6059611439704895
0.8205443620681763
0.6886864900588989
0.8987623453140259
0.7406907677650452
0.7963228225708008
0.723257303237915
0.599258303642273
0.6778668165206909
0.823725700378418
0.7627880573272705
0.704565167427063
0.6986370086669922
0.7327429056167603
0.6932700872421265
0.619570255279541
0.6952386498451233
0.7398749589920044
0.6491515040397644
0.6243814826011658
0.6330974102020264
0.6666333675384521
0.6198817491531372
0.7488006353378296
0.887714147567749
0.40734174847602844
0.7935725450515747
0.5894431471824646
0.7148419618606567
0.39669591188430786
0.6524269580841064
0.741361141204834
0.7852054834365845
0.5416121482849121
0.6616926193237305
0.6536602973937988
0.7915411591529846
0.7572491765022278
0.7943464517593384
0.9829918146133423
0.6714754104614258
0.8080328702926636
0.7725465893745422
0.84943687915802
0.6581141948699951
0.7578775882720947
0.765002429485321
0.5050362348556519
0.7599815726280212
0.7412302494049072
0.7708356380462646
0.7420292496681213
0.6786710023880005
0.6765896677970886
0.7971851825714111
0.7712575793266296
0.7644692063331604
0.569108247756958
0.5833561420440674
0.415471613407135
0.7044880986213684
0.7828450798988342
0.8002383708953857
0.757594883441925
0.924770712852478
0.6733206510543823
0.6851105093955994
0.8122861981391907
0.7642658948898315
0.5615196228027344
0.5777521133422852
0.9403104782104492
0.8029915690422058
0.6071764230728149
0.4296347498893738
0.555371880531311
0.6055252552032471
0.885916531085968
0.8473623991012573
0.46153733134269714
0.6634635329246521
0.7778545618057251
0.3351312577724457
0.5420088768005371
0.6240749359130859
0.46574434638023376
0.8708855509757996
0.5604833364486694
0.5872619152069092
0.6948234438896179
0.5034753084182739
0.684375524520874
0.49853214621543884
0.8392813205718994
0.6883355975151062
0.6979236602783203
0.6515318751335144
0.592086672782898
0.802997350692749
0.6893954277038574
0.8873839378356934
0.6223264932632446
0.806708812713623
0.6752563714981079
0.37493133544921875
0.3299943804740906
0.7544319033622742
0.8174446821212769
0.8428831100463867
0.6016970872879028
0.8015023469924927
0.7049575448036194
0.8065567016601562
0.7182811498641968
0.8858541250228882
0.6976737380027771
0.2982458174228668
0.800547182559967
0.7895799875259399
0.7856566309928894
0.7726147174835205
0.7386693954467773
0.7965664863586426
0.7957439422607422
0.8349664807319641
0.7066965103149414
0.6434962749481201
0.7186859846115112
0.8003565073013306
0.7994675636291504
0.8294446468353271
0.633264422416687
0.7894988059997559
0.7438453435897827
0.7457152009010315
0.6682716608047485
0.7798526883125305
0.73594731092453
0.7815085053443909
0.7604374885559082
0.7674223184585571
0.5394717454910278
0.6119765639305115
0.6413861513137817
0.7309417128562927
0.5473592281341553
0.8724172115325928
0.581155002117157
0.6609678268432617
0.6381745934486389
0.5930969715118408
0.4938682019710541
0.8494074940681458
0.7680717706680298
0.6759809851646423
0.7339820861816406
0.637496829032898
0.8392518758773804
0.6222658753395081
0.42892900109291077
0.6078739166259766
0.7113189697265625
0.8217525482177734
0.8091709613800049
0.7121954560279846
0.719825267791748
0.7103961706161499
0.8161503672599792
0.6405404806137085
0.5583699941635132
0.5895698070526123
0.6855014562606812
0.8729652166366577
0.6449629068374634
0.8021513819694519
0.6725820302963257
0.8129597306251526
0.3791552186012268
0.673385500907898
0.8089021444320679
0.8328404426574707
0.7497023344039917
0.787341296672821
0.7146915793418884
0.29218122363090515
0.8019994497299194
0.5689514875411987
0.705018937587738
0.7076967358589172
0.7699922919273376
0.5299581289291382
0.6153522729873657
0.8084750175476074
0.6237807273864746
0.41250285506248474
0.5119473338127136
0.5890088677406311
0.695603609085083
0.7568869590759277
0.7172884941101074
0.7287189364433289
0.6151645183563232
0.6240227222442627
0.696191132068634
0.6934681534767151
0.5485888719558716
0.7380598187446594
0.8378627300262451
0.5559572577476501
0.8736567497253418
0.6417070627212524
0.8297429084777832
0.6937410235404968
0.6009795665740967
0.6890206336975098
0.6540384292602539
0.6145942211151123
0.5873468518257141
0.7703026533126831
0.5839223861694336
0.6315783262252808
0.854094386100769
0.7932531833648682
0.8014599084854126
0.5365871787071228
0.8257241249084473
0.7248762249946594
0.8939676284790039
0.36746761202812195
0.6293615698814392
0.7371413111686707
0.781257152557373
0.8241533637046814
0.7984880208969116
0.5705914497375488
0.6162039041519165
0.7854220867156982
0.519860029220581
0.6267242431640625
0.9144068360328674
0.5493144989013672
0.9297211170196533
0.7988155484199524
0.605480432510376
0.6374430060386658
0.5953878164291382
0.7760283350944519
0.7089978456497192
0.8687503337860107
0.7761939764022827
0.4096141755580902
0.7414717674255371
0.5206259489059448
0.6527597904205322
0.4990176260471344
0.66211998462677
0.5817909240722656
0.6125360727310181
0.6107996702194214
0.9319745302200317
0.8101637959480286
0.738747239112854
0.6926870346069336
0.4518048167228699
0.6058295369148254
0.7507816553115845
0.9608339071273804
0.6625439524650574
0.7944169044494629
0.47093167901039124
0.5257443189620972
0.7683013677597046
0.7226352095603943
0.7882323265075684
0.7862139344215393
0.8566431999206543
0.655834436416626
0.457223504781723
0.8544330596923828
0.7292245626449585
0.6931226253509521
0.5992751121520996
0.5236377120018005
0.8658612370491028
0.7352142333984375
0.7117719650268555
0.709987998008728
0.6600937843322754
0.6397114992141724
0.7506322264671326
0.7963571548461914
0.6257456541061401
0.7238223552703857
0.49975767731666565
0.7979696989059448
0.6853707432746887
0.6595611572265625
0.8348042368888855
0.6840722560882568
0.9242112040519714
0.924300491809845
0.9092898964881897
0.8353257179260254
0.5578314065933228
0.7434290647506714
0.7904415130615234
0.8076975345611572
0.7571309804916382
0.7266324758529663
0.7820606827735901
0.7605141997337341
0.6924413442611694
0.5777521133422852
0.6973534822463989
0.6772365570068359
0.6864128112792969
0.49254581332206726
0.43665948510169983
0.5290461778640747
0.9215770363807678
0.7284021973609924
0.7889547944068909
0.8880417346954346
0.6365532279014587
0.45139452815055847
0.7014875411987305
0.7182635068893433
0.7937742471694946
0.7437651753425598
0.8366241455078125
0.6436309814453125
0.37363383173942566
0.8413877487182617
0.780041515827179
0.8396609425544739
0.7888706922531128
0.6055498719215393
0.7806736826896667
0.82616126537323
0.6073470115661621
0.8116757869720459
0.4946437180042267
0.700564444065094
0.6657476425170898
0.8276378512382507
0.8819152116775513
0.4886651337146759
0.7820116281509399
0.7165312767028809
0.6242058277130127
0.7845596671104431
0.5862312912940979
0.6761853694915771
0.528434157371521
0.5616660118103027
0.7522426247596741
0.5405117869377136
0.8750702142715454
0.6400048732757568
0.8141211867332458
0.6626524925231934
0.9622009992599487
0.9355507493019104
0.8940246105194092
0.44767457246780396
0.5963824987411499
0.8778280019760132
0.4832760989665985
0.49925264716148376
0.5860581994056702
0.938950777053833
0.6143499612808228
0.721038281917572
0.7657551765441895
0.699413537979126
0.46811333298683167
0.6781606078147888
0.40999075770378113
0.5584275722503662
0.7947103381156921
0.6007023453712463
0.6943401098251343
0.7133420705795288
0.7374232411384583
0.771447479724884
0.9247921109199524
0.5147196054458618
0.5589009523391724
0.6058319807052612
0.6681661605834961
0.6412546634674072
0.5248033404350281
0.5700327754020691
0.5435441136360168
0.841429591178894
0.7625735998153687
0.7771904468536377
0.6622427105903625
0.31417664885520935
0.7256227731704712
0.7622911930084229
0.6905919313430786
0.8206353187561035
0.7590510249137878
0.75044846534729
0.6760938763618469
0.47912177443504333
0.6641789674758911
0.4362623393535614
0.5425138473510742
0.5440325140953064
0.6086570024490356
0.5662432909011841
0.8386201858520508
0.5725060105323792
0.7821819186210632
0.7141742706298828
0.6994741559028625
0.8027427196502686
0.8394303321838379
0.7642914056777954
0.6719269752502441
0.607344388961792
0.7306166887283325
0.6138044595718384
0.7095906734466553
0.8565258979797363
0.42964044213294983
0.3811113238334656
0.8273921608924866
0.6822779774665833
0.7582415342330933
0.6726610064506531
0.5486267805099487
0.6944320201873779
0.814183235168457
0.7084999680519104
0.6159590482711792
0.6417717933654785
0.6196273565292358
0.4864245355129242
0.6098713874816895
0.5885862112045288
0.7017369270324707
0.5717841982841492
0.8485027551651001
0.6347583532333374
0.6827672123908997
0.7389816641807556
0.4998774230480194
0.8611530661582947
0.7028030157089233
0.632105827331543
0.7725995779037476
0.8363433480262756
0.5751577615737915
0.7915513515472412
0.5474579334259033
0.7641804218292236
0.4655846655368805
0.7136819362640381
0.4792003333568573
0.6125909090042114
0.5148999094963074
0.7585617303848267
0.7295360565185547
0.5703459978103638
0.7579198479652405
0.48350247740745544
0.7496987581253052
0.6872844696044922
0.7111245393753052
0.8100676536560059
0.8189454078674316
0.5833854079246521
0.4273851811885834
0.6911367774009705
0.7248964905738831
0.5889511108398438
0.6770572662353516
0.6277437210083008
0.6173774600028992
0.5799607038497925
0.7856078147888184
0.36777570843696594
0.7196613550186157
0.6561728715896606
0.6688851118087769
0.8362765908241272
0.7869442701339722
0.6182917356491089
0.9950169324874878
0.8709254264831543
0.7737852931022644
0.6079712510108948
0.8205443620681763
0.6701023578643799
0.7048689126968384
0.5753883719444275
0.5437943339347839
0.671025812625885
0.7066442966461182
0.5929977893829346
0.7710822820663452
0.4798973500728607
0.5121954083442688
0.7781789302825928
0.7435816526412964
0.16570518910884857
0.7192308902740479
0.5789825916290283
0.6243518590927124
0.6014335751533508
0.5745248794555664
0.6471315622329712
0.5958641767501831
0.7795883417129517
0.9128009676933289
0.5583754777908325
0.8883504867553711
0.44765913486480713
0.7135037183761597
0.8382278084754944
0.8154995441436768
0.5560667514801025
0.766279935836792
0.6497632265090942
0.2353605479001999
0.6658968925476074
0.8075779676437378
0.6803877353668213
0.6352128982543945
0.5258283615112305
0.7473267316818237
0.6931296586990356
0.6901518702507019
0.8040607571601868
0.8441328406333923
0.7260450124740601
0.8065564632415771
0.7807340621948242
0.7807027101516724
0.8433045148849487
0.6889346241950989
0.9181671738624573
0.883874237537384
0.7812751531600952
0.6020808219909668
0.6653047204017639
0.5425193309783936
0.560661256313324
0.9141155481338501
0.7399137616157532
0.8748536705970764
0.7710714340209961
0.6708723306655884
0.6673283576965332
0.6535580158233643
0.8709716796875
0.48859676718711853
0.6110559701919556
0.7107669115066528
0.6416915655136108
0.7544740438461304
0.681392252445221
0.6291462779045105
0.701209306716919
0.7430800199508667
0.7120807766914368
0.5975581407546997
0.6255614757537842
0.655144214630127
0.7614936828613281
0.6017172336578369
0.6899265050888062
0.2502458393573761
0.808433473110199
0.6716262102127075
0.6870912313461304
0.7272351980209351
0.7024387121200562
0.6766669750213623
0.6925642490386963
0.7694214582443237
0.6436715722084045
0.5431825518608093
0.7725423574447632
0.75676429271698
0.574783205986023
0.5984517931938171
0.7270598411560059
0.7894996404647827
0.7751824259757996
0.6083074808120728
0.6233744621276855
0.9206347465515137
0.6783142685890198
0.5574517846107483
0.9794396162033081
0.7038419246673584
0.560308575630188
0.6028215289115906
0.8082630634307861
0.6403777599334717
0.5216007232666016
0.7201544046401978
0.6332243084907532
0.7776134014129639
0.7010061740875244
0.594570517539978
0.7782279849052429
0.5643186569213867
0.7593218088150024
0.8703980445861816
0.555340051651001
0.7174892425537109
0.6205562353134155
0.8081965446472168
0.9088840484619141
0.7411146759986877
0.7545775771141052
0.6658743619918823
0.3852981925010681
0.7394022941589355
0.4102112054824829
0.5951462984085083
0.8639727830886841
0.4782731235027313
0.5862528085708618
0.5289472937583923
0.6164432764053345
0.7222133874893188
0.6393002271652222
0.5781150460243225
0.5982620716094971
0.6726059913635254
0.8300507068634033
0.45804306864738464
0.6929044127464294
0.7404775023460388
0.8179479241371155
0.45010697841644287
0.5998294949531555
0.7340960502624512
0.6790988445281982
0.8469467163085938
0.5781842470169067
0.7658536434173584
0.5724782943725586
0.8727400302886963
0.8699085712432861
0.7840605974197388
0.5260732173919678
0.3884066045284271
0.6811665892601013
0.6257964372634888
0.6713961958885193
0.8286839723587036
0.7420357465744019
0.6611667275428772
0.807403028011322
0.8293692469596863
0.7932859659194946
0.660388708114624
0.8220490217208862
0.6664571166038513
0.7254434823989868
0.8259226679801941
0.5421895980834961
0.7385689616203308
0.9083454012870789
0.4083053767681122
0.6232160925865173
0.6562374830245972
0.6931346654891968
0.3030983507633209
0.8715054988861084
0.6027764081954956
0.8672908544540405
0.5808976292610168
0.7495565414428711
0.6614295244216919
0.6247918605804443
0.7674752473831177
0.7083611488342285
0.6772371530532837
0.7141668796539307
0.5339577198028564
0.7171065807342529
0.8489563465118408
0.6454452276229858
0.6723915934562683
0.7504606246948242
0.3509247601032257
0.6981431245803833
0.7471550107002258
0.36399340629577637
0.7467724084854126
0.5935513973236084
0.7447677850723267
0.6717147827148438
0.7854421734809875
0.6663974523544312
0.6718622446060181
0.656600296497345
0.6784741282463074
0.7659353613853455
0.467089980840683
0.6947753429412842
0.7010271549224854
0.7794901132583618
0.7654788494110107
0.776401937007904
0.6860874891281128
0.7804170250892639
0.5968301296234131
0.6376640796661377
0.738081693649292
0.7090083360671997
0.7413053512573242
0.6383711695671082
0.37945321202278137
0.7193885445594788
0.7173362374305725
0.7407430410385132
0.5919678807258606
0.863109290599823
0.7112031579017639
0.840707540512085
0.9188892841339111
0.6422684192657471
0.7537674307823181
0.640397310256958
0.6128007769584656
0.6566663980484009
0.5919581651687622
0.7173133492469788
0.847095251083374
0.6341322064399719
0.4819760024547577
0.7216334342956543
0.6549322605133057
0.6977535486221313
0.827365517616272
0.4391120374202728
0.6797488927841187
0.4184699058532715
0.7607676982879639
0.5692147016525269
0.4787496030330658
0.6023578643798828
0.8885923624038696
0.6947639584541321
0.5498921275138855
0.7787948846817017
0.41741570830345154
0.7685802578926086
0.8818957805633545
0.6378328800201416
0.582558274269104
0.7555932998657227
0.5620585680007935
0.5859628915786743
0.48441287875175476
0.6845648288726807
0.8071916103363037
0.7042567729949951
0.733758807182312
0.6552116870880127
0.7071807384490967
0.7281516790390015
0.7040702104568481
0.9046279191970825
0.5073190927505493
0.6307621598243713
0.6170667409896851
0.700403094291687
0.7835227251052856
0.8325188755989075
0.9833563566207886
0.7734130024909973
0.8709641695022583
0.531212568283081
0.6585765480995178
0.6347713470458984
0.8076651096343994
0.5406891107559204
0.8607426881790161
0.7167550325393677
0.7148785591125488
0.8615467548370361
0.75534987449646
0.5280902981758118
0.7845693826675415
0.5821332931518555
0.7288544774055481
0.5771435499191284
0.5480894446372986
0.7028704881668091
0.5926571488380432
0.6706835031509399
0.19629429280757904
0.5638465881347656
0.7051219940185547
0.6098126173019409
0.8183666467666626
0.7983622550964355
0.757789671421051
0.8102880716323853
0.8213832378387451
0.7000036239624023
0.626318097114563
0.7040258049964905
0.15945415198802948
0.7206478118896484
0.6925486326217651
0.6859383583068848
0.6831403970718384
0.5876621603965759
0.6766183972358704
0.8310002088546753
0.722388744354248
0.6561411619186401
0.6928308606147766
0.5931060314178467
0.5554054975509644
0.694231390953064
0.7676409482955933
0.7103032469749451
0.38707396388053894
0.7296502590179443
0.7256506681442261
0.7103431820869446
0.8081706166267395
0.5861414670944214
0.5758270621299744
0.7256801128387451
0.6690738797187805
0.3553844094276428
0.46851059794425964
0.691907525062561
0.7598103880882263
0.7700024247169495
0.7383425831794739
0.5833320617675781
0.7058699727058411
0.46419408917427063
0.37259817123413086
0.7684912085533142
0.6842471957206726
0.6984756588935852
0.6542275547981262
0.604209303855896
0.655161440372467
0.48605236411094666
0.6013771295547485
0.4198335111141205
0.6299987435340881
0.7799355387687683
0.5596377849578857
0.765771746635437
0.7029821872711182
0.5379029512405396
0.537517249584198
0.7533546686172485
0.7940917611122131
0.7063095569610596
0.5939157009124756
0.6416071057319641
0.5818043947219849
0.6202009916305542
0.6917529106140137
0.6772822737693787
0.7205215096473694
0.6824567914009094
0.6439934968948364
0.7359544038772583
0.6077434420585632
0.6982709169387817
0.8815827965736389
0.7643533945083618
0.5324404835700989
0.5579294562339783
0.5933171510696411
0.7702131271362305
0.5567048788070679
0.7411631345748901
0.7004690170288086
0.6384034156799316
0.7918910980224609
0.7413263320922852
0.5814135670661926
0.7995083332061768
0.7412084937095642
0.5091447830200195
0.6028463840484619
0.8013901114463806
0.6451513767242432
0.7218172550201416
0.698566734790802
0.6480370759963989
0.8169743418693542
0.7818975448608398
0.6830493211746216
0.780673623085022
0.5612621307373047
0.6038793325424194
0.8518924713134766
0.5813226699829102
0.5510574579238892
0.6258394718170166
0.7356547117233276
0.7260963916778564
0.6679895520210266
0.5579532384872437
0.6893713474273682
0.6146460771560669
0.7265647649765015
0.7465375661849976
0.4418037235736847
0.8433855772018433
0.5960097312927246
0.6245471239089966
0.8045440316200256
0.711395263671875
0.6361204981803894
0.7272740602493286
0.6158713698387146
0.5778173804283142
0.6591847538948059
0.7712314128875732
0.6416709423065186
0.7626263499259949
0.5910786986351013
0.6218433976173401
0.8096027374267578
0.5275728702545166
0.6609624624252319
0.6315010786056519
0.6541059017181396
0.8362541198730469
0.691243588924408
0.6349779963493347
0.49189016222953796
0.7099652886390686
0.6785487532615662
0.7002240419387817
0.7439157962799072
0.6894723773002625
0.7216971516609192
0.7493048310279846
0.6893842816352844
0.4780627191066742
0.8442156910896301
0.9336712956428528
0.6747773885726929
0.7064138650894165
0.46937820315361023
0.5794256925582886
0.6312363147735596
0.4755856692790985
0.650080680847168
0.815087080001831
1.0089868307113647
0.5261995196342468
0.7063115835189819
0.7905226945877075
0.7429766654968262
0.5462480783462524
0.8850995898246765
0.6361477971076965
0.8864140510559082
0.63027024269104
0.6650707125663757
0.8359230160713196
0.4596928060054779
0.6665939092636108
0.6512844562530518
0.5280196666717529
0.47133180499076843
0.7362082004547119
0.7962360382080078
0.7996998429298401
0.715266227722168
0.7766579389572144
0.6680991649627686
0.4955275356769562
0.6766970157623291
1.0165979862213135
0.9217604398727417
0.7441519498825073
0.8990716934204102
0.6348088383674622
0.7373632788658142
0.6238059997558594
0.6584535837173462
0.6497259140014648
0.6093679070472717
0.6072801351547241
0.5955691337585449
0.6912282109260559
0.6839841604232788
0.4022739827632904
0.5727523565292358
0.6811082363128662
0.6741636395454407
0.6202713847160339
0.5199137926101685
0.7901314496994019
0.5939540863037109
0.8224372267723083
0.9876497983932495
0.5689107179641724
0.6967599391937256
0.7552369832992554
0.7324420809745789
0.9732242822647095
0.594478964805603
0.5491951704025269
0.665177583694458
0.759384274482727
0.6964462399482727
0.7676793336868286
0.6805608868598938
0.5801602602005005
0.39367765188217163
0.6370149254798889
0.5743627548217773
0.7497537136077881
0.8057560920715332
0.7124840021133423
0.5456804037094116
0.78477942943573
0.6778907775878906
0.735231876373291
0.7952356338500977
0.8747842311859131
0.8652166724205017
0.853424608707428
0.8003416657447815
0.8216983079910278
0.7520473003387451
0.671667754650116
0.8995436429977417
0.8831152319908142
0.7657178640365601
0.6619724035263062
0.6662721037864685
0.736649751663208
0.7126009464263916
0.7889976501464844
0.8081069588661194
0.7097666263580322
0.6352896690368652
0.753814697265625
0.46520641446113586
0.47768309712409973
0.8308625221252441
0.841100811958313
0.7321217060089111
0.8023151159286499
0.9016655683517456
0.9088665843009949
0.8509203195571899
0.68768709897995
0.9566904306411743
0.5055519342422485
0.7798600792884827
0.6612895727157593
0.4836765229701996
0.7635756134986877
0.5805467963218689
0.8057841062545776
0.9135975241661072
0.7787995934486389
0.5960953235626221
0.6623049974441528
0.6370759010314941
0.7400920987129211
0.9575009942054749
0.8330700397491455
0.738261878490448
0.6225411891937256
0.8273057341575623
0.6410955786705017
0.6809955835342407
0.7740126848220825
0.4221412241458893
0.7062196731567383
0.6395134925842285
0.6868981122970581
0.5446749925613403
0.686739444732666
0.8324486613273621
0.8075440526008606
0.5426927804946899
0.5652563571929932
0.5979228019714355
0.7250566482543945
0.5666269063949585
0.9156233668327332
0.6031522750854492
0.5485899448394775
0.5780093669891357
0.7135547399520874
0.44385024905204773
0.6761071681976318
0.3065841495990753
0.7615601420402527
0.830599308013916
0.3472745418548584
0.7419108152389526
0.6073948740959167
0.6853853464126587
0.6920657753944397
0.7030632495880127
0.647654116153717
0.7128449082374573
0.6519544720649719
0.4741934835910797
0.8189913034439087
0.8546578288078308
0.46370241045951843
0.7035119533538818
0.7322524785995483
0.8301116228103638
0.7802082300186157
0.8349891304969788
0.7306796312332153
0.4303290545940399
0.462695449590683
0.7942781448364258
0.7406952977180481
0.7200360298156738
0.7327961325645447
0.5107532739639282
0.6370750665664673
0.49431976675987244
0.7106581926345825
0.8165232539176941
0.6476261615753174
0.3690125048160553
0.7461493611335754
0.8108102679252625
0.8298763632774353
0.6446549296379089
0.8129824995994568
0.4495759904384613
0.5845639109611511
0.6733903884887695
0.5694718360900879
0.8221463561058044
0.6885640621185303
0.3712763488292694
0.6780487298965454
0.7520796060562134
0.7571420073509216
0.7123607397079468
0.7164850831031799
0.6101219654083252
0.6693851947784424
0.8423598408699036
0.40168994665145874
0.6918806433677673
0.4868921935558319
0.4551357328891754
0.6994683742523193
0.8335126638412476
0.5906120538711548
0.6347801685333252
0.8089801669120789
0.7248538136482239
0.7221904993057251
0.7813690900802612
0.6149013042449951
0.6115748882293701
0.8206967115402222
0.4942072927951813
0.6620907783508301
0.506028950214386
0.8072178959846497
0.7698218822479248
0.8177945613861084
0.9808222055435181
0.5118423700332642
0.6292466521263123
0.7396987080574036
0.7407564520835876
0.5546553134918213
0.6631391048431396
0.8027973175048828
0.7665150165557861
0.6947606801986694
0.7397989630699158
0.7874630689620972
0.34649062156677246
0.7439553737640381
0.8498475551605225
0.6576192378997803
0.7501512169837952
0.6993255615234375
0.7814954519271851
0.7261682152748108
0.7872059345245361
0.5869764685630798
0.6929495334625244
0.6794396638870239
0.7412063479423523
0.7604756355285645
0.6993188858032227
0.8359326124191284
0.6796179413795471
0.559005856513977
0.8626717329025269
0.7244080901145935
0.5323414206504822
0.6343457698822021
0.29732856154441833
0.6857991218566895
0.6198073625564575
0.7225799560546875
0.6316748857498169
0.7995608448982239
0.45931729674339294
0.8079644441604614
0.5311747193336487
0.6680048108100891
0.5203114748001099
0.6090191602706909
0.7498807311058044
0.26703935861587524
0.8335119485855103
0.5619851350784302
0.5651863813400269
0.7342199087142944
0.6274892091751099
0.9533588290214539
0.8624815940856934
0.7651937007904053
0.7339253425598145
0.6627966165542603
0.7183454036712646
0.7886090278625488
0.7584058046340942
0.6929603815078735
0.799931526184082
0.8500497341156006
0.5073367953300476
0.4917069375514984
0.792634129524231
0.5889471769332886
0.7262953519821167
0.873509407043457
0.6546342372894287
0.8913008570671082
0.764548122882843
0.7141488790512085
0.766515851020813
0.7153959274291992
0.9114084839820862
0.793306827545166
0.6065173149108887
0.6570565700531006
0.6697753667831421
0.893531322479248
0.7346304655075073
0.6466964483261108
0.712731122970581
0.7737611532211304
0.6868733167648315
0.40905582904815674
0.872736930847168
0.6759690046310425
0.7486851215362549
0.5794517993927002
0.7370437383651733
0.7983242273330688
0.8895240426063538
0.7407859563827515
0.6367406845092773
0.702853798866272
0.7069864273071289
0.7663052678108215
0.6563217639923096
0.6516063213348389
0.7185102701187134
0.8789398670196533
0.41028687357902527
0.6415491104125977
0.6642845869064331
0.5085548162460327
0.626738429069519
0.8989019393920898
0.6633142232894897
0.6592769622802734
0.6636285185813904
0.6472421884536743
0.5631567239761353
0.4857359826564789
0.7437541484832764
0.8560371398925781
0.7313843369483948
0.7214350700378418
0.8430383205413818
0.9058574438095093
0.6388943791389465
0.49110886454582214
0.6932377815246582
0.6675385236740112
0.7908948063850403
0.3368687927722931
0.7138684391975403
0.9320865273475647
0.6697244644165039
0.5120300054550171
0.5163824558258057
0.8271408677101135
0.4960043728351593
0.8399093747138977
0.7659947872161865
0.6802635192871094
0.580592930316925
0.7655900716781616
0.7693201303482056
0.76564621925354
0.7654129862785339
0.2603561580181122
0.8872200846672058
0.8389802575111389
0.668791651725769
0.6374733448028564
0.8797011375427246
0.6700554490089417
0.727950930595398
0.7907918095588684
0.7959423065185547
0.607613205909729
0.5779690742492676
0.6991700530052185
0.8120183944702148
0.6239533424377441
0.6649413108825684
0.5377650260925293
0.7451884746551514
0.8575899004936218
0.8506593704223633
0.85816490650177
0.8279250860214233
0.4792492687702179
0.5219104290008545
0.9590054750442505
0.6941769123077393
0.8729709982872009
0.822263777256012
0.5722211003303528
0.71637362241745
0.6214850544929504
0.6927204728126526
0.7926015853881836
0.49012675881385803
0.5709985494613647
0.5714554786682129
0.7382703423500061
0.8359678983688354
0.6166970729827881
0.7960414290428162
0.79217129945755
0.8184911608695984
0.5340161323547363
0.7578375935554504
0.2957862913608551
0.6560333371162415
0.5583551526069641
0.8149569034576416
0.6400985717773438
0.6602283716201782
0.7249629497528076
0.45937326550483704
0.7818781733512878
0.8393194675445557
0.41741856932640076
0.6522229313850403
0.6787723302841187
0.8433874845504761
0.699296236038208
0.35578814148902893
0.6624405384063721
0.7788282632827759
0.5814652442932129
0.629847526550293
0.8072589635848999
0.7177094221115112
0.693454384803772
0.8900099396705627
0.5459861755371094
0.683569073677063
0.6642963886260986
0.6228140592575073
0.3727306127548218
0.22503112256526947
0.6283827424049377
0.6607065200805664
0.7336291074752808
0.7722083330154419
0.7411452531814575
0.5728791952133179
0.7142317295074463
0.7063701152801514
0.6801584959030151
0.5866140127182007
0.6701981425285339
0.7224557399749756
0.7894870042800903
0.6441482305526733
0.6642666459083557
0.6689934730529785
0.7132810354232788
0.6585231423377991
0.9701398611068726
0.688910722732544
0.6825036406517029
0.6453011631965637
0.6826305389404297
0.6599313020706177
0.7133610844612122
0.6867750883102417
0.6419709920883179
0.6938405632972717
0.6939606070518494
0.7224942445755005
0.6564861536026001
0.7111631631851196
0.7507113218307495
0.416983425617218
0.6494410037994385
0.5548745393753052
0.7210278511047363
0.8785285949707031
0.6390959024429321
0.8187227249145508
0.6434929966926575
0.6008709073066711
0.7701456546783447
0.7875049710273743
0.7082107067108154
0.5564210414886475
0.7834348082542419
0.7465171813964844
0.8243052959442139
0.6159464120864868
0.6847745776176453
0.7118926048278809
0.3382039964199066
0.41728588938713074
0.8521835207939148
0.8836737871170044
0.5094499588012695
0.377664178609848
0.7381159067153931
0.8140679597854614
0.6447058916091919
0.26399439573287964
0.6554539203643799
0.5739606022834778
0.39977142214775085
0.5985426902770996
0.7583650946617126
0.8788875341415405
0.720313549041748
0.5809330940246582
0.7622956037521362
0.7758690118789673
0.7193046808242798
0.47908446192741394
0.7817032933235168
0.49008116126060486
0.6839685440063477
0.936988115310669
0.6313815116882324
0.6884114742279053
0.599258303642273
0.5870662927627563
0.7565954327583313
0.7611525654792786
0.7207381129264832
0.537404477596283
0.8756263852119446
0.7496100664138794
0.6423842906951904
0.791632354259491
0.7820577621459961
0.6037788391113281
0.8380298614501953
0.8195579051971436
0.657673716545105
0.662826657295227
0.5855868458747864
0.6817485690116882
0.781541109085083
0.6506441831588745
0.822463870048523
0.35606083273887634
0.7994920015335083
0.7986834645271301
0.8241349458694458
0.7433429956436157
0.736375093460083
0.8197531700134277
0.6866442561149597
0.7616910934448242
0.7107800245285034
0.6540974378585815
0.7057443857192993
0.5015120506286621
0.7080318331718445
0.5228372812271118
0.8117705583572388
0.36278247833251953
0.7639039754867554
0.590955376625061
0.6650901436805725
0.6901658773422241
0.5583405494689941
0.8684692978858948
0.6693772077560425
0.6969135403633118
0.7355980277061462
0.2219170480966568
0.5337231755256653
0.4871475398540497
0.6148076057434082
0.483699768781662
0.6352695226669312
0.9369749426841736
0.5356281399726868
0.6775004267692566
0.6115108728408813
0.4298034906387329
0.4882713854312897
0.553801417350769
0.6368124485015869
0.7093290090560913
0.8571268320083618
0.6820601224899292
0.7498857975006104
0.7853264212608337
0.7726379632949829
0.6812362670898438
0.7610766887664795
0.7832892537117004
0.7701829671859741
0.8290690779685974
0.6935812830924988
0.6080976724624634
0.7386202812194824
0.7680258750915527
0.7038141489028931
0.821414589881897
0.6499396562576294
0.6924211978912354
0.7194501161575317
0.5369095802307129
0.4699183404445648
0.7779285907745361
0.6378964185714722
0.5237689018249512
0.8376338481903076
0.6042577028274536
0.6951831579208374
0.5370209217071533
0.6993014812469482
0.7484272122383118
0.6147880554199219
0.8883676528930664
0.83589768409729
0.8356794118881226
0.5477638244628906
0.6669251322746277
0.6295483708381653
0.5658135414123535
0.7155429720878601
0.6225886344909668
0.6091592311859131
0.7390977144241333
0.6091949939727783
0.5952629446983337
0.6185154914855957
0.6267935633659363
0.7438980340957642
0.5842885971069336
0.7867813110351562
0.7716748714447021
0.6579248309135437
0.566022515296936
0.8606921434402466
0.5185400247573853
0.6900079846382141
0.6734423637390137
0.6039105653762817
0.6588525176048279
0.9323418140411377
0.6415243148803711
0.6606671810150146
0.4917854368686676
0.4922981560230255
0.5584613084793091
0.28741350769996643
0.6176613569259644
0.7397376298904419
0.6735752820968628
0.6110028028488159
0.7409349679946899
0.7588735818862915
0.6492823362350464
0.520519495010376
0.6718475818634033
0.7624788284301758
0.7409766912460327
0.46134236454963684
0.4751589000225067
0.3127678334712982
0.7269214987754822
0.625896692276001
0.6840356588363647
0.6956787109375
0.6929495334625244
0.8715329170227051
0.4625813066959381
0.8102076053619385
0.7461851835250854
0.6517139673233032
0.6739073395729065
0.7441990375518799
0.5229630470275879
0.6253074407577515
0.7661548852920532
0.7284131050109863
0.5927457809448242
0.8442035913467407
0.4639764726161957
0.8039427995681763
0.7174803614616394
0.5673873424530029
0.6800439357757568
0.42962929606437683
0.6972780823707581
0.4981876313686371
0.47365400195121765
0.7501658201217651
0.6978784799575806
0.9339255690574646
0.39897242188453674
0.4933931529521942
0.6341885328292847
0.6458766460418701
0.6228120923042297
0.8800567984580994
0.3179374039173126
0.5934246778488159
0.6376669406890869
0.5951535701751709
0.8968999981880188
0.7074698209762573
0.6995586156845093
0.5760334730148315
0.6003594398498535
0.881596028804779
0.8434479236602783
0.7597476243972778
0.5115770101547241
0.7753775119781494
0.7012078166007996
0.8136211633682251
0.7581219673156738
0.7262142300605774
0.5780812501907349
0.8312104344367981
0.7936731576919556
0.7621361017227173
0.5895029902458191
0.7773124575614929
0.6283221244812012
0.5697200298309326
0.8307405114173889
0.5937656164169312
0.8049083948135376
0.7341386675834656
0.6326064467430115
0.6079844832420349
0.7011758089065552
0.9123857021331787
0.45994946360588074
0.798644483089447
0.7068324089050293
0.7099692225456238
0.895865797996521
0.7163687348365784
0.5632565021514893
0.6160151362419128
0.6620802283287048
0.5089403986930847
0.729878306388855
0.667149543762207
0.7929470539093018
0.7268351316452026
0.5708465576171875
0.7429966330528259
0.5234454870223999
0.903846800327301
0.560781717300415
0.6218516230583191
0.8117787837982178
0.811577320098877
0.7287766933441162
0.6839136481285095
0.8037192225456238
0.3645305335521698
0.6266689300537109
0.8691675662994385
0.7377201914787292
0.8179072737693787
0.772178053855896
0.6641004085540771
0.8008691072463989
0.7988645434379578
0.9552695155143738
0.7335335612297058
0.7099871635437012
0.7033810615539551
0.7850037813186646
0.8625912666320801
0.510543704032898
0.8767855167388916
0.6777583360671997
0.7307695150375366
0.8694127798080444
0.5654208660125732
0.6312962174415588
0.5849176645278931
0.5917182564735413
0.6144707202911377
0.7548117637634277
0.8113918900489807
0.821900486946106
0.6689243316650391
0.8089557886123657
0.7652000784873962
0.7099359035491943
0.6616165041923523
0.6587036848068237
0.7107617855072021
0.32716938853263855
0.6563625335693359
0.5989353656768799
0.8858619928359985
0.895676851272583
0.689561665058136
0.8509237766265869
0.7446897029876709
0.8080641627311707
0.5940216779708862
0.6021335124969482
0.6174454092979431
0.8265594244003296
0.6820836067199707
0.6605419516563416
0.7351307272911072
0.7799766659736633
0.7559772729873657
0.6413043737411499
0.49057623744010925
0.7146602869033813
0.5529907941818237
0.8371375799179077
0.5376108884811401
0.5638204216957092
0.7796611785888672
0.7924500703811646
0.6997345685958862
0.6593731641769409
0.6832042932510376
0.7052009105682373
0.4542827904224396
0.7581794261932373
0.7868478298187256
0.8186248540878296
0.8084405660629272
0.7162140607833862
0.6764228343963623
0.5090993046760559
0.8001496195793152
0.6060972213745117
0.6975082159042358
0.6371777653694153
0.6616550087928772
0.7856112122535706
0.7436203956604004
0.6293938159942627
0.7547177076339722
0.5164709091186523
0.7153654098510742
0.7676861882209778
0.5366932153701782
0.7316833734512329
0.48802992701530457
0.9204045534133911
0.7900656461715698
0.5763031244277954
0.7855640053749084
0.5247563719749451
0.3273201882839203
0.7143087387084961
0.6281185150146484
0.9148834943771362
0.4996872842311859
0.7739843130111694
0.6804900169372559
0.6478096842765808
0.8183268308639526
0.629930853843689
0.6706671714782715
0.6533961296081543
0.2126854509115219
0.658645749092102
0.9681676626205444
0.6903876662254333
0.7056481838226318
0.21908636391162872
0.4349808096885681
0.5821200609207153
0.6129465103149414
0.6481613516807556
0.7073909044265747
0.8297773599624634
0.595130205154419
0.6918555498123169
0.6690255999565125
0.35767778754234314
0.7083600759506226
0.4760490953922272
0.432585209608078
0.6216323375701904
0.7007196545600891
0.715240478515625
0.7727447152137756
0.7667165398597717
0.46475526690483093
0.7049585580825806
0.6237976551055908
0.499451607465744
0.7259456515312195
0.7641936540603638
0.6945077180862427
0.6980481147766113
0.7293828725814819
0.535671591758728
0.7068350315093994
0.7502620816230774
0.6304070353507996
0.4934890568256378
0.7425109148025513
0.6842426061630249
0.6632645726203918
0.6600211262702942
0.7093421220779419
0.9094316959381104
0.6949481964111328
0.6557594537734985
0.5386905670166016
0.6850442886352539
0.8281821012496948
0.8402175903320312
0.7507333755493164
0.5738314390182495
0.7610028982162476
0.8109940886497498
0.7406580448150635
0.4625255763530731
0.3378375470638275
0.7402784824371338
0.7253543734550476
0.6737426519393921
0.6678014993667603
0.6781923770904541
0.5848140120506287
0.4533469080924988
0.6957356929779053
0.7594671249389648
0.7223979234695435
0.6779824495315552
0.6858834028244019
0.7340168952941895
0.4035545885562897
0.41680553555488586
0.7884079813957214
0.7912787199020386
0.6253302693367004
0.7184220552444458
0.7890991568565369
0.878547728061676
0.5460336208343506
0.7831178903579712
0.6327880620956421
0.7401127815246582
0.7325420379638672
0.608607292175293
0.9069012999534607
0.6478077173233032
0.3074564039707184
0.7202194929122925
0.6796876788139343
0.6606355905532837
0.650041937828064
0.7293103933334351
0.7382081747055054
0.682479202747345
0.49530938267707825
0.5749711990356445
0.7427050471305847
0.6773203611373901
0.6617380380630493
0.6293593645095825
0.4611642062664032
0.838215708732605
0.8586990833282471
0.8709254264831543
0.45364871621131897
0.5561920404434204
0.4184284508228302
0.8634014129638672
0.6711387634277344
0.5523701906204224
0.6494318246841431
0.46035972237586975
0.48454341292381287
0.6592878103256226
0.6390641927719116
0.5602378845214844
0.7639058828353882
0.8901541233062744
0.5628852248191833
0.6474931836128235
0.6174904108047485
0.4903889000415802
0.6065317988395691
0.9174163937568665
0.4517614543437958
0.4334159791469574
0.6736793518066406
0.6132029294967651
0.7113510370254517
0.7266886234283447
0.5649892091751099
0.5351451635360718
0.6021772623062134
0.7248954772949219
0.41780462861061096
0.7197058200836182
0.8034985661506653
0.8613107800483704
0.8467247486114502
0.43931806087493896
0.744900643825531
0.46728309988975525
0.7770217657089233
0.6766705513000488
0.5730708837509155
0.5848969221115112
0.5953803062438965
0.8209705948829651
0.29475539922714233
0.6232924461364746
0.7359124422073364
0.5077275037765503
0.7098084092140198
0.8546015024185181
0.4677150547504425
0.7892459034919739
0.7705539464950562
0.6449940800666809
0.37767401337623596
0.7926861047744751
0.8378239274024963
0.46024003624916077
0.7495479583740234
0.8427831530570984
0.8376755714416504
0.48322293162345886
0.8900232315063477
0.6481119990348816
0.7997269034385681
0.7955219745635986
0.8440452814102173
0.6576409935951233
0.6457215547561646
0.62787926197052
0.7496491074562073
0.6108730435371399
0.7755978107452393
0.9328349828720093
0.6659992933273315
0.7862764596939087
0.7010069489479065
0.7156316637992859
0.7579132914543152
0.7910380959510803
0.6546787023544312
0.5848701000213623
0.7490134835243225
0.6459217667579651
0.4628608524799347
0.6113598942756653
0.6050940752029419
0.6189687252044678
0.6151927709579468
0.8845078349113464
0.5250335931777954
0.69782954454422
0.6146925091743469
0.7156301736831665
0.7040226459503174
0.739710807800293
0.5930032730102539
0.8049010038375854
0.6625047922134399
0.7163127064704895
0.715033769607544
0.8557720184326172
0.44845476746559143
0.7579413652420044
0.5799176096916199
0.7955511808395386
0.7941850423812866
0.7589505910873413
0.483993798494339
0.5282770395278931
0.7444349527359009
0.5407339930534363
0.8936107754707336
0.772003173828125
0.4259296655654907
0.561784029006958
0.639846920967102
0.7490472793579102
0.5768969655036926
0.8757407069206238
0.6715138554573059
0.7145899534225464
0.719218373298645
0.49885281920433044
0.49199947714805603
0.8166643977165222
0.7963707447052002
0.7567563652992249
0.5934658050537109
0.45516932010650635
0.7837653160095215
0.6748809814453125
0.7190897464752197
0.6173378229141235
0.40301546454429626
0.778935432434082
0.6585096120834351
0.796542227268219
0.43023887276649475
0.7994223833084106
0.7413356900215149
0.5376880764961243
0.5648822784423828
0.7895990610122681
0.6916079521179199
0.6666367053985596
0.6306465268135071
0.6820497512817383
0.7899652123451233
0.7930401563644409
0.6095070838928223
0.5823093056678772
0.7513957619667053
0.8364077806472778
0.6042467951774597
0.76114821434021
0.7329343557357788
0.8760122060775757
0.8064329624176025
0.7654892802238464
0.5999172925949097
0.27100518345832825
0.4626642167568207
0.7771968841552734
0.5742648839950562
0.7247282266616821
0.6158726215362549
0.407705157995224
0.6747749447822571
0.8485562205314636
0.7940933704376221
0.7965450286865234
0.7441061735153198
0.7426385879516602
0.5960333347320557
0.728076696395874
0.7307731509208679
0.6229265928268433
0.7614537477493286
0.842984139919281
0.601923942565918
0.6414107084274292
0.7052747011184692
0.8550220131874084
0.421670526266098
0.6716576814651489
0.7984118461608887
0.5717365145683289
0.7129846215248108
0.9520279765129089
0.45848360657691956
0.763671338558197
0.6496432423591614
0.5851730108261108
0.5268827676773071
0.6781173944473267
0.5465478301048279
0.8369497656822205
0.7921745181083679
0.6616615653038025
0.7050865292549133
0.7252979874610901
0.6697566509246826
0.5213645696640015
0.7669793367385864
0.6819193363189697
0.7778903245925903
0.6988285183906555
0.6464082598686218
0.7005821466445923
0.6659799814224243
0.6774526834487915
0.7547613382339478
0.733437716960907
0.7590595483779907
0.7677844762802124
0.6655924320220947
0.6759000420570374
0.6997402906417847
0.6029391884803772
0.7093358039855957
0.7518997192382812
0.6518509387969971
0.7520809173583984
0.713343620300293
0.22685019671916962
0.6777905821800232
0.8224261999130249
0.6958457231521606
0.8435055017471313
0.8184183835983276
0.6876043677330017
0.4165165424346924
0.5527046322822571
0.7455995082855225
0.4362768232822418
0.5989280939102173
0.48902443051338196
0.31634441018104553
0.7740852236747742
0.6208242177963257
0.49434611201286316
0.792234480381012
0.8912171125411987
0.44883909821510315
0.7080063819885254
0.6484807729721069
0.5757107138633728
0.803031325340271
0.7176684141159058
0.6759280562400818
0.4304952323436737
0.5595941543579102
0.7555546164512634
0.7303491830825806
0.7994387745857239
0.5691663026809692
0.6428968906402588
0.6835879683494568
0.5987919569015503
0.7802441716194153
0.6929241418838501
0.36031386256217957
0.7355437874794006
0.7340476512908936
0.8035532236099243
0.6299663186073303
0.7404880523681641
0.6058011054992676
0.6701575517654419
0.9097535014152527
0.6398543119430542
0.6652485728263855
0.6850242614746094
0.5829466581344604
0.5138037204742432
0.6839137077331543
0.8087548613548279
0.6286882162094116
0.6613302230834961
0.4758394658565521
0.628557562828064
0.7687458992004395
0.4466341733932495
0.6225920915603638
0.9420198798179626
0.3065284192562103
0.7159890532493591
0.7235453724861145
0.49655333161354065
0.7553905844688416
0.9004385471343994
0.7750847339630127
0.5966996550559998
0.6824437975883484
0.5402929782867432
0.6126097440719604
0.7330341339111328
0.5503690242767334
0.6207684278488159
0.8579968214035034
0.7147108316421509
0.7083064317703247
0.7325526475906372
0.528323233127594
0.6333404779434204
0.6248026490211487
0.6482315063476562
0.7587125301361084
0.722795844078064
0.8494309186935425
0.6197184324264526
0.6314336061477661
0.8639743328094482
0.5989026427268982
0.7911869287490845
0.7392910122871399
0.8287864327430725
0.6848360300064087
0.5664792060852051
0.708050549030304
0.7050029039382935
0.7255072593688965
0.6042910814285278
0.6449850797653198
0.6210752129554749
0.6833187341690063
0.5993776917457581
0.9112982153892517
0.4762265384197235
0.5772966742515564
0.6254847049713135
0.7367089986801147
0.7069977521896362
0.4340517818927765
0.6541332602500916
0.6561121344566345
0.7682304382324219
0.5438019633293152
0.5902330875396729
0.6034132242202759
0.6067137718200684
0.7067074179649353
0.8752567768096924
0.626689612865448
0.7325679063796997
0.5214275121688843
0.7213495969772339
0.6451222896575928
0.6814150810241699
0.8274561762809753
0.7029255628585815
0.739904522895813
0.6745558977127075
0.2781551778316498
0.7826257944107056
0.7169883847236633
0.62584388256073
0.5399072170257568
0.714776337146759
0.7360213994979858
0.6639649868011475
0.4105110466480255
0.754010796546936
0.8400530815124512
0.847506046295166
0.8590844869613647
0.5577020645141602
0.668452262878418
0.7733581066131592
0.7357906103134155
0.6937893033027649
0.7987304925918579
0.6268702745437622
0.5712155103683472
0.4226072132587433
0.6939057111740112
0.8173608779907227
0.6525907516479492
0.6611684560775757
0.5561453700065613
0.6305422782897949
0.5962493419647217
0.731631875038147
0.6954532861709595
0.41199544072151184
0.7887251377105713
0.6396862268447876
0.7170152068138123
0.625896692276001
0.7161834836006165
0.652892529964447
0.7020277380943298
0.2660786807537079
0.6628810167312622
0.7261368632316589
0.8507201671600342
0.4983693063259125
0.7556846737861633
0.7500627040863037
0.6580300331115723
0.5086602568626404
0.532508134841919
0.817033052444458
0.6685436964035034
0.7847163081169128
0.13426943123340607
0.6841349601745605
0.3414344787597656
0.470948189496994
0.7030602693557739
0.8366442918777466
0.45569634437561035
0.7466785907745361
0.7858058214187622
0.6631647348403931
0.46137580275535583
0.7894196510314941
0.758647620677948
0.7767441272735596
0.8445224165916443
0.5658531785011292
0.6474254131317139
0.7071743011474609
0.6814110279083252
0.7505882382392883
0.7956300377845764
0.6733295917510986
0.6464676856994629
0.7553367614746094
0.31322523951530457
0.7351582646369934
0.7161562442779541
0.6339811682701111
0.5082212686538696
0.8841583132743835
0.7338207960128784
0.8739895820617676
0.6367613077163696
0.5201221704483032
0.5535669326782227
0.7291592359542847
0.4478400647640228
0.6185272932052612
0.7260133028030396
0.8697253465652466
0.8177012801170349
0.6982341408729553
0.3712959587574005
0.8009176850318909
0.6746224761009216
0.6228293180465698
0.7505785226821899
0.6680737137794495
0.7026713490486145
0.34788209199905396
0.713779091835022
0.6167094707489014
0.4916115701198578
0.7582970857620239
0.7607933282852173
0.6778397560119629
0.4935856759548187
0.6395692229270935
0.8986670970916748
0.6689614057540894
0.8271090984344482
0.571225643157959
0.7675867676734924
0.8442333936691284
0.5938108563423157
0.8374156951904297
0.6801978349685669
0.7840267419815063
0.6819676160812378
0.5936521291732788
0.6653903126716614
0.8407043218612671
0.45598238706588745
0.6081261038780212
0.7025668621063232
0.7206405401229858
0.4437943398952484
0.38556310534477234
0.4827345311641693
0.786474347114563
0.4164903461933136
0.5841044783592224
0.7655949592590332
0.5883579850196838
0.7673556804656982
0.4213893711566925
0.7208249568939209
0.6467622518539429
0.42944392561912537
0.4423227310180664
0.5670742988586426
0.4227723777294159
0.7327102422714233
0.5923334360122681
0.6850423812866211
0.7494046688079834
0.7408649325370789
0.7897771000862122
0.5445024371147156
0.581960141658783
0.7964552640914917
0.6851910948753357
0.6176996231079102
0.680335283279419
0.681351900100708
0.8022693395614624
0.6680669784545898
0.5584894418716431
0.5738635063171387
0.6243184804916382
0.7291216850280762
0.759853184223175
0.6373072266578674
0.6851463317871094
0.6868181228637695
0.6010216474533081
0.7107481956481934
0.7273558378219604
0.6664115786552429
0.7733116149902344
0.629084587097168
0.49115189909935
0.6207597255706787
0.8332005739212036
0.7314809560775757
0.7559486627578735
0.7887052893638611
0.7295189499855042
0.635623574256897
0.8142756819725037
0.5155651569366455
0.6029075384140015
0.8126955032348633
0.7209678888320923
0.24847666919231415
0.4215507209300995
0.7509459257125854
0.6404978036880493
0.6912746429443359
0.6296464800834656
0.6093448400497437
0.6870524883270264
0.4435355067253113
0.5964203476905823
0.744377851486206
0.5475190281867981
0.41053086519241333
0.7173470854759216
0.6437700390815735
0.7378337383270264
0.8425493240356445
0.47673651576042175
0.43540236353874207
0.7122964859008789
0.5742322206497192
0.47670885920524597
0.7415688037872314
0.5691405534744263
0.6388766765594482
0.7200636863708496
0.5171216726303101
0.5565181970596313
0.6734824180603027
0.6318573951721191
0.760810136795044
0.47894927859306335
0.8276064395904541
0.8171799182891846
0.6628345847129822
0.7921926379203796
0.6171666383743286
0.505630373954773
0.7161745429039001
0.3263199031352997
0.5531986355781555
0.7358626127243042
0.7003190517425537
0.8919333219528198
0.47909125685691833
0.6716169118881226
0.8061618208885193
0.6661364436149597
0.9102882742881775
0.6262521743774414
0.5755371451377869
0.5636407732963562
0.44497042894363403
0.8080098032951355
0.595129132270813
0.6164900064468384
0.70194411277771
0.6786891222000122
0.571755051612854
0.4980585277080536
0.4354233741760254
0.7794512510299683
0.45445945858955383
0.8853445053100586
0.7675594687461853
0.8619008660316467
0.3088621199131012
0.591195821762085
0.8937364220619202
0.4521300494670868
0.8307225704193115
0.606616735458374
0.626320481300354
0.40864911675453186
0.6419937014579773
0.7389559149742126
0.711362361907959
0.6290134191513062
0.6518161296844482
0.7430875897407532
0.8088685274124146
0.6859153509140015
0.7417142391204834
0.7264038324356079
0.6628999710083008
0.6087035536766052
0.6713827848434448
0.732492208480835
0.6284113526344299
0.7701220512390137
0.7488195896148682
0.6353330016136169
0.6644611358642578
0.74205482006073
0.5204222202301025
0.8655439615249634
0.5829234719276428
0.6316461563110352
0.6296281814575195
0.49088844656944275
0.6546726226806641
0.7033526301383972
0.7176963090896606
0.7938019037246704
0.3662302792072296
0.6769725680351257
0.7506435513496399
0.6910480260848999
0.6679915189743042
0.6601476669311523
0.5417433977127075
0.46076473593711853
0.700757622718811
0.8453999757766724
0.8451822996139526
0.6883721351623535
0.6881434321403503
0.7430751323699951
0.7213147878646851
0.9293376207351685
0.7011800408363342
0.5588711500167847
0.5977934002876282
0.8352463841438293
0.6923544406890869
0.7102458477020264
0.4652494490146637
0.7158786058425903
0.7523349523544312
0.7941297292709351
0.874468207359314
0.7043182849884033
0.64454185962677
0.6787630915641785
0.42260605096817017
0.720412015914917
0.6148205995559692
0.7862614989280701
0.762165904045105
0.7188708782196045
0.6234440207481384
0.671298623085022
0.8134639263153076
0.925828754901886
0.6958367228507996
0.5878220796585083
0.7708133459091187
0.5794156789779663
0.6440909504890442
0.5655763745307922
0.7513768672943115
0.680762529373169
0.8259768486022949
0.4202744662761688
0.8319188356399536
0.5907275080680847
0.7110024094581604
0.7880057692527771
0.7500477433204651
0.6849590539932251
0.7625439763069153
0.5601668953895569
0.6732572913169861
0.7867096662521362
0.7942058444023132
0.7802771329879761
0.5027074217796326
0.6352900266647339
0.5974030494689941
0.6784654259681702
0.7013986706733704
0.7814346551895142
0.7122189998626709
0.6193652153015137
0.8125537037849426
0.6485109329223633
0.652092456817627
0.7661839127540588
0.8786100149154663
0.680804431438446
0.46493420004844666
0.6190941333770752
0.7857384085655212
0.6501333117485046
0.7461858987808228
0.8897132873535156
0.6250660419464111
0.8245860934257507
0.7216417789459229
0.795303463935852
0.5284969210624695
0.4752022922039032
0.5856044292449951
0.7187355160713196
0.7400925755500793
0.6930447816848755
0.6693562269210815
0.7285460233688354
0.5796805620193481
0.4659203588962555
0.616647481918335
0.40434443950653076
0.6424461603164673
0.7577364444732666
0.6458792686462402
0.37491801381111145
0.6096286773681641
0.5893114805221558
0.7417616844177246
0.6212588548660278
0.5385863780975342
0.633733868598938
0.6658440828323364
0.7554068565368652
0.7979214191436768
0.641218364238739
0.6102561950683594
0.8109842538833618
0.7061543464660645
0.3925532400608063
0.7520694732666016
0.8771989941596985
0.5164511203765869
0.6089904308319092
0.8159126043319702
0.7649656534194946
0.7068508863449097
0.7587952613830566
0.5974332094192505
0.561072587966919
0.5521969199180603
0.6620216369628906
0.8040308952331543
0.5631425380706787
0.6323645114898682
0.6958156824111938
0.8218746185302734
0.6877474784851074
0.7789064645767212
0.38421639800071716
0.7639623284339905
0.7084506750106812
0.628944993019104
0.6674215793609619
0.8714977502822876
0.7089252471923828
0.509682297706604
0.579235315322876
0.6706022024154663
0.5832537412643433
0.6153308153152466
0.674034059047699
0.8560770153999329
0.6469247341156006
0.8635962009429932
0.6754348278045654
0.6430798768997192
0.7543703317642212
0.5381262302398682
0.7266855239868164
0.6284195184707642
0.5940143465995789
0.5207268595695496
0.9209000468254089
0.652765691280365
0.7305787801742554
0.5502035617828369
0.7289901971817017
0.7468246221542358
0.4527740776538849
0.7530393600463867
0.5264266729354858
0.755031406879425
0.5353023409843445
0.6671100854873657
0.839070737361908
0.607704222202301
0.7501036524772644
0.7197242975234985
0.6971101760864258
0.6643978357315063
0.5806909799575806
0.615800678730011
0.6709569692611694
0.41617587208747864
0.849550187587738
0.6865811347961426
0.45037683844566345
0.7128872871398926
0.7041908502578735
0.5237394571304321
0.9514089226722717
0.47243908047676086
0.6784210801124573
0.5294324159622192
0.8235875368118286
0.5472954511642456
0.5438936352729797
0.7470681667327881
0.6951940059661865
0.7686168551445007
0.7672364115715027
0.6974732875823975
0.7930648326873779
0.5094499588012695
0.7654359340667725
0.5933618545532227
0.46913769841194153
0.6885353326797485
0.6914368867874146
0.450266569852829
0.4821697175502777
0.6560428142547607
0.6873370409011841
0.4889613091945648
0.6744281053543091
0.7365038394927979
0.7800421714782715
0.711271345615387
0.8166741132736206
0.7562839388847351
0.5413930416107178
0.4929545819759369
0.6640269160270691
0.30160072445869446
0.6858930587768555
0.5921573638916016
0.7630839943885803
0.6898550391197205
0.5468536615371704
0.4717426002025604
0.7112582921981812
0.6531222462654114
0.7130719423294067
0.7329903244972229
0.6832762956619263
0.7406338453292847
0.7694567441940308
0.46997055411338806
0.7112665176391602
0.8718079328536987
0.7057579755783081
0.6195522546768188
0.4918768107891083
0.6305626630783081
0.7651705145835876
0.490654855966568
0.5420554280281067
0.8416439294815063
0.39191076159477234
0.4484654366970062
0.8387834429740906
0.7670174837112427
0.7471878528594971
0.6816662549972534
0.5172896981239319
0.7109048366546631
0.6495931148529053
0.7041390538215637
0.5993383526802063
0.5037499666213989
0.6378988027572632
0.3389720022678375
0.8733667135238647
0.643516480922699
0.39371708035469055
0.8250775337219238
0.7017230987548828
0.6819725036621094
0.6707619428634644
0.8942880034446716
0.712719202041626
0.6765473484992981
0.6735610961914062
0.7887520790100098
0.6648549437522888
0.7943214178085327
0.5727371573448181
0.7106894254684448
0.7813224196434021
0.6548475027084351
0.42928820848464966
0.5722272396087646
0.8719865083694458
0.7796472311019897
0.6078822612762451
0.6250054240226746
0.7991930246353149
0.7519853115081787
0.7887831330299377
0.5838464498519897
0.6244944334030151
0.6200964450836182
0.48055145144462585
0.832958459854126
0.6891665458679199
0.7505197525024414
0.646949052810669
0.5307633876800537
0.7876410484313965
0.771722674369812
0.5203158855438232
0.7084637880325317
0.4687539041042328
0.7783442735671997
0.8218016624450684
0.5055160522460938
0.6960810422897339
0.47793516516685486
0.7685756087303162
0.7859423756599426
0.7233535051345825
0.7284910678863525
0.7219315767288208
0.6220338344573975
0.5499166250228882
0.55035400390625
0.600368857383728
0.7648271918296814
0.38335636258125305
0.6957089304924011
0.7048371434211731
0.8444108963012695
0.6324734687805176
0.526328444480896
0.8266584873199463
0.7741597890853882
0.7405153512954712
0.62389075756073
0.8109940886497498
0.7128233313560486
0.5852801203727722
0.6728639602661133
0.6518609523773193
0.3044000566005707
0.6892856359481812
0.3729046881198883
0.7820669412612915
0.9363231062889099
0.7115957736968994
0.7233636379241943
0.4834960401058197
0.632088840007782
0.5246118307113647
0.8021187782287598
0.7264930009841919
0.8097028732299805
0.7736393213272095
0.5642452239990234
0.7874805331230164
0.5115624666213989
0.7496308088302612
0.7519611120223999
0.6882804036140442
0.15369300544261932
0.8249263763427734
0.6614073514938354
0.5655968189239502
0.48059865832328796
0.5418264269828796
0.45273086428642273
0.6873748302459717
0.6618936657905579
0.770733118057251
0.6408854722976685
0.7530743479728699
0.8694460391998291
0.9129666090011597
0.6903812885284424
0.2536453306674957
0.6750593185424805
0.7215772867202759
0.8361875414848328
0.7206233143806458
0.5954977869987488
0.6703134775161743
0.6196827292442322
0.8430204391479492
0.5002486705780029
0.735909104347229
0.5453039407730103
0.7977697253227234
0.8613071441650391
0.8794349431991577
0.692359209060669
0.4741155803203583
0.46058234572410583
0.7916886806488037
0.7153373956680298
0.732456624507904
0.8399200439453125
0.755200982093811
0.4115006625652313
0.7322064638137817
0.48700693249702454
0.7450255155563354
0.6938197612762451
0.5545005798339844
0.6759697794914246
0.524844765663147
0.7214441895484924
0.7251148223876953
0.6434578895568848
0.7453278303146362
0.7816445827484131
0.4586683213710785
0.8337677717208862
0.8007011413574219
0.7525433301925659
0.799872875213623
0.5282773375511169
0.875080943107605
0.7575598359107971
0.6615779399871826
0.3834746778011322
0.41610977053642273
0.46235355734825134
0.8322963714599609
0.43732568621635437
0.6839220523834229
0.7817609310150146
0.6052308082580566
0.6146245002746582
0.5283286571502686
0.698126494884491
0.6405675411224365
0.6267093420028687
0.31729385256767273
0.25592824816703796
0.6051007509231567
