0.7801154471014329
0.7105335939140893
0.7136363586977585
0.7473924284884583
0.7314983807584822
0.7311743759237834
0.6530844645045786
0.7191159213536041
0.7458383668163753
0.730671616007618
0.7283092384148175
0.7114352419350679
0.7407883306426668
0.7287146847103672
0.7546355781582617
0.7354443330283182
0.737588580233207
0.7474414249772114
0.7456328427724276
0.7680722915537698
0.7393786912702568
0.7589772492493968
0.7580357480569025
0.7303178758267597
0.7341574108626867
0.7673108551708709
0.7483707125291265
0.7296409993128441
0.761014235418622
0.7065356992694043
0.7556986012348559
0.7389301783656983
0.7156814357971506
0.729345893235372
0.7442301145763455
0.7322616619945734
0.7498112673104222
0.7340909088101776
0.7275682626274376
0.7590833579710974
0.7496134689690388
0.7643986588719731
0.7461324611530242
0.7819098746459834
0.7614785650633571
0.7590557642208277
0.7658542987380659
0.7012001683742151
0.6702692921796214
0.6849128600618988
0.7043203835010305
0.7721843419108595
0.7183471880972897
0.7762462764656451
0.7737113884919913
0.7379154364065911
0.7598307579826147
0.6941312038733767
0.7498499061448558
0.7808983411681542
0.7228079045662585
0.7724381303893446
0.7532647763661372
0.7390826879151073
0.7615497591788469
0.7680260657907886
0.7285956379433285
0.7350837854157237
0.6804876961483667
0.7857327651634001
0.7567262968018039
0.7411538944350966
0.7367797813813416
0.7774431332968317
0.7959277995031075
0.7639284198857892
0.7561324469566801
0.7722607439955986
0.741453595310716
0.7338824683578875
0.7632011310608761
0.7112232282831803
0.7006452547241955
0.7168599494598265
0.7443148694156951
0.7037597058273677
0.7074287094047971
0.7470261108187553
0.7686307216989418
0.768385924950886
0.7157473460489694
0.7139942877773842
0.7193738936763492
0.7556479404805159
0.7549319111174602
0.6744867750029813
0.7353348619002791
0.7246739197190664
0.7080536872388061
0.7457854494026304
