0.7078741136728819
0.641795779420012
0.7528799794089366
0.6965371203450221
0.7574120501810317
0.7066134418197678
0.7578481645452937
0.72916447077995
0.7460852402555529
0.7090907035860852
0.7045426219070934
0.7320218159319245
0.7539284660808147
0.7186521759737219
0.7613538748362793
0.7308390604060323
0.7519072482121434
0.7524430522789469
0.716848768253344
0.7352752122330004
0.7435467275315358
0.7138975072074326
0.7119485147224175
0.7459019244378454
0.7331714624816181
0.7346573699403186
0.7342358915309123
0.7358360388749887
0.7374338596458179
0.7372037838777705
0.7672108103706949
0.7408669961771658
0.7519412764704647
0.7211584595115205
0.7353372683886145
0.7384589788135913
0.754234050821716
0.7454713433740773
0.7363690619452483
0.7223210416782448
0.7074150727229878
0.725856016067016
0.7575797412736089
0.7490809442879435
0.726796922916536
0.7345082745679772
0.7191058030181203
0.758205814653653
0.7198373750606942
0.7747865328314858
0.7481002833964485
0.7705321319770918
0.7513133442986535
0.738770754409418
0.7292961746938399
0.7925902314014406
0.7559537814655484
0.7200157645080386
0.7442889320272339
0.7504471441781095
0.7801363807074438
0.7114421829205683
0.765552948329319
0.7436255649566
0.7460779458669327
0.7372050143953705
0.7751754904138057
0.743069025776669
0.7226190477871987
0.6992073205456293
0.7373584387076049
0.7067395796548652
0.7537242624607854
0.7108990685440225
0.7569424645691425
0.7148957366671229
0.7569290913822309
0.7596045288913944
0.7571790495281004
0.7620353753565341
0.7461343250919388
0.7596729353410977
0.7425731065648911
0.7541783171100529
0.7370825599854121
0.7552316888393686
0.7910882814216941
0.7459470691873442
0.7049484816252807
0.7293444375587006
0.7271625836278455
0.7302555961712438
0.7319706570952726
0.7600593320846316
0.7126610035729577
0.7492511551274678
0.7824180279693094
0.7387937561469008
0.7311473244620379
0.66172654964238
