0.5368169204230107
0.5571574289357234
0.6689042226055653
0.6008010200255006
0.27406097416826447
0.5342993078449741
0.4705557638940974
0.48390309757743954
0.48370959273981856
0.5337778444461112
0.45627090677266935
0.46255306382659567
0.5990579764494113
0.5011160279006976
0.505500637515938
0.5583289582239556
0.5433450836270908
0.5393639840996026
0.5247656191404786
0.372967824195605
0.40309607740193515
0.42767569189229737
0.4488022200555014
0.42841221030525767
0.5142938573464337
0.4535905043772264
0.6427885697142429
0.41750393759844
0.5526918172954325
0.4966594164854122
0.3813505256016199
0.48675616890422274
0.5204200105002625
0.4697592439810996
0.5290002250056252
0.37596939923498096
0.3492177304432611
0.3615735393384835
0.4975264381609541
0.43802595064876626
0.48133953348833725
0.48021750543763597
0.5592619815495389
0.404683117077927
0.3426070651766295
0.42270306757668946
nan
0.40989724743118583
0.43355283882097057
0.474359858996475
nan
0.48907072676816926
0.42644866121653047
0.37652291307282687
0.4139773494337359
0.42863871596789926
0.33039075976899424
0.4698402460061502
0.44238655966399165
0.5443276081902049
0.5472481812045302
0.36839270981774547
0.4333623340583515
0.39285982149553744
0.508452711317783
0.4269286732168305
0.4786664666616666
0.6478826970674268
0.5821570539263483
0.42114302857571445
0.49941948548713727
0.44079501987549696
0.5504972624315608
0.5494697367434186
0.33838595964899126
0.4066781669541739
0.40598364959123984
0.4903607590189755
0.3220220505512638
0.5492522313057827
0.4191164779119479
0.38980724518112964
0.3815555388884723
0.5534883372084303
0.48054901372534325
0.3814715367884197
0.5131853296332409
0.47898147453686346
0.4930338258456462
0.30211055276381915
0.49566489162229066
0.6129003225080628
0.6148758718967975
0.5482427060676518
0.4820955523888098
0.5418090452261307
0.4590789769744244
0.44897022425560645
0.543699092477312
0.5002760069001726
