0.3625959592184375
0.5206555163879097
0.5620760519012976
0.5006945173629341
0.32810320258006453
0.6621180529513239
0.5904012600315008
0.38310507762694074
0.382308995529828
0.42683867096677425
0.39369084227105683
0.4009810245256132
0.3893257331433287
0.5953528838220957
0.702932573314333
0.4964134103352585
0.5688262206555165
0.5161074026850672
0.44817970449261235
0.48865821645541146
0.4750933773344334
0.7492747318682967
0.5224945623640592
0.4835475886897173
0.6126303157578941
0.48046801170029263
0.5414070351758794
0.4810950273756845
0.5214625365634141
0.4467291682292058
0.4352538813470337
0.6929558238955974
0.4617820445511139
0.6122148053701343
0.5032835820895524
0.5048016200405011
0.49236480912022806
0.4509772744318608
0.399353483837096
0.5258921473036827
0.5074686867171679
0.3919350181345273
0.5102047551188781
0.5513822845571139
0.4072856821420536
0.42559813995349893
0.4001770044251107
0.5037410935273383
0.5265896647416186
0.5808490212255307
0.3401740043501088
0.4372294307357685
0.48341426663704995
0.5364404110102754
0.5567824195604891
0.5311017775444387
0.6075046876171906
0.5169594239855997
0.47665641641041034
0.5361494037350935
0.45522988074701876
0.4529738243456087
0.7141768544213606
0.5008010200255008
0.3157968949223731
0.5511347783694592
0.4942323558088953
0.5480207005175131
0.4632085802145054
0.5117782944573616
0.6132153303832596
0.42743118577964456
0.5656476411910298
0.44313807845196135
0.4530113252831321
0.38881572039300993
0.5840726018150454
0.5233555838895974
0.44425410635265883
0.45414535363384084
0.5521368034200855
0.4826250656266407
0.5585239630990776
0.5218075451886298
0.5263541588539714
0.5188374709367735
0.5483162079051976
0.6030630765769145
0.5210050251256282
0.3593249831245781
0.4442616065401636
0.47606390159754
0.38055844971142405
0.3721158028950724
0.4224885622140554
0.4534418360459012
0.5467126678166955
0.43920648016200414
0.5312007800195006
0.4759003975099378
