0.42121503037575947
0.5001005025125629
0.472558313957849
0.5331073276831921
0.5434770869271732
0.43323033075826906
0.4447611190279757
0.4841911047776195
0.46723318082952076
0.4061531538288458
0.3885532138303458
0.45205430135753405
0.5246726168154204
0.5716582914572865
0.4087317182929574
nan
0.41538738468461717
0.4396369909247732
0.46860271506787676
0.43790444761119035
0.4820295507387685
0.4658426460661517
0.541131028275707
0.5247896197404935
0.5168589214730369
0.4751713792844821
0.49941648541213535
0.3701015247517498
0.5250986274656867
0.3953618840471012
0.45533938348458713
0.4725913147828696
0.4093047326183155
0.41371934298357466
0.3955193879846997
0.5341333533338335
0.3312928895148594
0.4937808445211131
0.3806931600889641
0.3654706367659192
0.3624135603390085
0.5015045376134404
0.43586889672241813
0.4574994374859372
0.4376554413860347
0.43393084827120687
0.3689523621662159
0.5050326258156455
0.44812870321758047
0.34272256806420165
0.42395709892747324
0.4672598622250989
0.39978099452486315
0.42771319282982084
0.49752343808595223
0.47662041551038786
0.5093062326558165
0.4343853596339909
0.36827824487756455
0.5294247356183905
0.49465086627165683
0.39777862457948077
0.4641476036900923
0.3685787144678617
0.681756543913598
0.5475091877296934
0.49028575714392864
0.3920243006075152
0.6513282832070804
0.590420760519013
0.4974379359483988
0.48853521338033457
0.4935123378084452
0.44544063601590045
0.45218180454511364
0.48045301132528323
0.40465611640291016
0.4503157578939474
0.49551788794719875
0.4607860196504914
0.45870546763669096
0.37943598589964755
0.39501387534688376
0.48360609015225386
0.5215180379509489
0.5152328808220206
0.4622890572264307
0.36441911047776204
0.3837110927773195
0.45531538288457213
0.5386064651616291
0.4522433060826521
0.5218930473261832
0.49519837995949906
0.5359978999474988
0.41454286357158937
0.36673216830420763
0.46352658816470416
0.42413260331508296
0.5184714617865448
