0.03571428571
0.07925636007999999
0.055295220240000005
0.00389105058
0.0570719603
0.1304347826
0.06422018349
0.0049975012499999995
0.060582822089999995
0.03147058824
0.060498220639999996
0.16126482209999998
0.1041666667
0.07853982301000001
0.12
0.0
0.052423343219999995
0.024916943520000002
0.04
0.1481086841
0.0790960452
0.007924715209999999
0.06832740214000001
0.09262759924
0.11332503109999999
0.07153502235
0.014402003759999999
0.025641025640000002
0.00114416476
0.02361275089
0.02567760342
0.01102362205
0.18136439270000002
0.022193211490000003
0.00576923077
0.06951871658
0.14002879769999999
0.11421319799999999
0.06946107784
0.01862197393
0.03393213573
0.00342465753
0.0166520596
0.04122011542
0.16271721960000002
0.03986710963
0.01384083045
0.02962475313
0.1759259259
0.07060518732
0.09387755102
0.01796407186
0.1136363636
0.03564727955
0.01517706577
0.005192108
0.08472222221999999
0.07961399276
0.1060606061
0.13630229419999998
0.00082236842
0.03225806452
0.08034498410999999
0.0004048583
0.10540915399999999
0.09333333333
0.03968253968
0.06237006237
0.12192262599999999
0.1015037594
0.12258643920000001
0.1179201486
0.07792207792
0.1068276823
0.07417218543
0.054862842890000006
0.07230046948
0.1282051282
0.006306306310000001
0.10430839
0.043912175649999996
0.03159173755
0.16157989229999997
0.018230562999999998
0.11317567569999999
0.05103448276
0.00229960578
0.051699716709999996
0.07191568506
0.01779553296
0.09025354734
0.1943661972
0.040029112080000005
0.02159827214
0.08267716535
0.09059233449000001
0.07085714286
0.11281708950000001
0.02965403624
0.07888631089999999
0.00676183321
0.2189054726
0.01506024096
0.00790513834
0.05387205387
0.06225680934
0.04754601227
0.0055648302699999996
0.1291968842
0.0415879017
0.11252268600000001
0.1046025105
0.040336134450000005
0.01522248244
0.08393632416999999
0.05295950156
0.09113300493000001
0.02671118531
0.05275779376
0.08740894901000001
0.01141853316
0.0035260930899999997
0.08213716107999999
0.054959785520000005
0.024096385539999998
0.09500805153
0.00137551582
0.014184397159999999
0.2481943533
0.08048993876
0.08455882353
0.0813648294
0.07247298156
0.06802721088000001
0.09355509356000001
0.06654835847
0.1260568793
0.02196969697
0.055147058820000004
0.053070507960000006
0.07566765579
0.1391862955
0.12433155080000001
0.1905920519
0.06970509383
0.2338449111
0.02596714361
0.1184210526
0.273381295
0.022240527179999997
0.03460207612
0.09982935154
0.0252293578
0.0
0.2296803653
0.1961798647
0.04186795491
0.01963993453
0.1030235162
0.08498253783
0.11563169159999999
0.1526946108
0.05959302326
0.1285714286
0.04593639576
0.09328782708
0.08589835361
0.03492063492
0.058620689659999996
0.050653594770000004
0.12074001949999999
0.09177820267999999
0.0059021922400000005
0.08835341364999999
0.03440366972
0.1035031847
0.08707607699
0.07829181495
0.00301204819
0.05132743363
0.07376478775
0.1663865546
0.1021599533
0.167425392
0.03164029975
0.05263157895
0.10434782609999999
0.00167785235
0.045622688040000005
0.06373626374
0.1203187251
0.1332904057
0.1180555556
0.07451403888
0.1596774194
0.00268096515
0.1717483597
0.01357904947
0.02310231023
0.06663113006
0.05991902834
0.00460564191
0.03709677419
0.1122244489
0.0472972973
0.20512820510000002
0.033860045150000004
0.05689655172
0.01836969001
0.1144534116
0.08269525268000001
0.03653585927
0.00174825175
0.1127819549
0.16687737039999997
0.00970873786
0.07051909892000001
0.00824175824
0.1124535316
0.059125964010000004
0.0652173913
0.03692762186
0.0
0.008012820510000001
0.03455964326
0.01907968575
0.06109979633
0.008920606599999999
0.009523809519999999
0.07661822985
0.060344827590000004
0.136686009
0.04184100418
0.23358449950000001
0.00253592561
0.00612244898
0.02806122449
0.01902748414
0.0122324159
0.03696332101
0.00737100737
0.06208769887
0.107400722
0.02109704641
0.0018773466799999999
0.04578313253
0.16043956040000001
0.1132275132
0.1112656467
0.01607717042
0.0739056282
0.00927835052
0.19408867000000002
0.00214362272
0.05394190871
0.02623906706
0.10535714289999999
0.09697439876000001
0.07392996109
0.17540983610000002
0.05359317905
0.0208913649
0.0088691796
0.05361305361
0.00483091787
0.008048289739999999
0.10950413219999999
0.0784856879
0.026334026330000003
0.0028116213699999996
0.10440835269999998
0.1494949495
0.16444444440000003
0.108541765
0.0024024024
0.0304526749
0.0381268131
0.00261248186
0.07692307692
0.1155143339
0.1134502924
0.247148289
0.01269035533
0.0971810089
0.04919678715
0.04262086514
0.03465346535
0.11502347419999999
0.12365591399999999
0.02186588921
0.2021834061
0.04875804968
0.1059390048
0.129476584
0.0204359673
0.03931847969
0.1090387374
0.1322992701
0.1638269987
0.02424242424
0.08996539792
0.04596100279
0.1646825397
0.1459940653
0.02363367799
0.06603773585
0.04545454545
0.08295281583
0.01365187713
0.140625
0.006616257089999999
0.0739466896
0.05334335086
0.02377414562
0.09053738318
0.056587837839999995
0.01662049861
0.01901408451
0.00731382979
0.05006954103
0.07518796992
0.061335403729999995
0.1116071429
0.1234817814
0.05575539568
0.02262443439
0.1127819549
0.05482041588
0.0066613376
0.02463382157
0.09522148587
0.03826530612
0.1284567351
0.09560723514
0.08193979933
0.12481089259999999
0.06088825215
0.00904977376
0.08521970706
0.006772009030000001
0.03767266639
0.04456606724
0.1264880952
0.11627906980000001
0.10054644809999999
0.06741573034
0.129822732
0.1135857461
0.00961538462
0.0904159132
0.01805869074
0.03150684932
0.19603960399999998
0.051671732520000006
0.0016103059599999999
0.0036630036599999997
0.013020833329999999
0.07381615598999999
0.1039215686
0.06618407446
0.01592568016
0.1556064073
0.1190878378
0.09566787004
0.1662946429
0.04659498207999999
0.07097361237000001
0.1295025729
0.02412868633
0.02721088435
0.03414634146
0.12450787399999999
0.3443579767
0.1324022346
0.16951501149999998
0.110604333
0.00129032258
0.02160493827
0.119515885
0.1791304348
0.00506970849
0.03668639053
0.06868131867999999
0.06661442006
0.03886397608
0.03992740472
0.05204460967
0.00799086758
0.09253731343
0.10842726779999999
0.1474926254
0.08159866778
0.06566604128
0.054098360660000004
0.1176470588
0.09594594595
0.22460159359999998
0.1085173502
0.1076881134
0.2569786535
0.07401315789
0.06889952153000001
0.08014571949
0.05984555985
0.02089009991
0.02141327623
0.1491712707
0.09846698113
0.11209114299999999
0.0
0.022851153040000002
0.1335301837
0.1154458599
0.1088295688
0.07715582451
0.1125050587
0.08433734940000001
0.03283369022
0.08326908250000001
0.1413690476
0.038696537680000004
0.08325537885999999
0.07357212004
0.08719723183
0.05806451613
0.01414677277
0.04242424242
0.13545816730000002
0.133289987
0.1320450886
0.1226499552
0.01902748414
0.07860262009
0.1333333333
0.00058616647
0.06822938468
0.09128630705000002
0.1596899225
0.0
0.02455661664
0.0054200542
0.10268199230000001
0.07692307692
0.026995305159999997
0.0323699422
0.01564380265
0.00779220779
0.04892966361
0.05882352941
0.1567717996
0.08525345622
0.04626865672
0.0
0.03368832862
0.07528957529000001
0.00035360679
0.1683168317
0.1314984709
0.05820533549
0.0791015625
0.09056917324000001
0.09943714822000001
0.08282208589
0.1057023644
0.1354770691
0.09383145090999999
0.04410441044
0.08294930876
0.07332402235
0.0
0.11199999999999999
0.0
0.026058631920000002
0.08958837772
0.1257078143
0.03415941058
0.05721830986
0.1736694678
0.09348093481
0.01534296029
0.04818949088
0.08695652173999999
0.09949832775999999
0.00452488688
0.020846494
0.1369641413
0.07239057239
0.1318518519
0.06666666667
0.08221797323
0.1370851371
0.09355828221
0.01653398653
0.10584192440000001
0.07280513918999999
0.035010940920000004
0.1982570806
0.012309920350000001
0.06355645707
0.04947368421
0.07715133531
0.029336734689999998
0.06615532119
0.04715127701
0.04533091568
0.16521739130000002
0.07221350078000001
0.06976744186
0.08450704225000001
0.02850877193
0.09824198552
0.019722425130000002
0.04041720991
0.1106639839
0.01237113402
0.11678115800000001
0.141499472
0.09420289855
0.00373134328
0.06533776301
0.20304182510000002
0.05138148328
0.01697127937
0.0390625
0.00688194812
0.08333333333000001
0.052941176470000004
0.01219512195
0.03134328358
0.03404255319
0.008130081300000001
0.060213414629999996
0.049549549549999995
0.06845637584
0.01063829787
0.103202847
0.028248587569999997
0.03820401733
0.1372934697
0.1082802548
0.06793478261
0.024142312580000002
0.08510638298
0.044052863440000006
0.00745412844
0.1327063741
0.1233082707
0.16933096509999998
0.13657056150000002
0.06902899218
0.1022544283
0.125717566
0.11563169159999999
0.08804306036
0.01400233372
0.09443507589
0.05257531584
0.053333333329999996
0.1044444444
0.09090909091
0.2174432497
0.21515601780000002
0.1304347826
0.09019607842999999
0.1619496855
0.06441048035
0.03929273084
0.01440092166
0.1126302083
0.06124314442
0.05434782609
0.01219512195
0.133378933
0.08246445498
0.1242324043
0.07658833768000001
0.1585956416
0.029004908519999997
0.03723404255
0.00421294523
0.026408450700000002
0.09649484536
0.08932661474999999
0.01095100865
0.05897435897
0.02059925094
0.1542145594
0.02853745541
0.0692497939
0.06759259259
0.2647903504
0.08431603773999999
0.1075581395
0.03580729167
0.09253065775
0.01167315175
0.1814516129
0.03355704698
0.1640625
0.12531328320000001
0.06313834725999999
0.05723370429
0.0314232902
0.00656167979
0.23684210530000002
0.1271777003
0.07466918715
0.06451612903
0.10897435899999999
0.09704142012
0.1495098039
0.08211678832000001
0.08300704777
0.04033379694
0.00658978583
0.1296875
0.1244329229
0.04049079755
0.07888631089999999
0.00105596621
0.184735051
0.1121495327
0.02432432432
0.01967213115
0.09972899729
0.1296791444
0.010968921389999999
0.22070844690000002
0.052117263840000004
0.05348837209
0.05481481481
0.1162420382
0.06827880512000001
0.1080835604
0.06878850103
0.10857142859999999
0.01258992806
0.09937238494
0.1136363636
0.055851063830000006
0.03776683087
0.00496688742
0.1124401914
0.1451414514
0.06933333333
0.03470254958
0.00578201792
0.045045045049999996
0.1631477927
0.07759649821
0.07868383405
0.05958549223
0.03821964199
0.05108556833
0.1232876712
0.10312075979999999
0.09738372093
0.03088441741
0.10592686000000001
0.011337868479999999
0.057409879840000004
0.14500683990000002
0.2033997655
0.06786850477
0.05032822757
0.1378555799
0.1309441764
0.07930720145999999
0.09743589743999999
0.09788359787999999
0.00613496933
0.09111617312
0.02325581395
0.02127659574
0.04699738903
0.00128949065
0.01672240803
0.09669211196
0.09442216550999999
0.08712121212
0.032819825850000005
0.10619469029999999
0.02822865208
0.107584723
0.14022662889999998
0.09566596195
0.0616
0.09341825902
0.06180257511
0.16397228640000003
0.01255230126
0.04858803987
0.1261682243
0.0592459605
0.0668824164
0.06612784717
0.07977991747
0.00409836066
0.03272377286
0.1020776874
0.1183206107
0.00821917808
0.17391304349999998
0.04743712194000001
0.09565217390999999
0.06232294618
0.0047318612
0.07852077000999999
0.09686609687
0.007073386379999999
0.05664488017
0.04810495627
0.03978052126
0.24865535789999998
0.06764466178
0.1263537906
0.01949317739
0.1420187793
0.04276985743
0.05485544848
0.04200323102
0.014038876890000001
0.01963746224
0.049844236759999994
0.200532978
0.03424657534
0.01878453039
0.1361256545
0.03490401396
0.05678421996
0.2086513995
0.03174603175
0.11367380560000001
0.05084745763
0.045985401460000006
0.041666666670000005
0.1316998469
0.027200000000000002
0.04857621441
0.02708978328
0.1135902637
0.1004709576
0.1049798116
0.1150070126
0.120576671
0.08923375364
0.00975081257
0.03953488372
0.007125890740000001
0.2313273581
0.01886792453
0.0498392283
0.00261096606
0.03969754253
0.01098901099
0.1831783259
0.0459057072
0.1438791733
0.1067753002
0.0
0.03546099291
0.060400516800000005
0.01051051051
0.1389776358
0.00209424084
0.1138996139
0.08574380165
0.01067615658
0.06240713224
0.07594936709
0.01869722557
0.06398940865
0.06616862327
0.1382793452
0.052068267280000004
0.1292090838
0.1390220518
0.023297491039999996
0.054197662060000006
0.09945945946
0.1466346154
0.09433962264
0.00967964969
0.00073800738
0.08863198458999999
0.043024771839999996
0.09859154930000001
0.013333333329999999
0.055999999999999994
0.08390022675999999
0.011682242990000001
0.1225860621
0.022379912659999997
0.0
0.1488095238
0.0
0.06803594352
0.2753950339
0.01842170774
0.09322033898000001
0.07840083074
0.041304347830000004
0.17641996559999998
0.01824425842
0.0
0.09752616555999999
0.18628404669999998
0.02014218009
0.17749757519999998
0.0625
0.037144938089999996
0.1508295626
0.02748585287
0.02631578947
0.09523809524
0.00529100529
0.00947306098
0.06278855032
0.01621621622
0.08383233533000001
0.1714285714
0.056426332290000006
0.13971742539999998
0.07826086957
0.1
0.00626959248
0.1295577967
0.13452914800000002
0.046579330419999995
0.094
0.18424101969999998
0.00315457413
0.08892525914
0.12391930840000001
0.06610547165
0.0515995872
0.1918307805
0.1158690176
0.08488964346
0.07586206897
0.09009009008999999
0.1085645356
0.08316115701999999
0.010516252390000001
0.11813643929999999
0.08978873239
0.08967391304
0.0
0.06177370031
0.10755148739999999
0.06967213115
0.1010004764
0.00678733032
0.010025062659999999
0.10897435899999999
0.03255340793
0.06745362563
0.00890868597
0.07218683652
0.02493074792
0.046853625169999996
0.1221864952
0.19437340150000001
0.037094281300000004
0.059101654850000004
0.09199134198999999
0.04444444444
0.09993381866
0.02029520295
0.11242603550000001
0.0025
0.02068965517
0.06843737883
0.0099378882
0.08379888268
0.0012886597899999998
0.01741293532
0.1544401544
0.01494396015
0.182912154
0.07124352332
0.00054024851
0.06019030759
0.07504263786
0.0925
0.07534983854
0.0202020202
0.05263157895
0.105513308
0.07628004179999999
0.0351758794
0.0
0.06279434851
0.03306613226
0.05537459282999999
0.02196382429
0.00557685605
0.061855670099999996
0.02592592593
0.03416856492
0.03877221325
0.08521165476
0.02168674699
0.07542983916
0.031339031340000004
0.04301075269
0.046692607
0.081
0.1002638522
0.0066793893100000005
0.05279503106
0.030821917810000002
0.1383495146
0.16412213739999998
0.03639417693
0.10460652590000001
0.1049457177
0.03606965174
0.041274438809999994
0.01269393512
0.01921252372
0.00089552239
0.02114029468
0.1992753623
0.06295399516
0.02568807339
0.0
0.01290322581
0.022357723580000002
0.0
0.1597510373
0.00112739572
0.1355932203
0.1161290323
0.06506849315
0.00101936799
0.08243243243000001
0.09075907591
0.00586166471
0.00075037519
0.1287830006
0.0858662614
0.025562372189999998
0.07920792079
0.07488986784
0.05012531328
0.04849498328
0.00143472023
0.01158301158
0.00540865385
0.1209927611
0.00264550265
0.09147771697
0.03958201393
0.006092916980000001
0.17211228720000002
0.07939508507
0.05224429728
0.05813953488
0.16290322580000002
0.05172413793
0.05639097744
0.05534591195
0.04491725768
0.03076923077
0.0024183796900000003
0.055
0.1394611727
0.06287425149999999
0.1504934211
0.0355987055
0.06756756757
0.35597548519999994
0.1031390135
0.01587301587
0.044192634560000006
0.048192771079999995
0.08157524613
0.02325581395
0.09961501444
0.1449511401
0.09233023937000001
0.1355932203
0.049214659689999996
0.128959276
0.05764966741
0.05073995772
0.00511182109
0.05099778271
0.013846153850000001
0.0957562568
0.2855140187
0.03358208955
0.08595387841
0.11748633879999999
0.039692307690000005
0.053327645050000004
0.00931677019
0.01928895613
0.009387572640000001
0.07625272330999999
0.18806214229999998
0.1780016793
0.03213844252
0.040268456380000005
0.04844061048000001
0.02545210985
0.09599422591
0.05562742561
0.0748700992
0.03578528827
0.0196969697
0.03773584906
0.08422026839
0.143442623
0.07369196758
0.06965944271999999
0.05778491172
0.05198358413
0.1554878049
0.1375
0.16370808679999999
0.01307189542
0.1493174061
0.0564281559
0.03282828283
0.010416666670000001
0.09328782708
0.06524184477
0.030981067129999998
0.07283763278000001
0.056047197640000004
0.18333333329999998
0.08177339901
0.057142857139999996
0.11074380169999999
0.03778135048
0.0690747782
0.1558441558
0.0210755814
0.00611060189
0.029268292680000002
0.03453947368
0.05743243243
0.05306495883
0.102739726
0.08651685393
0.04838709677
0.0127245509
0.08058608059000001
0.06856272219
0.0
0.05385638298
0.04282407407
0.07261410788
0.0316091954
0.06069958848
0.021739130430000003
0.012345679009999999
0.048019207679999995
0.03448275862
0.00287356322
0.03341433779
0.0085106383
0.012269938650000001
0.027235354570000002
0.1078904992
0.02109704641
0.09372797745
0.05231689088
0.1113402062
0.0008873114499999999
0.07830342576999999
0.05021520802999999
0.00442477876
0.04159869493999999
0.020833333330000002
0.01897069872
0.03167420814
0.05785667324
0.164365549
0.04939919893
0.021768707479999996
0.03981623277
0.08968609864999999
0.0038486209100000003
0.142475512
0.00322580645
0.04060913706
0.0119760479
0.1402557148
0.05125558995999999
0.08371385083999999
0.09545875811
0.05033809166
0.08163265305999999
0.051018073670000004
0.04530313125
0.07053140097
0.0671641791
0.03643284394
0.042723631510000006
0.11762652709999999
0.050724637680000004
0.03531720078
0.00268096515
0.1643835616
0.08709677419
0.00576368876
0.15295815299999999
0.3259853039
0.03299492386
0.07147912243
0.01837270341
0.01130653266
0.1646216769
0.08651911469
0.0032715376200000003
0.1465187452
0.19275123560000001
0.10121457489999999
0.06531610199
0.102739726
0.02502017756
0.1325648415
0.047058823529999995
0.05909090909
0.09239766081999999
0.08102493075
0.1064908722
0.08430232558
0.0667903525
0.022734654110000002
0.1537242472
0.04179104478
0.043715846989999994
0.06490134995
0.104223944
0.1221995927
0.049479166670000005
0.07028753993999999
0.07053571429
0.014619883039999998
0.04784899034
0.08446455505
0.05555555556
0.033962264150000004
0.07013574661
0.043256997459999995
0.1310344828
0.09407665505000001
0.0664556962
0.03934740883
0.07317073170999999
0.1143168209
0.041139240509999994
0.01483420593
0.07720588235
0.02928870293
0.06846846847
0.06282722513
0.0625
0.08972816935000001
0.11578947369999999
0.08898305085000001
0.011793746570000001
0.01374570447
0.05995864921
0.1755905512
0.00436681223
0.1974248927
0.1807967314
0.05855855856
0.08438818565
0.114490161
0.1794425087
0.09187279152
0.11719939119999999
0.01960784314
0.07825086306000001
0.05665419562
0.10084033610000001
0.06645817045
0.01865671642
0.04530011325
0.04873477038
0.03895004234
0.011152416359999999
0.045871559629999996
0.08504983389
