0.33667335011712135
0.3678692331454175
0.3894524706758201
0.3392843819312547
0.3451610150522413
0.37032915608106776
0.36686779071838627
0.37049905783761566
0.3584821021843011
0.3751476146697679
0.35398247449242387
0.3514637575369973
0.35240976391932977
0.3450889658676858
0.3821108178315902
0.3586262594652556
0.3618425515591301
0.3490373554402777
0.3267624339557735
0.354916875241594
0.3609205812089307
0.3620137011278379
0.36287374446711035
0.33527148389007055
0.368766165962145
nan
0.37103757099871293
0.33369773991853385
0.36965125749833644
0.13934218034087636
0.35649524135166055
nan
0.3192272557057669
0.38339686337439227
0.22299086247843192
0.2905664082135365
0.3693501001545525
0.35777622047592483
0.14292343130500554
0.3420150047876184
0.40212994591804424
0.3688819866463937
0.13819380693159572
0.3420889391511648
0.36440068053783353
0.36482354975021253
nan
0.3792406328180621
0.2981887170800252
0.3364569080042375
0.22536877672268443
0.38259365930061473
0.36509295361036986
0.35585327899344193
0.35801292826296005
0.37752494320088276
0.36562522211606
0.37694831407706475
0.38959857204760895
0.32402291541104683
0.20988139543658857
0.2628039074222768
0.4029522963409473
0.3515056438576997
0.2168195610649389
0.34412664090471407
0.24419754425391418
0.3731725362058201
0.35804438718736936
0.2778707292116822
0.4003663609721293
0.25879366041404844
0.35934221509886416
0.35375083312392647
0.32626015157840604
0.3511584277960225
0.39005502101076195
0.3830980625043468
0.34208316579050535
0.37079232099437553
0.33799539079627944
0.35142405095450313
0.377225729947933
0.36637222429117366
0.3526981963049256
0.3395418855990325
0.3798216803301398
0.36783471080514807
0.37328293700047016
0.42296170397323
0.3670850575970786
0.3633190590918488
0.21452276502383835
0.33856771935552465
0.3870756723512965
0.380603087021836
0.2618811712181124
0.2677107926880153
0.35072152722120425
nan
