0.6950044
0.3935502
0.14441258
0.48948404
0.11857818
0.43779132
0.28241363
0.56344295
0.349446
0.6010109
0.41515076
0.46311462
0.36897036
0.69820285
0.55789053
0.40698305
0.5098958
0.019769358
0.058393076
0.19742818
0.1366371
0.63133526
0.30510858
0.8175324
0.6341648
0.0050694025
0.005815693
0.6565994
0.100761436
0.45294517
0.04207382
0.2905517
0.6927054
0.52801317
0.7756192
0.5330419
0.6408046
0.75053406
0.26127985
0.6921247
0.5881455
0.60966974
0.6505282
0.30663225
0.45145914
0.4058711
0.62871623
0.47368318
0.5361567
0.56096005
0.089105
0.6192167
0.61272717
0.4135021
0.7382506
0.39709085
0.20763619
0.5044755
0.87678945
0.57594395
0.009760989
0.5507232
0.1718507
0.10062177
0.38951966
0.8010968
0.45879436
0.09022359
0.20542517
0.50421596
0.7602964
0.20107366
0.72260666
0.51447564
0.27490476
0.38193622
0.3079102
0.5364351
0.3601131
0.24008176
0.40971658
0.16864525
0.60243726
0.6651796
0.26207548
0.60811955
0.5040632
0.13065547
0.63555634
0.24423127
0.42050958
0.62599635
0.2800978
0.7086394
0.1119246
0.5673466
0.8920179
0.3185531
0.70258576
0.48225465
0.710557
0.41856366
0.8126239
0.61868244
0.14551447
0.4965422
0.12842105
0.10063266
0.75857323
0.24214973
0.5889828
0.52414143
0.19642168
0.56748563
0.20698527
0.095023334
0.40629888
0.4986166
0.2820555
0.40144077
0.74978054
0.12841336
1.887281e-05
0.61567855
0.5394595
0.549222
0.24928153
0.42844957
0.7501326
0.30052918
0.48904455
0.72454315
0.13411242
0.21719457
0.6790914
0.5695587
0.037483267
0.4815794
0.84382427
0.5185828
0.12894085
0.43897542
0.24313273
0.0065626106
0.6316913
0.374092
0.5314606
0.54494774
0.70180446
0.4996395
0.6452462
0.75751424
0.5616691
0.7046795
0.43103316
0.5905634
0.42117646
0.5377311
0.077191815
0.62028456
0.59295344
0.10669192
0.013746803
0.65317214
0.58848506
0.7106072
0.31228366
0.18355532
0.5950845
0.6654897
0.5084857
0.5506029
0.5742483
0.4633557
-0.003030303
0.602123
0.59985334
0.34408495
0.69215006
0.55904126
0.26133144
0.0033863867
0.75319886
0.49917227
0.59639126
0.52937186
0.42200547
0.57760835
0.78907675
0.5931713
0.41949686
0.5160895
0.24500735
0.78887355
0.7549012
0.31457502
0.5743375
-0.0002921125
0.37681887
0.34520218
0.31647703
0.47054103
0.32192528
0.4768721
0.873098
0.38600078
0.47139713
0.07005254
0.11232279
0.5544292
0.45388258
0.42247134
0.47710055
0.14516129
0.39078712
0.54237145
0.4896536
0.27919436
0.45331988
0.23452562
0.41809553
0.16504854
0.5213799
0.6584845
0.3029703
0.69537246
0.829956
0.511883
0.69177836
0.67659944
0.4242914
0.5650352
0.58350503
0.37810677
0.78377366
0.6554326
0.010284995
0.4166849
0.73439604
0.3824895
0.49058062
0.8560606
0.7278766
0.18190253
0.14866665
0.0035432437
0.76634127
0.33989984
0.477955
0.7831482
0.2039956
0.77781737
0.5052883
0.6644719
0.32421082
0.19120768
0.32015264
0.7612917
0.37754142
0.19611046
0.39180773
0.8080957
0.6360582
0.23112416
0.043657333
0.13920455
0.15938169
0.078327246
0.49712273
0.6057123
0.0728
0.58266455
0.30088496
0.76794714
0.5347947
0.046219513
0.68069524
0.58724695
0.0147329485
0.080558054
0.27829957
0.07737226
0.5180009
-0.0004179063
0.6331199
0.6325032
0.763459
0.4087805
0.17755465
0.064069785
0.6147218
0.80732876
0.6061706
0.07964979
0.4656445
0.5025018
0.45311573
0.41991404
0.6262929
0.39036658
0.12662224
0.5341205
0.5887438
0.45527047
0.41636953
0.341876
0.65524095
0.25101534
0.6747692
0.014620926
0.25660783
0.32034707
0.092459604
0.68821985
0.04471413
0.28215575
0.028245524
0.79841816
0.50365734
0.22785988
0.56373936
0.11450164
0.13615352
0.45692345
0.080379434
0.5181631
0.5874002
0.39594787
0.7856367
0.2765809
0.28586537
0.37235588
0.6780257
0.6029562
0.5230709
0.1395768
0.25627574
0.2633383
0.71344876
0.17101754
0.009673519
0.67368084
0.38882142
0.6674929
0.66652584
0.62750775
0.29241878
0.07993808
0.69231486
0.7722339
0.06794749
0.030776452
0.6161169
0.70510757
0.03465045
0.7910717
0.11263394
0.67919374
0.5331064
0.21608943
0.5748847
0.34774864
0.05326278
0.07193923
0.5160342
0.062037036
0.16711673
0.33492014
0.6700016
0.008329477
0.41542134
0.36875078
0.46368185
0.3757389
0.510905
0.70959586
0.43024778
0.51278806
0.6563669
0.8845655
0.29111952
0.7278872
0.58615047
0.4105047
0.38585526
0.5905109
0.63910204
0.13723761
0.25148776
0.22833325
0.74128354
0.05570985
0.22634777
0.46752235
0.1045646
0.4383469
0.49753374
-0.00022203379
0.6325783
0.15299627
0.022367194
0.3979802
0.2669849
0.61414474
0.35865927
0.006575059
0.68589276
0.46017703
0.09661657
0.25756803
0.7486957
0.4052295
0.18540071
0.40791124
0.6055329
0.6273852
0.2925934
0.00034289632
0.1625833
0.33003908
0.18237191
0.7043794
0.5014968
0.2942727
0.13208628
0.27106297
0.6935482
0.10144938
0.43928382
0.61249375
0.234369
0.26135787
0.28741786
0.6821534
0.14063059
0.51959306
0.32069665
0.19373278
0.5580762
0.51491463
0.028381329
0.08295281
0.5364211
0.06369607
0.42405063
0.8150398
0.5993445
0.13659169
0.2759504
0.73595136
0.69363254
0.39150897
0.5835485
0.4338103
0.31532216
0.4707701
0.64641714
0.4212383
0.23003802
0.24017957
0.00947226
0.058992613
0.35186297
0.64642745
0.6433853
0.085504316
0.6925319
0.31895572
0.41108438
0.64634126
0.5793499
0.50903237
0.48320314
0.3622863
0.68088776
0.5469965
0.4623489
0.20326793
0.5108865
0.6856045
0.409704
0.6982556
0.011649588
0.392451
0.32874972
0.30198064
0.5576711
0.39457458
0.42210808
0.6539536
0.31679872
0.30037808
0.80337894
0.10192097
0.09168395
0.0
0.67346936
0.19005372
0.7572133
0.4425794
0.14577028
0.05141735
0.68176866
0.3806659
0.462272
0.6672958
0.47857612
0.10973676
0.3021452
0.08024808
0.022980213
0.6188227
0.009329097
0.66954434
0.42007998
0.71745867
0.5945241
0.1614673
0.26152575
0.18418714
0.14308259
0.43592793
0.58545727
0.23925644
0.49772865
0.63786936
0.46351746
0.3621808
0.33299536
0.60404336
0.08516051
0.15974714
0.5843627
0.5856123
0.23651384
0.6171016
0.25006768
0.41073608
0.01789284
0.220775
0.31805143
0.37136298
0.6623461
0.61696255
0.6065849
0.07477694
0.14723927
0.3131671
0.6197028
0.06580354
0.027399128
0.3022181
0.0814433
0.5816044
0.58929986
0.2775069
0.6929584
0.3996081
0.42664567
0.6111857
0.84345317
0.41373125
0.011138183
0.2226813
0.28042024
0.42042202
0.51030284
0.04840012
0.45174405
0.42460135
0.65829813
0.7061356
0.0023800302
0.17996828
0.72018784
0.18911968
0.50422174
0.02077379
0.6353662
0.044659514
0.5987929
0.5978649
0.2806031
4.89413e-06
0.003557026
0.49881694
0.5894983
0.11983014
0.22343864
0.16777374
0.21760957
0.068255685
0.18789653
0.29123744
0.47072786
0.57076764
0.28130275
0.41686422
0.12772585
0.2462797
0.6046967
0.15806131
0.45142463
0.5010571
0.4822486
0.2962563
0.06921143
0.54966
0.7590155
0.012215195
0.035273165
0.76959115
0.11826339
0.45808592
0.43083164
0.18096454
0.15591398
0.5307611
0.38985074
0.41509646
0.41911885
0.18279319
0.5703155
0.19243987
0.07548472
-0.00026455408
0.70661813
0.46596244
0.29143354
0.2384476
0.16969879
0.39918154
0.0
0.29091215
0.6125063
0.25376686
0.7010672
0.21509823
0.25194338
0.5604203
0.7033927
0.65020514
0.7046428
0.66749775
0.25791547
0.59517825
0.7381075
0.4123357
0.32720253
0.33687833
0.094040245
0.37191603
0.7810217
0.41697833
0.17161378
0.6018869
0.63246566
0.5977497
0.61446065
0.36741033
0.58634096
0.28472102
0.5295338
0.16310251
0.12583733
0.4099744
0.16721939
0.5962548
0.4490501
0.5921192
0.0009386733
0.2986917
0.43170103
0.5510712
0.56157804
0.5907284
0.48711854
0.07105663
0.3654824
0.81338745
0.4919329
0.00017448961
0.37477967
0.39730102
0.025988258
0.2961133
0.40901682
0.2487395
0.48303807
0.50404066
0.4088389
0.4475641
0.63756454
0.49527988
0.4055773
0.63779676
0.65807444
0.053174995
0.24113598
0.51607233
0.21068431
0.48504412
0.8723157
0.68849105
0.525185
0.05421941
0.46253023
0.16554536
0.078431375
0.5975296
0.05322248
0.289908
0.37345904
0.21828528
0.6043375
0.6146647
0.34056398
0.4717124
0.6347469
0.16828793
0.34115884
0.66411537
0.02391153
0.38221437
0.31285372
0.37869677
0.5165256
0.5504362
0.3370777
0.67616725
0.61294436
0.6513552
0.68544805
0.3548701
0.13464174
0.06705471
0.40704846
0.00065228494
0.19088696
0.113766976
0.46648458
0.35236895
0.45371482
0.16490905
0.26060897
0.19346601
0.4863446
0.5860418
0.33164877
0.120042875
0.67355126
0.27048743
0.62847614
0.6550529
0.5456259
0.31950098
0.17347033
0.5381633
0.28946307
0.5220271
0.11302265
0.52345085
0.49350816
0.26993167
0.8456847
0.6542809
0.19890119
0.11944091
0.22565688
0.4681023
0.8399624
0.043905698
0.56122607
0.5071129
0.6615553
0.33225057
0.17546372
0.18030263
0.46438885
0.23234501
0.8130922
0.18461312
0.5010439
0.107160494
0.79642665
0.51152265
0.3485996
0.47465572
0.12288687
0.19741634
0.18177992
0.6685316
0.06872172
0.6657568
0.43775827
0.8312285
0.17907709
0.7322022
0.26146853
0.1244685
0.83523315
0.06495373
0.32399708
0.39173305
0.22391781
0.52549624
0.44941652
0.23617694
0.59078264
0.0012173386
0.000319642
0.5008851
0.3528815
0.526096
0.110541
0.2540178
0.37653416
0.00086370704
0.73875386
0.06585518
0.7793843
0.024168989
0.3191576
0.28295648
0.57884324
0.0076870383
0.44384956
0.06726998
0.1219217
0.06616127
0.37156594
0.333044
0.12878795
0.070377655
0.3114598
0.5095264
0.23103073
0.055306733
-0.009644579
0.16059217
0.20863487
0.2325649
0.49807507
0.03171873
0.031469293
0.48254526
0.3856458
0.46942446
0.44547412
0.5772172
0.21870384
0.69095093
0.69452953
0.6919265
0.6979801
0.31487444
0.47474164
0.4861853
0.2794527
0.085230924
0.5660668
0.17879462
0.45515364
0.44710314
0.3431709
0.13883428
0.17066139
0.7458925
0.00025853154
0.53388566
0.3328031
0.23231852
0.52808595
0.14775857
0.32677013
0.52866244
0.2073182
0.25786802
0.034906413
0.45757788
0.09377211
0.7690256
0.0029342477
0.46880993
0.30454358
0.42656124
0.7015713
0.6077555
0.68155485
0.041358124
0.4674973
0.0
0.18067352
0.5990962
0.4182835
0.41625726
0.40415585
0.19913845
0.33128875
0.44446987
0.3006994
0.23267432
0.73807
0.7230053
0.58710176
0.6366772
0.14719748
0.55036265
0.4998716
0.11573651
0.6510063
0.21107793
0.58003914
0.74507266
0.51067984
0.074315414
0.5576773
0.43040845
0.63754785
0.37910232
0.008982096
0.19655149
0.76352704
0.63126105
0.31225845
0.73961014
0.55170995
0.6053241
0.33524558
0.41449413
0.5707517
0.7366978
0.13270803
0.4414138
0.4130293
0.65085983
0.078244165
0.52455753
0.5199245
0.33750668
0.33014652
0.2736529
0.5520759
0.7085459
0.5723987
0.848583
0.32492897
0.042804785
0.7388519
0.2806468
0.64383674
0.72779775
0.4366225
0.0018644226
0.49569497
0.60564595
0.35291395
0.39597693
-0.0008973499
0.8223511
0.52692306
0.46306974
0.18822777
0.011563441
0.82005495
0.08289951
0.6592688
0.6008069
0.52722573
0.56582224
0.31590462
0.5596695
0.34577677
0.0031746032
0.33415014
0.47408512
0.92867005
0.042749904
0.20924611
0.1946823
0.2566291
0.22006746
0.44538012
0.7011999
0.45385486
0.20736778
0.09025128
0.4816063
0.4371754
0.3319863
0.6927623
0.69859815
0.46982232
0.4350538
0.3818605
0.42833927
0.291587
0.7818903
0.7489771
0.34080586
0.36988565
0.20331492
0.58530474
0.68393725
0.21327922
0.5534877
0.614916
0.40609545
0.21258982
0.5919183
0.03526324
0.40426543
0.58170265
0.0029655383
-0.0028985508
0.3434569
0.5301885
0.7067207
0.6403489
0.15495776
0.14512649
0.44509837
0.008504842
0.3749849
0.4329095
0.104067184
0.44245324
0.5007354
0.27499467
0.65350854
0.5497917
0.8445966
0.8417228
0.48359594
0.09421114
0.03240823
0.06059804
0.080832
0.70791817
0.21628818
0.2275227
0.17943805
0.37624818
0.10214536
0.39620653
0.42116153
0.17989677
0.4505773
0.6740787
0.6037017
0.03707036
0.71998125
0.38403776
0.23424657
0.3280276
0.014590348
0.50486696
0.61711276
0.62461334
0.09734803
0.4945055
0.43700263
0.3828841
0.25963348
0.36248595
0.5633043
0.39489335
0.67029816
0.49968138
0.32391438
0.00021482276
0.6307373
0.595053
0.06764552
0.42466772
0.70461476
0.49603823
0.4572479
0.5953733
0.3274796
0.5312997
0.020183554
0.28822413
0.014095386
0.6098078
0.87629247
0.5829536
0.3245667
0.65695083
0.35275412
0.5463547
0.053210028
0.18979152
0.01813258
0.72960496
0.5726168
0.21780409
0.36536467
0.73681515
0.52573156
0.14267911
0.31388694
0.026175741
0.4761632
0.27720258
0.7548999
0.23909478
0.317184
0.4652286
0.1884923
0.4262648
0.55197537
0.45992795
0.2584874
0.4098459
0.3576676
0.42902747
0.4410569
0.09665235
0.1369863
0.00028935185
0.5434896
0.31162876
0.001953125
0.62557364
0.7787851
0.45899493
0.6201717
0.17677063
0.3389884
0.70564777
0.3078512
0.47118747
0.6136821
0.28357428
0.66975754
0.021609291
0.3616345
0.44403625
0.13254966
0.43788344
0.0045946348
0.43011302
0.0033167496
0.25632218
0.09509739
0.42826563
0.360596
0.34599552
0.3390099
0.003005918
0.53254986
0.36556965
0.42922908
0.25702575
0.008320127
0.6393136
0.60133404
0.74152845
0.073478386
0.20419912
0.63818246
0.108431004
0.68936986
0.13337044
0.5345488
0.2219677
0.00346775
0.13905753
0.5849928
0.4214876
0.5972136
0.2738948
0.4731868
0.70283246
0.2844557
0.42034444
0.3802092
0.28430405
0.07153478
0.6476732
0.05732991
0.71274984
0.11833934
0.024208385
0.1886311
0.09824933
0.32240948
0.6630798
0.22281814
0.35630646
0.6399831
0.34651762
0.33922562
0.49225536
0.040531848
0.19656013
0.49965832
0.13810943
0.53332335
0.5720452
0.0029379118
0.47944266
0.55169964
0.06351351
0.42942518
0.18069308
0.30123675
0.42276904
0.5721343
0.32024118
0.18406597
0.2744807
0.53438854
0.45244086
0.5319787
0.48486134
0.074673675
0.27775055
0.43631333
0.41911343
0.4512449
0.47783062
0.64212453
0.26772827
0.23168014
0.001701645
0.51247525
0.3946669
0.74253124
0.23520975
0.40327516
0.17329216
0.07903279
0.38606653
0.40080297
0.50674665
0.29274252
0.04660088
0.49973077
0.493309
0.041668657
0.3438806
0.3951421
0.4742669
0.4585595
0.668513
0.47304517
0.3533876
0.2920417
0.15047537
0.46310538
0.16344582
0.0034152812
0.054473765
0.309688
0.50382924
0.5797619
0.4133829
0.74496704
0.42689925
0.66700894
0.5347465
0.081157774
0.71225685
0.60854816
0.32044265
0.788387
0.6102519
0.13745515
0.09062875
0.63267916
0.60653836
0.67551214
0.1295886
0.17760849
0.5298334
0.8938526
0.6239377
0.35272777
0.65180045
0.8272458
0.012780525
0.32521483
0.5638164
0.7580831
0.48735633
0.24141414
0.7225255
0.64966714
0.1242685
0.29366556
0.63941604
0.5771239
0.3905451
0.4398435
0.1452772
0.0026366345
0.17557944
0.66094047
0.40756664
0.61558884
0.4722795
0.7517552
0.07596439
0.5296912
0.13615996
0.04778157
0.35805625
0.31966978
0.31384444
0.29914793
0.022458218
0.68083644
0.17847802
0.055584636
0.61262983
0.35239363
0.039175447
0.5508621
0.4978355
0.8853902
0.30042756
0.8536931
0.41357028
0.50968134
0.006248944
0.017163213
0.045440055
0.6444722
0.08867909
0.49027053
0.6303036
0.17746355
0.057665564
0.06680337
0.8548954
0.54566354
0.118960306
0.61380595
0.4905344
0.13089016
0.07466904
0.75192606
0.8115902
0.5437809
0.70056415
0.5794595
0.13759807
0.37178826
0.2824739
0.6059028
0.470285
0.5543033
0.4719761
0.6225674
0.8256976
0.76925194
0.3975858
0.31304702
0.32706016
0.11346078
0.2873274
0.44625473
0.4230573
0.5255682
0.4214925
0.69539285
0.40686518
0.7179127
0.03912214
0.08958012
0.21482663
0.52087915
0.685132
0.22225799
0.2759002
0.4660321
0.23976608
0.47357664
0.6673116
0.3261437
0.30640972
0.23066358
0.28907505
0.6097928
0.37042007
0.0032343457
0.5848853
0.63070416
0.60694444
0.4720837
0.6716761
0.130424
0.5414692
0.4000342
0.62660795
0.08252595
0.48364437
0.58843374
0.53630865
0.638756
0.695595
0.5464416
0.46510193
0.29835552
0.19105119
0.3796058
0.66436464
0.2281222
0.20215634
0.26386806
0.65115285
0.4201668
0.7550781
0.035955153
0.25021264
0.7424529
0.17758596
0.7732189
0.55499226
0.3090513
0.7650406
0.34887645
0.3323278
0.5267191
0.52678806
0.14244571
0.13772972
0.7964475
0.23356643
0.37843698
0.694698
0.3491954
0.32103738
0.10089097
0.05157366
0.76705694
0.6798142
0.14350913
0.16873705
0.42120695
0.45026842
0.68889606
0.5977428
0.09495549
0.5625532
0.0026075402
0.63436425
0.53487176
0.5225982
0.6516291
0.14184703
0.22852919
0.74778324
0.55611986
0.20082949
0.60378665
0.36035725
0.03900536
0.28974485
0.060463008
0.15302747
0.5959521
0.3949832
0.3395342
0.52896297
0.06275294
0.06046547
0.113209076
0.34029406
0.26399717
0.41726416
0.30635446
0.84408414
0.5847099
0.42669845
0.14147402
0.44672105
0.27060318
0.34264988
0.29159728
0.5160053
0.01948558
0.53885096
0.2553879
0.61276263
0.594262
0.4224292
0.7641406
0.2603589
0.059060115
0.22948445
0.61197674
0.25604653
0.18320072
0.0140079735
0.8387183
0.5194758
0.17831966
0.49198
0.09365672
0.3576537
0.49935088
0.72374976
0.12296297
0.6658202
0.15103532
0.58725834
0.36342722
0.18424684
0.03645281
0.49887186
0.28735623
0.097855076
0.36334056
0.7451516
0.52977
0.3984149
0.14870094
0.02420242
0.20754717
0.7014809
0.64962876
0.33374557
0.6426737
0.7464605
0.6282453
0.4673853
0.6455567
0.6634387
0.21388878
0.6875666
0.41538808
0.5803415
0.22813205
0.3681985
0.57009387
0.40513095
0.42410713
0.5411764
0.048279103
0.5797137
0.86823833
0.3008514
0.2006144
0.7473235
-0.00023494681
0.27274343
0.3548666
0.50924486
0.4374897
0.8662404
0.67407596
0.86365294
0.1566412
0.41805002
0.6909886
0.61289465
0.71339864
0.7347164
0.23804238
0.6552612
0.5525965
0.09900636
0.64549583
0.7152666
0.071770735
0.72037756
0.22543323
0.0342944
0.45494473
0.12374186
0.42715424
0.46124116
0.6273184
0.4259178
0.4631671
0.32133934
0.54797727
0.13488373
0.16016679
0.051003344
0.44499505
0.41594923
0.4672441
0.43227535
0.19062348
0.020138733
0.4982852
0.62981105
0.48129985
0.3071333
0.023178203
0.7415864
0.37978896
0.5357363
0.37172922
0.5180687
0.34101444
0.05081734
0.0098335855
0.35641366
0.47579575
0.6076416
0.4613948
0.4513416
0.59464055
0.15041544
0.021706903
0.36588836
0.102093205
0.19754095
0.13750076
0.04753489
0.2495069
0.6728651
0.47175327
0.44840387
0.037438687
0.44866985
0.34905314
0.56023103
0.662081
0.575237
0.8152487
0.18631162
0.55373484
0.6259938
0.3532538
0.56557536
0.55681026
0.54571027
0.38044357
0.11704526
0.46175402
0.3702471
0.3375125
0.6979797
0.2995259
0.63798076
0.64853555
0.3833555
0.113526694
0.7751868
0.5969117
0.53819853
0.64725214
0.08550684
0.25098044
0.24617761
0.4660779
0.33594048
0.67347044
0.5262047
0.6576172
0.5510068
0.65134704
0.19194265
0.44703645
0.25691468
0.72671825
0.18527289
0.1582822
0.4032006
0.29802042
0.68410003
0.031914894
0.53269327
0.2906137
0.676987
0.60182303
0.29939675
0.18012473
0.021344474
0.0780078
0.62419206
0.54791415
0.096614406
0.37637815
0.5004878
0.52977806
0.024118446
0.1475525
0.5523067
0.10594201
0.5199622
0.5886565
0.39974037
0.4333224
0.104761906
0.66341954
0.42567867
0.54456705
0.032702915
0.37881374
0.048830897
0.6824469
0.6298246
0.39080104
0.6739576
0.3444208
0.70055395
0.3455719
0.4976992
0.32429886
0.28533334
0.37881276
0.7321397
0.3373716
0.5829777
0.25007242
0.4064915
0.7523086
0.085578874
0.43233687
0.61166275
0.5825013
0.5773464
0.75157267
0.09158087
0.62124616
0.009377007
0.00095602294
0.23245002
0.5338461
0.68819016
0.47375774
0.21163644
0.13502172
0.3844946
0.56537104
0.58282954
0.38253427
0.49717578
0.24961266
0.48062697
0.019256018
0.58187807
0.60662496
0.22577333
0.6466329
0.41614702
0.6175731
0.6465224
0.6710769
0.4253288
0.54617906
0.016556883
-0.0019933681
0.31442916
0.84319234
0.1595136
0.6580888
0.17247105
0.6155368
0.32812148
0.66980416
0.13237312
0.23157552
0.21184318
0.028718865
0.71863997
0.732357
0.63219
0.3381685
0.6346079
0.5275444
0.108328395
0.23843507
0.133964
0.06827359
0.7425875
0.28258166
0.30222222
0.3368356
0.16786736
0.107927
0.25289905
0.53576195
0.86469287
0.5139636
0.15215455
0.48830548
0.53663063
0.35797396
0.15557249
0.030139005
0.4725371
0.6803476
0.017843045
0.43054897
0.22480524
0.7135542
0.44025156
0.10394148
0.731874
0.6479572
0.6208302
0.4185137
0.683921
0.5570645
0.57346565
0.48043227
0.49602762
0.07857672
0.56990206
0.52886426
0.41289774
0.561446
0.31621727
0.1952862
0.6884334
0.1182007
0.35937327
0.23736541
0.11895161
0.2844366
0.64826393
0.746701
0.63344836
0.26287553
0.3627101
0.3750851
0.8885914
0.49648663
0.19723399
0.38155964
0.5029846
0.7585075
0.6020195
0.007032967
0.43592426
0.14179775
0.47594145
0.24975498
0.07045592
0.40773177
0.0020842017
0.37214226
0.71351355
0.055875227
0.3362806
0.07537072
0.34917253
0.7118176
0.032482598
0.4624129
0.52868414
0.38558543
0.0019678713
0.07291986
0.2213677
0.029105779
0.5208088
0.3591902
0.18764454
0.16919988
0.54929215
0.16182937
0.5370865
0.1885853
0.37885585
0.49967748
0.5439314
0.59643555
0.42568076
0.5691326
0.4326723
0.391146
0.55691725
0.42150337
0.42378286
0.40018877
0.6383913
0.0003517501
0.39521748
0.45752642
0.38048396
0.4076099
0.41403213
0.26894864
0.32297483
0.5944738
0.2397217
0.42933565
0.6728077
0.057795744
0.30943727
0.5193855
0.14616588
0.17205256
0.5228256
0.21920712
0.2818536
0.5044593
0.3342474
0.7219724
0.24791844
0.41301888
0.35571137
0.17025365
0.67122036
0.013511165
0.50463116
0.1
0.21863168
0.7774185
0.14190231
0.89106166
0.606683
0.062371794
0.59440994
0.5049929
0.6015451
0.000168492
-0.00050129334
0.67992496
0.5648423
0.35324132
0.3010455
0.15692745
0.6066756
0.6155167
0.29382002
0.23044008
0.6530999
0.7146411
0.6641524
-0.00076830667
0.77776384
0.59525037
0.12059005
0.6125221
0.8160619
0.07146028
0.4723342
0.36216515
0.08065157
0.5883651
0.56931293
0.62217194
-0.0019262221
0.7220553
0.21932253
0.6718076
0.00079575594
0.274647
0.6622784
0.5529968
0.5078989
0.03902439
0.16365811
0.06581644
0.18026578
0.72796714
0.1783879
0.16437128
0.7516788
0.88058704
0.7083028
0.6038626
0.6895683
0.15049073
0.37478936
0.23873182
0.5750009
0.24189268
0.47952715
0.22521205
0.400387
0.40561503
0.12902828
0.39146993
0.25779885
0.16331995
0.65537506
0.47148007
0.11891672
0.6865631
0.52653927
0.60341424
0.1920453
0.35980165
0.43146855
0.50400877
0.68538517
0.449533
0.160425
0.46850073
0.7609331
0.8224983
0.41464958
0.7425796
0.34488562
0.13192745
0.51392245
0.6511516
0.4996638
0.28926685
0.19547729
0.8024316
0.12872434
0.7793637
0.68897486
0.16656944
0.76637757
0.64043623
0.5193271
0.09776564
0.42771775
0.22020881
0.6184843
0.6697085
0.22662978
0.35486516
0.5867512
0.44551283
0.21333997
0.6617446
0.0049028853
0.066008575
0.34167343
0.4993707
0.59478617
0.7703205
0.1983394
0.5995798
0.28931674
0.5107739
0.42225698
0.8853448
0.4724078
0.123971
0.58551574
0.18729097
0.6522249
0.3016564
0.46208686
0.26921818
0.0
0.36732715
0.26222625
0.48728535
0.5020633
0.10620028
0.23594913
0.12845775
0.5382901
0.03740701
0.47295362
0.3698809
0.60571504
0.5473833
0.071747065
0.14971623
0.18072604
0.5849281
0.5159222
0.61976653
0.4803213
0.78112036
0.04075775
0.18064848
0.4072003
0.5366153
0.5630429
0.5842458
0.34873235
0.6876096
0.42024848
0.2738004
0.6224745
0.060595196
0.47832268
0.014979639
0.4267066
0.6171375
0.07994415
0.4856075
0.5929194
0.5109829
0.15745008
0.5011775
0.4259257
0.027834008
0.0009953963
0.50729704
0.44231427
0.3939394
0.056773756
0.134967
0.2309965
0.85671264
0.5094143
0.6072227
0.35922137
0.14923935
0.6487657
0.30882353
0.0481227
0.6389143
0.066777594
0.31888992
0.14342014
0.680543
0.31187835
0.21687555
0.1915994
0.41209465
0.51602006
0.25108412
0.13985175
0.74210167
0.15684229
0.5825988
0.18521686
0.71298724
0.4456658
0.6378771
0.7804611
0.5923757
0.72589725
0.29053962
0.63403946
0.030232653
0.22210075
0.18405151
0.4856628
0.0028901733
0.55839634
0.033467524
0.64650434
0.6044653
0.12241736
0.82009494
0.3112426
0.5209126
0.37682533
0.048733957
0.34289226
0.51237565
0.47181556
0.737883
0.18239719
0.50938416
0.11713666
0.59683394
0.551634
0.2250539
0.18952419
0.2532527
0.25513428
0.009234541
0.009457288
0.23093198
0.50743496
0.35118344
0.02973672
0.34696338
0.5106473
0.3953797
0.4892445
0.48937705
0.71654946
0.35167083
0.38358244
0.13337323
0.75728166
0.46182293
0.7837364
0.456192
0.027952833
0.54990995
0.13693346
0.43514735
0.5807214
0.71832466
0.17481957
0.55809975
0.43555704
0.35630414
0.10025894
0.4207667
0.36399218
0.62536407
0.46690375
0.46493378
0.0017302542
0.60507417
0.4103986
0.6067888
0.23169135
0.2546394
0.16142413
0.09182368
0.60140735
0.33049405
0.8478635
0.32167917
0.28551722
0.7958403
0.3653756
0.5233044
0.22644395
0.8504263
0.028786179
0.5367232
0.16326706
0.7174653
0.65815634
0.64034545
0.43843806
0.35701406
0.093776524
0.00033894356
0.1999736
0.55257136
0.025797205
0.055357724
0.718622
0.25041816
0.5593145
0.4529214
0.45556903
0.468304
0.86646926
0.44607198
0.4597857
0.48304185
0.27140513
0.1672527
0.014042867
0.634424
0.7757895
0.6987714
0.4032296
0.25601026
0.5392293
0.687471
0.5143759
0.14019196
0.6696636
0.40356898
0.13906586
0.23089261
0.04067096
0.15914564
0.6276106
0.076895766
0.342739
0.33732057
0.37893978
0.1797235
0.04104973
0.6527465
0.4634195
0.4713994
0.011265164
0.17437784
0.1521351
0.8644008
0.711367
0.00036697247
0.6838439
0.3848328
0.7462672
0.7105695
0.22985557
0.56029105
0.47094294
0.5771292
0.3548605
0.21862386
0.58283865
0.0043307086
0.34416977
0.11792206
0.5813375
0.6505392
0.67395324
0.38771674
0.1679912
0.21839358
0.3305532
0.033461314
0.49303237
0.53531975
0.31042168
0.121346794
0.35150394
0.37886238
0.68308395
0.100010365
0.3292172
0.4866862
0.026592022
0.56969696
0.802344
0.74451786
0.0076859733
0.15143918
0.035047583
0.40670952
0.71608835
0.46768546
0.4109466
0.62930393
0.03531786
0.52343
0.079564966
0.53413004
0.004654848
0.6993016
0.5284327
0.038682863
0.5103513
0.7038404
0.103865996
0.58007765
0.7041096
0.6215157
0.8661021
0.49319133
0.4113475
0.9152075
0.35654736
0.101255886
0.2944591
0.3680769
0.4718595
0.32296684
0.80999905
0.56859595
0.5193872
0.39114806
0.15099388
0.0008116883
0.4913949
0.7470238
0.0144633185
0.35010687
0.46713758
0.53676134
0.20410101
0.003472892
0.33930603
0.1968049
0.607224
0.043250673
0.8696304
0.2524789
0.6258206
0.00090410904
0.27757952
0.80731386
0.40003404
0.0140932575
0.49649492
0.24565616
0.71228623
0.39292505
0.37211502
0.80712813
0.67489123
0.47304496
0.6965388
0.7978249
0.62222224
0.6501582
0.40719146
0.5571655
0.5526029
0.81380963
0.5529205
0.5293075
0.0
0.30886653
0.6070693
0.7884378
0.3736081
0.6008098
0.33322594
0.6763048
0.57883304
0.13774133
0.5995298
0.18556839
0.41321996
0.0043844855
0.4575488
0.62263745
0.6181348
0.25857687
0.27922723
0.42387894
0.38151678
0.28503433
0.38672054
0.57238364
0.60276324
0.0
0.5391709
0.08679523
0.20649005
0.02690514
0.7253946
0.19292605
0.6229357
0.6029642
0.7495136
0.42427957
0.1689517
0.57739633
0.74232453
0.6939541
0.33244362
0.5235082
-0.0023696683
0.26101413
0.40046966
0.328087
0.06771011
0.79339117
0.011617079
0.5133978
0.05942268
0.0665084
0.0058539943
0.26252794
0.48574498
0.51076174
0.5229611
0.76048946
0.2706107
0.3361901
0.38839337
0.38572976
0.8164916
0.36905953
0.30636808
0.72215337
0.4212557
0.62580055
0.2984252
0.08731271
0.17882471
0.8466667
0.5927051
0.4902546
0.3820617
0.763228
0.5147418
0.5842039
0.54745597
-0.0007633389
0.74562186
0.33870456
0.3359712
0.60243326
0.31862137
0.7331933
0.25032836
0.80135953
0.39136887
0.44889045
0.7100316
0.60449195
0.48366678
0.009087036
0.49567336
0.50458014
0.39963505
0.2688584
0.51175255
0.26657522
0.14594813
0.72592574
0.5097572
0.80811924
0.41666666
0.14844407
0.17985971
0.7791795
0.23891053
0.6764912
0.5464761
-0.0008067274
0.31961572
0.12915325
0.5103904
0.43022442
0.111779064
0.16743772
0.65786314
0.5739319
0.5505988
0.25143844
0.40419903
0.36243385
0.65745854
0.5632184
0.21837676
0.6468796
0.6401109
0.49262002
0.65722626
0.14833333
0.07794043
0.55347574
0.3966979
0.31869432
0.34267378
0.56218797
0.40253422
0.53718805
0.417599
0.63247883
0.44375715
0.2586027
0.5433134
0.3917482
0.7219362
0.071187794
0.84513175
0.5670698
0.3706786
0.2856497
0.5148407
0.7802855
0.7258978
0.47799718
0.29004124
0.20476009
0.4682314
0.30497625
0.5083251
0.20427509
0.010673783
0.49614978
0.18695132
0.34645712
0.5686529
0.26508436
0.50556755
0.64955616
0.5214817
0.807542
0.77611446
0.57283527
0.00062201946
0.5145572
0.21505885
0.09076299
0.003601213
0.50888705
0.58693117
0.59755963
0.8577259
0.44125754
0.23050204
0.6850314
0.40776283
0.43715763
0.14295864
0.74747896
0.64577705
0.47344834
0.54303193
0.29097274
0.2932344
0.4841303
0.5816177
0.7161917
0.44889998
0.3527912
0.44805554
0.4303533
0.5212602
0.28768936
0.49511042
0.513083
0.66899633
0.18010134
0.37184086
0.7067156
0.5948964
0.02059617
0.04458887
0.25788856
0.5712448
0.61281335
0.54245746
0.36528042
0.4413439
0.7704986
0.18116489
0.096462026
0.31405935
0.3828206
0.44193876
0.5840191
0.29460213
0.3238314
0.48900262
0.2889342
0.14777698
0.6554251
0.66875285
0.1693756
0.70567757
0.4787391
0.37973475
0.52597487
0.57036525
0.5332371
0.018822018
0.58630973
0.5231035
0.26313537
0.698215
0.43850246
0.26753908
0.54051864
0.75973266
0.39250734
0.50823385
0.61591786
0.32829458
0.27172852
0.13387513
0.41431043
0.08961549
0.3340762
0.07418161
0.59844226
0.34570265
0.59407383
0.66422766
0.6322018
0.046958987
0.20541392
0.4347378
0.25558454
0.4489821
0.6316734
0.009583434
0.0045500095
0.31314367
0.2512554
0.40881935
0.34658158
0.53378576
0.54100424
0.08465227
0.54092306
0.6762568
0.27375054
0.41596118
0.44017074
0.27343598
0.19788
0.5369104
0.013539899
0.2685472
0.83714634
0.23426838
0.50459677
0.38886988
0.12116573
0.32059345
0.22821693
0.6892156
0.33564335
0.12246218
