0.73064570067462
0.7305468163679599
0.7260124411233926
0.7284104851100756
0.7282797555185124
0.7214621244523499
0.7270944686147276
0.7270043660067207
0.7312167214990666
0.7311751342885774
0.7232586794640329
0.7311696272971893
0.7267322063716861
0.7304087675003225
0.7262622188080733
0.7288106917513136
0.7269565116316294
0.7254563518200272
0.7302742568316211
0.7274623066466113
0.7261009609776938
0.7280588556552293
0.7314539229061335
0.7300272309935569
0.7271867402750408
0.729085189366035
0.7259614574175285
0.7267977834862013
0.7265364110342473
0.728956171465428
0.7265754415046068
0.7297916612456518
0.7284084812747259
0.7283898132531338
0.7287842110187259
0.7285452835428081
0.7287464075135921
0.7312527927513086
0.7292642516167105
0.7278693960221777
0.7267566307561111
0.727142579266776
0.7304849877613013
0.7287374759550171
0.7305320200197036
0.72836504586058
0.7252884147617948
0.726792562300565
0.7302742568316211
0.7256584986311575
0.7297601855087196
0.7276011274886737
0.7289314370028913
0.7281717891749515
0.7282457884892155
0.7291368652206641
0.7287095015704449
0.7137393854269289
0.7290073358998841
0.7295717015111693
0.7271121612584865
0.7279369029696878
0.7300193242851415
0.7260870149865795
0.727942092977452
0.7266927736294734
0.7290447746496789
0.7282478891563372
0.7291923798701455
0.729679858580855
0.7282235610368137
0.728198328089056
0.7280206500328433
0.7306861980509881
0.7294810404327456
0.7295088976297451
0.7289734548802879
0.7289734548802879
0.7292815482241906
0.7320969742523922
0.7304990765522243
0.7289734548802879
0.7278207474101148
0.7302421253802308
0.729272061957157
0.73054084413057
0.7275772218422034
0.7288927306278026
0.7291321941054557
0.726056202591089
0.7265621759125801
0.7289734548802879
0.7312011371494131
0.7297014686083176
0.7288780751210754
0.7292678336192691
0.7282063169936804
0.7257657881314544
0.7301220682062578
0.7273929209359762
