0.7150179427651475
0.7357429176797554
0.7275214491636202
0.7380412533363433
0.7121521140732474
0.7207594351958815
0.6985208115822383
0.7234862821575914
0.7297093815711099
0.7068233530792255
0.6314504200287352
0.7382500289238604
0.7461556488128352
0.7419032486482144
0.7356510377784263
0.745755206185795
0.7404163162937208
0.7298395654022712
0.7214486170170294
0.7386205308343803
0.723987482327201
0.742982798709743
0.738399680340356
0.7410062945719617
0.7483522855804399
0.7377579553677789
0.7311182783721828
0.7074149282123051
0.7336019149459269
0.7142629067555625
0.73595752713675
0.7454685304365055
0.742510763404091
0.7414691554408489
0.7454886107768302
0.7302486205298029
0.7472370218780819
0.7435995039293687
0.742566883213497
0.7453793390469087
0.7302212274450647
0.7394796954417517
0.7340066922632441
0.7192126222261092
0.7170121164786954
0.7415426247637121
0.7420378348328671
0.7419679551528543
0.7403359566935075
0.7290937529226493
0.7197198135170921
0.7397220237278329
0.7437268788849394
0.7433406028321745
0.7413212071607157
0.7434504967868556
0.7428416466904386
0.7445824737547666
0.7447368519943717
0.7370557560934754
0.7424162298277927
0.7403089080789165
0.7409162245656764
0.7412121105290971
0.7476237882281509
0.7151156361985794
0.7283345203530482
0.7312735005787543
0.749843927719718
0.74197200724558
0.7357297193065959
0.7425644462891574
0.7389774021073732
0.7454649734793123
0.7438165300771348
0.7470941233118041
0.7422101077606436
0.7484563823120122
0.7350137338796751
0.7439268373569735
0.7351801509522157
0.7468444603926138
0.7452051006572489
0.7435975146324615
0.7436028920622484
0.7445829154498799
0.7429382282664444
0.7491741651629641
0.7449684162359919
0.7417811192537076
0.7441198703996567
0.74243409152113
0.7402666253508977
0.7439579651002067
0.7458150906269839
0.7397980801117312
0.7443587058879677
0.7374724888107116
0.746391821176289
0.7415584873952011
