0.7291097867443636
0.7479062471756346
0.7425843345727561
0.7523562820747425
0.7196163957521434
0.7319051513060008
0.707677469425207
0.7346276443566637
0.7422912236799011
0.7195681209587799
0.6449507753457573
0.7500136131966769
0.7578855254629916
0.7514481805759913
0.7488385729109338
0.7559878130964087
0.7544730772213384
0.7442218646249112
0.7342038809430529
0.74994815987501
0.7364771983628243
0.7547564550833946
0.748526580230551
0.7530227875932037
0.7605127782100003
0.7510445351599186
0.7408477448545353
0.7236375606820111
0.748177609346005
0.7287274712149172
0.7492605300184914
0.7576760127482374
0.7554416204666081
0.7567343746556983
0.7589156575284112
0.7455169470140203
0.7608007214578735
0.7545247143413693
0.7570081766671326
0.7577398374417577
0.7438710427470989
0.7514694374900416
0.7482225377542467
0.7333791551319413
0.7337842733800395
0.7550300456590907
0.7552219579903422
0.7553137575077733
0.7527520464875835
0.7447144427520787
0.72539018661192
0.7537837939079278
0.7576491111016727
0.7575670529208018
0.7556332687937763
0.7552358144736533
0.7564738272375148
0.7571306869437088
0.759213707289561
0.7516125724387065
0.7561093038225463
0.7549346593835617
0.7558229593032493
0.7537408711515702
0.7606871153301461
0.7274702148063809
0.7379839725645786
0.7417991274332805
0.763379872836075
0.753630156188882
0.7484240033297277
0.7565756890753599
0.7545008980877855
0.7589755592797218
0.7572181967982259
0.7608671847171036
0.7565344975091081
0.7604535669820661
0.7446191461582009
0.7570314291984725
0.7497869618359353
0.7591006721559037
0.7586735427017881
0.7568962071661893
0.7587520674074009
0.757303207715142
0.7576032736392213
0.7609363948405902
0.7570589012623095
0.7549124182011653
0.7579675817845989
0.7568954332876632
0.7534668987300099
0.7556092407066735
0.7582301151259304
0.7545596910705806
0.7571971661389095
0.7503261890495129
0.7587988307337459
0.7555065596487686
