0.521940852995825
0.5211877806557265
0.49207328820570023
0.5208121401554601
0.5330685252128867
0.4825258909381445
0.355617400961367
0.5035779378106467
0.40606046235704923
0.22156870378961135
0.5081908381562557
0.5284492250459062
0.5193568222178353
0.5296115628575585
0.5255782667326834
0.5326034202524254
0.528912009785198
0.5312474507254686
0.5303081367243555
0.4789289142989262
0.532900503137743
0.5341846224448732
0.5403528779521289
0.5240056798442747
0.5270902362193806
0.5418510568207244
0.5332957820329113
0.5288338332549785
0.5309718971183138
0.5331772748762442
0.5209106507591581
0.5359081462545089
0.5320915708546203
0.5384608761244721
0.5346932852488562
0.5354602182216471
0.5361272353704067
0.5380766116136296
0.5351609083673976
0.5282055308109137
0.5284250479271304
0.5340006152127668
0.5275898229353205
0.5384556833002624
0.538716093534341
0.5238090509321531
0.5305726070665374
0.5290769823615372
0.536479370595135
0.5283794686592711
0.5430369144264431
0.5316714149985906
0.5317809692886126
0.5408013143072563
0.5270047312703882
0.5117043357552798
0.533333178775558
0.5191052971782242
0.5095323970502698
0.5432327219215984
0.5311648345583686
0.5313588673829426
0.5347704330564617
0.5301248126657555
0.529268962968171
0.5186766853352428
0.5333198310539902
0.5289799786197527
0.5272184750324246
0.5338096506169435
0.5298140115290852
0.5322976089762178
0.5354794380910798
0.5359226673090656
0.5312974365524656
0.5421015951328543
0.5391887765980617
0.5273459501873714
0.5352984768733032
0.5308494860166614
0.5380178511671855
0.5366149690481659
0.5328553852906278
0.5234336795127777
0.5424276446205598
0.5291876723616089
0.5333816107541037
0.5294473993084792
0.5099722852240421
0.5302202198321714
0.4848962515269971
0.540954270139439
0.5389617355395009
0.5395653769179763
0.5294196466817304
0.5320554324744752
0.529651120969063
0.5253564557078902
0.5324442966492388
0.536043401329832
