0.7465394877180522
0.7592931533290428
0.7176714657731309
0.7583101475188451
0.7578871903157512
0.7569300254823974
0.7531423629207212
0.7531607336621741
0.7465804405032233
0.7601357704987539
0.7620021044546132
0.7588735655535263
0.7564127765751998
0.760165874196108
0.7569685420489165
0.7608684292381981
0.7586567440181312
0.7551079941385282
0.7543904385788783
0.759242857515751
0.754144744281146
0.7604447011805118
0.759202165999332
0.7602172088812018
0.7570197681879072
0.7635269582615622
0.7594035585698783
0.757606600846607
0.7544937300154976
0.7576764698678776
0.7605845583793154
0.7584991854953043
0.7597205347963341
0.7598431747374164
0.7628678493204973
0.759686221220764
0.7610271414614473
0.7569334130832016
0.756114472358737
0.7540533385243336
0.7610184145584242
0.7608239263970711
0.7605398392859011
0.7611084395627594
0.7591260923973747
0.7623078629532072
0.7616335757163255
0.7591026097721126
0.7605564245002769
0.7639685677958021
0.7602032535313232
0.7579109301137112
0.7604268174363111
0.7615003057326943
0.7591553057064007
0.7565190929421948
0.7595885349630841
0.7590905306066522
0.7614364507551374
0.7396152283357621
0.7579174691284
0.7606656737762512
0.7588211981108006
0.76536431109045
0.7627865034752462
0.760612977561724
0.7608327739378757
0.7619062882136126
0.7620897696837208
0.7634969685462035
0.7622511522059224
0.762730267218157
0.7569230011024872
0.7622152550598824
0.7642859632445058
0.7631426188431997
0.7603673830021918
0.75915768817138
0.7629467099394363
0.7629915148885026
0.7607056187748171
0.7629267545704403
0.7633092256799384
0.7619296970176739
0.7623422667645352
0.7568276333595846
0.7613752464557051
0.7598249720248912
0.7588088390517083
0.7623685974204794
0.7633529580273345
0.7625524819468164
0.7621760312426781
0.762240875419059
0.761740096566237
0.7605073756277202
0.7605216795203436
0.7579507568594444
0.7624568164121901
0.7594933857688286
