2.896417407
2.867987002
2.779514727
2.301829158
2.255644254
2.115587797
2.066618473
1.850181934
1.814903218
1.770559375
1.737662126
1.673750801
1.548110533
1.516442228
1.322182843
1.265617145
1.237074463
1.220643407
1.202742297
1.195587307
1.19044333
1.188635156
1.134907368
1.103128989
1.096181525
1.093272916
1.009509075
0.92389446
0.879376506
0.810584755
0.792997599
0.778635262
0.777122828
0.775432686
0.725859368
0.706807271
0.696473242
0.618519261
0.618346393
0.616546076
0.548444075
0.535888293
0.518821238
0.467767096
0.465624635
0.447177523
0.38745716
0.373264793
0.268894359
0.222944031
0.211325915
0.208964993
0.160944865
0.13558804
0.084621795
0.063445573
0.045601763
0.010908865
0.0
0.0
-0.120980151
-0.124700213
-0.186050759
-0.24013104
-0.39398557
-0.413509859
-0.42146293
-0.453972852
-0.623913288
-0.627558292
-0.631943086
-0.653184296
-0.676353956
-0.712691254
-0.780280423
-0.786118788
-0.791395515
-1.080190302
-1.130434487
-1.211873806
-1.24724727
-1.257534628
-1.269130549
-1.922756664
-1.986147571
-2.120269836
-2.196604908
-2.210109062
-2.263473138
-2.558642434
-2.681794822
-2.716258899
-2.765502041
-2.849325132
-2.933286282
-2.991702783
-3.042387814
-3.107528903
-3.591276199
-3.793535703
-4.049317544
1.624331418
1.019254869
1.014416358
0.973562318
0.911856645
0.757495579
0.589845183
0.556956103
0.452081117
0.447628141
0.416999142
0.408156012
0.366170978
0.341628147
0.292241034
0.27011871
0.261642353
0.22800736
0.219492474
0.218183555
0.178405406
0.104221866
0.089176253
0.083548984
0.067102821
0.003615793
-0.015848209
-0.017609296
-0.053180045
-0.06934408
-0.107784165
-0.112089596
-0.135147636
-0.149676452
-0.169228374
-0.174946638
-0.197945927
-0.202139722
-0.205009572
-0.222713414
-0.244130717
-0.265410276
-0.268835692
-0.271963962
-0.337659764
-0.353147275
-0.367853451
-0.394447009
-0.395251252
-0.399200058
-0.403952722
-0.404265239
-0.489072227
-0.521967069
-0.525296384
-0.550485142
-0.572429936
-0.601886303
-0.607144577
-0.649627989
-0.656926085
-0.661281126
-0.664049918
-0.675063064
-0.676493898
-0.691698515
-0.7069541
-0.715534108
-0.729739613
-0.743717348
-0.746039863
-0.746703721
-0.755738491
-0.759960352
-0.762685219
-0.786721387
-0.800078719
-0.810129581
-0.81308989
-0.853826322
-0.882521572
-0.893434371
-0.91942947
-0.973953314
-1.004839538
-1.026317887
-1.038693944
-1.045191091
-1.052246494
-1.062674018
-1.06357322
-1.075402881
-1.088417868
-1.090300125
-1.155314047
-1.162846498
-1.220737732
-1.227863343
-1.238582586
-1.251313489
-1.290402119
-1.392820847
-1.429111533
-1.459025727
-1.474266643
-1.615700622
-1.630467304
-1.653033291
-1.684033991
-1.69490211
-1.699437647
-1.734523492
-1.760528821
-1.802210043
-1.831912737
-2.071608461
-2.195246972
-2.196206243
-2.331886643
-2.339963527
-2.385776315
-2.409038986
-2.430513938
-2.447288199
-2.504471583
-2.575785991
-2.617698006
-2.693386653
-2.72726595
-2.729303766
-2.729627844
-2.821357506
-2.824019424
-2.889321758
-3.01697555
-3.079716751
-3.143859654
-3.219194815
-3.23098627
-3.231931499
-3.2763655
-3.298489574
-3.37944942
-3.418803899
-3.549868802
-3.628008315
-0.321377126
-0.4673994
-0.545967211
-0.769829911
-0.778447773
-0.782513369
-0.785111042
-0.785596411
-0.793386853
-0.824462211
-0.832348561
-0.836189004
-0.839777934
-0.840067789
-0.840122299
-0.84457791
-0.856386056
-0.8644281
-0.88529086
-0.909251
-0.93715397
-0.951207988
-0.952630337
-0.961338225
-0.971620845
-0.973778257
-0.980721287
-0.987737
-1.020407346
-1.036351504
-1.061863943
-1.062822566
-1.083955117
-1.092543787
-1.123050055
-1.181170578
-1.257427469
-1.257481147
-1.277930429
-1.431924318
-1.45432729
-1.463562883
-1.468615993
-1.477579167
-1.482117731
-1.582840207
-1.880996643
-1.996952748
-2.164633716
-2.51487217
-2.532252007
-2.600779695
-2.737718122
-2.743002116
-2.877810939
-2.87830174
-2.937083964
-3.039212369
-3.197512155
-3.250892909
-3.486182385
-3.507524563
-3.523303427
3.921440194
3.858868971
3.700055495
3.696218349
3.689296823
3.637554373
3.619940224
3.606718208
3.569584903
3.557474074
3.548887992
3.546031654
3.542374743
3.507899291
3.476524002
3.45655053
3.442457384
3.423296535
3.407233533
3.394491791
3.378794156
3.331393635
3.322863618
3.273120609
3.245147768
3.206786483
3.203938985
3.195889316
3.188288887
3.181939263
3.165212326
3.156163081
3.13985865
3.1353796
3.126249315
3.118574677
3.108976976
3.103903825
3.091350044
3.089457054
3.069569251
3.063156518
3.06303995
3.057118447
3.04465371
3.042228033
3.029774879
3.027297826
3.002651878
3.000995221
3.000652431
2.999494705
2.994937424
2.98549426
2.982549499
2.981710725
2.970585431
2.966320399
2.963890858
2.962687349
2.946130577
2.924025944
2.921958726
2.917061865
2.912064817
2.911346618
2.90976264
2.906516033
2.905234929
2.890615833
2.877524061
2.860883866
2.849834513
2.844851405
2.843549104
2.841104337
2.835066769
2.816471531
2.81524508
2.79897003
2.789076839
2.756469079
2.754443411
2.747379318
2.747291671
2.746668743
2.744273809
2.741487739
2.741357809
2.730695753
2.718403822
2.704183663
2.701546702
2.69960757
2.698070081
2.691552356
2.680892821
2.678755408
2.668688984
2.656670773
2.656011957
2.654543564
2.645051802
2.632702514
2.632412098
2.625958496
2.623065907
2.622323843
2.615935095
2.615302144
2.608478344
2.59736958
2.594564034
2.593170186
2.58404558
2.583546675
2.577412856
2.566111224
2.543862592
2.525347619
2.524518899
2.523760151
2.522302168
2.522251623
2.513538457
2.505362826
2.482768586
2.478804161
2.477386798
2.472881298
2.465996469
2.465426434
2.46453411
2.459889191
2.456327825
2.449393067
2.446315322
2.443300321
2.442813701
2.439538614
2.435029341
2.424626312
2.412594434
2.411955656
2.411336809
2.404009349
2.400443564
2.396722354
2.396277508
2.389925931
2.385243773
2.380559734
2.378334498
2.375163895
2.368390961
2.368116206
2.362740052
2.35096962
2.346778087
2.338613907
2.338255275
2.335437691
2.334712451
2.316544042
2.315526156
2.314178851
2.311689238
2.304958445
2.295055365
2.284425079
2.2771493
2.273499484
2.269154837
2.261895762
2.258469963
2.246523518
2.244402283
2.242663636
2.241955809
2.235831242
2.232972932
2.232145945
2.229199663
2.227604222
2.227185018
2.226285842
2.220761423
2.219568828
2.218754137
2.207869345
2.203285327
2.192331337
2.188088515
2.18689143
2.179977737
2.177658723
2.171693706
2.165408815
2.162772482
2.160345371
2.152671858
2.152083227
2.145467135
2.142674105
2.136585824
2.129198349
2.128433314
2.125575792
2.117153789
2.112900559
2.095555898
2.092348289
2.082810732
2.080288402
2.07372756
2.072911906
2.065484593
2.062164838
2.058107216
2.052469515
2.048458437
2.04689969
2.045352036
2.034555031
2.032766885
2.02715981
2.02287396
2.022040253
2.015851423
2.011693081
2.006862056
2.005196263
2.004899826
1.991565877
1.990100306
1.982099466
1.978576251
1.978063788
1.977286464
1.973325314
1.972295413
1.971516859
1.961144551
1.956590147
1.944646392
1.942866361
1.942733675
1.942195118
1.94049173
1.937611766
1.936309922
1.935486986
1.92482656
1.924126834
1.920968973
1.915968474
1.910367612
1.90835348
1.902344822
1.900935371
1.899663597
1.897503341
1.896606244
1.896026734
1.89378573
1.893778412
1.890389007
1.884350873
1.880981719
1.880767383
1.876264863
1.872464751
1.870994918
1.866132465
1.863641327
1.861710435
1.861202998
1.860402646
1.86014695
1.850697285
1.84424683
1.843504169
1.841103829
1.840617826
1.838933531
1.835596972
1.831820604
1.83144655
1.824317883
1.815544431
1.814896392
1.814575015
1.811699993
1.806579496
1.798695129
1.786255996
1.779530513
1.771518116
1.771026687
1.770434385
1.765993014
1.757323009
1.751716561
1.747697892
1.744552031
1.740110306
1.736978376
1.731435249
1.729939909
1.728470709
1.727577604
1.72582144
1.725714296
1.723824488
1.721345531
1.718695722
1.709192988
1.707712515
1.707593488
1.705719992
1.695212972
1.68829261
1.681947272
1.674565409
1.669562552
1.667254856
1.664278516
1.6641377
1.6618091
1.656515157
1.65322685
1.64946761
1.641175502
1.638886753
1.634806993
1.618378349
1.618317484
1.611357621
1.608933632
1.605457124
1.605452992
1.599268731
1.598459939
1.593115467
1.590243614
1.587096622
1.583603042
1.578010115
1.566039454
1.563883249
1.556320558
1.551362454
1.546759073
1.536504304
1.534495584
1.533480899
1.532512616
1.52355639
1.522849796
1.511322271
1.505870765
1.505785362
1.504110988
1.495781971
1.494511201
1.492194031
1.491102201
1.488546915
1.488275073
1.487514482
1.482391052
1.478337702
1.47738115
1.470410855
1.468597225
1.457909842
1.456325101
1.451984769
1.448222095
1.447343483
1.444990997
1.442068949
1.441556011
1.438326726
1.436554434
1.435757022
1.431961055
1.423959782
1.41818884
1.415454482
1.412898589
1.408477137
1.400072476
1.38335452
1.375236101
1.37434273
1.373932457
1.370541457
1.370293531
1.368287041
1.359877801
1.357043494
1.355381118
1.346432674
1.343679662
1.343300076
1.341147493
1.33590291
1.329884019
1.322106935
1.316246684
1.314938973
1.314304514
1.310901429
1.302973281
1.302064832
1.301744809
1.291122144
1.290632389
1.288883697
1.288807391
1.288054675
1.285790778
1.283038705
1.276180034
1.275352104
1.270530107
1.270258553
1.269254896
1.26828594
1.261982395
1.256954844
1.242897724
1.235668367
1.223483098
1.222960773
1.222765207
1.220663481
1.214756347
1.211839349
1.209685815
1.205194996
1.202661709
1.201569603
1.198180574
1.196758803
1.188387617
1.187050914
1.175069682
1.173565247
1.170328488
1.16752554
1.162692592
1.151288577
1.143502542
1.140894962
1.140790285
1.136625212
1.132515755
1.125867441
1.121182149
1.120549162
1.117029092
1.115096871
1.091729821
1.088564758
1.086200427
1.081275917
1.069592461
1.064879707
1.058065356
1.053156392
1.050112887
1.047114273
1.040882344
1.038341184
1.030294002
1.028345976
1.020398903
1.020178591
1.020093835
1.017793234
1.010956268
1.009679758
1.006687729
1.005163525
1.00472815
0.994951436
0.989515707
0.986463241
0.986119329
0.980498312
0.978356195
0.976110645
0.97270858
0.971883895
0.966734449
0.959906511
0.956216965
0.95253638
0.949663298
0.949511773
0.944244392
0.944110912
0.942316404
0.9415538
0.939784106
0.937062424
0.930326518
0.920522025
0.910020899
0.905507426
0.904435849
0.89958418
0.898721552
0.89805102
0.891916501
0.88534513
0.881508884
0.881179035
0.87654462
0.874812457
0.871470465
0.868922532
0.864920732
0.840532844
0.834936281
0.826059561
0.818676411
0.815992528
0.814752082
0.802352427
0.795418587
0.792799029
0.789823779
0.782230171
0.760894802
0.759343258
0.757904768
0.75001334
0.748413462
0.74352962
0.735929021
0.732793935
0.728925232
0.726176587
0.719068298
0.715778791
0.710198514
0.708827731
0.691541984
0.687203529
0.687102917
0.686681011
0.677780677
0.674284634
0.667858743
0.656282071
0.652068528
0.638334206
0.620469056
0.615407599
0.610043803
0.608407979
0.607712353
0.606807059
0.606235597
0.60207959
0.598354675
0.579734264
0.569944237
0.562867892
0.560031074
0.541010958
0.526962523
0.520023133
0.515355611
0.51277842
0.505040399
0.502845728
0.496070062
0.49564503
0.476730926
0.47244872
0.458746727
0.456069511
0.453378136
0.446223986
0.438153434
0.43334092
0.42974897
0.423280239
0.42067772
0.418454163
0.411631494
0.407761178
0.405792737
0.404233536
0.402236668
0.390157474
0.385141961
0.38026086
0.369377125
0.369363274
0.368740562
0.361287552
0.357404786
0.339449079
0.336064199
0.302054215
0.300015927
0.292205784
0.291974494
0.291004013
0.277108548
0.276991999
0.273571336
0.259452229
0.247194131
0.246459442
0.238455878
0.226550627
0.21981878
0.208533039
0.204322249
0.201205074
0.198847538
0.182153309
0.155380037
0.155234974
0.148896309
0.141462359
0.140141588
0.138587498
0.137962957
0.122171253
0.119145068
0.110357403
0.084273252
0.076273623
0.067129433
0.049545728
0.021003138
0.016916166
0.015936811
0.011840022
0.0
0.0
-0.015769868
-0.035484029
-0.035598063
-0.038714682
-0.054484044
-0.063076964
-0.063362551
-0.080072443
-0.100820363
-0.102171425
-0.110230011
-0.115024959
-0.13560812
-0.142688774
-0.14815118
-0.15184084
-0.15624177
-0.167196455
-0.17068736
-0.192990993
-0.210123597
-0.211780877
-0.254533399
-0.26625894
-0.285122994
-0.292065963
-0.293045666
-0.29648887
-0.34326606
-0.361019746
-0.366806338
-0.396229712
-0.455484588
-0.466301668
-0.476246711
-0.480588669
-0.493004653
-0.502317528
-0.520280207
-0.534305502
-0.54620649
-0.558624073
-0.574165404
-0.580909345
-0.590744659
-0.591424619
-0.592215234
-0.59698501
-0.623540647
-0.630189849
-0.632977805
-0.637036364
-0.64655698
-0.656505736
-0.662503521
-0.663633029
-0.66553131
-0.670646312
-0.699253416
-0.704997943
-0.736470645
-0.756204903
-0.768972411
-0.779733814
-0.794182031
-0.810400691
-0.818275984
-0.827426077
-0.830093849
-0.833940098
-0.842534229
-0.867941293
-0.871636845
-0.873668202
-0.879519539
-0.889757739
-0.898851915
-0.904188401
-0.924775854
-0.925060939
-0.936971281
-0.993109526
-1.02152169
-1.033122411
-1.04329573
-1.056746702
-1.064120885
-1.083665205
-1.107749583
-1.131272128
-1.153621339
-1.176483055
-1.206188053
-1.219791294
-1.232797612
-1.247199509
-1.24879996
-1.249101948
-1.264481067
-1.279908929
-1.283247226
-1.294113182
-1.313590001
-1.353318909
-1.35341491
-1.35817588
-1.360604773
-1.369671825
-1.394768016
-1.409404712
-1.412061321
-1.431333003
-1.441325881
-1.463546577
-1.479322257
-1.49033999
-1.502282803
-1.507270781
-1.541602869
-1.55128352
-1.554299975
-1.57730318
-1.593619561
-1.646283423
-1.681638907
-1.694338374
-1.718336447
-1.719109932
-1.743984467
-1.746080364
-1.77269207
-1.77709299
-1.783168589
-1.784568732
-1.816255016
-1.819597697
-1.833489989
-1.835145029
-1.844600595
-1.874309154
-1.89829609
-1.925780772
-1.944610484
-1.954118404
-1.966275051
-1.969497708
-1.986845297
-1.999239347
-1.999679713
-2.006450953
-2.01832945
-2.02889769
-2.043908903
-2.050297131
-2.053981599
-2.07493269
-2.091753659
-2.105432832
-2.124558303
-2.147610579
-2.157348557
-2.173504089
-2.176535572
-2.176778356
-2.178229346
-2.190759726
-2.191115243
-2.20494732
-2.252025553
-2.26807043
-2.28205269
-2.283120383
-2.305258651
-2.318807644
-2.319396406
-2.415200375
-2.432483216
-2.450585286
-2.48528693
-2.513321632
-2.538370951
-2.548469262
-2.569417902
-2.612945838
-2.648740709
-2.649323804
-2.650562323
-2.657813429
-2.735021838
-2.737494439
-2.747063062
-2.753679233
-2.758025063
-2.768045943
-2.776248396
-2.780405705
-2.794556809
-2.817407005
-2.824273227
-2.847463242
-2.88366636
-2.943825242
-2.947938752
-2.952898932
-2.954422109
-2.969806572
-2.982234509
-2.98573014
-3.001359133
-3.037793087
-3.043796523
-3.049640645
-3.069022774
-3.094657174
-3.121050614
-3.121345671
-3.141642179
-3.143156651
-3.161814292
-3.162240525
-3.178321684
-3.182875105
-3.196446778
-3.197565456
-3.200029335
-3.202380511
-3.208328779
-3.226520499
-3.237068767
-3.24292802
-3.257646568
-3.288101972
-3.288602606
-3.301246525
-3.346232311
-3.34847818
-3.405913431
-3.43260593
-3.442903038
-3.443916078
-3.451791492
-3.467962381
-3.472132068
-3.499688415
-3.522083263
-3.558726371
-3.562291595
-3.577188117
-3.629100522
-3.678341443
-3.737490157
-3.740371087
-3.756828631
-3.761394326
-3.770147101
-3.785558981
-3.814616666
-3.971593778
-3.974276097
-4.089498051
-4.13263028
-4.269835181
1.732629149
1.696509387
1.675937775
1.547532674
1.37717392
1.291911459
1.264481398
1.258938249
1.212415161
1.14179839
1.136092381
1.124936739
1.098445953
1.022181008
1.015866072
0.999821993
0.938584584
0.926889639
0.926652065
0.905137572
0.888595399
0.880721766
0.861953063
0.854486241
0.836486572
0.835802465
0.833995442
0.822765504
0.817781758
0.81483697
0.811273097
0.798991645
0.788900402
0.787524774
0.786765932
0.769273634
0.766711757
0.738036043
0.731960148
0.727934298
0.727552797
0.72711079
0.70459296
0.683741791
0.667598919
0.658808851
0.656024146
0.649216737
0.646706637
0.645855977
0.640165632
0.639291375
0.631428735
0.62822804
0.617163976
0.603536108
0.588675167
0.580137818
0.579466987
0.577494417
0.576051805
0.574372242
0.574073861
0.571635023
0.566717904
0.564126303
0.561512406
0.558615669
0.537387671
0.531683382
0.531128088
0.528334371
0.524505079
0.500543934
0.494837625
0.494593621
0.487703278
0.484559286
0.483696309
0.481009919
0.480830442
0.480704496
0.467243624
0.465289506
0.455029072
0.451809382
0.438012573
0.427679915
0.421889278
0.406651023
0.39429973
0.390906314
0.389873635
0.386828801
0.380663197
0.375853879
0.375170934
0.36180887
0.357285663
0.356887262
0.355325228
0.354740793
0.351040887
0.350350267
0.349383334
0.336273596
0.324635877
0.318791486
0.31598955
0.315976381
0.311092041
0.310148376
0.304891675
0.30042767
0.290729616
0.288825069
0.280940129
0.274193261
0.273762984
0.267989728
0.26035221
0.259101408
0.258412397
0.258224149
0.257194796
0.256557027
0.252285367
0.252015093
0.249403035
0.249222939
0.248948565
0.247078761
0.243138779
0.241669765
0.237766095
0.234560932
0.23432892
0.228313163
0.222319007
0.220498153
0.216403427
0.212907128
0.204689496
0.202207015
0.194589803
0.180326707
0.172301626
0.171425082
0.170569371
0.168268158
0.150088181
0.141480999
0.137280432
0.136838099
0.135999346
0.133018489
0.12689626
0.126423286
0.120455936
0.118746302
0.118365872
0.111197529
0.110402672
0.107799446
0.103590968
0.090624997
0.084274122
0.074873727
0.074587234
0.068940242
0.060814996
0.056423246
0.05574092
0.036366511
0.035552174
0.034971081
0.032632154
0.029472417
0.026809489
0.015391055
0.007625461
0.00163071
-0.009947033
-0.011519366
-0.015259814
-0.018489627
-0.024588075
-0.033454737
-0.044479108
-0.048861647
-0.056383936
-0.060040906
-0.064896386
-0.08641019
-0.086441506
-0.099908804
-0.100864723
-0.115905586
-0.123992137
-0.126444226
-0.127545408
-0.132922494
-0.13465355
-0.136912602
-0.138805672
-0.139941394
-0.140689332
-0.143277305
-0.146263005
-0.160454917
-0.160456493
-0.162659183
-0.169586186
-0.171293536
-0.175088872
-0.175832506
-0.176605607
-0.17722716
-0.18260347
-0.18976927
-0.207615597
-0.211017132
-0.213812242
-0.220186356
-0.221809874
-0.222144605
-0.225731885
-0.231391298
-0.232516495
-0.240038975
-0.240569366
-0.2423659
-0.256064238
-0.268038893
-0.269235526
-0.273108956
-0.276409274
-0.300537702
-0.305631522
-0.316669835
-0.329411263
-0.337755312
-0.341070958
-0.372288315
-0.382453486
-0.384885929
-0.389243545
-0.397488158
-0.397924343
-0.405153885
-0.405525391
-0.407154282
-0.423481951
-0.425535549
-0.434071317
-0.44355073
-0.444270672
-0.444697713
-0.445639387
-0.454017543
-0.457972329
-0.458634595
-0.458735533
-0.467426964
-0.470360757
-0.472685816
-0.475208092
-0.476202433
-0.480171229
-0.488300584
-0.498007495
-0.500919557
-0.502317174
-0.516898283
-0.517306743
-0.517317801
-0.522281123
-0.523307309
-0.532969975
-0.538509687
-0.549884537
-0.566005119
-0.566540717
-0.568926188
-0.575742513
-0.59461257
-0.595071604
-0.599801561
-0.606845177
-0.608460783
-0.61033537
-0.611433529
-0.614028712
-0.616166601
-0.620177921
-0.623088754
-0.623774664
-0.625743047
-0.626894807
-0.63508371
-0.642678697
-0.648465538
-0.656790249
-0.660043934
-0.660317196
-0.666738068
-0.667950763
-0.668899281
-0.670175932
-0.671572174
-0.679319919
-0.693529702
-0.702123704
-0.706651458
-0.73814634
-0.740207752
-0.751535637
-0.751926294
-0.757380839
-0.761323328
-0.765814808
-0.779937535
-0.788893591
-0.790664849
-0.791683293
-0.810991525
-0.815393284
-0.819373251
-0.82675598
-0.838295844
-0.841302792
-0.845418964
-0.857802551
-0.858165459
-0.864044324
-0.867007344
-0.878852097
-0.888470522
-0.893037916
-0.895116817
-0.900180059
-0.909616727
-0.922544
-0.923860894
-0.932634397
-0.93376178
-0.934310278
-0.934470371
-0.937793891
-0.937863582
-0.946305756
-0.957677584
-0.958138575
-0.958192695
-0.959069108
-0.960302428
-0.962243676
-0.974071629
-0.977906188
-0.998250634
-0.998335941
-1.000128225
-1.002164512
-1.003210068
-1.021134414
-1.022562982
-1.038331423
-1.048857009
-1.049737832
-1.063254986
-1.064489163
-1.071043984
-1.071653845
-1.086911954
-1.087251382
-1.103899176
-1.106113766
-1.119216965
-1.120905589
-1.151730161
-1.168682343
-1.173299608
-1.183836694
-1.185525698
-1.19044502
-1.197088623
-1.198711713
-1.198876334
-1.205545353
-1.214775336
-1.23032625
-1.232010001
-1.233648649
-1.23586732
-1.241141083
-1.243185289
-1.25928298
-1.273867732
-1.276415229
-1.284404565
-1.309909891
-1.355321519
-1.357783219
-1.373067349
-1.378758066
-1.384385515
-1.392530747
-1.40492723
-1.41470327
-1.419451144
-1.432690578
-1.436762436
-1.44921531
-1.449635805
-1.459273319
-1.460119517
-1.462945168
-1.480256394
-1.483043153
-1.491479082
-1.5029794
-1.52794417
-1.539028888
-1.542843806
-1.552057706
-1.556322218
-1.556618751
-1.563377689
-1.571833973
-1.578392281
-1.579992292
-1.581453877
-1.582354804
-1.59626922
-1.613797016
-1.629289139
-1.663262322
-1.68519874
-1.703134064
-1.713187253
-1.717379693
-1.768148554
-1.772970212
-1.787441692
-1.797685727
-1.823052005
-1.827328097
-1.827707363
-1.846122125
-1.887283437
-1.890209111
-1.893131977
-1.926196707
-1.945756702
-1.970404252
-1.990654444
-1.996553194
-2.028954374
-2.036270121
-2.048306395
-2.064119675
-2.10298052
-2.106354841
-2.106819905
-2.147831537
-2.154108129
-2.158809829
-2.199207418
-2.235485361
-2.249430891
-2.272194414
-2.276134696
-2.278155077
-2.301979236
-2.321276933
-2.342340002
-2.343922394
-2.3761502
-2.378279473
-2.385177627
-2.396908288
-2.409457521
-2.415897554
-2.419661403
-2.441851595
-2.497386082
-2.505922197
-2.510701135
-2.541526619
-2.582697543
-2.584627378
-2.602409169
-2.602957818
-2.605264814
-2.606446032
-2.631454004
-2.637738624
-2.648215438
-2.650241748
-2.656705051
-2.664373677
-2.674089459
-2.700179054
-2.710035256
-2.714788533
-2.729351445
-2.730896002
-2.734835837
-2.740750003
-2.747787441
-2.759984136
-2.776023637
-2.778641437
-2.784583051
-2.784953449
-2.802765301
-2.804683928
-2.851128811
-2.857443887
-2.85807401
-2.859704899
-2.868316964
-2.882858814
-2.889429733
-2.889703291
-2.8977147
-2.900060163
-2.902944344
-2.908303795
-2.918197501
-2.921024201
-2.921529776
-2.954210825
-2.970054442
-3.007211808
-3.011259707
-3.037208873
-3.051177841
-3.051440042
-3.057571452
-3.058020094
-3.096197426
-3.099941839
-3.123104135
-3.144028064
-3.160225126
-3.161876947
-3.168419596
-3.184194737
-3.208419674
-3.210371852
-3.222151644
-3.224082571
-3.227889794
-3.231028617
-3.233584195
-3.241509688
-3.245410157
-3.248063501
-3.25239797
-3.254601594
-3.29441131
-3.306596773
-3.315111313
-3.316588181
-3.319784332
-3.321150749
-3.327965356
-3.337186223
-3.35674547
-3.360996278
-3.361780304
-3.377882976
-3.377929688
-3.378937576
-3.379097944
-3.388700601
-3.403302275
-3.405523094
-3.426789809
-3.487571399
-3.489484913
-3.515003964
-3.521393444
-3.537799545
-3.547296474
-3.565772067
-3.580293553
-3.60407705
-3.622385325
-3.657480836
-3.673346998
-3.767274253
-3.8057139
-3.914912702
-4.001227846
-4.015678922
-4.208532846
1.707468724
1.643766418
1.569648684
1.534261165
1.53263878
1.488896695
1.483092436
1.420916694
1.355953715
1.237165649
1.212675048
1.192228227
1.188576714
1.131009433
1.111427207
1.073986291
1.027046963
1.023195698
0.986047093
0.965549697
0.956786084
0.935267539
0.900766757
0.881362747
0.867575959
0.852542255
0.843726771
0.835138523
0.826938223
0.802782476
0.771358138
0.766649654
0.744814404
0.7399993
0.735903499
0.727276448
0.676533958
0.663216587
0.644103369
0.607551501
0.599058527
0.596795068
0.582455824
0.580132685
0.576869789
0.55911156
0.555582567
0.509492973
0.506530326
0.497477126
0.494511294
0.469202811
0.468289729
0.451502436
0.439316607
0.437098563
0.431288782
0.426855359
0.397295427
0.395662835
0.385856756
0.367942597
0.314691865
0.310287202
0.301000765
0.289797947
0.258089955
0.210120879
0.209878835
0.18340473
0.158335032
0.149356676
0.148325584
0.138276565
0.136738702
0.116247262
0.114985972
0.100792509
0.082917344
0.077311242
0.070192052
0.06642575
0.059195125
0.053937194
0.035595672
0.034396272
0.034365243
0.03225633
0.020395716
0.002094702
-0.004362219
-0.017086474
-0.06183568
-0.089975268
-0.1124092
-0.114640837
-0.128046088
-0.136098177
-0.139762572
-0.151852852
-0.171167224
-0.180819704
-0.193607722
-0.213520262
-0.219487047
-0.231248397
-0.241885996
-0.269058738
-0.276844287
-0.286019495
-0.288633289
-0.293086379
-0.299318227
-0.300506607
-0.32914409
-0.359135212
-0.381192338
-0.383289446
-0.417190681
-0.432644879
-0.443369866
-0.443382256
-0.482054627
-0.49693814
-0.499251201
-0.50777891
-0.517350953
-0.551369748
-0.575303631
-0.578428706
-0.587605339
-0.60339528
-0.620653905
-0.621041048
-0.622293024
-0.624473801
-0.643200409
-0.660316847
-0.667416626
-0.687339136
-0.688519869
-0.69040689
-0.690976057
-0.694496499
-0.736354406
-0.738038175
-0.739488666
-0.844275481
-0.874784193
-0.963472047
-0.965823498
-0.977290939
-1.03043131
-1.057607206
-1.098991318
-1.109367394
-1.109439558
-1.117476094
-1.173230504
-1.2035978
-1.208255587
-1.231125166
-1.297729073
-1.297919264
-1.582264027
-1.595042375
-1.598660089
-1.604095393
-1.608410351
-1.658180482
-1.690521168
-1.699038526
-1.743925583
-1.779103163
-1.841988763
-2.094434961
-2.096171449
-2.121481556
-2.131251179
-2.206855524
-2.239305199
-2.303548617
-2.342451377
-2.355947127
-2.587587391
-2.755920292
-2.792280399
-2.828862572
-2.886501587
-2.889730736
-2.891546761
-2.923830387
-2.966928433
-2.971233319
-3.030698427
-3.039493468
-3.051178295
-3.097765265
-3.101160919
-3.128262182
-3.187109519
-3.195464005
-3.209777989
-3.24557329
-3.278323874
-3.279342505
-3.396202356
-3.400208591
-3.451519194
-3.46589671
-3.467491716
-3.754161636
-3.986330862
-4.045426562
2.051693696
1.717210242
1.695187291
1.59100207
1.56726911
1.491608142
1.447179889
1.439084189
1.437610184
1.397552653
1.363249348
1.33817666
1.280463498
1.229425462
1.201517112
1.189648498
1.140438883
1.058091079
1.045042351
1.036740862
1.005621768
0.991286854
0.950397113
0.899368411
0.840684029
0.830789058
0.808787326
0.806779904
0.806230978
0.75795775
0.722171662
0.69465324
0.691513971
0.663039828
0.631225699
0.612563481
0.588961654
0.558634754
0.541300293
0.47080379
0.39382829
0.313440224
0.307893308
0.293899117
0.270600678
0.190856464
0.141156546
0.129765604
0.115269428
0.036483523
-0.02207076
-0.176186641
-0.245060953
-0.263200688
-0.345301501
-0.517181807
-0.662946116
-0.68901823
-0.817397843
-0.833747134
-0.987612713
-1.114912826
-1.128561198
-1.184899666
-1.331224954
-1.383316732
-1.446766893
-1.553997153
-1.643463443
-1.683575953
-1.780894649
-1.991657981
-2.107056298
-2.16769269
-2.191575306
-2.289051701
-2.497998142
-2.507096512
-2.578608162
-2.583757449
-2.765580482
-2.782617842
-2.797562066
-2.858580124
-2.898502679
-2.901899603
-2.907469382
-2.957699491
-3.020108791
-3.077000381
-3.080629474
-3.119334439
-3.161088656
-3.165346339
-3.184437251
-3.230601682
-3.231774413
-3.238289159
-3.604104387
-3.79687506
-3.809344179
-3.817052522
-3.863381917
1.921193945
1.852287075
1.817972979
1.769509685
1.739555031
1.706202813
1.682280851
1.651124147
1.64189537
1.641155841
1.624726338
1.431765101
1.428047783
1.418158844
1.395292364
1.394162999
1.388559589
1.296149416
1.2864934
1.252153911
1.247626554
1.247049108
1.233298815
1.226354614
1.225884693
1.216652894
1.206781449
1.203918791
1.197586778
1.132556461
1.12696028
1.119928212
1.119872234
1.10406065
1.074797705
1.04636025
1.04300933
1.011435768
1.009508016
0.999402298
0.992810341
0.976841065
0.957636763
0.950869785
0.934891071
0.931180355
0.911975092
0.908801836
0.904945909
0.901057134
0.900053381
0.899935944
0.889779749
0.888608964
0.886031901
0.855615968
0.852889986
0.845476694
0.844679885
0.840371583
0.827914656
0.827454093
0.809243518
0.800929882
0.795342286
0.787830214
0.775133193
0.774568621
0.772040782
0.770726694
0.770489322
0.754992526
0.727655853
0.72122897
0.717969629
0.706759278
0.702308742
0.68645755
0.685137078
0.675031251
0.648564448
0.64425992
0.638390195
0.635947411
0.624596913
0.615596041
0.601681101
0.583785219
0.571277162
0.549963205
0.544817797
0.543575755
0.531351319
0.502391119
0.49573965
0.417712341
0.40976371
0.401393942
0.396462344
0.391651858
0.38323949
0.375350879
0.365917863
0.36263284
0.350477477
0.319361946
0.317323509
0.294199461
0.266972674
0.264801628
0.239744204
0.230078104
0.225766959
0.201610414
0.154831837
0.139638489
0.125837448
0.120566676
0.11967024
0.072608683
0.032567303
0.016275324
-0.003442264
-0.008222006
-0.018660982
-0.046452392
-0.080622518
-0.111754704
-0.150247955
-0.238252953
-0.250732499
-0.282076187
-0.300511018
-0.318130213
-0.396550654
-0.418911979
-0.478833411
-0.51532878
-0.626259308
-0.641761036
-0.645211363
-0.646902966
-0.65705149
-0.702159273
-0.76858286
-0.897091603
-0.897888295
-1.005220846
-1.124115899
-1.147636391
-1.176221593
-1.33895807
-1.446904715
-1.522611742
-1.543390064
-1.576470962
-1.614565041
-1.629325137
-1.724127774
-1.72928862
-1.736774783
-1.802504825
-1.840417065
-1.840889957
-1.865741967
-1.960589732
-2.029524935
-2.039232218
-2.068438748
-2.123323374
-2.216671197
-2.373569333
-2.401029695
-2.419989114
-2.533298349
-2.564027777
-2.588094632
-2.589325957
-2.663745624
-2.675857755
-2.765166784
-2.870413659
-3.035474209
-3.059194637
-3.065306826
-3.073870605
-3.122634188
-3.141857401
-3.191190511
-3.200055088
-3.21021992
-3.280718775
-3.284293214
-3.351064125
-3.487951158
-3.816311054
-3.897346313
-3.965154861
