0.33848416135965737
0.3656428846960518
0.3917238341030592
0.34530775370108097
0.3463873433366707
0.3754522205918597
0.3776011960423247
0.37255788633410025
0.37930321403144485
0.38919321193435347
0.33896079893938436
0.3497414768441644
0.3534770609203619
0.3370665607744446
0.3808233922609217
0.36461370366117796
0.3550482310365946
0.3533487728109843
0.32616004157495515
0.3553002079968857
0.3675994726426969
0.37261122485015785
0.36708228607067017
0.32138318505410773
0.3537163972468487
nan
0.37920598404304456
0.2581229988730078
0.3759656801578765
0.18379529333774963
0.35232161274210066
nan
0.3151965843893371
0.4000837051659215
0.2122410728919952
0.36005591610779164
0.37120906288408057
0.36163214868960863
0.12238970340314277
0.34180185092796805
0.40341560368059975
0.3693214795658418
0.09909501646865362
0.3348206096825476
0.36641987613400046
0.3725386637766186
nan
0.3755437771700084
0.3179556396822183
0.3442048136344977
0.23569029577689493
0.3907425243481358
0.37056283973510074
0.3665443302851348
0.36965867798439783
0.36718010733208134
0.3822028811225952
0.3750376214230773
0.38977623773892467
0.32034855205208923
0.23596267360336934
0.2655845740265967
0.41648539790546485
0.3536145577155864
0.24020929332020996
0.349987057862201
0.24112028281131329
0.3702014952868876
0.36033998432990966
0.28482284387139234
0.38925046735911556
0.2692604678930496
0.36266864998742143
0.3612227372562623
0.32520822666769217
0.3459479323935341
0.40370477667651633
0.37431200641408413
0.34854161333224376
0.3769032148654975
0.37157410269439584
0.36171614007018116
0.3871789319990879
0.3710764487622015
0.36002354561934025
0.33991887406598825
0.3848445493323675
0.3646577664383488
0.3601112456340978
0.43005549148586114
0.3752525172726586
0.35688745563448687
0.23978060491355446
0.3278630876208404
0.386583394570679
0.3884778923196858
0.2536893303300272
0.2696350380917575
0.3388493886169725
nan
