0.3811881994511127
0.34678409525149645
0.351992903714984
0.39647552827060095
nan
0.3517477715343335
0.39198662253423394
0.37498755119107835
0.37905075994658016
0.37627801512214026
0.36062790717060544
0.3235791324942384
0.3625117901008723
0.36020268148448786
0.3418134673711307
0.3750563013124
0.3096372912676066
0.3632427682545639
0.3718336467394315
0.35642607884743477
0.346316276302555
0.35641040829707354
0.3573612454505699
0.38166603341344285
0.3773836136884145
0.3461647550411676
0.3234453436977334
0.3618533324264839
0.3761250799765097
0.3878264448843918
0.3890542855258522
0.3910542247877416
0.3833397777980764
0.376829429976956
0.373464149830963
0.35968413943832467
0.38520928623853823
0.364982965198624
0.39986125082627566
0.3893068995106225
0.3628346270030507
0.38882977249041384
0.3967443430123236
0.379019713405075
0.3742033756427394
0.3629436139134577
0.39548080179372447
0.37194740550915895
0.36513601816794145
0.38725158311587765
0.3514153320016706
0.3678370083670431
0.3719930621878429
0.37567299048977293
0.37419730772286275
0.36744076730790953
0.3536784893801536
0.3247695052032562
0.38021420994313526
0.36805127074171884
0.36514349997206125
0.3429119965161894
0.3600017331864349
0.34128614746029146
0.3195031987805486
0.34418696663242043
0.37412631895148957
0.3390049630577087
0.3790069295350435
0.35100118174212414
0.3140824255042804
0.3570293361244981
0.3567092680789624
0.37828967784087875
0.38387375474722707
0.3415469501913031
0.36184137332226085
0.3730092325757399
0.3723274458113402
0.3640244695054774
0.35971129779816124
0.3815348367380502
0.41112454726616515
0.3636874937608678
0.38970808916460703
0.3932242425417093
0.3744311288295683
0.3753458530230217
0.36411849280764474
0.32152434630608473
0.39164976461331125
0.39536073945674644
0.4097268048681568
0.39289739963417536
0.37049139929796543
0.4025380871695574
0.3882070743050076
0.36949137075517724
0.37262948683277614
0.3768002097025982
