0.5373614422
0.4198318953
0.5815917799
0.09288879657
0.5366272699
0.551930397
0.5077989601
0.213236715
0.5151661813
0.40475090119999996
0.4839022029
0.4053208138
0.3084394919
0.1029627754
0.5058532252
0.14962121209999998
0.5863723608
0.39784946239999996
0.3021766342
0.07380514509
0.388660383
0.3072712916
0.00167522488
0.4464692483
0.345455176
0.3363715278
0.5370671085000001
0.4877912637
0.3415766617
0.279174726
0.1482758621
0.3935462063
0.37771347429999996
0.2660420216
0.34283268100000003
0.5607348793
0.2897162883
0.5552147239
0.34333958719999996
0.46993151330000005
0.38192369589999997
0.4864226682
0.5419601554
0.42920150669999996
0.5269987304
0.3413927958
0.4720496894
0.4002755896
0.3332380772
0.5420420093
0.3711681856
0.35593220340000004
0.5330348259000001
0.5409181473
0.5077418626
0.24715261959999998
0.38704437059999997
0.2544963363
0.00758341759
0.4257433599
0.4324082363
0.5576446011
0.7142951940000001
0.5740564353
0.4837027379
0.5135951662
0.4222222222
0.3346361118
0.11710212650000001
0.4428946836
0.3024324184
0.6115956685
0.02693177104
0.5349152542
0.5152117035
0.6503862388
0.3718946749
0.6133703068999999
0.5234392159
0.36659906890000005
0.5112219451
0.5776775468
0.4090909091
0.4117418207
0.7193548386999999
0.5295698925
0.2603025158
0.5930930931
0.5753012048
0.45019920319999995
0.49275008530000003
0.419683698
0.2622853211
0.5762640744
0.3620689655
0.5235457064
0.5568961930999999
0.3807008654
0.4981706991
0.44603444090000005
0.506446877
0.6334164589
0.2612723904
0.06277603962
0.49550076410000005
0.5556461654
0.3492063492
0.5887096774
0.5100437891
0.4638061361
0.3844641101
0.37828109320000003
0.5869565217
0.4643583964
0.5175433173999999
0.22385747479999998
0.3692865106
0.4590637216
0.6059314696
0.3034580167
0.6274389161
0.5081761006
0.4209401709
0.3936956554
0.39484001309999994
0.6011969186
0.5270397598000001
0.1570129955
0.234375
0.4482371356
0.4042747444
0.5308361929000001
0.3017346227
0.4214517876
0.4947693729
0.48324514989999995
0.5457437578
0.5465838509000001
0.5873388042
0.3789871092
0.4472776726
0.594795539
0.4321537313
0.45755237049999997
0.45433255269999995
0.4693565516
0.4903108505
0.4494970956
0.21079691520000002
0.49467346630000003
0.2421052632
0.3413819423
0.38047097950000003
0.616481775
0.1001727116
0.5712837175
0.4968452338
0.5081788441
0.39751851270000005
0.216264292
0.4748138708
0.5688844344999999
0.4103901941
0.4615384615
0.0251572327
0.4599284341
0.5413685152
0.1471155351
0.5783633842
0.00178211749
0.1132028734
0.4361370717
0.3183229814
0.525909975
0.5325364888
0.00139372822
0.16289104640000002
0.4574468085
0.4996611482
0.5671841081
0.45689916680000003
0.5644289651
0.4456805279
0.2415979708
0.3898299532
0.5890862479
0.5727537768
0.40884921910000005
0.46467475880000003
0.37893875190000004
0.5550684586
0.4621145928
0.3480882353
0.2849783804
0.2754690818
0.0
0.4425706115
0.4027777778
0.41931147269999997
0.128164557
0.5340272218
0.6677852349
0.3958502196
0.3804347826
0.47142857139999994
0.36478916419999996
0.40073081610000005
0.4316587349
0.5218150087
0.07008772792000001
0.35954755
0.4990757856
0.2105107275
0.37022031400000005
0.0135238303
0.5598086124
0.4036598799
0.6304174316000001
0.4297975852
0.2599164927
0.5771617838
0.3294909227
0.4465344573
0.2245372819
0.40303044130000004
0.5223468507
0.3282499523
0.1851350591
0.546489869
0.3028809756
0.4922492705
0.5442477876
0.4798833509
0.030839492229999998
0.3981519008
0.5004512032
0.0
0.418365546
0.6458583433
0.07142857142999999
0.4863967211
0.5257962756
0.496253671
0.2885006366
0.48134864110000003
0.508
0.5841999635
0.4346224678
0.5941176471
0.48566146000000004
0.3376440105
0.5323492361000001
0.5200251543000001
0.1441860465
0.3870967742
0.4332174838
0.1481481481
0.5482795819999999
0.3594994312
0.6031419284999999
0.18457796040000002
0.5248224614
0.5458052073
0.5342451613
0.5129341317
0.4444630872
0.512464351
0.3544631307
0.2154432793
0.4078549849
0.36487050080000005
0.6385041551
0.5635910224
0.2168062201
0.43388334710000004
0.4929328622
0.44420598050000004
0.21183717170000002
0.5893673364
0.2746325741
0.3264365426
0.2150837989
0.6216638968
0.4287256643
0.01318681319
0.48175083809999997
0.021768707479999996
0.5061728395
0.5667801616
0.16010165180000002
0.4715544533
0.3721531255
0.6524633822
0.3305844571
0.5038182864
0.42701584519999997
0.2629913744
0.3593544137
0.6339238289
0.4425612053
0.46611574050000004
0.4725908829
0.4985250737
0.567737996
0.5364194945
0.5936100053
0.5748630043
0.46196969699999996
0.12204724410000001
0.3962264151
0.5773939846
0.3260060456
0.3699256718
0.5605518698
0.5163934426
0.5009434039
0.48243735280000005
0.09354575162999999
0.5843990148
0.4673128162
0.5934550031
0.5312717973000001
0.3380726698
0.545112782
0.1454665077
0.5515199577
0.4217033079
0.4351145038
0.5364941480000001
0.6575704225
0.2623372332
0.6665750321999999
0.5668449198
0.426613872
0.6395348837
0.4947638557
0.0
0.3980066445
0.4708066368
0.34768988980000004
0.209456071
0.46903522870000003
0.10722612670000001
0.5202247191
0.481254959
0.1496859549
0.5060043668
0.5305677387
0.2177879133
0.16637375810000002
0.4872800076
0.3481675393
0.6331850218
0.5761893327
0.5288290867
0.2917962322
0.09793814432999999
0.5234295962000001
0.5496788957
0.3952585885
0.34955317950000003
0.5065382375
0.07984609465
0.4319370844
0.4808808271
0.01260828193
0.49383212190000003
0.46021100070000004
0.3096774194
0.553525641
0.5342105263
0.5266556197
0.5616179814
0.351097704
0.5449275362
0.5657393357
0.4271712677
0.20300685770000002
0.4621288721
0.56303647
0.3035266738
0.5055790191
0.4181207157
0.35386473430000004
0.5548100785
0.5537012218999999
0.41025641030000004
0.2934532374
0.4765647153
0.667518797
0.4861421253
0.5967741935
0.5532112424000001
0.3566303481
0.4599500185
0.4186046512
0.4079549788
0.5605240714
0.4731834684
0.5014315449
0.32657577449999997
0.5219554402
0.4986469164
0.4073121185
0.45930601520000003
0.4290234623
0.49444315279999995
0.5412845615999999
0.2619642184
0.537573659
0.16875
0.34003771209999994
0.4102791393
0.17146131220000002
0.5410971293
0.5081761006
0.37497260079999994
0.43314628480000006
0.5214230088
0.4813359528
0.4897750511
0.414569501
0.2596275689
0.1823470198
0.4609174964
0.349518573
0.33895131089999997
0.4842490842
0.2841225627
0.45954932909999996
0.5188509874
0.4709461351
0.38550875920000005
0.5454104686
0.3552353684
0.6031804399
0.4575110753
0.444563501
0.474706117
0.2928130385
0.39445498479999996
0.5133838564
0.3703090508
0.5647710056999999
0.454353882
0.5444500664
0.4651851852
0.4347826087
0.302391972
0.33039441179999995
0.38122295289999997
0.05639213682
0.296865318
0.4536351195
0.5403325258999999
0.05065879527
0.19477766970000002
0.4707083259
0.3883378601
0.5564788207
0.5521505376
0.523371449
0.3076923077
0.4809859155
0.3786857929
0.4083769634
0.5277108434
0.45465254369999997
0.1292628618
0.5144671842
0.5662332545000001
0.46519707680000005
0.43361079080000003
0.5680115764
0.3605305161
0.4546517015
0.39707478199999996
0.5478030628
0.3976739684
0.4418604651
0.5547831083
0.00694619292
0.5740740741
0.35533639829999997
0.2503836758
0.6162598851
0.5918877719000001
0.6062639821
0.5593368237
0.5260911818
0.2067704993
0.3976499227
0.5791521289
0.6203389831
0.2540378774
0.508158671
0.3409618671
0.5392283665000001
0.605608603
0.4180752399
0.5265486726
0.3612455586
0.416448483
0.4853556485
0.41979716600000005
0.40937095900000003
0.41074775099999994
0.5791422172
0.3534482759
0.7062706271
0.4614592471
0.42218246870000004
0.43898547309999997
0.5115185053
0.530955716
0.4079034202
0.4300402003
0.4092308585
0.5085777532
0.46579275350000005
0.44464279339999996
0.5322580965
0.5434782609
0.3933434545
0.0
0.5235588573
0.3970783533
0.6019713084
0.4625096109
0.5179231269
0.4162444618
0.45097128329999997
0.4918918919
0.5366460321000001
0.4684633435
0.5013913483
0.47698744769999996
0.4531728755
0.3495061057
0.013971863849999999
0.09269782969
0.4762175765
0.4575818185
0.0792069412
0.719615602
0.5780051151
0.33093686089999996
0.3260143962
0.5828402367000001
0.1878453039
0.4606037308
0.4346409639
0.48195748889999995
0.48888870920000005
0.5641476274
0.5381061952
0.43505299119999996
0.36484490399999997
0.4642608696
0.250249063
0.5675828359
0.4934106825
0.4845321387
0.4817774154
0.49361714669999995
0.5917312660999999
0.3569411634
0.47926716560000004
0.48402555909999995
0.31452750349999997
0.5702252372000001
0.3730862208
0.3788300836
0.23060344829999999
0.499334221
0.3303817077
0.5334101382
0.5533274578999999
0.4475728155
0.4352678571
0.41662269129999996
0.2351870711
0.3718833787
0.3751568381
0.5016949153
0.5670198592
0.47770978290000005
0.3141025641
0.444534413
0.5537060892
0.3558264275
0.4209314253
0.42389232730000004
0.490945674
0.3744602752
0.40943751990000005
0.5745164135
0.45086811400000004
0.5285036656
0.3848709489
0.49309359370000005
0.5317770465
0.3344709898
0.1596534653
0.46725169530000005
0.5207467024
0.30844687919999997
0.4262963547
0.3608403394
0.2194848842
0.4862837358
0.06609195402
0.3709286022
0.11387685689999999
0.5242235436
0.3519609508
0.4474092273
0.09690643937999999
0.44397432379999996
0.5134209022999999
0.4354018311
0.4492400181
0.3877951645
0.0285152409
0.5981996727
0.3379024227
0.3553432722
0.3487800265
0.46807504180000004
0.4881592182
0.5160169819
0.380952381
0.5171455051
0.3848594517
0.3075471698
0.4735850833
0.4366975676
0.3055735347
0.6187969925
0.24922553449999998
0.5613787751
0.41725083820000003
0.02124861763
0.0
0.2347567983
0.36839621479999995
0.5047644256
0.5175775309
0.3479381443
0.1302640424
0.5083014354000001
0.5459901143
0.3707224335
0.4508990318
0.3371212121
0.44977247499999995
0.47380156079999997
0.5877063158
0.330071629
0.34327238629999995
0.3340755599
0.08537631588
0.365942029
0.43198421690000005
0.6194968553
0.3953753982
0.6539665662
0.48014097450000004
0.2555461395
0.5400811126
0.47386801669999995
0.2423742786
0.5891212695
0.6139130435
0.2540620384
0.4748410936
0.1170705422
0.4044746104
0.454379562
0.612972973
0.3769218349
0.42801668810000004
0.40286420380000004
0.500024144
0.5744801818999999
0.470753376
0.3978426396
0.06555208855
0.3787301486
0.01661579078
0.5687034861
0.36818095479999996
0.5805234347
0.4722231664
0.4794366197
0.3028062146
0.544343772
0.31339552130000004
0.3107969659
0.5919881111
0.4457048801
0.658082408
0.47624148
0.5408223684
0.29133908389999996
0.4781100692
0.5328798186
0.466463316
0.191271406
0.3636856721
0.1894306481
0.40457142859999995
0.5599624628000001
0.5691525451
0.2731414824
0.05130601166
0.6402781888
0.3871839885
0.6465141611999999
0.5586930324
0.4630349666
0.4065761056
0.3445232239
0.4999307806
0.3723363722
0.3984468339
0.5869648006
0.5655307995
0.4265139116
0.4823855639
0.5076429849
0.1740890688
0.4018698678
0.2501924135
0.5689259738
0.5171098056000001
0.6006025164
0.01466430071
0.00208396541
0.09320695103
0.45602605859999995
0.3537414966
0.3524760913
0.4441466874
0.03778337531
0.5084931716
0.3983597958
0.5677311169
0.6135463039
0.40550278409999996
0.5255129329
0.6138923655
0.413033258
0.48133340840000005
0.00198412698
0.3587689683
0.5068412468
0.3173729373
0.34748372619999995
0.4558250875
0.41335072840000003
0.4273654991
0.5535568275
0.6520392212999999
0.40710260849999996
0.5166407465
0.5230769231
0.4274962104
0.3433499966
0.4034632035
0.539445629
0.6357646631
0.4828431373
0.2708141992
0.44898260970000003
0.025284900279999998
0.473837572
0.1749784297
0.08556045561999999
0.6463019574000001
0.48731874329999997
0.5343834447
0.3000744823
0.3548546466
0.49612528429999997
0.5230148647
0.3935018051
0.47297297299999996
0.6480969120000001
0.6172841549
0.5619854152
0.4131590154
0.5121748183
0.5941439762
0.620212766
0.147583502
0.5473404966
0.5522222222
0.4828226555
0.49121825110000006
0.5297372061
0.5898435463
0.3632596685
0.20950201440000002
0.3312131628
0.5185018347
0.5963632404
0.2493765586
0.23308270679999998
0.4965062554
0.07083627561
0.43025916189999996
0.5385993063
0.5768901739
0.5545883577
0.4637883008
0.5163497683
0.42511520740000003
0.3563296739
0.5536626314
0.5021848261
0.48362510030000005
0.1937594127
0.3525526912
0.5228009079
0.4871244635
0.4567490304
0.02706766917
0.5925925926
0.5333333333
0.6214271156
0.3710061993
0.2037521034
0.5329688449
0.22369144810000002
0.5754164483
0.4871715456
0.4336664441
0.4933333333
0.4959906653
0.4768703539
0.48214337100000004
0.3732718894
0.1712346333
0.06804374241
0.4641180185
0.48443214339999996
0.3874597735
0.5478173243
0.580320543
0.3360068938
0.585837201
0.44701348750000003
0.4302307605
0.6161371134
0.48837209299999995
0.285867549
0.5652959411
0.6324744774
0.1724137931
0.4426208868
0.5370370369999999
0.3963414634
0.6216011767
0.5483784959
0.6074751414
0.455363841
0.5505
0.5814951887
0.5253388947
0.4206896552
0.4485981308
0.5042735043
0.5060822789
0.4891696751
0.4406147382
0.5610981852
0.5758329189
0.6355247982000001
0.49098689139999996
0.4708862843
0.5079611103
0.2701446281
0.4230103806
0.5397122247
0.5599173554
0.4513511457
0.3584180363
0.5538243626
0.4516407197
0.1609917767
0.4657893163
0.4609375
0.6126760563
0.40058064520000003
0.4721323817
0.16431765729999998
0.4796095643
0.5406007006
0.40827436040000004
0.602484472
0.5385267779
0.47884934139999996
0.3865970258
0.6287621874
0.1320614411
0.6560291613
0.5117340287
0.5227206736
0.43619952089999997
0.5844567803
0.4217772686
0.4447937038
0.36499958800000004
0.4807410452
0.2820706086
0.3127782167
0.84
0.4821989529
0.3687452356
0.48583614869999997
0.3746049714
0.3595505618
0.38855426860000003
0.3772601517
0.5232773774999999
0.4213316732
0.4295045045
0.5029773319
0.7112515123
0.5505669985
0.5092167524
0.4248240009
0.5693469101
0.5424418687
0.5465049894
0.6091476091
0.454767765
0.5680606132
0.5065069318
0.4053509224
0.5352327753
0.44383908159999996
0.6486358845
0.44049041359999996
0.49392339300000004
0.5307086614
0.4347800728
0.20210957499999999
0.5697329377
0.42269888180000004
0.42070502419999994
0.5509843026
0.4576162523
0.39581001550000006
0.4505540207
0.3351634529
0.4243323442
0.6115427303
0.36810431289999995
0.46118192350000003
0.4899451554
0.2687958034
0.3110161956
0.5586469402
0.5112244746
0.5803682804
0.5328567845
0.597304405
0.3115907803
0.4114012523
0.5604796959
0.46599822170000005
0.18655572310000001
0.3168995612
0.42187312749999994
0.3931914894
0.4984849628
0.09376765109000001
0.5609756097999999
0.42194407320000005
0.3940044917
0.2735782096
0.2915142464
0.32596629210000005
0.36363115809999996
0.1968098791
0.5047098665
0.6155433445
0.5498126338
0.478108455
0.5883559997
0.1685515873
0.6730791962000001
0.28527131780000003
0.1941747573
0.3525761476
0.5205301803
0.054937258169999996
0.5960749988
0.1443394173
0.4878892734
0.5656781021
0.1861743111
0.3903338758
0.5496466973999999
0.49117480620000004
0.4726150846
0.20001968130000003
0.6044776119
0.1690615647
0.3762454215
0.4209503397
0.30248764510000004
0.6143222506
0.6143689674
0.40114613179999997
0.3947270272
0.1312217195
0.04189479782
0.36911433979999997
0.02564753353
0.556168246
0.07587064677
0.5431458135
0.45931975680000003
0.5373758134
0.43267632489999996
0.4547738693
0.5068021917
0.3688498052
0.5393905611
0.4423905568
0.5696025697
0.42222298719999996
0.5757425107
0.4689858261
0.6067112185
0.3083976372
0.615327901
0.5596432553
0.6668433139
0.5187925857
0.7393100841
0.5409556314
0.2038777908
0.46794871790000003
0.6235257542
0.0
0.3605769231
0.5406656181
0.5056190517
0.3391678856
0.06811027894999999
0.2038178143
0.4143904064
0.5392814844
0.5506324041
0.5535106437999999
0.4425427873
0.4228971963
0.41873638339999997
0.5568887885
0.6279069767
0.4566532258
0.6315789474
0.5854154046
0.4114689109
0.5535929217000001
0.3752913753
0.6437590188
0.1738124032
0.46162538470000003
0.5792767733
0.2514285714
0.5648312611
0.4373401535
0.6036308623
0.5333225635000001
0.4013169996
0.238677306
0.38902743139999996
0.632034632
0.4637797648
0.3930317974
0.5055476253
0.48961925100000003
0.15180265650000002
0.43691734
0.4689929127
0.5316094987000001
0.5053165545
0.5008291873999999
0.4979209979
0.5276595745
0.3956734124
0.5273441208
0.4362416107
0.4255226729
0.4299120235
0.5801613894
0.47588984279999996
0.13997025329999999
0.38539091259999997
0.5666666667
0.3364706542
0.5362637363
0.6460064211
0.5087170615000001
0.31135245229999997
0.3666616439
0.4464154816
0.07692307692
0.5261496515
0.4107142857
0.22340425530000002
0.0
0.1062814736
0.4660794005
0.02400483029
0.18600000000000003
0.4872139934
0.4121175542
0.4177435158
0.2538461538
0.4463916785
0.44327808820000003
0.5265529815
0.5653306159
0.5388735568
0.2326705201
0.5276073619999999
0.46908899839999996
0.18225547469999998
0.5416411192999999
0.37197802199999996
0.5595298589
0.4296296296
0.5636444421
0.5386503067
0.3957411817
0.508660043
0.4966078697
0.427654321
0.18571428569999998
0.3203266788
0.43486904660000003
0.1190194652
0.5404929577
0.5463127870000001
0.41689979549999995
0.36820512819999995
0.5154872936
0.2048862182
0.3001957115
0.1335297198
0.5486576959
0.4065680362
0.484962406
0.4844228478
0.5957588434000001
0.2652459038
0.5306815796
0.5191105415
0.5565810594
0.5401446333
0.645972893
0.4967138287
0.2689008466
0.5067659720000001
0.5894581258
0.5516304348
0.526085225
0.0
0.36998363589999994
0.623191655
0.4467749447
0.1265996626
0.3553200193
0.48490478400000003
0.2854209446
0.4312668464
0.2626982713
0.5861533562000001
0.3117819931
0.3940206862
0.45467978989999996
0.26071041910000003
0.18736620729999998
0.09988467891000001
0.45414201179999997
0.532037268
0.533267041
0.4626866692
0.5086350497000001
0.44016455559999995
0.4487704918
0.4670827516
0.4735632184
0.41621007149999995
0.5700539475
0.4410462777
0.5363875611000001
0.46901009109999997
0.2914773411
0.1718698854
0.2775895566
0.4804527488
0.36860283580000003
0.1801579255
0.41666666669999997
0.5902061856
0.5581868132000001
0.5438184664
0.5183867141
0.5384343054
0.22845038290000003
0.5985950692
0.45560747659999995
0.5572991947
0.0
0.45422003340000006
0.5440111478
0.09540726814999999
0.37258255290000003
0.01332752297
0.4482724322
0.38223938220000003
0.5496256263
0.4155844156
0.5124223602
0.4793577982
0.1359228764
0.04068146618
0.6021505376
0.5071682621
0.3011649597
0.5540809478
0.4678111588
0.3965424328
0.5714285713999999
0.5588490595
0.5050896691
0.4944568358
0.4875577412
0.46146616539999996
0.4974874372
0.205232463
0.4915562174
0.4774426264
0.38282402779999997
0.5409252669
0.530566348
0.612312812
0.5100917430999999
0.3727992958
0.3136986301
0.1191230486
0.5304010349
0.5358532052
0.5678751874
0.29170206919999997
0.29065124600000003
0.5016152677
0.09136212625000001
0.5772665442
0.526193248
0.45546875
0.5706068589000001
0.2210202567
0.4171901631
0.6029381305
0.4662195659
0.5214753861
0.5016513761
0.2586206897
0.20038226420000002
0.25860805859999997
0.3664629463
0.44004869139999997
0.4639536219
0.3815897917
0.4947088277
0.48119337360000003
0.2908568189
0.33742331290000005
0.5661221170999999
0.6009801649
0.5941176471
0.47192408210000003
0.4988773857
0.3181234903
0.34630918239999997
0.4778858335
0.5479292242
0.5573567116
0.346215781
0.1028918116
0.1235741445
0.4205044739
0.2010551019
0.31962679860000004
0.2316933638
0.2398088893
0.4345566805
0.43331867350000003
0.1703531963
0.2677836567
0.5137973138
0.3887839708
0.3364584704
0.599941042
0.5213538898
0.4272798271
0.5416565876
0.4774425407
0.4632174616
0.3490959666
0.5376620817
0.2808630282
0.6027786539000001
0.5533264273
0.1736794987
0.5060240964
0.4970777229
0.4957277592
0.07168894289
0.3105786411
0.43975829330000005
0.42391290480000005
0.5404782762
0.6063203365
0.5569925137
0.4773114168
0.4877575403
0.5224724987
0.4235604607
0.4485815603
0.277276552
0.46078431369999995
0.33215547700000003
0.4791990243
0.5715474175
0.10816326529999999
0.4709542632
0.3526733952
0.2610294118
0.5826070553
0.4291175608
0.41241697619999995
0.2880781235
0.3811074919
0.2431259045
0.5814500297
0.1432831117
0.3816793893
0.48034380149999995
0.48525491610000004
0.4201177701
0.46075130659999997
0.4274492078
0.07448658649
0.3891698794
0.4625748503
0.4081081081
0.5255972696
0.5730685041
0.388069616
0.5873786408
0.4476843911
0.159703504
0.5817966727
0.3689979658
0.4390211282
0.48275862070000003
0.42734509989999997
0.3161089494
0.49571119469999997
0.5580990875
0.5100104907
0.49706113420000003
0.5086731017
0.4755639098
0.3882639973
0.3866466898
0.1813877921
0.44480238720000004
0.4396387007
0.5260560561
0.35544388990000003
0.0062295751600000004
0.2105263158
0.5496368039
0.5907859557999999
0.195505618
0.5913846154
0.47633899560000004
0.5291574163
0.5325342466
0.17543599140000002
0.5135849432
0.5892229826
0.6102799149
0.4313333333
0.4691585588
0.5088709677
0.5667984189999999
0.3020334928
0.55
0.5640082127
0.5401884881
0.3283716284
0.41824399990000005
0.495082871
0.5149409312000001
0.2219890824
0.5610766046
0.5127762431
0.2524323339
0.5954825462
0.5514229249
0.5409499188
0.5500733576
0.5590142672
0.3015436432
0.4908265687
0.46201654830000005
0.051833346550000006
0.5489186406000001
0.1405925832
0.4763335024
0.31851056369999997
0.5558292601
0.5336338512
0.421221865
0.5325839529999999
0.1312540314
0.5658075709
0.46295702720000004
0.4729519022
0.40776776169999995
0.528413475
0.4500481241
0.4256443845
0.5012717829000001
0.5764499121
0.3716640228
0.5103986135
0.5958543199999999
0.37329057990000003
0.5279672578
0.3297058215
0.40014419609999996
0.5473682192
0.1999064984
0.0009712509699999999
0.4297945205
0.5
0.0
0.4537010266
0.487047333
0.5422555886
0.286952211
0.6499261448
0.4464061519
0.2487407929
0.6035087719
0.5130263061
0.4884345475
0.2451433858
0.6
0.6299065421000001
0.07804255376000001
0.01691725244
0.5407010262
0.5550847458
0.2567325984
0.3711725168
0.36935800389999995
0.5243414510000001
0.2006040848
0.36385080350000004
0.342442716
0.6157705835
0.4413712178
0.59375
0.3104016299
0.5418252342000001
0.46005557090000004
0.2106787844
0.6059090655
0.4122832525
0.6346938118
0.03221356143
0.4984457718
0.5042968486
0.4918181426
0.5680414026
0.6070320579
0.4437245237
0.41297428750000004
0.2777777778
0.40631398230000004
0.4117591196
0.3922149355
0.5395466329
0.5433272245
0.6187845303999999
0.3995387375
0.5256560273
0.4777701518
0.5294311454
0.466005337
0.5119060612999999
0.4638831884
0.517647235
0.47964601770000004
0.5423617319
0.49348028229999996
0.4620725295
0.2580270598
0.3025774312
0.0
0.4035010685
0.1103777715
0.46716955450000003
0.5125639589
0.5162437256
0.4763638136
0.3943841202
0.5379609544
0.4251784293
0.3436030355
0.4350518209
0.1568762136
0.3937693498
0.4880037162
0.5077859284
0.1440473316
0.5154298828
0.4824023817
0.2942942943
0.2778904665
0.3188393907
0.5998243414000001
0.48444621439999996
0.3876553069
0.5752288218
0.05055375706
0.6493506494000001
0.4167165892
0.4029652307
0.2434744101
0.062159816990000005
0.5750816490999999
0.53340837
0.42348754450000003
0.35490612239999997
0.517397882
0.5502848101
0.6002397462
0.1025917239
0.3306364617
0.5738139218
0.48971468440000004
0.6447839195999999
0.368046133
0.3758614943
0.5488347868000001
0.49543649100000003
0.5458715596
0.34711462760000006
0.39311319040000003
0.4446171506
0.4355140187
0.1046511628
0.5118858954000001
0.5880681818
0.5176626825999999
0.3288120473
0.4842105263
0.47704385029999996
0.5809865722
0.40685618290000003
0.37348272639999996
0.012336227410000001
0.40114285709999997
0.48049922
0.6719367588999999
0.43778335749999997
0.2648054146
0.4114887205
0.4489795918
0.5009609225
0.06217181264
0.5312860692
0.4659987538
0.3301093627
0.4236316469
0.518976658
0.4611641695
0.5828004721
0.49249166520000004
0.4537680708
0.6025157233
0.4096997332
0.4720018334
0.3823851331
0.4712331334
0.1204188482
0.4764991896
0.16302132490000001
0.5199537304999999
0.4908107001
0.1275626424
0.41013274879999995
0.44773519159999997
0.5674255692
0.04770258579
0.34864885430000003
0.48093934769999996
0.5339041559000001
0.4985600684
0.3129013189
0.34570765659999997
0.00562624456
0.2634730539
0.5277206369999999
0.032772521650000004
0.5035803545
0.5314049052
0.44127055159999995
0.5607719709
0.4697149202
0.5479334099
0.4917399707
0.3427692563
0.2475026621
0.2519401904
0.5941176471
0.40258120929999996
0.5071264487
0.5643189408
0.3580283781
0.42577711370000004
0.263178627
0.428003872
0.47507331379999995
0.3299609312
0.5638193637
0.040401581240000005
0.0
0.5287527946
0.3728984732
0.4901543809
0.4518669407
0.3759011946
0.5673590604000001
0.5624912244
0.4193096609
0.5650621675
0.5936169594999999
0.5006558642000001
0.48991162019999995
0.5229818733
0.05467638263999999
0.43390804600000005
0.1460365377
0.5105596977
0.2340937571
0.4998319636
0.3326873385
0.4399505257
0.4863713799
0.4078549849
0.5788356100000001
0.4259916156
0.6144700427
0.5762463343
0.4816483101
0.5420690826
0.4639696435
0.5546875
0.5199440168
0.4444232368
0.5192051443
0.5117506393
0.4760628356
0.4935799222
0.5699964771
0.4185463659
0.47831860519999997
0.5444519060999999
0.6125239267
0.36244225020000004
0.4818715065
0.324309994
0.4223097427
0.47886210310000005
0.4223696975
0.3485477178
0.2143251125
0.5651295793
0.4821492053
0.5789469747
0.5085007728000001
0.397707231
0.2573289902
0.4695258754
0.3820814178
0.36961451250000005
0.5017123287999999
0.29958677689999996
0.4594953519
0.5177465029
0.5693764799000001
0.3737004751
0.34642381839999997
0.4715476917
0.4686890262
0.40027400389999995
0.41033110110000004
0.37443851170000003
0.4637883008
0.4101709649
0.05064761302
0.5455060811
0.0
0.0
0.3060311021
0.2590520666
0.4330985915
0.5917355551
0.5715961109
0.4727078716
0.5373665479999999
0.360212427
0.462561465
0.5141903172
0.005844448669999999
0.2434135158
0.5839515302
0.536122916
0.2271944923
0.4698860614
0.5393939394
0.00664596822
0.360739364
0.6023105479
0.2448284405
0.4120601434
0.40968198899999997
0.41351393129999997
0.5670836928
0.5115309666000001
0.5110159119
0.01137980085
0.5744898922
0.5479588206
0.4382022472
0.4162946174
0.32502351830000004
0.2537497432
0.3100609876
0.4450802841
0.4543853765
0.5958108329
0.5347286387
0.5221385172
0.6009274177
0.4812834225
0.3703254065
0.5216400911
0.5526227518
0.37709772950000003
0.47540305340000005
0.5479452055
0.5867302623
0.5616438356
0.05590062112
0.49999458210000003
0.32612290530000004
0.082852373
0.5704660445999999
0.38401647009999995
0.46031893840000004
0.5888888889
0.5175332527
0.3655727267
0.5914194651
0.5646865629
0.26161790020000003
0.4759019293
0.3839033503
0.46376865860000005
0.279344859
0.5829224195
0.5106707317
0.20880507210000002
0.3453937619
0.5280017921
0.4295479993
0.46607142860000006
0.5713408508
0.5289367429
0.48759207660000004
0.5447330447000001
0.425444664
0.5138713767
0.47928114790000004
0.4685259379
0.4594461561
0.58
0.5519591141
0.4707212948
0.4765157771
0.4691668003
0.5173796791
0.5346411704
0.5090582656
0.3914473684
0.4442649435
0.30723270140000003
0.4439194665
0.47863915230000004
0.6292350409
0.4402236666
0.6442529330000001
0.4361493124
0.4170723195
0.4684164159
0.49330855020000003
0.5068078669
0.4871950207
0.4084821429
0.5372718718
0.5343077608
0.2332377109
0.528518116
0.27936729239999997
0.4516156675
0.3362445415
0.5042182868
0.48957150110000003
0.4326798504
0.509775833
0.31825276939999997
0.2597558251
0.4213752616
0.5466219989
0.5574791599000001
0.2238158049
0.3896494612
0.4853812477
0.01786896095
0.5194878666
0.1241544266
0.4846434149
0.4501855134
0.464590658
0.5779136562
0.6174277975
0.517167382
0.5642604964
0.5333231822
0.07260107965000001
0.5708192906
0.039144555
0.5456143277000001
0.4543860078
0.5374721652000001
0.32074338869999997
0.2332613391
0.4651349185
0.3019343847
0.4334763948
0.4788354708
0.435754103
0.5249068147
0.450739428
0.6005154639
0.528117134
0.44524495680000004
0.5202479215
0.4767676768
0.5406000387000001
0.08583690987
0.1630980444
0.4434221293
0.5645195373
0.5866142768
0.4759175976
0.6397058823999999
0.4801607233
0.4805555556
0.6617843123
0.629616382
0.0
0.3992773261
0.4149525014
0.4600550964
0.3999287749
0.6325925926
0.3898287741
0.5766671495
0.44616479839999995
0.5076486621
0.4606205251
0.5409482759
0.08729792337999999
0.4388275926
0.32455357139999996
0.00868093142
0.06378525457
0.5866114132
0.4365781711
0.4640926044
0.5739837398000001
0.4875626596
0.4809391515
0.5578931804
0.5268656716
0.4694561936
0.1327601082
0.435930028
0.5443350953
0.3520015557
0.5707420222999999
0.31582826610000003
0.4190950686
0.5593494522
0.5227519024
0.4989784162
0.3863355176
0.04068522484
0.36458333330000003
0.6125504711
0.32798853710000003
0.20627376430000002
0.592595296
0.4880149033
0.3917667111
0.5263554938
0.010509386629999999
0.3190661479
0.5116460638
0.5537260283
0.3780894047
0.44630105810000004
0.1147612856
0.2992782342
0.43528835239999997
0.354844748
0.5733920837
0.4952942919
0.2739059968
0.4813713692
0.4481367188
0.5807560137
0.4677380584
0.3391931186
0.576171328
0.3721079692
0.2910811563
0.5487864419
0.5580865604
0.4179566563
0.4160764374
0.1410545993
0.652892562
0.4681646489
0.43371141960000004
0.39787929149999995
0.5398874363
0.5031104017
0.4810050294
0.5271803166
0.5298517408
0.3490509491
0.5028455592000001
0.10394126740000001
0.6143724696
0.4904774435
0.5626867387
0.42304661379999997
0.5062744762
0.19713356699999998
0.3527972363
0.42221282000000004
0.3956442831
0.4614901785
0.5274762126
0.5007874016
0.5077788987
0.5957509764000001
0.39548623310000003
0.3756099686
0.35042977399999997
0.26694181570000003
0.5468777484999999
0.06330368405
0.03140272434
0.5922657361
0.5105078029
0.5340314136
0.2174894454
0.5989011131
0.22821638589999999
0.4831223629
0.5967213115
0.5434620671
0.47807954430000005
0.5670886076
0.43502051979999995
0.5917544437
0.4825771366
0.00977951896
0.37925836599999996
0.2992245422
0.5114448052
0.5
0.47304201339999996
0.4480259199
0.24322212799999998
0.4440859131
0.6038720509000001
0.3947942178
0.18732782369999998
0.6087719298
0.57080268
0.05845733374
0.29979466120000003
0.47227041909999995
0.5305019512
0.5286877109
0.36098130840000003
0.3812045003
0.2843819637
0.35298243900000004
0.35025067229999995
0.365328078
0.3292440381
0.02798914409
0.4574295405
0.43995963670000005
0.5802298851
0.5370341644
0.5203627659
0.4837030492
0.5377223098999999
0.4847870183
0.4062103246
0.0
0.6138836015
0.274156246
0.6005249824
0.4114950294
0.5520288354
0.5320711478
0.029268292680000002
0.3930124456
0.528839643
0.03015892336
0.4556067328
0.47646493759999997
0.3752803294
0.46323538210000004
0.4075789346
0.37469932720000004
0.0
0.35143753619999996
0.3102418784
0.585927251
0.37785298589999994
0.02381322381
0.4995662118
0.4982697845
0.5283657714000001
0.3913405179
0.497716895
0.2386779887
0.18607226789999998
0.5127572899
0.34461484220000005
0.5463525836
0.5357508551
0.44026845639999995
0.4132121961
0.505663856
0.39077743159999995
0.4823716992
0.5586650551000001
0.5418418287
0.3489051095
0.4898143236
0.5633001422
0.3976816419
0.5552873008
0.48109965639999996
0.6445012788
0.6296296296
0.588430909
0.4464944649
0.505319021
0.18223993289999998
0.4176245211
0.05661032337
0.408564513
0.2161843896
0.36082726299999995
0.5282485875999999
0.47406395830000003
0.5370829649000001
0.5370206176
0.4947368421
0.4876033058
0.4079788406
0.34356136820000005
0.2671525838
0.213177753
0.48871334650000003
0.3710743939
0.360506481
0.5683928969
0.5497801661
0.04071246819
0.5210436135
0.132505176
0.45731271
0.53125
0.386506136
0.5363535791
0.5427758091
0.3855972629
0.4087564152
0.49463900860000004
0.4968916667
0.5928864836000001
0.28371308679999996
0.4540827344
0.4811715481
0.1712991051
0.49201007539999997
0.2426850258
0.4909010357
0.4851760683
0.5644444444
0.5048723491
0.3551059872
0.0724450194
0.6428338001999999
0.3894601542
0.5441408026
0.07148594947
0.4964684438
0.4537953795
0.5429839536
0.58101473
0.00682545696
0.443918301
0.4753097231
0.43723452440000005
0.622791816
0.4201619684
0.5433842372000001
0.48995983940000004
0.4116740156
0.5334381064
0.5276038702
0.5021127283
0.3555555556
0.4802415544
0.284429439
0.33333333330000003
0.49386503070000004
0.4713905125
0.38819486400000003
0.5959602852
0.4695732097
0.42753614489999997
0.5408945529
0.4837747615
0.38372295170000004
0.42475728160000004
0.5727525622999999
0.3363508598
0.6292712617
0.466257916
0.1440130929
0.3000860579
0.43871557240000003
0.1946377747
0.37685358399999996
0.2639145925
0.341425486
0.2791666667
0.4849897628
0.10861702129999999
0.5232787513
0.5014855688000001
0.449429752
0.539885263
0.6778761061999999
0.44413407820000006
0.5445998494
0.2058252427
0.4891231995
0.440625
0.43593973210000003
0.5936016751
0.33976567879999997
0.5060962274
0.3541447939
0.3821119979
0.41961756370000003
0.5515367881000001
0.4573082087
0.3911353033
0.5558244863
0.5138339921
0.5952000000000001
0.5495495495
0.512504158
0.48887762770000004
0.5179512725
0.3934216346
0.4014225755
0.5424703124
0.237079661
0.4084318941
0.37241083469999997
0.5195195195
0.5270394134
0.20450885670000002
0.4554905783
0.1834933183
0.3887781375
0.1872408042
0.5537635674
0.2723642534
0.4054908049
0.5430088229
0.5807174888
0.2874493927
0.23863422709999998
0.41380549279999995
0.4551724138
0.1112385321
0.5567068311
0.2581695332
0.43128583130000003
0.09086109865999999
0.21946422470000002
0.24587888249999998
0.4753984599
0.3988784294
0.5903141361
0.23780395980000002
0.4751851852
0.00449842555
0.17122205659999998
0.4990421078
0.5577783749999999
0.4042762148
0.6362419304
0.5707407407
0.4942897785
0.2991125798
0.4451074023
0.5532407407000001
0.04882316774999999
0.473633285
0.2344342751
0.5842333277
0.2453080245
0.47663551400000004
0.4529205967
0.5266875981
0.4245797717
0.498902344
0.5000824474000001
0.39969597999999995
0.3339011925
0.5977838419
0.4659053633
0.09622744669
0.0
0.5779886343
0.478139086
0.5138685746
0.23886041970000002
0.5055994061
0.5684440301
0.04890022408
0.5427872861
0.5274390244
0.4956937799
0.424564014
0.40914316999999994
0.2613065327
0.45593599419999997
0.0
0.4011502516
0.6419635679
0.44734545449999996
0.5095593594000001
0.4903149387
0.5044837173
0.4763609118
0.4714059108
0.48254354239999997
0.4313395114
0.5366964511
0.41642299870000005
0.630866426
0.665
0.5423832288
0.4683908046
0.4981571465
0.00185436414
0.4545454545
0.5567360317
0.45821859680000004
0.3213572854
0.4220714255
0.3010752688
0.47796610170000003
0.4139161394
0.5789256978
0.1564102564
0.489868476
0.3800724891
0.14598847140000001
0.38235294119999996
0.5976878747
0.5046728972
0.4744679531
0.4971605334
0.5723541893
0.00781844882
0.3321153846
0.42566191449999996
0.518140942
0.3284391589
0.420291766
0.2144682991
0.36291229389999996
0.5620155039
0.07249754413
0.6815970089
0.5068137124
0.4764542936
0.4955357143
0.4596100279
0.5796288739
0.36925418569999996
0.5407341092
0.4665422219
0.3275873129
0.3111981336
0.4894081789
0.1540745063
0.5166638489000001
0.558924465
0.4564694781
0.5828636264
0.203520352
0.4449168556
0.42948717950000004
0.2969382904
0.41044485389999996
0.48360655739999997
0.1442842024
0.29934924079999997
0.6089211609
0.3926323218
0.3571572966
0.5040166160999999
0.4544707654
0.4335072977
0.3762841047
0.5525770313
0.5561497326
0.43318288850000003
0.3954480797
0.5633397312999999
0.08943169144
0.02891094658
0.3761061947
0.4530104781
0.3449049367
0.2563588391
0.5184846535
0.4827389933
0.2891571713
0.5464898168
0.386526517
0.4872363364
0.19761904760000001
0.6335944432
0.6101537168
0.5736952273
0.28619315570000003
0.07963066643
0.1617697282
0.3952627424
0.3712522046
0.3928026752
0.5416932973
0.24358974360000002
0.5677018634000001
0.38551290850000003
0.4498341912
0.5014866038
0.6599301316
0.2934000967
0.2761018143
0.5238638016
0.39958159000000004
0.2429422182
0.5940347403
0.39
0.4453895919
0.536906613
0.2513264426
0.03198275647
0.43837674790000003
0.6696428570999999
0.5588777509
0.04713375796
0.4501341691
0.4891500369
0.5532746823
0.6131430169000001
0.547290949
0.5363699907
0.5170279361
0.4318750735
0.3292507205
0.44100660140000003
0.3433130979
0.5322766004999999
0.026282866939999996
0.618902439
0.6487958233000001
0.5263537906
0.23410404620000003
0.5072700262000001
0.5196850394
0.4545454545
0.5116325711999999
0.4329896907
0.44760092690000003
0.45342976030000004
0.4764309764
0.5117474047999999
0.4754098361
0.4496614597
0.5612940677
0.5849259321
0.45654949860000005
0.5178768199
0.4163153417
0.22525212190000002
0.5378103455000001
0.3487320086
0.4060167754
0.2680413971
0.2595129376
0.5205590362
0.5650401394
0.5310152018000001
0.24170495150000001
0.591336334
0.09595927783000001
0.2451936865
0.30398829769999997
0.5803313509
0.38986828
0.2871249664
0.5308421241
0.44183362670000004
0.5044271083
0.5255514159
0.4924528302
0.044617994620000004
0.17481181710000002
0.44216183000000003
0.4356403945
0.6184911318999999
0.5128939828
0.2876712329
0.6038088503
0.4526442691
0.392161007
0.5965657999
0.310762079
0.602661597
0.5304321818
0.36273469059999996
0.558127697
0.5209758686
0.47124455730000003
0.5413363533
0.3599956522
0.48328161199999997
0.35314133140000004
0.24804381849999999
0.38610038609999997
0.545120933
0.3198614647
0.5710098824
0.40876792520000005
0.5548602757
0.5202798614
0.0
0.38686719940000003
0.198806206
0.3067849701
0.4901477833
0.3024857955
0.49933453829999996
0.3200636943
0.5263423702
0.5625613638
0.5205592855
0.43056466299999996
0.5406229941
0.5255140899
0.5719327618
0.33972654409999997
0.5120283283
0.01215571763
0.4847639007
0.02801724138
0.4547016986
0.5825145877
0.46460980040000005
0.5417544174
0.5475549833
0.4288604974
0.2173398014
0.5196017203000001
0.2371218316
0.2579911949
0.4814560752
0.19842166
0.5205933773
0.4301507538
0.4744919059
0.49882544500000003
0.510460251
0.1188235294
0.6004796085
0.5229885057
0.5858125157
0.5590682196
0.4766339483
0.5679174222000001
0.6218797482
0.2985961123
0.4974701517
0.43196742839999996
0.37166556700000003
0.643776824
0.49552741640000003
0.48231490639999997
0.4456333173
0.2963483146
0.08781635681
0.5527036604
0.3984450923
0.1036585366
0.2926093514
0.4399818083
0.3928877464
0.23502604170000002
0.6409376201000001
0.6006711409
0.475873868
0.4695044473
0.5216892519
0.3814814815
0.3525361983
0.3084291188
0.4930006588
0.39031665320000003
0.5281623527
0.525137438
0.49532710280000003
0.5365592143
0.6134614368
0.5281954887
0.2528206368
0.3966618966
0.3717889908
0.5245833585999999
0.46799999999999997
0.5377054518
0.547752809
0.5385222672
0.5061082024
0.5728021978000001
0.5133565621
0.4384742741
0.1561506104
0.498238707
0.5448916409
0.5336048405
0.3623759964
0.4759268748
0.1915841063
0.5650536804
0.4261845244
0.6258873232
0.608305275
0.5616031606
0.48216574770000004
0.4290856731
0.4932229496
0.5210982494
0.573816156
0.534763891
0.488876518
0.45005279360000006
0.5900754717000001
0.1251664447
0.4914193186
0.4765422297
0.1689771969
0.3180220884
0.5101052590999999
0.5294117647000001
0.4689830314
0.059629121740000006
0.4770433953
0.5256479207
0.5301646415
0.375
0.5549353116
0.4249104138
0.3214738774
0.5634635908
0.20352140859999998
0.5905883167
0.2065980571
0.5863484773
0.4029163469
0.1425677344
0.3861899441
0.4530254069
0.512304317
0.0
0.12474087430000001
0.4558823529
0.5237716332
0.4225449516
0.4778524397
0.6846416382
0.534215956
0.5706768838
0.49957988640000006
0.45592816919999996
0.3551587302
0.5518031189
0.4735388863
0.34084853449999997
0.8333333333
0.3869281046
0.5435483871
0.5288784371999999
0.5624242424
0.6004774536
0.4034436419
0.4775745118
0.47812016679999997
0.4755603609
0.4263167732
0.43298558569999995
0.5218324982
0.5479606591
0.47924441199999995
0.46674691539999996
0.5415984466
0.4765035125
0.43333154090000003
0.6560590802
0.187470314
0.5378809812
0.5078616997000001
0.45705310709999997
0.4519572954
0.5715456217
0.42596991289999997
0.5353535354000001
0.5004096185
0.5018610638
0.4651818712
0.5220149148000001
0.4585713752
0.4302020303
0.04138717571
0.4684270217
0.4494166955
0.5894105894
0.4681449566
0.5746606335
0.3195857896
0.02411252512
0.4959339695
0.4153300427
0.1413384217
0.6255351556000001
0.5029325513
0.5975103734
0.3649547553
0.03742203742
0.5089350026
0.5714284948
0.6111707166
0.32031006939999995
0.4500746167
0.549382716
0.3156886952
0.3543796347
0.5970283777000001
0.3960695389
0.6925373134
0.562918444
0.4833014403
0.5547259477
0.33700838169999997
0.3084504641
0.5524867803
0.383913116
0.4338597024
0.5276243094
0.5384876723
0.3457616953
0.1008881443
0.6254808313
0.3599028063
0.3056000228
0.5706940874
0.5258892456
0.3542372881
0.5292129995
0.4034616883
0.5071732036000001
0.4666869301
0.4162384378
0.1192958893
0.6307692308
0.5519492329
0.19060634019999997
0.4637795276
0.5079725319
0.47839046199999996
0.1731835674
0.2782426778
0.3662558898
0.39597560979999996
0.3204260826
0.4428734008
0.4879581152
0.4921371225
0.07817686107
0.5595587281000001
0.2953850839
0.239007921
0.4843624112
0.1478312848
0.2582588385
0.4838709677
0.591189302
0.3968116486
0.4490047354
0.5746351675
0.43633378120000005
0.3618580599
0.02169095436
0.1052880658
0.4035087719
0.4564071319
0.46962603119999996
0.2916337562
0.3985400331
0.39879275649999996
0.3521112805
0.5477941176000001
0.5125180639
0.3953417651
0.39524673909999997
0.4492327069
0.46500985640000003
0.3182873779
0.5201207243
0.5507360847
0.34493594549999995
0.5769621729
0.5921771351999999
0.5642177832
0.5627569338
0.2677474105
0.445754717
0.41492079709999996
0.39895057770000003
0.5547073791
0.4672970843
0.4083053178
0.49429244850000004
0.4565190065
0.2904082996
0.1718839019
0.3235382309
0.5013493198
0.4881860441
0.1246334311
0.3526448363
0.2043189369
0.46080305930000004
0.4774346793
0.5279597992
0.5613238823
0.5857230194
0.6457362999999999
0.46953200230000003
0.4880727444
0.55453149
0.3786618555
0.4339009288
0.5308706480000001
0.45314394030000005
0.5483333333
0.5043873903
0.26573426569999997
0.3264019776
0.206926418
0.3970360841
0.45960066650000003
0.4471721055
0.5097212148
0.5363351523
0.3822222222
0.3672471141
0.37071971730000003
0.4119556156
0.47442517289999997
0.5312357833
0.4117293378
0.4973349976
0.5407992095
0.4480870409
0.3933706859
0.5800373377
0.2421564649
0.4340567459
0.1223317788
0.3017228991
0.5852668414
0.4685698814
0.4255275974
0.40805157880000004
0.578695662
0.23411189570000002
0.635132084
0.06699509734
0.4903510343
0.39473684210000004
0.4552571315
0.09302304179
0.40641293009999996
0.5509345574000001
0.5431379081
0.5369306943000001
0.5400728146
0.5731277371
0.1833118262
0.4733634467
0.4187850065
0.0
0.6221994805
0.5215686275
0.43684740980000003
0.5007565801
0.1827975026
0.35901205529999997
0.4185639229
0.3575949367
0.5364963504
0.050784194090000005
0.1765164254
0.5148472011999999
0.4934382672
0.35411883260000004
0.4377841144
0.3942881371
0.566896362
0.38248410229999996
0.4826902748
0.263892706
0.4928291177
0.521084654
0.5128929707000001
0.2371938169
0.2502100155
0.5552689914
0.430588392
0.5734243697
0.4852982754
0.5598938246
0.5223661247
0.40730979030000003
0.5000962532
0.6236670393
0.5148053147
0.5353962233
0.4461711785
0.46146934520000005
0.4731667449
0.5066495066000001
0.48212762509999996
0.5663250465
0.4449818622
0.5169358178
0.5102522891
0.5758266819
0.4177119831
0.5632402444
0.05092365321
0.1908181193
0.3654966463
0.246296102
0.01361293719
0.3789955833
0.4482758621
0.5409235781999999
0.3826213154
0.4992485737
0.5708092486
0.4955191544
0.5168443828
0.595456855
0.1731005304
0.1345074087
0.5033259424
0.5335706108
0.3219616205
0.4797979798
0.5289007787
0.517370892
0.2505438819
0.4859653353
0.4363929147
0.4280442804
0.5526814735
0.10277136260000001
0.14340814870000002
0.6208791209000001
0.0856658998
0.20869842649999998
0.4004424779
0.27964207890000004
0.4963513828
0.2666229247
0.2528996455
0.40812154
0.5463519895000001
0.5556617296
0.6169828365
0.34958714129999996
0.03456221198
0.5262448622
0.5162726107000001
0.5062464038000001
0.47663028269999996
0.4623036762
0.43469064770000004
0.1216781847
0.286891747
0.46666666669999995
0.35163679999999997
0.4170011253
0.46757465709999996
0.48549839990000004
0.34753319920000003
0.40791316530000005
0.2781030445
0.4126984127
0.57227388
0.4723104056
0.23032202040000002
0.5654664484
0.5204386839
0.6985316417999999
0.02446808511
0.3932413193
0.523609481
0.4138257576
0.3938143517
0.3460476225
0.4456521739
0.43225841000000004
0.552929608
0.49274179549999997
0.07491415106
0.07585227875
0.5446017555
0.3996515395
0.3143483023
0.26114913630000003
0.5044404973000001
0.2807181115
0.3781362007
0.4874395197
0.2620781721
0.5082366589
0.43125
0.312188903
0.3196473357
0.503649635
0.4804345188
0.2387434555
0.45901623739999997
0.33868613140000003
0.42316279710000004
0.4411619323
0.45385086080000003
0.5335724118
0.5092997109
0.6073848779
0.4840236686
0.46594727319999996
0.5814027743
0.5899943407
0.1589765724
0.4265171463
0.12546302980000001
0.01426307448
0.46311130759999997
0.438010745
0.4436709498
0.5917694635
0.47795582430000005
0.41623326159999996
0.3838832386
0.6526750149
0.3396341132
0.4811320755
0.5065274151
0.01414763973
0.4093887839
0.41648954019999995
0.2783569089
0.163592064
0.45826309590000003
0.5929369776
0.5868886647
0.4903474903
0.5156929026
0.5920119238
0.5339419476
0.5516936524
0.43975903610000006
0.4600719872
0.625
0.5646880807
0.34296764490000003
0.5898587933
0.1440431463
0.3075987704
0.38188399939999995
0.32770270269999996
0.2104746318
0.43422913719999995
0.5005780347000001
0.5595375723
0.2809910559
0.488528083
0.5146584535000001
0.5346882347999999
0.5177616947
0.1320672291
0.5779919816
0.2381590609
0.3205667311
0.3171112787
0.30579891530000003
0.6006859017
0.237286389
0.4942391655
0.5040322581000001
0.3724279835
0.21993585
0.5424390452
0.3534383262
0.4676964441
0.14264720620000002
0.48917748920000004
0.3058127485
0.6265338072
0.4771780632
0.35572139300000005
0.1815291449
0.5442622951
0.4548666334
0.4443977656
0.3982074264
0.5475862069
0.2994139972
0.5106861348999999
0.44364493320000004
0.5656565657
0.06339329068999999
0.46725533480000003
0.44041738
0.42479440420000003
0.4039215686
0.49031146569999995
0.5129501916
0.36550308010000004
0.5947204969
0.4951742215
0.1242387808
0.6128091618
0.4035966427
0.5533333333
0.3498820198
0.0
0.3111979167
0.3891400729
0.6941377907999999
0.5672268908
0.1216764308
0.2790753736
0.5187460251
0.5378160372
0.5915348083
0.37301507710000004
0.2546419098
0.5056974808
0.5503726663999999
0.5884907709
0.11409129200000001
0.5420569221
0.5606480418
0.40966110810000006
0.238891258
0.4221902017
0.4933899906
0.5968331303
0.48443945839999997
0.5202198188
0.4830205936
0.5114715790000001
0.4162290573
0.41015130470000005
0.23507429200000002
0.495132128
0.3467500183
0.5812869589999999
0.43865045950000003
0.4117504262
0.5597609562
0.39861614500000003
0.4401254001
0.32050716209999996
0.3954060825
0.3105041052
0.4646826042
0.4558823529
0.374521887
0.5632717572
0.3723835097
0.45601173019999997
0.3190932768
0.5029783037
0.5432636469
0.5682405149
0.377793691
0.41577825160000004
0.20605078070000002
0.44512956260000003
0.4103019538
0.549380117
0.3721171895
0.23606597099999999
0.5412474849
0.4726375381
0.2587640049
0.6237702793
0.6369077569
0.5849072187000001
0.5532994924
0.0228485162
0.46624704289999996
0.6053449616000001
0.2231123615
0.5045045045
0.4096045198
0.4499642667
0.37085914350000004
0.3150816235
0.2768046709
0.4186983719
0.4384615385
0.5033770997
0.4673180258
0.4821999246
0.5109034268
0.6286836935
0.4677060134
0.1374406991
0.562161881
0.6694915254
0.6195505238
0.5899008561
0.5403709671
0.5516973448
0.4477974828
0.41868832240000003
0.481671323
0.5819098114
0.4814395293
0.39126258059999997
0.5398230088
0.37889336749999997
0.4065271257
0.3828125
0.1018875559
0.3742634955
0.5200101335
0.333683106
0.26966292129999997
0.44421620629999997
0.1617608645
0.4586418109
0.2733882495
0.3788300836
0.46410774680000005
0.36144804039999995
0.38869236209999997
0.38158843060000003
0.4896758752
0.5116727941
0.5346855074
0.4753883515
0.046458166270000004
0.396843292
0.4775497796
0.5280917934
0.5239809991
0.4735227012
0.5193423598
0.365942029
0.4775561097
0.5504118371
0.5094694506999999
0.5271028037
0.3941040709
0.5488110307
0.4903846154
0.4552898736
0.49846468780000003
0.5930994126
0.2832618026
0.5737425405
0.5033876855
0.44537815129999997
0.4859060403
0.6407425608
0.2822078163
0.3572268639
0.5021985659
0.49302979
0.5124481328
0.5237053894
0.3444068025
0.5943695075000001
0.4471337872
0.36201418490000004
0.2387452591
0.4344038198
0.6304286618
0.5722791122
0.618225151
0.3770577894
0.6056780272000001
0.4795918367
0.4152802305
0.4310492429
0.6214956432000001
0.39246776339999995
0.46666666669999995
0.3588709677
0.3633018789
0.5076142132
0.3197879859
0.49917355370000005
0.3971265146
0.01065809508
0.3164762158
0.4917061611
0.4459905174
0.5350809024000001
0.40672535660000003
0.47802690579999996
0.37747772849999994
0.28665211339999996
0.46684478319999995
0.5506866417
0.5372251743
0.5906843063
0.5377160817
0.4827950684
0.5123966942
0.2714462503
0.4186742915
0.2862856266
0.5803732844
0.4230990249
0.39268771809999997
0.4705882353
0.38308800499999995
0.4615382314
0.3298984609
0.3751535413
0.5505167528
0.3764172336
0.5039421078
0.41927083330000003
0.38434476689999997
0.12860227999999999
0.03266651249
0.4265246273
0.5577405858
0.4396135266
0.47738912499999997
0.1084926471
0.4676350381
0.1575663027
0.6215596330000001
0.4749034665
0.5266347575
0.4863436123
0.4622619438
0.4519352569
0.43690156739999997
0.192248062
0.468373494
0.2758418434
0.380409371
0.5426931148
0.48402360559999996
0.5144384775
0.234452438
0.5372778252
0.5497149888
0.5200632244
0.6068985732000001
0.1424987687
0.41324521670000003
0.5100999461
0.4650221919
0.23455804919999998
0.49718622500000004
0.6158376369999999
0.3196851636
0.5433892926
0.5379824886
0.5320402203
0.5278514589000001
0.32885207629999996
0.4346857394
0.4619442031
0.555974966
0.4422953633
0.45864967360000003
0.5479906483
0.3664538851
0.211672245
0.3319155789
0.48499970159999994
0.5811193112
0.5645214653
0.3405572755
0.2091627983
0.5
0.4712165179
0.5649955569
0.42468619250000006
0.4664310954
0.06773840547
0.5102297106
0.6511180865
0.45354299730000003
0.5988888888999999
0.6048171276000001
0.5334094065
0.38620199149999995
0.3835784314
0.49286155610000004
0.4666045573
0.5177003188
0.6513569937
0.5517973552000001
0.3149881833
0.44217253630000003
0.3652938166
0.01048615139
0.5752366001
0.39332749990000004
0.3151125402
0.2308123249
0.4802941797
0.4878970367
0.5747126437
0.5785242732
0.5000520561999999
0.2691085565
0.5805168986
0.12674133980000002
0.00441801891
0.3080968153
0.5859649123
0.50625
0.5982535982999999
0.41439396520000005
0.4259612586
0.4645340751
0.5784630217
0.3040540541
0.6080670447
0.5873325759
0.5063845288000001
0.6911184211
0.361335246
0.5302921112
0.4958926729
0.4314631164
0.5600446429
0.5435511265
0.35407322729999996
0.39571706679999996
0.5730047411
0.5608773572
0.3273809524
0.6022684206000001
0.34470989760000004
0.311076515
0.050075872529999996
0.5774733269
0.2220092102
0.45295423560000003
0.6036987283999999
0.5270145602
0.49408208449999996
0.5179704017
0.5875170514
0.45210811630000003
0.2683869096
0.4422848949
0.4870550162
0.598894144
0.6292951662
0.5413656202
0.48011527379999996
0.48529982920000003
0.2648108209
0.6381016571
0.43971474819999995
0.06859430605
0.39045272420000005
0.43163220449999995
0.4331308957
0.6079666187
0.4945420112
0.3184079602
0.44693877550000005
0.5124039105
0.4123530883
0.37087246720000006
0.3621601754
0.2932302678
0.5207373272
0.4875482686
0.3109425785
0.1524408129
0.526652258
0.477573318
0.5354623849
0.4928128574
0.4666238133
0.42660778800000004
0.5303190977
0.4195979899
0.553215371
0.4255001658
0.5521783181
0.5237852911
0.621242485
0.5417376491
0.29317692310000004
0.4330717748
0.4532266961
0.2425349457
0.0
0.5713871757
0.3645985302
0.47239263800000003
0.45334903709999996
0.5906091858
0.44431563160000004
0.3897538925
0.5740746019
0.5207858176
0.2651471198
0.4227717897
0.43529471649999996
0.48780487800000005
0.3653723566
0.2887700535
0.5770904333
0.5264284216
0.2197666438
0.5231578947
0.39842593979999996
0.6175554935
0.2907421054
0.5284210525999999
0.4507474698
0.47077344089999995
0.4926275843
0.44147460520000004
0.2770710568
0.5410510282
0.5132262934
0.4792265756
0.4731231039
0.5385815614
0.483556806
0.3724007561
0.4338461538
0.4334862385
0.41950227929999995
0.3924332344
0.634672046
0.4584320464
0.2148747938
0.4917086565
0.490284006
0.4555160142
0.005282405529999999
0.5351924448
0.4143146404
0.2625355438
0.37643788489999996
0.5247709141
0.3400517023
0.4042337369
0.49770236830000003
0.49040105300000003
0.43276750989999996
0.48285415260000003
0.006153588800000001
0.49058971139999996
0.5822135309
0.44766751480000005
0.5009816959
0.28151864060000004
0.49525265269999996
0.3815204289
0.519181087
0.2323420074
0.533126294
0.485776247
0.5275779375999999
0.5840737998000001
0.5406173411999999
0.3372101905
0.3138056007
0.2569973786
0.3336444865
0.31163984419999996
0.47601089690000004
0.4768207733
0.39857708789999996
0.39932885910000004
0.5141776938
0.018377453420000002
0.4267990074
0.48066474909999996
0.4407894737
0.4600515464
0.439286621
0.3933768934
0.4379461707
0.358090138
0.4584697231
0.308171886
0.49869858180000004
0.09504132231
0.3629221804
0.5666596272000001
0.0019436483199999999
0.37786046419999997
0.5996281083
0.3952105776
0.5024711697
0.25
0.5524773945
0.5151515152
0.3584999913
0.1610777117
0.3692122723
0.1821636763
0.5810923755
0.2926519197
0.03259221577
0.4096333598
0.4827297043
0.5255315783000001
0.1309062539
0.40317919080000003
0.2018674464
0.3951777439
0.41296471560000003
0.43628509719999997
0.5640814584
0.488946684
0.5242346939
0.2346414537
0.6266560211000001
0.3176382767
0.5459329574
0.5547513779
0.1081038552
0.4355990533
0.46068637440000004
0.4748106433
0.4106721649
0.6666666667
0.5698700649
0.45927571489999997
0.21817456
0.5373900614
0.3789909925
0.3586550436
0.5220380536
0.43533351330000003
0.2387444515
0.5316456517
0.21521289410000002
0.5914948454000001
0.5342019544
0.4115387449
0.49409398940000004
0.1643376414
0.45214259640000004
0.2920475775
0.5555555556
0.5302638665
0.5006370477000001
0.4210526316
0.4539857739
0.3029359011
0.5811100691
0.5467297154
0.4541666667
0.3821081263
0.3573109393
0.5383269865
0.5020503808
0.5636478784
0.4257246756
0.5344175524
0.4127461511
0.5776724592
0.3739742087
0.3621693468
0.6644067797
0.5019536338
0.6430290807
0.4495196359
0.4900070298
0.4579808328
0.44550669220000005
0.503894881
0.5490003278
0.4462050334
0.4130817091
0.5014084507
0.4654144698
0.39934743019999996
0.4784844951
0.3901030928
0.5246688742
0.48794695320000003
0.4761381833
0.5251299827
0.476980643
0.4195083445
0.6287957106000001
0.3966160347
0.5141896512
0.2207504154
0.558650241
0.5434012198
0.2384823848
0.5658914729
0.4278676452
0.151392725
0.1518324607
0.06131386861
0.4205644954
0.2714592275
0.5127226463
0.5027173913
0.3827751196
0.5657214476
0.3794266442
0.4859427031
0.1991475252
0.2217898833
0.511010563
0.4065995134
0.5085574572
0.4657926227
0.2360935315
0.2277932823
0.5915715214
0.1974206349
0.3074034012
0.2866242038
0.4844914362
0.5408894457
0.3891997342
0.3389015645
0.5086206897000001
0.4089045108
0.4952053367
0.4102571371
0.6417277804
0.46939711850000004
0.5747576166
0.556174559
0.5287513464
0.5535353535
0.0319165272
0.4275110697
0.5110282293
0.4802322154
0.3697030622
0.4863713387
0.1949110168
0.4744420446
0.3913130974
0.5958486596
0.4125851076
0.07149441986
0.5938872172
0.5374216491
0.5329303472
0.6259204713
0.41427656749999997
0.4154202521
0.4670638861
0.4976303715
0.3674636331
0.5561761491
0.017558139530000003
0.4486692015
0.4316939891
0.5057915058
0.4282133923
0.43177570090000006
0.6007751938
0.30400631969999997
0.46454255920000004
0.4221590909
0.4697198635
0.5758255771999999
0.423394787
0.3606557377
0.6290322581000001
0.2645631068
0.4561403509
0.581056856
0.5631146437000001
0.43
0.0
0.37227593919999996
0.09029499062999999
0.47442455240000003
0.43037974679999996
0.3345330189
0.0
0.48983739839999996
0.6285393888
0.38322984159999995
0.6287306631
0.5552543172
0.40597569819999996
0.4439563594
0.4966374441
0.5238696641
0.5118098709000001
0.5691669032
0.5151989913
0.6015919303
0.5171426
0.47178683390000004
0.2869158879
0.5322101726
0.28319623969999996
0.5091817874
0.5651582987
0.43441005930000004
0.2554027505
0.4561090752
0.48880261760000004
0.5836575875
0.3892521708
0.45204811479999996
0.5608591884999999
0.4644126243
0.3989165887
0.4550424846
0.3580110497
0.5720849614
0.41418962899999995
0.5001856967
0.05646106606
0.3780499109
0.40524731469999997
0.4114173228
0.29757343550000004
0.3914395637
0.42553191490000003
0.38448407760000003
0.5285285285
0.39324696600000003
0.2723735409
0.2163229242
0.430976431
0.4496338323
0.46372170949999997
0.5429864253000001
0.4680578524
0.6033489361000001
0.3933092224
0.5754189944
0.43641781100000004
0.3683525119
0.336977664
0.5750390957
0.5832893033
0.4347826087
0.4879791643
0.5697878743
0.09453564335999999
0.4446057088
0.4200477327
0.49993354600000006
0.5737654298
0.4092794149
0.5319768864000001
0.6244019139
0.4959234185
0.240987285
0.5575613552
0.45506172429999997
0.6424198828000001
0.5236864772
0.5515895925000001
0.01580735609
0.4443250985
0.5915407855
0.5323741007
0.5968851214
0.4347773655
0.4167014147
0.4761872941
0.40125541740000004
0.17447916670000002
0.4173737374
0.5353773585
0.4423529412
0.43456643980000004
0.5488372093
0.34158415840000006
0.5890152249
0.4436727114
0.1977547496
0.49744497969999996
0.505520285
0.6298507463
0.2252381132
0.43503584230000003
0.3874667842
0.4985250737
0.45321906349999996
0.4966606083
0.395214887
0.6226222537
0.3357142857
0.23819073429999998
0.5360220711
0.5327102804
0.012048192769999999
0.5240493578000001
0.4983333333
0.6120295680000001
0.40438871470000004
0.38802737919999997
0.1250711075
0.5367412141
0.5936608032
0.33724183259999996
0.5415620482
0.4749808673
0.5061316523
0.45062836619999996
0.3152472625
0.5133148124
0.3269230769
0.18773071049999998
0.42274248909999995
0.49612032419999996
0.590245854
0.4068767908
0.2224147877
0.3742084267
0.5201210505
0.5429032258
0.3013140464
0.47099481930000003
0.4894671623
0.6063003401
0.5848994636
0.43534482760000004
0.5082281411
0.4945951159
0.028646072930000002
0.4976622242
0.45773022869999996
0.2663314899
0.09961685824
0.5217375149
0.3801177457
0.4724409449
0.5539114316
0.5861042709000001
0.1942174733
0.23168119350000002
0.1495145631
0.5900728759
0.38715107949999994
0.3437770177
0.2533609054
0.4103347334
0.4935601764
0.189825163
0.623515235
0.38235294119999996
0.5332867936
0.2854003398
0.07761680213
0.4924391131
0.5557742021
0.4768292683
0.5284138392
0.6877076411999999
0.5771162641
0.07543263408999999
0.3846153846
0.3842112686
0.390820298
0.14193025139999998
0.5573469682000001
0.4467005076
0.317512275
0.5300274537
0.34759358290000003
0.4864319893
0.6093358396
0.4220461659
0.5997191011
0.3280925114
0.36402116399999995
0.47192716240000004
0.5650781037
0.4930232558
0.5288057191
0.4329579308
0.5051691729000001
0.4676134902
0.3537361608
0.3953880836
0.32910199560000003
0.5254988914
0.35495227659999995
0.5435503354
0.5644736546
0.5749318801
0.2222538329
0.5189393939
0.4588734126
0.5428409787999999
0.5292566549
0.3858156028
0.5417172515
0.38142373030000004
0.1595613706
0.5432154404
0.3921819565
0.4928057554
0.41943764229999997
0.4289514202
0.3165079974
0.5298507463
0.4179103405
0.35134502920000005
0.5074608656
0.1827657121
0.4340659341
0.02018832891
0.4774871378
0.36193306599999997
0.4087403599
0.5214336761
0.5521510543
0.5482650888
0.4208165661
0.4674325288
0.4327723159
0.3114662381
0.4596350761
0.4926228334
0.5061833689
0.516091954
0.35757575760000004
0.39473684210000004
0.5729624705999999
0.5090672624
0.2720970537
0.545140305
0.2816185221
0.1696270553
0.4511627907
0.4678663239
0.41213603190000003
0.48525799210000004
0.5310077519
0.32865918800000005
0.3646054045
0.07868020305
0.4409728108
0.5318996142
0.4090450734
0.535161362
0.2687713685
0.4781559904
0.5056165260000001
0.5028470299
0.4233365477
0.5367766375
0.4477095938
0.24955756699999998
0.5947897941
0.027760947719999998
0.4701670644
0.5296747095
0.36552706090000003
0.5551164179
0.43767908310000003
0.1661392405
0.35760145919999997
0.51069656
0.4229990267
0.407900586
0.2471624425
0.44699224540000004
0.4670413669
0.33426966290000004
0.45929070930000004
0.2545191612
0.5447745392000001
0.4043641632
0.4285202617
0.3553008596
0.4005207979
0.5172904988
0.5370310053
0.5426196256
0.5790621592
0.2979397781
0.4835751795
0.5363341795000001
0.3963012672
0.435443038
0.3086452059
0.4627511277
0.5135201116
0.404204679
0.09447522594
0.4948688712
0.3345440691
0.5406412869
0.533833023
0.4498644986
0.4553193822
0.3936430318
0.5037844840000001
0.37795275590000005
0.3950366511
0.5089171588
0.43548387099999997
0.4420111026
0.024314296519999997
0.5016421119000001
0.5
0.36318918920000004
0.6179041114
0.3126498415
0.4120201097
0.5552804118
0.2710754855
0.3900873138
0.5120313022
0.6035292791
0.3736968725
0.3109968376
0.37755435140000004
0.5520515267
0.43042130640000004
0.4817073171
0.5814811729
0.1439672802
0.6510530687
0.5626187532
0.5011520737
0.5193799259
0.4424168694
0.5097535808
0.486482349
0.4795827723
0.7010060697
0.4463414634
0.5366201556
0.5449077507
0.42972444600000004
0.1077253855
0.4374433238
0.5861852853
0.4568591299
0.5444915988000001
0.3940684411
0.5060682461
0.2169430208
0.5296108291
0.2688000943
0.36990817560000006
0.11193509430000001
0.439300318
0.3871635611
0.1896065025
0.5363671371000001
0.3425950383
0.5982905983
0.4887662875
0.2518548203
0.2665443135
0.5088888889
0.5789670205
0.5634379263
0.47694387159999996
0.1874723552
0.3023255814
0.3689886008
0.41489361700000005
0.4452156104
0.46226415090000006
0.5635359116
0.4565756824
0.21829214889999998
0.5660639507999999
0.3599215321
0.4488935574
0.5474856014
0.5355960265
0.5447154472
0.4361916114
0.6319480549000001
0.510036952
0.45665378240000004
0.5533341561
0.4211340857
0.2515071466
0.5193133047
0.4453812112
0.3684595583
0.5040409807
0.4657134864
0.6441784548
0.3827270144
0.447633234
0.4832998825
0.5383766765
0.46314184189999996
0.4426751592
0.5923160882
0.6045121078
0.5300045217
0.5078852148
0.4143529014
0.5468275676
0.3088472158
0.4770910681
0.5006627304
0.5004707550999999
0.5035447585
0.5243603283
0.5778868622000001
0.1720218792
0.47900166130000005
0.5536100573
0.49754489339999997
0.4786790981
0.4426048565
0.3515600253
0.29600000000000004
0.42361111110000005
0.5505874661
0.580687299
0.4164728839
0.06158974359
0.2098833625
0.4159960539
0.5982011815
0.3797940815
0.5474439967
0.3427090122
0.08027923210999999
0.3323975548
0.49966761140000004
0.5670892131
0.5061399051
0.33522727269999997
0.4144869215
0.43604901910000005
0.5176262093999999
0.32920165269999996
0.549706186
0.5968363747000001
0.5339814499
0.36898965310000004
0.3598572703
0.1499821477
0.6113101904
0.517302799
0.5220534330000001
0.22854840599999998
0.5768793558
0.48088654150000004
0.46371947220000004
0.1930900872
0.4145973762
0.4144830757
0.4354783917
0.2551252847
1.0
0.5136876006
0.6350194553
0.5213180861
0.09632314863
0.6149530383999999
0.506543854
0.4865938431
0.3964698731
0.46039410169999995
0.5317914183
0.75
0.5076659387
0.4179062812
0.25827263850000004
0.5594453502
0.4325463415
0.5470132743
0.05211948214999999
0.5125628141
0.31910482219999997
0.5467881343
0.3417366947
0.6174200662
0.5313807531
0.1057153683
0.45581395350000004
0.6519337017
0.45444680849999997
0.6415051925999999
0.2561570823
0.04021144746
0.0
0.3828713588
0.5962732919
0.3850826699
0.5154141285
0.3741553198
0.5709342560999999
0.579193949
0.4796021657
0.5584032999
0.2671971675
0.46378589750000004
0.08406612732999999
0.5088339223
0.5669610336
0.3321665438
0.2971598639
0.5538362427
0.3406163197
0.4536862004
0.303030303
0.2650460529
0.3530142856
0.32843677569999996
0.2144804666
0.2917142921
0.30584156879999996
0.587628866
0.5094985035
0.4191561724
0.39026734580000005
0.5046078743
0.5056653289999999
0.047131112350000004
0.3269773532
0.5361725919
0.47337328040000004
0.5188552243
0.5977354041
0.31129317889999997
0.4322169059
0.4317540654
0.5096875941
0.3259102858
0.1938146748
0.1506258533
0.5714285713999999
0.1455604076
0.4879249455
0.2517869699
0.4492681717
0.6123997255
0.215437788
0.37486457199999995
0.4647058824
0.396234423
0.2885712802
0.5930232558
0.5817556756
0.5782867948
0.3047537399
0.46983050849999997
0.484351228
0.5724233057
0.37974934330000004
0.5617038762
0.5328282827999999
0.07915478113
0.5683375225
0.2391640867
0.3812854072
0.2939721466
0.4713174256
0.4177224199
0.6601530701999999
0.250764526
0.40799096059999995
0.3976435935
0.2973977695
0.03903345725
0.4843634249
0.4058808666
0.5134217483
0.5851374869
0.4781062344
0.5580246914
0.4512614734
0.41701534170000004
0.3482762264
0.4329004329
0.4705882353
0.5465753425
0.5158375339
0.606529569
0.475493921
0.5661505537
0.1908778507
0.47108488919999997
0.5653710247
0.5000243665
0.5153374233
0.4413896236
0.3896353167
0.5608654906
0.357627693
0.5862705759
0.4387755102
0.049319029800000004
0.6715972939
0.03185595568
0.5400593472
0.5854138920999999
0.5777876024999999
0.6117700031
0.6557476989
0.6044048734999999
0.28381962860000004
0.5167111807
0.36476030280000005
0.5988700565
0.2795803826
0.2336244541
0.3384145106
0.5354607202
0.42510837189999995
0.5048414625000001
0.1723133685
0.5173368625
0.48451194049999996
0.4351751318
0.4309840803
0.4788602941
0.4107142857
0.0
0.40060133200000003
0.5488817891
0.5607920362000001
0.543761237
0.4574756721
0.2208248206
0.2415254237
0.6539792388
0.32661817130000004
0.463026838
0.4851901083
0.45103596349999997
0.3925190932
0.5484234234
0.3971210794
0.3936804353
0.44956140349999996
0.44444444439999997
0.4589191616
0.5324324323999999
0.5061545124
0.517472119
0.5681039926
0.4751143217
0.4879629004
0.6118055453
0.4487020572
0.5183022360999999
0.5790392869000001
0.4436063543
0.0
0.3144596414
0.22503553069999999
0.4594044341
0.4659574468
0.3415622089
0.2795101387
0.5189873418
0.2694438942
0.5150733138
0.3631860383
0.4803196407
0.26851442200000003
0.4722324885
0.40309288969999996
0.4962630792
0.42337662340000004
0.5592997901
0.5659722222
0.44059405939999996
0.499334221
0.5170864752
0.45558962379999995
0.3037364231
0.0
0.4556760302
0.5346153846
0.6613861386000001
0.5108303249
0.3040206257
0.32696310689999997
0.5524814534
0.5092041446000001
0.5589353612
0.2918479838
0.18572975549999998
0.549958649
0.360636646
0.4646643944
0.0009224230499999999
0.1746789853
0.4287809166
0.4097672209
0.5237770989
0.42873592600000004
0.22157996149999998
0.19371281029999998
0.5297987579
0.04457388251
0.4771042259
0.5095454545
0.423056435
0.5532840558000001
0.06360620326000001
0.6128205127999999
0.6376210234999999
0.232027972
0.3344709898
0.5016705517
0.43906556680000003
0.43633424470000004
0.1006521739
0.5218274112
0.43368651810000003
0.5069767441999999
0.5145651173
0.0
0.3618284097
0.5328047718
0.6428964178
0.5442032976
0.1395705521
0.5192008559
0.4753737106
0.0
0.41746338530000004
0.5592049642
0.5372888949
0.4345146379
0.2750809061
0.33049206239999995
0.4160447474
0.1948394455
0.377908719
0.4458606209
0.2363994872
0.6179874908
0.5758321269000001
0.5285385602
0.22187826189999998
0.3613137613
0.4323422925
0.6145110249
0.49799793049999996
0.4566072908
0.1363357467
0.6352201258
0.3803666546
0.4544078062
0.3323204625
0.4642564851
0.02524887099
0.502
0.3778798354
0.4824707846
0.2775436484
0.12394228260000001
0.4998266405
0.37972149180000003
0.38183679
0.44406779659999995
0.4044889516
0.4872828053
0.4435551341
0.5257299416
0.2860006175
0.5732031943
0.5418729178
0.5067567568
0.6638458785
0.5217965654000001
0.29642197800000003
0.08960495791999999
0.5709480581999999
0.5004924977999999
0.6143420206
0.1946821197
0.5818904373
0.2201488859
0.2800792341
0.5256723716
0.3192550321
0.4783649735
0.3341134313
0.06450947167
0.40315901109999996
0.4136622391
0.5889328063
0.455721761
0.40685224839999995
0.4129671653
0.4784557908
0.3130563798
0.5350539637
0.02373552096
0.4804185152
0.33750590459999996
0.6406480118000001
0.4365671642
0.3063308373
0.1566701238
0.5480727071
0.4555481564
0.4054630097
0.44555873929999995
0.4990384116
0.44301678520000004
0.563516268
0.2658127001
0.5151338313
0.5177247998
0.6428571429000001
0.41792337259999995
0.5255057493999999
0.5623535481999999
0.3083575419
0.4669365722
0.440073193
0.6019518543
0.46052770109999996
0.3743354599
0.13932271529999998
0.4720439963
0.3037325088
0.39013452909999996
0.39244491080000005
0.29837011830000004
0.020684013220000002
0.2241521919
0.3252785483
0.6072829131999999
0.1174987948
0.5485751904
0.1835994194
0.07584111795
0.4058701596
0.40359940870000005
0.2263033175
0.5272955312
0.1656482836
0.573816156
0.3109504132
0.1023487458
0.5098392283
0.509603073
0.43473986119999997
0.4441544402
0.1143872788
0.610490963
0.00468611881
0.48418656169999996
0.5178893137
0.540687764
0.556372549
0.18384755460000002
0.5060970933
0.4101556302
0.3348082596
0.5978545264
0.24766355140000001
0.46476288590000003
0.30147642999999996
0.1744524422
0.5052871827
0.3191540017
0.5369299936
0.5163577096
0.3857142857
0.5493395493
0.4920078461
0.4443458225
0.34263197329999995
0.3731571433
0.4288039824
0.4143760751
0.432111705
0.3557973214
0.1397717906
0.4649713288
0.4165448699
0.4924623116
0.0
0.4730580148
0.5681326811
0.5454910549
0.5522027125000001
0.5933014354
0.2602739726
0.5084747369
0.3972911964
0.6076810395
0.4698803185
0.5848238984999999
0.3493663757
0.5088759828
0.5206790151
0.42443919719999995
0.6144727908000001
0.3523870489
0.5398756107
0.5464880694
0.5078501047999999
0.04983898408
0.6065173415999999
0.44072628119999996
0.636547619
0.5191868433
0.5686078818
0.2787196528
0.5053655581000001
0.6581722351
0.4013806973
0.5074053442
0.686310805
0.5059665871
0.48698042960000004
0.5701774841
0.2398115021
0.5871470302
0.5941239078
0.5946647403
0.042667738579999996
0.0
0.4577153571
0.571752526
0.38055947019999997
0.3869346734
0.1723802031
0.47135416669999997
0.5237329043
0.5061799713
0.48461475
0.487788772
0.5480660936999999
0.4518760196
0.4030767889
0.49644638399999996
0.5810628892999999
0.5720869758
0.4750199019
0.5369740959
0.41968982250000003
0.3473328763
0.1544715447
0.6507301008999999
0.5555555556
0.005589203230000001
0.3550660793
0.5992849767
0.45846166099999996
0.49075837120000004
0.5754613470000001
0.47003245239999997
0.12060045540000001
0.32819856199999997
0.5042016807
0.40461155759999995
0.2695475964
0.3462550262
0.3145355951
0.5115411635
0.5825754830000001
0.39610389609999996
0.4024793388
0.4826592711
0.5569620253
0.45968986889999996
0.526151946
0.3139776613
0.3136739294
0.6074380165000001
0.5600384246
0.3868377895
0.2935621606
0.3920997722
0.32570422540000005
0.5225376982000001
0.3133171931
0.5348288951
0.4286693974
0.39225712199999996
0.4484371634
0.00639573706
0.4282420492
0.5587693731000001
0.40973715650000003
0.4355775338
0.0350388616
0.46373785419999997
0.40730806719999996
0.5344555723
0.12549000100000002
0.1555555556
0.46045304389999997
0.48889595040000006
0.4049761678
0.36958061890000005
0.5297147385000001
0.4215287448
0.3910541269
0.33691004890000004
0.5001566885
0.6510701355
0.5360824742
0.5094613082
0.26445677570000004
0.5409707916
0.38925801800000004
0.4763003356
0.5959925705
0.4524443804
0.5520030817
0.4772790664
0.3380790669
0.4209322262
0.47602579640000003
0.43627921280000004
0.5055290973000001
0.37764638089999997
0.5990388142999999
0.5432009315999999
0.2461401952
0.4969325153
0.45558060359999997
0.3063856559
0.35233607730000005
0.4322033898
0.5160796325
0.09285817760000001
0.1635643245
0.5093787002
0.0009051846400000001
0.31786695989999997
0.6419280358
0.2427745665
0.49971569590000003
0.5783465142
0.3948863636
0.35
0.43034000730000005
0.35290789330000005
0.5039515989000001
0.2166831806
0.4325481799
0.42347430690000004
0.5430008587999999
0.5338548995
0.5131582439
0.41643975429999996
0.3317535545
0.5654285352
0.41350194180000005
0.543567358
0.4861710184
0.5051484396
0.5487899083
0.4360189573
0.55791494
0.37509791559999994
0.5619389587
0.5000078873
0.5273401297
0.41329369829999996
0.5279328616
0.00257069409
0.5095269702
0.6177669112
0.4318477737
0.5280974949
0.39122586740000004
0.3526542282
0.3222590771
0.3025529088
0.4410933082
0.4454404797
0.4835598425
0.6097867001
0.5338655056
0.4362042864
0.3827155253
0.1284770863
0.5418279623
0.3984299065
0.4869270021
0.19081703910000003
0.5504573215
0.47573485249999997
0.6123844581
0.4079006208
0.5088
0.2609716453
0.6006327861999999
0.6324429733
0.2858681101
0.4826360796
0.5403406281
0.4318402804
0.09380246387999999
0.428222857
0.4950210819
0.3169002662
0.5331010453
0.34951917039999997
0.4702247667
0.5235700817
0.2647395261
0.3770674049
0.5578741974
0.3873178831
0.5120981660999999
0.3098750108
0.6234038192
0.13725490199999998
0.5024980052
0.38397502600000005
0.5641452806
0.2976390858
0.3982466593
0.2839484215
0.4919605575
0.43648475130000003
0.5636632857
0.42087450930000003
0.4950766376
0.09028647951
0.4489917381
0.16609444839999998
0.4892320005
0.36687155079999995
0.20301348140000003
0.5599669148
0.41328332160000003
0.41047112339999997
0.1797390455
0.5569948187
0.368934191
0.5494071146
0.4543096122
0.3169527338
0.49223094019999997
0.4036226739
0.6026272577999999
0.40058392509999996
0.4638242894
0.3945868521
0.4860279441
0.4445080386
0.3657258065
0.48149862050000003
0.5318021200999999
0.49478805649999996
0.5046292367
0.3127915194
0.45124909160000004
0.5226170442
0.37762245440000003
0.36842105259999997
0.46781199209999996
0.48867232520000004
0.0
0.3200849765
0.492200352
0.5260416667
0.3986111111
0.35886131749999994
0.2822191483
0.2454821264
0.233653036
0.5833333333
0.6300578035000001
0.01391650099
0.0029015986199999997
0.3963414634
0.172972973
0.46357214210000003
0.1865567681
0.1275573181
0.22074326719999998
0.11939503670000001
0.4926696215
0.4826906481
0.4140186916
0.0
0.056861239120000004
0.4501156985
0.04311170213
0.3944479278
0.2105263158
0.147704007
0.1472556894
0.0
0.1995610693
0.5148402624
0.11638588520000001
0.1346153846
0.3036997761
0.192009257
0.0
0.2452169275
0.05311396589
0.028744693749999998
0.06982208251000001
0.03037810563
0.03683447798
0.3497467453
0.118609407
0.2695958409
0.380952381
0.00861073523
0.45219199699999996
0.18973558029999998
0.250965251
0.6140578265
0.025880215039999998
0.2299734377
0.09796672828
0.3895420335
0.03972702549
0.04310344828
0.3962264151
0.1849112426
0.0
0.0
0.2098508392
0.2999139044
0.4475813248
0.01032702238
0.0
0.424
0.1914805624
0.01006741007
0.4188323392
0.3852307092
0.30498445490000003
0.2351254998
0.0
0.166607129
0.05659961373
0.5073222648
0.09838509317
0.2800551728
0.3322583062
0.5223334146999999
0.0019254166
0.14634146339999998
0.297340824
0.0013333793099999998
0.39695512819999995
0.28139650320000004
0.4297805643
0.35974952870000004
0.28275862069999996
0.5384615385
0.5447450572
0.3882901475
0.40926640929999997
0.01328777783
0.1251145356
0.0
0.3139575357
0.08101045296
0.0
0.21526920830000001
0.39186387699999997
0.31547619050000003
0.47978685400000004
0.4415954416
0.4094388928
0.33333333330000003
0.07160039621
0.2707665305
0.0223880597
0.3208581392
0.37593323759999997
0.01096753772
0.02682031936
0.3189300412
0.49353112350000006
0.4301696726
0.1212138954
0.4099567328
0.4165646272
0.2460567823
0.38484848479999995
0.03781063618
0.3394839348
0.5342105263
0.0
0.02403076341
0.5198728294
0.4060621784
0.5623471883
0.013282732450000001
0.31131080050000004
0.45835661240000003
0.450699464
0.45688131759999995
0.05740128414
0.0
0.4794564495
0.0
0.0112518141
0.06871167586
0.44632898730000004
0.4948712776
0.3594696027
0.4442415141
0.423936697
0.42167259960000003
0.4386669624
0.48109562699999997
0.00514617639
0.6278858791999999
0.5156018801
0.1189547709
0.0254555416
0.3491400659
0.3318169286
0.4272241804
0.2601092896
0.06052631579
0.03793812392
0.4593675453
0.6062057667
0.4292237443
0.14532405739999998
0.2985759665
0.24844637020000002
0.3896918964
0.00842206235
0.1697312253
0.1447141814
0.5920189861
0.11045218679999999
0.1598926365
0.415107801
0.17245173749999998
0.5580681117999999
0.00204181296
0.0
0.01863119664
0.4041994505
0.3070478124
0.203849311
0.00110444433
0.5557299843
0.0
0.5245714286
0.496099844
0.2287549306
0.02810862648
0.515297065
0.32298761839999995
0.058631921819999995
0.4769293589
0.00817106657
0.440847959
0.4071569788
0.4978077157
0.2887437558
0.3987985912
0.0
0.3979855925
0.3357848789
0.3484991811
0.5405712662
0.3691960616
0.4419677119
0.5885189259
0.0
0.4554333184
0.21346374010000002
0.3616052477
0.2676173991
0.5165078391
0.49868216080000005
0.21636240699999998
0.2090617391
0.4590012463
0.09720204165
0.00111111111
0.0
0.03641949861
0.4673010524
0.04692676433
0.5212845597
0.4166203276
0.4631134952
0.460140907
0.07585207612
0.3964389767
0.10074792569999999
0.010074486090000001
0.34691171169999996
0.00811556057
0.06715563878
0.009421265140000001
0.34185184139999997
0.4398717291
0.4012195122
0.4599449036
0.1498904959
0.07528790318999999
0.4343891403
0.1334237086
0.41321942450000004
0.0320441989
0.0
0.04312751277
0.1098447195
0.03357754092
0.04685498433
0.0008573127
0.08810822484999999
0.01548935969
0.03974885834
0.011322719189999999
0.1733936615
0.02481476497
0.02827225131
0.05361239701
0.00690011273
0.04592720971
0.00982596176
0.00471105528
0.06830855019
0.00362429255
0.0
0.05490081686
0.0
0.1050165113
0.05608201642
0.01245173651
0.1077640325
0.08648679224
0.11275
0.33759109119999997
0.01684718331
0.03617536958
0.04063149788
0.00633143639
0.039417309340000005
0.02628120682
0.0
0.058499912839999994
0.2564671675
0.1183731865
0.2799539171
0.4451554504
0.5118500393000001
0.48731849920000003
0.46951508789999996
0.5304561696
0.42560000000000003
0.46305418719999997
0.4228634288
0.4040062799
0.4491692738
0.3594779065
0.5026092090000001
0.4960351221
0.4866359447
0.5061469811
0.44896011950000003
0.47754122940000004
0.41243678529999994
0.4396578532
0.4822894963
0.42801485429999997
0.09616938142
0.4165720772
0.08301041014999999
0.44388295130000005
0.3542775942
0.32920611800000005
0.44754694120000005
0.1547971106
0.2866694074
0.4377111843
0.2436289074
0.2244519875
0.2925211098
0.1153846154
0.3917842616
0.4233970905
0.2488626799
0.09760318964999999
0.4222576684
0.06634182144
0.0
0.1448663854
0.03883495146
0.1791827182
0.09630419991
0.05652648069
0.0
0.2421773142
0.3866317169
0.03470422535
0.232166891
0.04169008461
0.0201867592
0.2257853403
0.00131926386
0.0024154589400000002
0.2562957668
0.1506330808
0.1255094904
0.3704866562
0.06925113087
0.1238962412
0.5482787821
0.5415101555999999
0.49261083739999995
0.5543569369
0.5402405180000001
0.5443060578
0.5865546218
0.5754264392
0.5434704736
0.5305089665
0.5760503839
0.5605381166
0.5526893878
0.5868159204
0.4839818004
0.0
0.5486843003
0.5475165409
0.6655052265000001
0.4126217621
0.4220779221
0.4179023884
0.4838954732
0.5252103232
0.5043938632
0.5035098491
0.4584647772
0.4995650565
0.4575548269
0.47791843749999996
0.36552018799999997
0.3990048188
0.52137893
0.46062992129999997
0.3491898812
0.40705882350000006
0.44400772709999997
0.42091773689999995
0.342188445
0.6348195329
0.137987013
0.33992264720000004
0.5290835684999999
0.4505844846
0.3282830531
0.355066675
0.445398773
0.1778042214
0.46886716759999997
0.141048743
0.43793869620000003
0.3024426524
0.22030603270000002
0.10183592550000001
0.1640839506
0.05786208542
0.21135238229999997
0.14405149550000002
0.3324574575
0.04669849664
0.278989667
0.08428927681
0.1044498061
0.46875
0.32248703759999997
0.2937390401
0.5085364169000001
0.4255795851
0.4226289517
0.3858840436
0.41226813749999996
0.32484920170000003
0.4354026523
0.3373297003
0.2784325004
0.3679872497
0.4234698362
0.4153976349
0.4983797595
0.4457066114
0.3010446853
0.4016157306
0.4261363636
0.4158613004
0.33670685
0.4286020865
0.35320900539999994
0.4389140271
0.2311827957
0.44125038619999996
0.3639419404
0.4551914084
0.38720426519999995
0.3114227931
0.38209485579999997
0.3097762968
0.4187564767
0.1885346686
0.124083262
0.302233215
0.38698898249999997
0.2481238274
0.37995567020000004
0.09217640545
0.03521126761
0.2423408535
0.32121212120000003
0.1213452022
0.4447821682
0.2774883958
0.20113329740000002
0.1930704723
0.16950885719999997
0.1477330788
0.23965087570000002
0.08438985771
0.1185188917
0.2410180194
0.126890655
0.05880714349
0.253730284
0.3200430703
0.2914427449
0.167397401
0.1480757516
0.1827971963
0.5335972282
0.5179465776
0.46683673470000003
0.5181237182
0.57996633
0.45347705670000005
0.4858490566
0.557627624
0.43589743589999996
0.4337221633
0.5019337102
0.4901382952
0.4021278236
0.4689054726
0.4887781935
0.5492538575
0.4927001937
0.3406328788
0.302970464
0.47141552779999996
0.5100465113
0.405844566
0.4264919942
0.35563904479999997
0.5260308892
0.5371612586
0.5814210437
0.5129032258
0.5388856007
0.44741282759999995
0.44829429400000004
0.435035776
0.30352639260000003
0.4843434246
0.0
0.1462668299
0.4401142624
0.3918181818
0.3487506645
0.1515943585
0.3761128027
0.1724137931
0.3995704269
0.3334447043
0.231115302
0.2742663657
0.39822823669999996
0.43612103570000005
0.2969610616
0.2166263922
0.5049212598
0.02050372189
0.1442310591
0.5181744428999999
0.02924582848
0.16894782190000002
0.4071231799
0.05917674771
0.24672122219999998
0.28813133690000003
0.20791970129999998
0.2639578164
0.5130434783
0.4542629341
0.4294275737
0.4703856126
0.47596045750000004
0.5884300424
0.4913737288
0.5524494142999999
0.46214971419999995
0.5087463557
0.4815540438
0.5166082738
0.4591097308
0.5155378486
0.5121621622
0.4822999795
0.4368297905
0.3464929256
0.37182744059999995
0.5355504587
0.3960994431
0.2262775825
0.37740693200000003
0.381918484
0.4710236998
0.4343629344
0.5273914941000001
0.4812834225
0.5250156334
0.4620612911
0.4551616285
0.35013262599999995
0.3414634146
0.5615448858
0.2568114928
0.20832337899999998
0.5079837001
0.42178019140000006
0.36645962730000003
0.08046383995999999
0.4538612717
0.2412570037
0.45800500479999995
0.3518514425
0.2623154955
0.31054174079999997
0.5036622145999999
0.5267602654
0.0
0.4011516315
0.2141693618
0.40547079529999996
0.03801290739
0.1370192308
0.37318491719999997
0.03919895629
0.1767113381
0.40137016090000005
0.048183488409999996
0.1610802528
0.2644993895
0.1306584362
0.2705320792
0.5580041612
0.5031545741
0.5942554094
0.4970197351
0.5013443936
0.3455554494
0.3238491111
0.08171560412
0.42182418110000003
0.31811697569999997
0.4646734572
0.4235744563
0.5330367309999999
0.4368768601
0.5485697186
0.45038527700000003
0.340748413
0.2427383847
0.4824821481
0.2027478089
0.34777265749999997
0.08054517043000001
0.005728587320000001
0.32061488850000003
0.3704018973
0.39894883800000003
0.4039730392
0.06474761358
0.2940339179
0.3415132924
0.2771219121
0.1327257277
0.5153226589
0.24408482450000002
0.2269011713
0.2868472624
0.2631827632
0.30697419
0.03085760903
0.2393884336
0.0
0.4875477655
0.01816561897
0.07150845639
0.01293247063
0.30634821760000003
0.0821204
0.1237824675
0.26931732929999996
0.0104
0.042811760440000006
0.4517114002
0.00187969426
0.1720579066
0.0069987828200000005
0.18114439319999998
0.07442693452
0.3047358369
0.1894165458
0.42073999729999995
0.4176871915
0.15977961699999998
0.2782120908
0.5159340659
0.573610426
0.4681513479
0.5901390993
0.502358107
0.47263681589999995
0.4333672026
0.47749933089999996
0.5143735217
0.5238515386
0.4827892259
0.4628099174
0.5249853309
0.37443609019999996
0.4873358509
0.5140939596999999
0.5355082982
0.5016088099
0.5246597163
0.458353878
0.48695652170000003
0.2525556846
0.47197106689999996
0.461414791
0.5364238411
0.4946107784
0.4870748299
0.3909913696
0.4671662896
0.455078125
0.5005649718
0.4006621924
0.3271248531
0.26573426569999997
0.4389312977
0.37518308040000004
0.2261475709
0.3713205509
0.5093804349
0.3628735769
0.16418036390000001
0.5724331927
0.3955882353
0.3982327849
0.271373057
0.4862804878
0.1128971963
0.3680212405
0.2215220665
0.47569444439999997
0.2465543757
0.4783417728
0.2991230268
0.2480937674
0.0
0.2265495039
0.04
0.3701925827
0.3891369714
0.5409867173
0.3157812469
0.4134674574
0.3513074566
0.38435625440000004
0.42421090120000005
0.33804475850000004
0.3281818182
0.46134726
0.3506668903
0.40598256169999997
0.351217599
0.4142416135
0.3724340176
0.4272674205
0.44329578869999997
0.4281412685
0.4510032666
0.4129609941
0.3968687219
0.1806478685
0.3664619022
0.41372967930000004
0.3544842719
0.33722732790000004
0.2639543166
0.3471081669
0.356346552
0.4154153247
0.33252604570000005
0.4405834712
0.36257211640000003
0.3582519776
0.3233445615
0.2940274587
0.3863477742
0.3737771978
0.2837063776
0.1680860259
0.2431940948
0.03742535996
0.18664034489999998
0.23837183320000002
0.02683615819
0.18958561289999998
0.37699877
0.2556225869
0.1155663234
0.015813340920000002
0.01730600874
0.061069534489999994
0.2560861846
0.09964047252000001
0.08283104203000001
0.3663366337
0.0005039370099999999
0.1055701329
0.2579743269
0.17529106949999998
0.2284793347
0.1324550196
0.03731620201
0.1732127509
0.2038062682
0.1200830219
0.12311819630000001
0.484553016
0.5926313723
0.46938775509999997
0.5837431475
0.5970245265999999
0.6348854398
0.14147517110000002
0.02107423796
0.22104568019999998
0.3844889276
0.09025270758
0.4563409563
0.5570922390999999
0.5411774796000001
0.5667789402
0.23823689850000002
0.17565480879999998
0.37068065699999997
0.4595431479
0.4154067038
0.3543132648
0.02569052569
0.5559503641
0.05223446251
0.7390243902
0.5189769685000001
0.5576222349
0.5077399381
0.5229880954
0.5027288305
0.5704697987
0.4426229508
0.46448765000000003
0.08687943261999999
0.42820689219999997
0.1655119323
0.43225330130000006
0.5264483627
0.16469328260000002
0.5342339113
0.385620915
0.37732474349999995
0.4251210441
0.1474342579
0.5405737527
0.302927179
0.08781362007
0.2671957672
0.4549052796
0.2032884903
0.1476823924
0.5374656319000001
0.17156232370000002
0.3805180841
0.2592499669
0.3642172524
0.051671732520000006
0.3731868104
0.0469043152
0.3405207796
0.5271283472
0.3679180339
0.4577694305
0.6150548712
0.5975405168000001
0.5619735259
0.5102733207
0.5670921985999999
0.5841760857
0.5633973493
0.6784715664
0.6303918661
0.5439709719
0.5653653205
0.5990064936999999
0.6357540553
0.6468918599
0.6294613256
0.5555375429
0.5603545746
0.6143337165
0.5676163596
0.5251979229
0.5926815797
0.0
0.6129682545
0.5979362242
0.6102852853
0.6201329342999999
0.6271193281
0.5432987905000001
0.6887532396
0.6556501195
0.636343521
0.5487095928
0.5731138124
0.4840600474
0.4422995573
0.49441728840000004
0.530420427
0.6365263052
0.4012566606
0.5371900826
0.3336019843
0.5366282775
0.49479692280000004
0.046030379440000005
0.5157860407
0.4359677774
0.041873943489999996
0.35323336679999995
0.5196750545
0.3235195718
0.3991596639
0.5938342967
0.3168888905
0.462499677
0.2072253521
0.4707895465
0.28781128850000004
0.36590288260000003
0.19667348350000002
0.5637517199
0.4442105959
0.5012562814
0.5787110034
0.4617017621
0.4417176128
0.4506856631
0.5313079777
0.48623059849999994
0.440898356
0.4528481573
0.5349812504
0.5143085425999999
0.5044539371
0.3927315894
0.525753575
0.45712583279999996
0.5318329754
0.4261822947
0.4481369885
0.5378925203
0.4539053269
0.43157315850000005
0.401581556
0.4530866558
0.3171974882
0.03995793901
0.32749392299999996
0.4516491781
0.29313554750000004
0.4180400188
0.44702797009999995
0.2535338475
0.3051187474
0.2973032027
0.09782156996
0.35151200019999995
0.1459931093
0.194779573
0.1460463762
0.09161691007
0.0161791593
0.1274656407
0.09526956084
0.2779491401
0.0
0.01853963095
0.00598903759
0.02951413472
0.20766171700000002
0.09166085947
0.06313096015
0.2889785832
0.38679276440000004
0.10820102779999999
0.3763441008
0.04547360508
0.06516684578
0.33534705969999995
0.1371595228
0.1676505313
0.1403326304
0.012847280510000001
0.19797617120000002
0.1587078318
0.09733943181
0.09622137200999999
0.6619496855
0.6889861843
0.6235769022000001
0.5615535719
0.6146965758999999
0.6178571429
0.6917606838
0.6699502089
0.7005295288000001
0.657104923
0.6543934726
0.6933574757
0.5574162679
0.7004995922
0.7005245987000001
0.6886166163999999
0.6048356855
0.6635866278
0.69605236
0.6881327742000001
0.6655559382
0.597296618
0.5050498339
0.6417962027
0.6581578209
0.6503042365999999
0.6727961693000001
0.6961544238999999
0.6455200995
0.6601681695
0.6592307692
0.6654295247
0.6732490345
0.6636236556999999
0.6564480494
0.6870300752
0.6396418196
0.6634714103
0.5811271416
0.6401119403
0.6378037812
0.5737337057
0.6338928857
0.6431254696
0.6584029151
0.5227216369
0.6441929629
0.6130650062
0.5901205528
0.5416107619999999
0.5848882503
0.4033061579
0.6362777173
0.3935227018
0.5470994434
0.5335465511
0.5634838956
0.2481562774
0.5772100782999999
0.569474438
0.5653463464
0.6013041966
0.1382913201
0.0
0.00022263923
0.0
0.0
0.00189284439
0.0
0.0
0.0
0.0
0.0
0.0
0.0
0.0008857031399999999
0.0
0.0
0.0
0.0
0.0058657524
0.03260544522
0.2838637818
0.15387139689999998
0.00881238401
0.00591715976
0.05149893103
0.02431463645
0.00097589972
0.02168256722
0.0
0.0
0.01034837543
0.0
0.0
0.0
0.0
0.022525040609999998
0.041797752810000005
0.0
0.00101214575
0.00108342362
0.44669786790000005
0.30873457519999997
0.1472871229
0.3309716599
0.5041762793
0.1650452489
0.3045002922
0.07741468544
0.12228796839999999
0.2339920949
0.032136710650000004
0.00385322037
0.00175239801
0.0
0.0
0.01960784314
0.0
0.0
0.0031645569600000003
0.0086941884
0.2428785607
0.3165109034
0.1431510876
0.014706229639999999
0.2769109113
0.2379591632
0.1605314013
0.09917045759000001
0.1606211913
0.2685969682
0.03469202204
0.04302584014
0.00237247753
0.01631461331
0.00420532266
0.0
0.0
0.00451505715
0.03572497494
0.01275103602
0.4429530201
0.2082173294
0.08427019816999999
0.0
0.3384216525
0.09262403614
0.0
0.04771694265
0.013266466610000001
0.05797101449
0.0339406931
0.0
0.00555749063
0.0
0.012676427669999999
0.0
0.0
0.0
0.005121998920000001
0.00077979416
0.40639136989999997
0.2025160045
0.1371794872
0.009060055059999999
0.3344121632
0.1326139777
0.014852577680000001
0.04732061005
0.00836944575
0.11199906130000001
0.01868629672
0.0
0.0018115941999999998
0.0
0.03058931438
0.0
0.0
0.00151195613
0.0056980057
0.0
0.12343014910000001
0.0
0.04762673555
0.01823002641
0.00794412875
0.01253111394
0.0
0.0
0.00299127955
0.0
0.03919552128
0.00190657769
0.0
0.0
0.0
0.00073313783
0.0
0.0010378827200000001
0.01643625137
0.03220191471
0.47297005859999997
0.132881034
0.16762669500000002
0.0
0.5360463954
0.435732707
0.08868893859
0.2504091653
0.4257783729
0.3693444187
0.01477377655
0.00252844501
0.00226300197
0.07252173476
0.0
0.00029839313
0.0
0.00381441919
0.0
0.43957138809999996
0.2678911638
0.06027254163
0.19358128449999998
0.2237928442
0.09857292456
0.03611457036
0.0014031908500000002
0.23034934499999998
0.023947501510000004
0.00975351089
0.0
0.0070762292800000005
0.0
0.0
0.0
0.0
0.0
0.0
0.0008959233399999999
0.4425052844
0.00676589986
0.0
0.00116550117
0.0
0.0
7.239973e-05
0.035421662970000004
0.1341395515
0.1415146974
0.00989365131
0.0
0.01895328931
0.0
0.0
0.00393558934
0.0
0.0029394473799999998
0.0
0.0
0.580812344
0.5011350984
0.4626192723
0.4669847477
0.5303823378
0.06130993968
0.0
0.03365861544
0.3076076823
0.4767801858
0.4121153719
0.0
0.00170940171
0.0
0.00160129257
0.0
0.00057306238
0.01520705845
0.02433056613
0.0
0.451598289
0.322473982
0.07717000848
0.05254121612
0.1686932526
0.2556510293
0.00018069834999999998
0.0
0.09348186603
0.04016962878
0.00421599133
0.0027759210099999997
0.00035427401
0.0
0.0008561039800000001
0.0546231685
0.02863901089
0.0
0.014000680009999999
0.0
0.6874540613000001
0.6745301044
0.45708326790000003
0.3162064119
0.6305905017
0.5940007695
0.29075335599999996
0.3383616252
0.6590301820000001
0.6647495981999999
0.40692307159999996
0.09389671362
0.2810885797
0.0589170661
0.02765979488
0.03638566896
0.0
0.0
0.011233231159999999
0.0053617703699999995
0.5351810559
0.42508690559999995
0.5243673852
0.5689994719
0.37943074000000004
0.3340236074
0.36390065120000004
0.31609207959999996
0.5141776938
0.4659511049
0.49036144579999996
0.44134524229999994
0.5505882353
0.5853658536999999
0.516241442
0.5741344941
0.5869161677
0.4824088283
0.4847415684
0.4612652233
0.4842105263
0.1176470588
0.48579881659999996
0.519304292
0.5062656642000001
0.49522462840000003
0.47616039460000004
0.5438571815000001
0.3701597195
0.462962963
0.4217672604
0.31698042919999997
0.5129107981
0.4200717633
0.3570525615
0.4058729794
0.4007936508
0.318850699
0.3412746921
0.3751306201
0.38125
0.45641986879999996
0.4271725826
0.29241446530000004
0.4213041692
0.37327080799999995
0.3602830505
0.440597706
0.6494623656
0.5313668592999999
0.6365974960999999
0.5659569185
0.2671522268
0.3074407538
0.2444751381
0.2169930094
0.48963830129999997
0.5037506619
0.5518461986
0.5344020851
0.5887197170999999
0.5242116551
0.5454545455
0.5172413793
0.5777817278
0.5175257732
0.5705724440000001
0.5269051389
0.5799196787
0.5810960689
0.5492367555
0.5684418746
0.6227802593
0.5529727819
0.6493478401999999
0.591160221
0.45447496889999994
0.4037971226
0.39933080439999996
0.37405875289999996
0.41987771199999996
0.3323753197
0.42784380310000003
0.45562141019999997
0.4136693581
0.3629792877
0.38583371489999996
0.3084490594
0.44006089600000003
0.463654224
0.4910141207
0.3977988268
0.34420775810000004
0.3964523614
0.4156769596
0.38561782549999996
0.6245275594
0.5692823158
0.6166117748
0.5554604903
0.5140562249
0.4435086604
0.45438735999999996
0.5158979149
0.4095460418
0.5043110734999999
0.5647090976
0.5551013116
0.4672502661
0.438161944
0.5179738562
0.44315490879999997
0.430267409
0.4703542317
0.5121555916
0.43746275879999996
0.4468704187
0.5412844037
0.36451469529999997
0.43936877080000003
0.380952381
0.4982679173
0.4253004966
0.4237166972
0.4063735543
0.34474327629999996
0.46416938109999994
0.43253579350000004
0.5826493112
0.5727631537
0.6103739445
0.543059673
0.48593052989999996
0.5481049563
0.5275447401000001
0.45512820509999996
0.5372133636
0.5350014407
0.5725364900000001
0.5141632989
0.5366645241
0.6350404962999999
0.5140499721
0.5740238616
0.5525017861
0.5140953368000001
0.4384230703
0.5251649019
0.5708635637
0.5846874727
0.4908408274
0.6089290954
0.6078163174
0.5331136631
0.5027093186
0.6211009174000001
0.5522861865
0.5977272726999999
0.6536098728
0.5750073141
0.6517368229
0.584292156
0.4901950562
0.5884639161999999
0.5727515656
0.5754098134
0.576372052
0.6355180183
0.5608465608000001
0.6988640834000001
0.6158152077
0.6049792307
0.5865303703
0.6184574024
0.5779741554000001
0.5211858451
0.326198372
0.2908971576
0.23444391620000002
0.2478901322
0.1318564226
0.1618468131
0.1460965015
0.08125241873
0.29666831429999996
0.3903121781
0.34720453980000004
0.2461756485
0.4665821648
0.4528721798
0.4516369048
0.5148695973
0.4447958181
0.3893002232
0.4005339945
0.3645059846
0.3891015891
0.3534908409
0.4269022079
0.3922253364
0.4043998852
0.3971413082
0.3819104478
0.3528606649
0.1564305192
0.1570824985
0.11600559499999999
0.1423076923
0.1025566891
0.1090667104
0.1117730139
0.1724776696
0.1415868673
0.1087866109
0.12419721060000001
0.1366102431
0.1872611465
0.07410127806
0.09028374472999999
0.1545878577
0.127425915
0.1450402794
0.1201108833
0.1483443709
0.3450225384
0.33735435410000003
0.37518323070000004
0.19396877140000002
0.2942589315
0.288956448
0.33448536560000003
0.21034227009999998
0.2818818182
0.1305476673
0.2044483363
0.09787234043
0.28851942869999997
0.3636363636
0.2208674644
0.3299258827
0.1793326123
0.2380407125
0.24948726300000001
0.2594645969
0.1770847105
0.19766423360000002
0.20385103480000002
0.33333333330000003
0.2151767152
0.1716684313
0.16827740210000003
0.2305793285
0.5402841303
0.5606821957
0.6672104405
0.5331317311
0.6177321226
0.5248985487
0.5967917241
0.6001335774
0.6660377357999999
0.5525721466
0.6193183713
0.5317460317
0.5997113328
0.6921708185
0.5303430079
0.646539028
0.6394777402999999
0.630016198
0.5329999999999999
0.6023302483999999
0.6197776804
0.5547290279
0.5121328225
0.5122379746
0.4601991465
0.4451851201
0.4689112487
0.4007980296
0.4683384702
0.4405863322
0.40322751580000005
0.4345507697
0.5625
0.5019622394000001
0.49069539669999995
0.4713099372
0.4835674051
0.4921842601
0.4535508579
0.5512879813
0.5131094034
0.5128489638
0.5197262164
0.4639947833
0.4262993808
0.4443947085
0.4050211059
0.3836178989
0.4951632212
0.6383767402
0.5168813061
0.49262468839999995
0.6087686094
0.5458253522
0.5175894679
0.5517589759
0.5636574074
0.6373429084
0.5653520141
0.5795282345
0.4695340502
0.6426826821
0.5366767785
0.6303630363
0.487681058
0.6193333333000001
0.4563713592
0.5781151707
0.612446959
0.6195867169
0.5692749462
0.5489325777
0.36498466350000003
0.3404681287
0.3401922783
0.2832747363
0.5183281653
0.5275590551
0.4887389076
0.6030428769
0.495412844
0.5576340876
0.4501418709
0.4966635678
0.4398888341
0.5522627861
0.5054545455
0.5120622507
0.395964691
0.5036275046
0.5702122345
0.5274495995
0.3722943723
0.5014738394
0.4227192881
0.5998846494
0.6039911545
0.4976145074
0.4601357082
0.6513478818999999
0.5264744202
0.4827706952
0.4707914273
0.4891644182
0.4487205688
0.5427222278
0.49796637850000003
0.5244441801
0.49397912759999996
0.44117647060000004
0.5251596715
0.5276649634999999
0.5510645006
0.5352959021
0.46206896550000004
0.5536268011
0.6319297267
0.4702173552
0.661168625
0.5457892857000001
0.5104707846000001
0.46621069820000005
0.47666802750000004
0.5890825915
0.5975972919
0.549619388
0.5394835530000001
0.47288283059999997
0.6409078981999999
0.6107531
0.548771313
0.6595625638
0.5212310902
0.4725513945
0.5411730791
0.3709085889
0.48222511949999997
0.473347548
0.5164245182
0.5470768639
0.415959253
0.583001328
0.5818073858999999
0.41056034480000003
0.6640059985000001
0.5832209371
0.5218859505000001
0.5998383264
0.5441638237
0.633254717
0.4618896337
0.5258389262000001
0.4844267678
0.5314178286
0.5794298039
0.5832679739000001
0.3861449647
0.46986588079999997
0.44017914269999997
0.5774647887
0.5669493537
0.6099961588
0.45288753800000003
