0.5984611565211135
0.6023160934139018
0.4903792964471595
0.43623122209254483
0.5084408305370767
0.6099640922727207
0.6098875714556313
0.6123038259476303
0.6237713189478216
0.4290834231175248
0.6416314048598375
0.6190420424670362
0.023256077089681502
0.6082736298707117
0.6309878119129387
0.5889373359852382
0.6277801269503508
0.6070428605385678
0.6216676895697877
0.6248276431618573
0.5973592233161783
0.6347700440035706
0.6403131514817906
0.6337642907989678
0.614552775454696
0.6217782376190526
0.635768994056306
0.6320683682456604
0.6006294734913658
0.6121692734465003
0.6211922637827485
0.6432963486613554
0.6294779052101684
0.6019733834648593
0.6179075518384161
0.6332786543236912
0.6236889411190847
0.6222987078921688
0.6229947617358593
0.6276200665041054
0.6277252175839301
0.6382722066272875
0.6372629963623178
0.6392369726163323
0.631331858022288
0.6333540522835531
0.507359713595523
0.6278778189493739
0.6199433586318821
0.6418316308871923
0.3395302098919279
0.6388160940240128
0.6490743058705049
0.6249742366367937
0.628767031491134
0.6069986658412909
0.6319747556305938
0.375183784318256
0.047834503358629724
0.6290114584938318
0.6347063927624749
0.6339820371568468
0.6399229158640984
0.6514263407004719
0.6274072199834592
0.627071372055665
0.619677160817846
0.6310001235345336
0.6056925586453494
0.6278539151592435
0.6373920473286987
0.6147317485585013
0.6473398958982337
0.6355252240458913
0.626935024572387
0.635318216990838
0.6336581789904538
0.6132270132864206
0.042523561667381804
0.6364463822147914
0.6049003053759494
0.4340112572803082
0.6261386484437952
0.6448120529243102
0.6484654185623668
0.6414332251281329
0.6326405402189246
0.6436903399608317
0.531360749669621
0.6316210487813564
0.6295300998292441
0.645848570641949
0.636257726044005
0.6269844473898516
0.636349601126875
0.6161118739413114
0.6309311303511695
0.6223815130007502
0.6177487592976918
0.6215437502770357
