0.5852481207430833
0.6187782463613705
0.5802207603397301
0.6276493921784985
0.5825761683444864
0.6025262637510341
0.5916985042487913
0.6061888941440569
0.5726429789765758
0.5808416182380354
0.5733080636426232
0.6121418750334502
0.6098907351371465
0.6243262771681434
0.5909351167968485
0.6228624977928694
0.6248996301638738
0.632231671639573
0.6190878978555627
0.6279566071128151
0.6165608486345685
0.6103431165219839
0.6144696470763245
0.6149790227792454
0.5995688811870086
0.6138258983391879
0.6213204038565933
0.6124376523200579
0.603165756523388
0.6050043184918069
0.6064585828502892
0.6139563985625258
0.6239927009001726
0.6160707073645904
0.5844693108736974
0.6057067999336677
0.606729890586439
0.5824539476157259
0.6160139451374881
0.5645616232041291
0.6096309357183407
0.6008806320500436
0.5848964866810343
0.6298750453548789
0.6078460674444582
0.6197750398004841
0.6112017846903445
0.6176730019627931
0.5861450232422964
0.6155878196692417
0.5570009958193045
0.6313854640127721
0.6386376841075462
0.6282856388760181
0.603551181823712
0.6287332685881666
0.5938903353169062
0.6156982503336043
0.618835596200632
0.6172760350630584
0.6209321733064125
0.6312541863344737
0.6255865076138087
0.6159431887211001
0.5898600316576453
0.6289243381634125
0.6256340125163836
0.5928215098864618
0.6139731899866685
0.6149226388231992
0.5987647122330614
0.6297935007490416
0.5966842908492669
0.6212113758171591
0.6327405840385931
0.6214627903243244
0.6241227923585314
0.6069359562259193
0.6191253531892232
0.5936390638897256
0.5904760725411964
0.6066904693665406
0.5900457038523831
0.6202252343125016
0.6114551496252144
0.6082163203505567
0.6260237098114895
0.5982082928020634
0.6075842975578216
0.6150768874903247
0.5937795459137157
0.5925091172624094
0.6132348402093614
0.622231476875083
0.6203440887414343
0.6104643834657931
0.6053248451281666
0.603673921444744
0.5581290249825132
0.6304262501624566
