-4.20319
-3.99417
-3.86373
-3.7156
-3.67755
-3.66525
-3.66459
-3.63065
-3.63037
-3.61579
-3.61024
-3.60767
-3.60604
-3.60297
-3.59449
-3.59328
-3.59316
-3.58977
-3.58846
-3.58825
-3.58688
-3.58609
-3.58492
-3.58237
-3.58186
-3.58075
-3.57686
-3.57552
-3.57305
-3.57137
-3.56729
-3.567
-3.56543
-3.56504
-3.56314
-3.55887
-3.55728
-3.5552
-3.55481
-3.55414
-3.55324
-3.55292
-3.55153
-3.55102
-3.54992
-3.5494
-3.54862
-3.54811
-3.54804
-3.54789
-3.54765
-3.54754
-3.54686
-3.54681
-3.5466
-3.54655
-3.54519
-3.54465
-3.54422
-3.54314
-3.54293
-3.54221
-3.54159
-3.54036
-3.54033
-3.53923
-3.53873
-3.53801
-3.53594
-3.53512
-3.53469
-3.53463
-3.53293
-3.5324
-3.53238
-3.53213
-3.53203
-3.5318
-3.53177
-3.5317
-3.531
-3.53063
-3.53043
-3.52997
-3.52983
-3.52982
-3.52979
-3.5275
-3.527
-3.52692
-3.5268
-3.52614
-3.52612
-3.52593
-3.52541
-3.52537
-3.52511
-3.52506
-3.52464
-3.52403
-3.52328
-3.52287
-3.5228
-3.5215
-3.52099
-3.52081
-3.52061
-3.52057
-3.52026
-3.5201
-3.51925
-3.5185
-3.51804
-3.51786
-3.51757
-3.51757
-3.51757
-3.5173
-3.51728
-3.51723
-3.51638
-3.51619
-3.51604
-3.51557
-3.51489
-3.51398
-3.5138
-3.51367
-3.51359
-3.51331
-3.51267
-3.51238
-3.51172
-3.5115
-3.51125
-3.51083
-3.51083
-3.51062
-3.51034
-3.50982
-3.50955
-3.50933
-3.50931
-3.50909
-3.5088
-3.50843
-3.5082
-3.5082
-3.50793
-3.50787
-3.50778
-3.50699
-3.50694
-3.50688
-3.50594
-3.50486
-3.50481
-3.5048
-3.50466
-3.50466
-3.50455
-3.50447
-3.50417
-3.50402
-3.50378
-3.50365
-3.50327
-3.50302
-3.50274
-3.50269
-3.50264
-3.50254
-3.50207
-3.50193
-3.50152
-3.50103
-3.50041
-3.50037
-3.50032
-3.50025
-3.5001
-3.49951
-3.49951
-3.49889
-3.49832
-3.49805
-3.49805
-3.49797
-3.49791
-3.49771
-3.49707
-3.49695
-3.49666
-3.49662
-3.49602
-3.49579
-3.49519
-3.49511
-3.49511
-3.49455
-3.49448
-3.49399
-3.49397
-3.4939
-3.49363
-3.4936
-3.49328
-3.49236
-3.49208
-3.49204
-3.49194
-3.49174
-3.49172
-3.4912
-3.49064
-3.48971
-3.48873
-3.4887
-3.48863
-3.48858
-3.4884
-3.48788
-3.48756
-3.48714
-3.48689
-3.48682
-3.48639
-3.48593
-3.48496
-3.48475
-3.48472
-3.48462
-3.48458
-3.48431
-3.48428
-3.48421
-3.48343
-3.48321
-3.48313
-3.48267
-3.4825
-3.48246
-3.48235
-3.48198
-3.48196
-3.48127
-3.48125
-3.48091
-3.48087
-3.48078
-3.48077
-3.48003
-3.4797
-3.47926
-3.47916
-3.47909
-3.47902
-3.47891
-3.47873
-3.47859
-3.47839
-3.47817
-3.47811
-3.47809
-3.47774
-3.47771
-3.47766
-3.47675
-3.47667
-3.47638
-3.47607
-3.47602
-3.47592
-3.47563
-3.47559
-3.47556
-3.47527
-3.47416
-3.47407
-3.47363
-3.47343
-3.47338
-3.47336
-3.47318
-3.47304
-3.47246
-3.47244
-3.47232
-3.47203
-3.47195
-3.47153
-3.47118
-3.47118
-3.47058
-3.47025
-3.47024
-3.4702
-3.47007
-3.4699
-3.46953
-3.46951
-3.46927
-3.46921
-3.46891
-3.46886
-3.46874
-3.46872
-3.46869
-3.46833
-3.46816
-3.46805
-3.46792
-3.46784
-3.46784
-3.46784
-3.46741
-3.4669
-3.46602
-3.466
-3.46594
-3.46553
-3.46487
-3.46465
-3.46432
-3.46419
-3.46416
-3.46373
-3.46338
-3.46318
-3.46311
-3.46266
-3.46246
-3.46239
-3.46226
-3.46176
-3.46148
-3.46139
-3.46137
-3.46098
-3.46034
-3.46023
-3.46017
-3.45968
-3.45959
-3.45955
-3.45919
-3.45916
-3.45884
-3.45789
-3.45783
-3.4577
-3.45734
-3.45693
-3.45682
-3.45682
-3.45643
-3.45641
-3.45629
-3.45622
-3.45577
-3.45565
-3.45559
-3.45551
-3.45538
-3.45524
-3.45515
-3.45477
-3.4547
-3.45463
-3.45458
-3.45422
-3.45419
-3.45359
-3.45358
-3.45332
-3.45317
-3.4531
-3.45249
-3.45226
-3.45216
-3.45207
-3.45188
-3.45165
-3.45155
-3.45139
-3.45129
-3.45124
-3.45117
-3.45087
-3.45069
-3.45062
-3.4506
-3.45012
-3.45007
-3.44951
-3.44927
-3.44896
-3.44878
-3.44872
-3.44835
-3.4482
-3.44817
-3.44817
-3.44787
-3.44766
-3.44718
-3.44708
-3.44689
-3.44657
-3.44657
-3.44639
-3.44632
-3.44629
-3.44591
-3.44588
-3.44553
-3.44541
-3.44537
-3.44532
-3.44528
-3.44508
-3.44448
-3.44441
-3.44441
-3.44441
-3.44441
-3.44441
-3.44439
-3.4441
-3.4441
-3.44402
-3.44385
-3.44374
-3.4434
-3.44297
-3.4429
-3.44288
-3.44271
-3.44262
-3.44262
-3.44213
-3.44206
-3.44195
-3.44172
-3.44156
-3.44153
-3.4413
-3.4413
-3.44117
-3.44011
-3.43996
-3.43989
-3.4394
-3.43928
-3.43918
-3.43901
-3.43896
-3.43822
-3.43808
-3.43804
-3.43796
-3.4379
-3.43774
-3.43766
-3.43736
-3.43699
-3.43689
-3.43653
-3.43651
-3.43591
-3.43584
-3.4357
-3.43563
-3.43519
-3.43513
-3.43512
-3.435
-3.43414
-3.43409
-3.43397
-3.43391
-3.43358
-3.43354
-3.43343
-3.43335
-3.43321
-3.4331
-3.43287
-3.43285
-3.43278
-3.43263
-3.43262
-3.43257
-3.43223
-3.43207
-3.4319
-3.43172
-3.43172
-3.43138
-3.43135
-3.43117
-3.43067
-3.43048
-3.43033
-3.43033
-3.43008
-3.42992
-3.42983
-3.42969
-3.42949
-3.42949
-3.42942
-3.42909
-3.42858
-3.42848
-3.42805
-3.42795
-3.42782
-3.42745
-3.42745
-3.42739
-3.42739
-3.42683
-3.42668
-3.42654
-3.42637
-3.42634
-3.42632
-3.42627
-3.42599
-3.42584
-3.42577
-3.42568
-3.42557
-3.42491
-3.42487
-3.42418
-3.42415
-3.42398
-3.42393
-3.4239
-3.42382
-3.42358
-3.42339
-3.42315
-3.42295
-3.42281
-3.42274
-3.4226
-3.42248
-3.42246
-3.42245
-3.42241
-3.42227
-3.42202
-3.42186
-3.42175
-3.42153
-3.42143
-3.42128
-3.42123
-3.42118
-3.42116
-3.42108
-3.42095
-3.42059
-3.42022
-3.42019
-3.4201
-3.42001
-3.41993
-3.41991
-3.41978
-3.41955
-3.41926
-3.4185
-3.41848
-3.41803
-3.41782
-3.41781
-3.41779
-3.41765
-3.41762
-3.41757
-3.41736
-3.41726
-3.41721
-3.41687
-3.41677
-3.41667
-3.41646
-3.41624
-3.41624
-3.4161
-3.41593
-3.41584
-3.41558
-3.41557
-3.41556
-3.41554
-3.41554
-3.41548
-3.4153
-3.41513
-3.41512
-3.41507
-3.41496
-3.41483
-3.41473
-3.41403
-3.41393
-3.41389
-3.41376
-3.41375
-3.41369
-3.41364
-3.41334
-3.41318
-3.41314
-3.41293
-3.41271
-3.4127
-3.41228
-3.41221
-3.41212
-3.41212
-3.41212
-3.41169
-3.41167
-3.4114
-3.41127
-3.41123
-3.41123
-3.41108
-3.41108
-3.411
-3.4108
-3.41077
-3.4106
-3.41036
-3.41016
-3.40997
-3.40988
-3.40984
-3.40964
-3.40955
-3.40934
-3.40844
-3.40843
-3.40789
-3.40775
-3.40765
-3.40758
-3.40743
-3.40727
-3.40719
-3.40711
-3.40705
-3.40704
-3.40701
-3.4069
-3.4066
-3.40648
-3.40628
-3.40626
-3.40614
-3.40587
-3.40558
-3.40538
-3.40535
-3.4053
-3.40525
-3.4052
-3.40502
-3.40478
-3.40474
-3.40467
-3.40467
-3.40441
-3.40441
-3.40437
-3.40409
-3.40401
-3.40392
-3.40377
-3.40351
-3.40322
-3.40306
-3.40297
-3.40293
-3.4026
-3.40258
-3.40209
-3.40207
-3.4017
-3.40168
-3.40164
-3.40161
-3.40141
-3.40053
-3.40051
-3.40044
-3.40034
-3.40033
-3.40033
-3.40014
-3.40014
-3.40002
-3.39993
-3.39989
-3.39972
-3.39966
-3.39933
-3.39918
-3.3988
-3.39878
-3.39877
-3.39874
-3.39853
-3.3984
-3.39831
-3.39811
-3.39805
-3.39786
-3.39765
-3.3976
-3.39748
-3.39743
-3.3974
-3.39737
-3.3972
-3.39713
-3.39708
-3.39667
-3.39622
-3.39607
-3.39574
-3.39568
-3.39568
-3.39506
-3.39488
-3.39441
-3.39434
-3.39433
-3.39432
-3.39409
-3.39407
-3.39406
-3.39402
-3.39394
-3.3939
-3.39381
-3.3938
-3.39347
-3.39343
-3.39334
-3.39325
-3.39324
-3.39289
-3.39285
-3.39279
-3.39271
-3.39257
-3.39257
-3.39224
-3.39219
-3.39184
-3.39183
-3.39141
-3.39124
-3.39124
-3.3909
-3.39085
-3.39022
-3.39002
-3.3898
-3.38973
-3.38969
-3.38966
-3.38953
-3.38875
-3.3882
-3.38819
-3.38792
-3.38758
-3.3875
-3.38749
-3.38745
-3.38736
-3.38724
-3.38683
-3.38681
-3.38637
-3.38606
-3.38597
-3.38549
-3.38533
-3.38481
-3.38458
-3.3845
-3.38447
-3.3844
-3.38423
-3.38398
-3.38379
-3.38339
-3.3833
-3.38325
-3.38303
-3.38301
-3.38283
-3.38266
-3.38225
-3.38175
-3.38167
-3.38165
-3.38142
-3.3813
-3.38128
-3.38108
-3.38103
-3.38101
-3.38099
-3.38096
-3.38068
-3.38061
-3.38054
-3.38041
-3.3802
-3.38015
-3.3799
-3.37985
-3.3798
-3.3797
-3.3797
-3.37969
-3.37967
-3.37966
-3.37958
-3.37941
-3.37934
-3.37924
-3.37913
-3.37886
-3.3786
-3.37829
-3.37828
-3.37809
-3.37795
-3.37748
-3.37747
-3.37723
-3.37685
-3.37656
-3.37569
-3.37546
-3.37506
-3.375
-3.3748
-3.37465
-3.37454
-3.37449
-3.37438
-3.37406
-3.37388
-3.37373
-3.37368
-3.37362
-3.37277
-3.37274
-3.37271
-3.37268
-3.37251
-3.37241
-3.37224
-3.3716
-3.37159
-3.37128
-3.37123
-3.37036
-3.37004
-3.36998
-3.36991
-3.36964
-3.36934
-3.36908
-3.36867
-3.36859
-3.36845
-3.36815
-3.36803
-3.36792
-3.36788
-3.36785
-3.36766
-3.36748
-3.36728
-3.36713
-3.36705
-3.36696
-3.36694
-3.36653
-3.3665
-3.36643
-3.36627
-3.36627
-3.36624
-3.36618
-3.36594
-3.36591
-3.36544
-3.36538
-3.36512
-3.36499
-3.36486
-3.3645
-3.36445
-3.36439
-3.36431
-3.36431
-3.36426
-3.36405
-3.36362
-3.36323
-3.3625
-3.36201
-3.36198
-3.36171
-3.36167
-3.36163
-3.36135
-3.36112
-3.36097
-3.36081
-3.36068
-3.36035
-3.35997
-3.3598
-3.35943
-3.35938
-3.35919
-3.35912
-3.35871
-3.35858
-3.35858
-3.35848
-3.35835
-3.35809
-3.35805
-3.35794
-3.35778
-3.35763
-3.3576
-3.35755
-3.35748
-3.35689
-3.35681
-3.35676
-3.35673
-3.35671
-3.35647
-3.35638
-3.35636
-3.35633
-3.35583
-3.3556
-3.35542
-3.35488
-3.35467
-3.35464
-3.35436
-3.35418
-3.35413
-3.35405
-3.35398
-3.35382
-3.3531
-3.35302
-3.35297
-3.35297
-3.35261
-3.35258
-3.35257
-3.35215
-3.35206
-3.35168
-3.35164
-3.35113
-3.35099
-3.35083
-3.3505
-3.35026
-3.35021
-3.35019
-3.35019
-3.35019
-3.34852
-3.3484
-3.34811
-3.34804
-3.34774
-3.34772
-3.34739
-3.34704
-3.34696
-3.34575
-3.34567
-3.34555
-3.34552
-3.34485
-3.34477
-3.34468
-3.34459
-3.3441
-3.34403
-3.34402
-3.34365
-3.34335
-3.34335
-3.34316
-3.34287
-3.34279
-3.34279
-3.34276
-3.34251
-3.34248
-3.34227
-3.34221
-3.34221
-3.34187
-3.34169
-3.34156
-3.34154
-3.34119
-3.34114
-3.34063
-3.34021
-3.33994
-3.33986
-3.33927
-3.33923
-3.33889
-3.3386
-3.33853
-3.33853
-3.33818
-3.33817
-3.33794
-3.33793
-3.33776
-3.33741
-3.3372
-3.33714
-3.33714
-3.33688
-3.33677
-3.33671
-3.3367
-3.33661
-3.33632
-3.33609
-3.33593
-3.33559
-3.33553
-3.33545
-3.33485
-3.33474
-3.33474
-3.33474
-3.33471
-3.33469
-3.33429
-3.33386
-3.33375
-3.33369
-3.33363
-3.33353
-3.33339
-3.33328
-3.33299
-3.33287
-3.33204
-3.3313
-3.33125
-3.33093
-3.33088
-3.3307
-3.33056
-3.33056
-3.33037
-3.33015
-3.33012
-3.32957
-3.32942
-3.32892
-3.32873
-3.32869
-3.32833
-3.32813
-3.32803
-3.32791
-3.32779
-3.32772
-3.32759
-3.32753
-3.32736
-3.32735
-3.32692
-3.32685
-3.32647
-3.32638
-3.32627
-3.32611
-3.32606
-3.32539
-3.32528
-3.32517
-3.32495
-3.32468
-3.32434
-3.32429
-3.3234
-3.32292
-3.32277
-3.32253
-3.32242
-3.32236
-3.32228
-3.32186
-3.32153
-3.32105
-3.3208
-3.32079
-3.32002
-3.31967
-3.31954
-3.31947
-3.31912
-3.31825
-3.31825
-3.31816
-3.31801
-3.31801
-3.31792
-3.31774
-3.3173
-3.31712
-3.31667
-3.31661
-3.3163
-3.31608
-3.31606
-3.31548
-3.31546
-3.31489
-3.31475
-3.3147
-3.31424
-3.31383
-3.31372
-3.31369
-3.31364
-3.31363
-3.31354
-3.3135
-3.3135
-3.3135
-3.3135
-3.31284
-3.31283
-3.31279
-3.3127
-3.31254
-3.31241
-3.31239
-3.31235
-3.31229
-3.31228
-3.31204
-3.31203
-3.31191
-3.3115
-3.3106
-3.31054
-3.31047
-3.31044
-3.31024
-3.31023
-3.31006
-3.31005
-3.30988
-3.30972
-3.3094
-3.3092
-3.30904
-3.30845
-3.30754
-3.30718
-3.30715
-3.30686
-3.30669
-3.30663
-3.30618
-3.30606
-3.30602
-3.30538
-3.30463
-3.30443
-3.30443
-3.30387
-3.30387
-3.30378
-3.30334
-3.30327
-3.30293
-3.30256
-3.30234
-3.30221
-3.30214
-3.30198
-3.30197
-3.30167
-3.30159
-3.30134
-3.30133
-3.30112
-3.30107
-3.30096
-3.30082
-3.30076
-3.30074
-3.30065
-3.29989
-3.29957
-3.29938
-3.2993
-3.2992
-3.299
-3.29851
-3.29812
-3.29795
-3.29793
-3.29779
-3.29758
-3.29744
-3.2969
-3.29643
-3.29569
-3.29517
-3.29469
-3.29391
-3.29367
-3.2936
-3.29337
-3.29327
-3.29326
-3.29321
-3.2931
-3.29303
-3.29263
-3.29253
-3.29251
-3.29234
-3.2923
-3.292
-3.29189
-3.29134
-3.2906
-3.29056
-3.29028
-3.29005
-3.28988
-3.28953
-3.28939
-3.28932
-3.28925
-3.28915
-3.28909
-3.28886
-3.28823
-3.28764
-3.28753
-3.28711
-3.28615
-3.28602
-3.28552
-3.28543
-3.28535
-3.28465
-3.28443
-3.28337
-3.28298
-3.28258
-3.28254
-3.28253
-3.28205
-3.28197
-3.28197
-3.2819
-3.28167
-3.28117
-3.28097
-3.28038
-3.28027
-3.2797
-3.27969
-3.27957
-3.27957
-3.27848
-3.27848
-3.27827
-3.27825
-3.27821
-3.27814
-3.27787
-3.27787
-3.27719
-3.27711
-3.27656
-3.27632
-3.27595
-3.27595
-3.27582
-3.27558
-3.27522
-3.27499
-3.27444
-3.27424
-3.27401
-3.27358
-3.27346
-3.27315
-3.27291
-3.27281
-3.27259
-3.27237
-3.2715
-3.27133
-3.27092
-3.27016
-3.26944
-3.26941
-3.26932
-3.26931
-3.26918
-3.26914
-3.26901
-3.26875
-3.26866
-3.26766
-3.26696
-3.2669
-3.26668
-3.26607
-3.26605
-3.26578
-3.26517
-3.26442
-3.26441
-3.26292
-3.26277
-3.26271
-3.26254
-3.26223
-3.26161
-3.26153
-3.26135
-3.26115
-3.2611
-3.26087
-3.26082
-3.26071
-3.25959
-3.2592
-3.259
-3.25829
-3.25774
-3.25729
-3.257
-3.25686
-3.2565
-3.25635
-3.25622
-3.25615
-3.25596
-3.25581
-3.25568
-3.25568
-3.25482
-3.25482
-3.25431
-3.25398
-3.25386
-3.25375
-3.25373
-3.25311
-3.25286
-3.25243
-3.25207
-3.25157
-3.25076
-3.25058
-3.25051
-3.2505
-3.24996
-3.24944
-3.24925
-3.24884
-3.24884
-3.24864
-3.248
-3.24771
-3.24764
-3.24751
-3.24736
-3.24709
-3.24702
-3.247
-3.2469
-3.24633
-3.24544
-3.24527
-3.24525
-3.24375
-3.24372
-3.2433
-3.24278
-3.24266
-3.24172
-3.24156
-3.24036
-3.24023
-3.24019
-3.23998
-3.23967
-3.23945
-3.23932
-3.239
-3.23874
-3.23863
-3.23815
-3.23803
-3.23784
-3.23764
-3.23758
-3.23711
-3.23686
-3.23679
-3.2367
-3.23639
-3.23639
-3.23598
-3.2359
-3.23573
-3.23547
-3.23539
-3.23403
-3.234
-3.23353
-3.23298
-3.2328
-3.23231
-3.23221
-3.23217
-3.23199
-3.23152
-3.23134
-3.23132
-3.2312
-3.23116
-3.23111
-3.23104
-3.23093
-3.23054
-3.23053
-3.2304
-3.23036
-3.23005
-3.22979
-3.22964
-3.22899
-3.22879
-3.22842
-3.22828
-3.22825
-3.22803
-3.22785
-3.2275
-3.22736
-3.22735
-3.22722
-3.22665
-3.22639
-3.22575
-3.22567
-3.2256
-3.2248
-3.22403
-3.22358
-3.22323
-3.22305
-3.22304
-3.22298
-3.22288
-3.22264
-3.22219
-3.22205
-3.22189
-3.22178
-3.22166
-3.22152
-3.22149
-3.22103
-3.22085
-3.22044
-3.22044
-3.21992
-3.21913
-3.21911
-3.21897
-3.21845
-3.2184
-3.2183
-3.21802
-3.21789
-3.21718
-3.21681
-3.21659
-3.21647
-3.21606
-3.21566
-3.21522
-3.21509
-3.21502
-3.21498
-3.21497
-3.21466
-3.21464
-3.21426
-3.21414
-3.21382
-3.21377
-3.21366
-3.21364
-3.21344
-3.21294
-3.21195
-3.21184
-3.21159
-3.21105
-3.21088
-3.2103
-3.21016
-3.21014
-3.20937
-3.20933
-3.2093
-3.2089
-3.20877
-3.20865
-3.20856
-3.20784
-3.20771
-3.20737
-3.20655
-3.20649
-3.20644
-3.20577
-3.20573
-3.20555
-3.2055
-3.20432
-3.20426
-3.20407
-3.20381
-3.20359
-3.20343
-3.20322
-3.20318
-3.2024
-3.20234
-3.20144
-3.20128
-3.20104
-3.20099
-3.20054
-3.19972
-3.19934
-3.19904
-3.19887
-3.19883
-3.19868
-3.19852
-3.19851
-3.19808
-3.19799
-3.19792
-3.19643
-3.19612
-3.19581
-3.19574
-3.1953
-3.19485
-3.19419
-3.19387
-3.19375
-3.1937
-3.19305
-3.19278
-3.19278
-3.19275
-3.19273
-3.19225
-3.19221
-3.19115
-3.19111
-3.191
-3.19098
-3.19076
-3.19071
-3.19034
-3.19014
-3.19001
-3.1897
-3.18943
-3.18927
-3.18899
-3.18863
-3.1884
-3.18837
-3.18827
-3.18806
-3.18735
-3.18716
-3.18706
-3.18704
-3.18652
-3.18631
-3.1862
-3.18617
-3.186
-3.18527
-3.18518
-3.18506
-3.18496
-3.18485
-3.18473
-3.18465
-3.18453
-3.1843
-3.18398
-3.18363
-3.18322
-3.18309
-3.18296
-3.1824
-3.18196
-3.18194
-3.18175
-3.18167
-3.1816
-3.18156
-3.18063
-3.17966
-3.17957
-3.17945
-3.17936
-3.1793
-3.17906
-3.179
-3.17789
-3.17746
-3.17728
-3.17676
-3.17657
-3.17619
-3.17578
-3.17567
-3.17515
-3.17488
-3.17418
-3.17395
-3.17379
-3.17373
-3.17348
-3.17242
-3.17177
-3.17125
-3.17115
-3.1711
-3.17092
-3.17044
-3.16976
-3.1697
-3.16965
-3.16919
-3.16909
-3.16872
-3.16827
-3.1679
-3.16762
-3.16738
-3.16596
-3.16593
-3.16567
-3.16497
-3.16455
-3.16454
-3.1643
-3.16415
-3.16403
-3.16339
-3.16333
-3.16314
-3.16311
-3.16277
-3.16261
-3.16131
-3.16122
-3.16078
-3.1607
-3.16046
-3.16045
-3.16005
-3.15934
-3.1592
-3.15913
-3.15827
-3.15804
-3.15791
-3.15745
-3.15733
-3.15706
-3.15705
-3.15695
-3.15689
-3.15685
-3.15684
-3.15678
-3.15676
-3.1561
-3.15577
-3.15577
-3.15558
-3.15556
-3.1554
-3.15478
-3.15476
-3.15463
-3.15457
-3.15427
-3.15417
-3.15343
-3.1532
-3.153
-3.15295
-3.15287
-3.15236
-3.15174
-3.15109
-3.15031
-3.15022
-3.1501
-3.14991
-3.1499
-3.14988
-3.14946
-3.1494
-3.14892
-3.14884
-3.14765
-3.1475
-3.14702
-3.1465
-3.1465
-3.14647
-3.14638
-3.14615
-3.14607
-3.14512
-3.14476
-3.14413
-3.14407
-3.14361
-3.14322
-3.14318
-3.14314
-3.14298
-3.14287
-3.14251
-3.14249
-3.14237
-3.14178
-3.1417
-3.14152
-3.14139
-3.13998
-3.13984
-3.13954
-3.13925
-3.1392
-3.13845
-3.13842
-3.13811
-3.13751
-3.13749
-3.13729
-3.13609
-3.13588
-3.13587
-3.13544
-3.1343
-3.13402
-3.13385
-3.13375
-3.1337
-3.13364
-3.13352
-3.1335
-3.13292
-3.13284
-3.13279
-3.13278
-3.13258
-3.13205
-3.13166
-3.13164
-3.1316
-3.13157
-3.13142
-3.1314
-3.13071
-3.1307
-3.13056
-3.1301
-3.1301
-3.1297
-3.12963
-3.12878
-3.12863
-3.1283
-3.12769
-3.12708
-3.12705
-3.12668
-3.12662
-3.12627
-3.12566
-3.12538
-3.12512
-3.12493
-3.12402
-3.12398
-3.12329
-3.12305
-3.12302
-3.12297
-3.12243
-3.1221
-3.12175
-3.1217
-3.12159
-3.12135
-3.12134
-3.12119
-3.12108
-3.12102
-3.12091
-3.12051
-3.12021
-3.11975
-3.11894
-3.11882
-3.11824
-3.11817
-3.11816
-3.11797
-3.11763
-3.11757
-3.11703
-3.11684
-3.1161
-3.11605
-3.11601
-3.11584
-3.11575
-3.11567
-3.11539
-3.11534
-3.1153
-3.11518
-3.11509
-3.11468
-3.11439
-3.11405
-3.11398
-3.11372
-3.11349
-3.11334
-3.11302
-3.11298
-3.11266
-3.11221
-3.11213
-3.112
-3.11198
-3.11165
-3.1115
-3.111
-3.11092
-3.11086
-3.11085
-3.11079
-3.11073
-3.1105
-3.11048
-3.11044
-3.11032
-3.10965
-3.1094
-3.10905
-3.10903
-3.10862
-3.10859
-3.10829
-3.10799
-3.10796
-3.10768
-3.10718
-3.10655
-3.10652
-3.1059
-3.10556
-3.10535
-3.10517
-3.10486
-3.10484
-3.10449
-3.10435
-3.10409
-3.10318
-3.10317
-3.1031
-3.10282
-3.1014
-3.10132
-3.10131
-3.1008
-3.10079
-3.10074
-3.10072
-3.10032
-3.10006
-3.09995
-3.09968
-3.09958
-3.09919
-3.09917
-3.09907
-3.09825
-3.09795
-3.09748
-3.09743
-3.09737
-3.09681
-3.09663
-3.09662
-3.0965
-3.09534
-3.09383
-3.09344
-3.09297
-3.09259
-3.09254
-3.09214
-3.0918
-3.09176
-3.09142
-3.09119
-3.09115
-3.09109
-3.09063
-3.09053
-3.0905
-3.09027
-3.08982
-3.08953
-3.0893
-3.08893
-3.08872
-3.08841
-3.08803
-3.08796
-3.08769
-3.08755
-3.08733
-3.08633
-3.08619
-3.08615
-3.08609
-3.08567
-3.08529
-3.08491
-3.08474
-3.08454
-3.08452
-3.0845
-3.08432
-3.08428
-3.08424
-3.08405
-3.08299
-3.08294
-3.0829
-3.0823
-3.08218
-3.08202
-3.08194
-3.08152
-3.08077
-3.08002
-3.07999
-3.0799
-3.07976
-3.07952
-3.07924
-3.07855
-3.0783
-3.07798
-3.07698
-3.0769
-3.07679
-3.07636
-3.07608
-3.07569
-3.07539
-3.07523
-3.07513
-3.07428
-3.0742
-3.07419
-3.07411
-3.07403
-3.07393
-3.07308
-3.07289
-3.07226
-3.07204
-3.07183
-3.07147
-3.07145
-3.07088
-3.07069
-3.06926
-3.0691
-3.06828
-3.06763
-3.06699
-3.06659
-3.06534
-3.06531
-3.06497
-3.06459
-3.06457
-3.06405
-3.0637
-3.06364
-3.06238
-3.06188
-3.06173
-3.06157
-3.06145
-3.06101
-3.06068
-3.06066
-3.0603
-3.06004
-3.06002
-3.0598
-3.0593
-3.0591
-3.05855
-3.05747
-3.05736
-3.057
-3.05678
-3.05666
-3.05636
-3.05606
-3.05495
-3.05485
-3.05462
-3.05408
-3.05402
-3.05375
-3.05361
-3.05345
-3.05299
-3.05263
-3.05208
-3.05156
-3.05143
-3.05124
-3.05121
-3.05106
-3.05104
-3.05087
-3.05032
-3.05004
-3.04994
-3.0492
-3.04868
-3.04833
-3.0482
-3.04783
-3.04772
-3.04758
-3.04741
-3.04734
-3.04734
-3.04725
-3.04704
-3.0468
-3.04638
-3.04619
-3.04609
-3.04569
-3.04564
-3.04563
-3.04562
-3.04512
-3.04492
-3.0448
-3.04454
-3.04434
-3.04433
-3.04425
-3.04423
-3.04399
-3.04394
-3.04344
-3.04343
-3.04329
-3.04304
-3.04271
-3.04257
-3.04217
-3.04149
-3.04082
-3.04037
-3.0403
-3.04027
-3.04015
-3.03993
-3.03905
-3.03899
-3.03895
-3.03889
-3.03847
-3.03838
-3.03794
-3.03781
-3.03768
-3.03766
-3.03722
-3.03683
-3.03683
-3.03646
-3.03539
-3.03503
-3.03385
-3.03331
-3.03307
-3.0328
-3.03257
-3.03176
-3.03134
-3.03095
-3.03088
-3.03082
-3.03054
-3.03
-3.02971
-3.02895
-3.02882
-3.02879
-3.02875
-3.02863
-3.02839
-3.02799
-3.02766
-3.0272
-3.02719
-3.02695
-3.02681
-3.02629
-3.02554
-3.02512
-3.02436
-3.02378
-3.02357
-3.02352
-3.02352
-3.02351
-3.02341
-3.02319
-3.02315
-3.02298
-3.02288
-3.02284
-3.02252
-3.02247
-3.02215
-3.02206
-3.02198
-3.02192
-3.02171
-3.02171
-3.02148
-3.02072
-3.02066
-3.02018
-3.0193
-3.01927
-3.01869
-3.01856
-3.01831
-3.01787
-3.01784
-3.01774
-3.01723
-3.01715
-3.01697
-3.0163
-3.01596
-3.01596
-3.01591
-3.01517
-3.01499
-3.01487
-3.01445
-3.01419
-3.01403
-3.01392
-3.01367
-3.01347
-3.01329
-3.01276
-3.01255
-3.0124
-3.01231
-3.01224
-3.01215
-3.01148
-3.01105
-3.01102
-3.01007
-3.00983
-3.00913
-3.00886
-3.00862
-3.00858
-3.00833
-3.00825
-3.00799
-3.00773
-3.00737
-3.00714
-3.00703
-3.00701
-3.00688
-3.00687
-3.00615
-3.00614
-3.00611
-3.00611
-3.00523
-3.00507
-3.00473
-3.00434
-3.00432
-3.00393
-3.00382
-3.00305
-3.00227
-3.00202
-3.00196
-3.00141
-3.00138
-3.00107
-3.00093
-3.00067
-3.00035
-2.99897
-2.9982
-2.99819
-2.99799
-2.99747
-2.99729
-2.99715
-2.99677
-2.99637
-2.9963
-2.9962
-2.99608
-2.99585
-2.99575
-2.99562
-2.99561
-2.99544
-2.99503
-2.99496
-2.99477
-2.99474
-2.99458
-2.99419
-2.99407
-2.99395
-2.99375
-2.99336
-2.99288
-2.99284
-2.99273
-2.99272
-2.99259
-2.99224
-2.99217
-2.9921
-2.99115
-2.99084
-2.99048
-2.99026
-2.9899
-2.9898
-2.98901
-2.9888
-2.98868
-2.98844
-2.9884
-2.98818
-2.98773
-2.98715
-2.98566
-2.9855
-2.98478
-2.98465
-2.98462
-2.98399
-2.98255
-2.98195
-2.98182
-2.98172
-2.98151
-2.98004
-2.98002
-2.97995
-2.97957
-2.97946
-2.97928
-2.97925
-2.97913
-2.97909
-2.97884
-2.97853
-2.97831
-2.97827
-2.97819
-2.97761
-2.97733
-2.97717
-2.97666
-2.97664
-2.97609
-2.9758
-2.97559
-2.97556
-2.97546
-2.97457
-2.97448
-2.97288
-2.97273
-2.97252
-2.97213
-2.97167
-2.97155
-2.97112
-2.97098
-2.97073
-2.97059
-2.97017
-2.97006
-2.9699
-2.96853
-2.96816
-2.96791
-2.96756
-2.96749
-2.96672
-2.96595
-2.96593
-2.96564
-2.96547
-2.96543
-2.96509
-2.96504
-2.96488
-2.96462
-2.96438
-2.96384
-2.96343
-2.9631
-2.96256
-2.96253
-2.96237
-2.96199
-2.96178
-2.96167
-2.96103
-2.96102
-2.96047
-2.9601
-2.95973
-2.9584
-2.95838
-2.95805
-2.95784
-2.95726
-2.95722
-2.95715
-2.9567
-2.95651
-2.95626
-2.95613
-2.95607
-2.9556
-2.95539
-2.95538
-2.95497
-2.95481
-2.95418
-2.95336
-2.95335
-2.95328
-2.95324
-2.95313
-2.95289
-2.95283
-2.95274
-2.95257
-2.9524
-2.95239
-2.95233
-2.95211
-2.95206
-2.95191
-2.95139
-2.95021
-2.95003
-2.94962
-2.94948
-2.94866
-2.94791
-2.94781
-2.94675
-2.94647
-2.94645
-2.94641
-2.94628
-2.94616
-2.94594
-2.94573
-2.94555
-2.94532
-2.94463
-2.94433
-2.94393
-2.94377
-2.94376
-2.94332
-2.94317
-2.94268
-2.94227
-2.94161
-2.94159
-2.94146
-2.94111
-2.94082
-2.94059
-2.94054
-2.94045
-2.9404
-2.94035
-2.93971
-2.93912
-2.9389
-2.93852
-2.93819
-2.93814
-2.93796
-2.93795
-2.93782
-2.93611
-2.93602
-2.93593
-2.93374
-2.93354
-2.93349
-2.93322
-2.93246
-2.93225
-2.93195
-2.93159
-2.93156
-2.9315
-2.93145
-2.93101
-2.93097
-2.93051
-2.93036
-2.92985
-2.92972
-2.92953
-2.9285
-2.92832
-2.9282
-2.92812
-2.92778
-2.92755
-2.92749
-2.92746
-2.92738
-2.92721
-2.9272
-2.92693
-2.92627
-2.9262
-2.92595
-2.92535
-2.92479
-2.92476
-2.92465
-2.92399
-2.92396
-2.9235
-2.92321
-2.92313
-2.92311
-2.92273
-2.92211
-2.92196
-2.92142
-2.92111
-2.92103
-2.92041
-2.91971
-2.91922
-2.91761
-2.91758
-2.91727
-2.91698
-2.91681
-2.91672
-2.91669
-2.91628
-2.91577
-2.91529
-2.91415
-2.91385
-2.91373
-2.91373
-2.91367
-2.91264
-2.91239
-2.91215
-2.91072
-2.91061
-2.91056
-2.91028
-2.9098
-2.90901
-2.90836
-2.90827
-2.90665
-2.90599
-2.90598
-2.90573
-2.9057
-2.90525
-2.90511
-2.90455
-2.90438
-2.90368
-2.9036
-2.90352
-2.90335
-2.90279
-2.90271
-2.90254
-2.90223
-2.90215
-2.90161
-2.90131
-2.9012
-2.90098
-2.90095
-2.90083
-2.89973
-2.89879
-2.89866
-2.89863
-2.89853
-2.89781
-2.89775
-2.89694
-2.89659
-2.89604
-2.89565
-2.8954
-2.8952
-2.89513
-2.89496
-2.89486
-2.89461
-2.89458
-2.89393
-2.89379
-2.8937
-2.89354
-2.89348
-2.89346
-2.89345
-2.89335
-2.89213
-2.89181
-2.89141
-2.89129
-2.89088
-2.89016
-2.89006
-2.88883
-2.88877
-2.88849
-2.888
-2.88781
-2.88776
-2.8877
-2.88757
-2.88718
-2.88696
-2.88693
-2.8868
-2.88566
-2.885
-2.88417
-2.88366
-2.88362
-2.88281
-2.88212
-2.8818
-2.88147
-2.88136
-2.88116
-2.88097
-2.88084
-2.88043
-2.88007
-2.87993
-2.87937
-2.87922
-2.87894
-2.87846
-2.87765
-2.87756
-2.87729
-2.87723
-2.87657
-2.87647
-2.87631
-2.87589
-2.87549
-2.87531
-2.8751
-2.87494
-2.87465
-2.87448
-2.87418
-2.87409
-2.87327
-2.87308
-2.87304
-2.87229
-2.87227
-2.87212
-2.87206
-2.87192
-2.8712
-2.87113
-2.87039
-2.86891
-2.86887
-2.86885
-2.86878
-2.86867
-2.86857
-2.86847
-2.8684
-2.86808
-2.8679
-2.86786
-2.86771
-2.86754
-2.86751
-2.86618
-2.86585
-2.86547
-2.86547
-2.86541
-2.86538
-2.86533
-2.86523
-2.86476
-2.86424
-2.86401
-2.86399
-2.86398
-2.86397
-2.86231
-2.86213
-2.8618
-2.86147
-2.8613
-2.86119
-2.86097
-2.85996
-2.85961
-2.85927
-2.85803
-2.85801
-2.8568
-2.85609
-2.85602
-2.85599
-2.85585
-2.85571
-2.85542
-2.85512
-2.85419
-2.85417
-2.85374
-2.85332
-2.85316
-2.85246
-2.85232
-2.8513
-2.85084
-2.85014
-2.8495
-2.84934
-2.84923
-2.84902
-2.84899
-2.84886
-2.84872
-2.84832
-2.84825
-2.8481
-2.84757
-2.84747
-2.84736
-2.8464
-2.84621
-2.84568
-2.84548
-2.84492
-2.84455
-2.84426
-2.84418
-2.84412
-2.844
-2.84349
-2.84341
-2.84228
-2.84177
-2.84155
-2.84064
-2.84059
-2.84046
-2.83985
-2.83953
-2.83928
-2.8392
-2.83882
-2.83786
-2.83685
-2.83654
-2.83621
-2.83613
-2.83579
-2.83555
-2.83539
-2.8353
-2.83523
-2.83504
-2.83498
-2.83411
-2.83369
-2.83369
-2.83365
-2.83265
-2.8322
-2.83196
-2.83159
-2.83091
-2.83051
-2.82998
-2.82989
-2.82963
-2.82961
-2.82954
-2.82939
-2.82914
-2.82889
-2.82839
-2.82695
-2.82659
-2.82655
-2.82649
-2.82591
-2.82541
-2.82533
-2.82527
-2.82446
-2.82431
-2.82427
-2.82354
-2.82276
-2.82261
-2.82232
-2.82228
-2.82183
-2.82156
-2.8213
-2.82068
-2.8199
-2.8199
-2.81987
-2.81934
-2.81878
-2.81837
-2.81826
-2.818
-2.81769
-2.81737
-2.81677
-2.81677
-2.81631
-2.81498
-2.81473
-2.81465
-2.81426
-2.81406
-2.81385
-2.81341
-2.81151
-2.81089
-2.81028
-2.80966
-2.80882
-2.8085
-2.80835
-2.80803
-2.808
-2.80799
-2.8077
-2.80764
-2.8064
-2.80624
-2.80621
-2.8061
-2.80599
-2.80512
-2.80447
-2.80429
-2.80406
-2.80401
-2.80393
-2.80289
-2.80276
-2.80275
-2.80159
-2.80147
-2.80144
-2.80127
-2.80096
-2.79999
-2.79938
-2.79933
-2.79892
-2.79862
-2.79766
-2.79763
-2.79702
-2.79661
-2.79637
-2.79633
-2.79608
-2.79589
-2.79574
-2.79555
-2.79523
-2.7951
-2.79452
-2.79325
-2.79322
-2.79226
-2.7917
-2.79139
-2.79122
-2.79101
-2.79025
-2.78964
-2.7895
-2.78945
-2.78911
-2.78906
-2.78801
-2.78745
-2.78734
-2.78732
-2.78728
-2.7871
-2.78708
-2.78696
-2.78688
-2.78675
-2.78649
-2.7863
-2.78567
-2.78561
-2.78509
-2.78453
-2.7839
-2.78372
-2.7829
-2.78273
-2.78262
-2.78259
-2.7825
-2.78247
-2.78216
-2.7816
-2.77952
-2.77946
-2.77886
-2.77847
-2.77761
-2.77734
-2.77686
-2.77631
-2.77628
-2.77596
-2.77586
-2.7758
-2.77568
-2.7751
-2.77463
-2.77438
-2.77406
-2.77399
-2.77349
-2.77335
-2.7731
-2.77305
-2.77258
-2.77221
-2.77181
-2.77147
-2.77144
-2.77106
-2.77103
-2.77083
-2.76998
-2.76967
-2.76904
-2.76886
-2.76792
-2.76775
-2.76767
-2.7672
-2.76694
-2.76621
-2.76529
-2.76512
-2.76412
-2.7639
-2.76302
-2.76154
-2.76142
-2.76132
-2.76128
-2.76127
-2.76118
-2.76115
-2.76062
-2.75966
-2.75849
-2.75836
-2.75816
-2.75757
-2.75685
-2.75681
-2.75677
-2.75633
-2.7563
-2.75582
-2.75566
-2.75533
-2.75468
-2.75392
-2.75392
-2.75352
-2.75343
-2.75339
-2.75302
-2.75281
-2.75263
-2.7525
-2.75235
-2.75177
-2.75154
-2.75085
-2.75043
-2.75034
-2.75003
-2.74991
-2.74916
-2.74875
-2.74841
-2.74805
-2.74707
-2.74704
-2.74696
-2.74628
-2.74627
-2.74617
-2.74614
-2.74614
-2.74611
-2.74575
-2.74533
-2.74477
-2.74476
-2.7438
-2.74337
-2.74331
-2.74318
-2.74277
-2.74259
-2.74258
-2.74219
-2.74219
-2.74217
-2.74213
-2.74183
-2.74156
-2.74152
-2.74126
-2.74077
-2.73969
-2.73952
-2.73908
-2.73896
-2.73839
-2.73834
-2.73817
-2.73813
-2.73796
-2.73769
-2.73698
-2.73662
-2.73637
-2.73612
-2.73592
-2.73564
-2.73555
-2.73527
-2.73514
-2.735
-2.73496
-2.73496
-2.7349
-2.73453
-2.73436
-2.73387
-2.73242
-2.73213
-2.73199
-2.73182
-2.73166
-2.73134
-2.73113
-2.73093
-2.73084
-2.7306
-2.73046
-2.73021
-2.72983
-2.72966
-2.72965
-2.72965
-2.72926
-2.72891
-2.72879
-2.72868
-2.72851
-2.72788
-2.7278
-2.72776
-2.72761
-2.72718
-2.72715
-2.72715
-2.72708
-2.72626
-2.72581
-2.72577
-2.72476
-2.72461
-2.7243
-2.72415
-2.72355
-2.72346
-2.72303
-2.72205
-2.72189
-2.72172
-2.72158
-2.72067
-2.72042
-2.72013
-2.72001
-2.71996
-2.71979
-2.71943
-2.71856
-2.7182
-2.71769
-2.71761
-2.71759
-2.71654
-2.71629
-2.71604
-2.71586
-2.71527
-2.71506
-2.71496
-2.71469
-2.71448
-2.71432
-2.71366
-2.71353
-2.71327
-2.71324
-2.7131
-2.71281
-2.71247
-2.71222
-2.71216
-2.71209
-2.71128
-2.71099
-2.71073
-2.71014
-2.70991
-2.70972
-2.70931
-2.70907
-2.70855
-2.70827
-2.70812
-2.7078
-2.70767
-2.70756
-2.70743
-2.70742
-2.70703
-2.70668
-2.70515
-2.70513
-2.70499
-2.70428
-2.70417
-2.70375
-2.70366
-2.70341
-2.70301
-2.703
-2.70237
-2.70222
-2.70122
-2.70121
-2.70112
-2.70051
-2.70009
-2.6998
-2.69954
-2.69935
-2.69922
-2.6989
-2.69874
-2.6986
-2.6982
-2.69809
-2.69795
-2.69778
-2.69773
-2.69745
-2.69744
-2.69743
-2.69741
-2.69721
-2.6971
-2.69681
-2.69609
-2.69602
-2.69598
-2.6958
-2.69566
-2.69557
-2.69307
-2.69281
-2.6926
-2.69182
-2.69176
-2.6914
-2.69117
-2.69109
-2.69068
-2.69051
-2.69011
-2.69006
-2.68953
-2.68938
-2.68895
-2.68894
-2.68863
-2.68808
-2.68746
-2.68734
-2.68649
-2.68607
-2.68606
-2.68551
-2.68549
-2.68508
-2.68505
-2.68445
-2.68431
-2.68406
-2.68367
-2.6826
-2.68184
-2.68154
-2.68101
-2.68101
-2.68081
-2.6802
-2.68008
-2.67999
-2.67955
-2.6795
-2.67922
-2.67907
-2.67848
-2.67815
-2.6777
-2.67737
-2.67733
-2.67699
-2.67696
-2.6762
-2.67558
-2.67549
-2.67477
-2.67386
-2.67349
-2.67347
-2.67343
-2.67316
-2.67282
-2.67265
-2.67251
-2.67248
-2.67244
-2.67227
-2.67223
-2.6722
-2.67213
-2.67174
-2.67132
-2.67129
-2.67112
-2.67086
-2.67044
-2.67013
-2.66992
-2.66949
-2.66902
-2.66887
-2.66856
-2.66681
-2.66615
-2.66604
-2.66573
-2.66563
-2.66555
-2.66547
-2.66535
-2.66497
-2.6648
-2.66472
-2.66471
-2.66456
-2.66453
-2.66418
-2.66404
-2.6637
-2.66334
-2.66283
-2.66242
-2.66231
-2.66229
-2.6619
-2.66167
-2.6614
-2.66136
-2.6611
-2.66089
-2.66086
-2.66076
-2.66033
-2.66031
-2.66016
-2.65999
-2.65913
-2.65903
-2.659
-2.65862
-2.65822
-2.65812
-2.65715
-2.65701
-2.65631
-2.6562
-2.6558
-2.65571
-2.65571
-2.65569
-2.65551
-2.65542
-2.6553
-2.6549
-2.65475
-2.65448
-2.65411
-2.65383
-2.65373
-2.65373
-2.65362
-2.65353
-2.65289
-2.65275
-2.6527
-2.65266
-2.65207
-2.65206
-2.65203
-2.65191
-2.65145
-2.65108
-2.65075
-2.65011
-2.64962
-2.64913
-2.64793
-2.64791
-2.64766
-2.647
-2.64681
-2.64676
-2.64673
-2.64657
-2.64644
-2.64563
-2.64563
-2.6453
-2.6452
-2.64507
-2.64473
-2.64371
-2.64314
-2.64266
-2.64235
-2.64223
-2.64164
-2.64128
-2.64073
-2.6401
-2.64006
-2.64005
-2.63963
-2.6396
-2.63943
-2.63938
-2.63938
-2.63933
-2.6392
-2.63907
-2.63891
-2.63863
-2.6385
-2.6383
-2.638
-2.63776
-2.63765
-2.63765
-2.63698
-2.63698
-2.63691
-2.6366
-2.63572
-2.63548
-2.63513
-2.63496
-2.63484
-2.63434
-2.63432
-2.63368
-2.63299
-2.63272
-2.63271
-2.63266
-2.63241
-2.63231
-2.63211
-2.63185
-2.63169
-2.63167
-2.63029
-2.63018
-2.63004
-2.62949
-2.62938
-2.62927
-2.62926
-2.6292
-2.62911
-2.62904
-2.62853
-2.62838
-2.6275
-2.62742
-2.62735
-2.62722
-2.62648
-2.6264
-2.62591
-2.62586
-2.62566
-2.62553
-2.62544
-2.62531
-2.62475
-2.62461
-2.62386
-2.62319
-2.62313
-2.62203
-2.62165
-2.62153
-2.6215
-2.62144
-2.62101
-2.62097
-2.6207
-2.62061
-2.62053
-2.62002
-2.61984
-2.61981
-2.61951
-2.61928
-2.61909
-2.61892
-2.61885
-2.6188
-2.6187
-2.61779
-2.61736
-2.61722
-2.61683
-2.61683
-2.61635
-2.61562
-2.61555
-2.61545
-2.61521
-2.61515
-2.6148
-2.61443
-2.61417
-2.61409
-2.61371
-2.61371
-2.61352
-2.61349
-2.61326
-2.61312
-2.6131
-2.61241
-2.6123
-2.61136
-2.61125
-2.611
-2.60999
-2.6099
-2.60952
-2.60951
-2.60915
-2.60908
-2.6085
-2.60837
-2.60761
-2.60754
-2.60753
-2.60741
-2.60713
-2.60659
-2.60659
-2.60635
-2.60596
-2.60575
-2.60565
-2.6054
-2.60532
-2.60499
-2.60485
-2.60443
-2.60435
-2.60372
-2.60348
-2.60335
-2.6031
-2.60299
-2.60238
-2.60225
-2.60221
-2.60205
-2.602
-2.60158
-2.60152
-2.60054
-2.60008
-2.59989
-2.59973
-2.59957
-2.59924
-2.59872
-2.59826
-2.59778
-2.59775
-2.59745
-2.59734
-2.59723
-2.59698
-2.59692
-2.59689
-2.59666
-2.59666
-2.5963
-2.59624
-2.59513
-2.595
-2.59486
-2.59423
-2.59415
-2.5941
-2.59408
-2.59394
-2.59386
-2.59383
-2.59371
-2.59338
-2.59333
-2.59319
-2.59309
-2.5924
-2.59235
-2.59234
-2.59218
-2.59189
-2.59183
-2.59156
-2.59154
-2.59132
-2.59086
-2.59081
-2.5908
-2.59063
-2.59036
-2.59019
-2.59003
-2.58927
-2.58904
-2.58881
-2.5888
-2.58874
-2.5881
-2.58735
-2.58705
-2.58703
-2.58684
-2.58674
-2.58642
-2.58625
-2.5856
-2.58559
-2.58552
-2.58517
-2.58501
-2.58488
-2.58486
-2.58482
-2.58452
-2.58427
-2.58386
-2.58351
-2.58289
-2.58253
-2.58187
-2.58106
-2.58003
-2.57997
-2.57984
-2.57955
-2.57944
-2.57923
-2.57881
-2.57845
-2.57806
-2.57795
-2.57787
-2.57741
-2.57738
-2.5773
-2.57696
-2.57651
-2.57648
-2.57647
-2.57637
-2.57581
-2.57572
-2.57561
-2.57524
-2.57501
-2.5747
-2.57462
-2.57447
-2.5744
-2.57395
-2.57379
-2.57333
-2.57322
-2.57315
-2.57294
-2.57294
-2.57244
-2.57239
-2.57231
-2.57218
-2.57196
-2.57194
-2.57173
-2.57145
-2.57133
-2.57127
-2.57109
-2.57106
-2.57054
-2.57019
-2.5697
-2.56874
-2.5682
-2.56818
-2.56781
-2.56721
-2.56704
-2.56666
-2.56662
-2.56646
-2.56642
-2.56635
-2.56615
-2.56594
-2.56546
-2.56518
-2.56511
-2.56501
-2.56499
-2.56426
-2.56395
-2.56344
-2.56301
-2.56272
-2.56251
-2.56226
-2.56183
-2.56176
-2.56042
-2.55994
-2.55991
-2.55981
-2.55937
-2.55929
-2.55861
-2.55861
-2.55834
-2.55814
-2.55759
-2.5574
-2.55726
-2.55709
-2.55707
-2.55704
-2.55701
-2.55641
-2.55633
-2.5558
-2.55559
-2.55558
-2.55549
-2.55438
-2.55437
-2.55419
-2.55415
-2.5536
-2.55321
-2.55158
-2.55108
-2.55067
-2.55058
-2.55055
-2.55053
-2.55043
-2.5501
-2.54941
-2.54878
-2.54838
-2.54827
-2.54821
-2.54818
-2.54801
-2.54788
-2.54731
-2.54664
-2.54614
-2.54557
-2.54556
-2.54529
-2.54496
-2.54485
-2.54467
-2.54441
-2.54433
-2.5443
-2.54402
-2.54402
-2.54397
-2.54397
-2.54375
-2.54364
-2.54343
-2.5415
-2.5411
-2.54084
-2.54071
-2.54041
-2.54036
-2.53985
-2.53968
-2.53968
-2.53962
-2.53956
-2.53941
-2.53924
-2.53901
-2.53873
-2.53858
-2.53812
-2.53749
-2.53717
-2.53622
-2.53612
-2.53584
-2.53581
-2.53567
-2.53535
-2.53458
-2.53442
-2.53431
-2.53419
-2.53384
-2.53361
-2.53344
-2.53332
-2.53317
-2.53312
-2.53288
-2.53246
-2.532
-2.53187
-2.53146
-2.53049
-2.52983
-2.52983
-2.52955
-2.52918
-2.52899
-2.52802
-2.52787
-2.52772
-2.52746
-2.52692
-2.52688
-2.52655
-2.52628
-2.52619
-2.52524
-2.525
-2.52481
-2.52423
-2.52418
-2.5231
-2.52307
-2.52286
-2.52283
-2.52223
-2.52219
-2.52214
-2.52181
-2.52171
-2.52165
-2.52102
-2.52076
-2.52041
-2.5199
-2.51951
-2.51914
-2.51887
-2.51867
-2.51863
-2.5184
-2.51777
-2.51763
-2.51754
-2.51722
-2.51715
-2.51633
-2.51618
-2.51581
-2.51521
-2.51518
-2.51513
-2.51478
-2.51429
-2.51415
-2.51393
-2.51375
-2.51358
-2.51349
-2.51339
-2.51337
-2.51335
-2.51292
-2.51253
-2.51222
-2.51164
-2.51068
-2.51061
-2.51
-2.50985
-2.50942
-2.50897
-2.50806
-2.50777
-2.50582
-2.50541
-2.50534
-2.50497
-2.50497
-2.50493
-2.50449
-2.50441
-2.50434
-2.50405
-2.50302
-2.50296
-2.50287
-2.50277
-2.50267
-2.50226
-2.50209
-2.50203
-2.5019
-2.50178
-2.50125
-2.50117
-2.50113
-2.50113
-2.50068
-2.50017
-2.49992
-2.49872
-2.49851
-2.4985
-2.49826
-2.49809
-2.49773
-2.49763
-2.49757
-2.49744
-2.49693
-2.49595
-2.4958
-2.49492
-2.49489
-2.49406
-2.49375
-2.49362
-2.49272
-2.49245
-2.49198
-2.49183
-2.49177
-2.49172
-2.4917
-2.49156
-2.49146
-2.49145
-2.49143
-2.49142
-2.49137
-2.49103
-2.4905
-2.4903
-2.48963
-2.48957
-2.48912
-2.48833
-2.48824
-2.48792
-2.48787
-2.48758
-2.48744
-2.48733
-2.48714
-2.48711
-2.48631
-2.48602
-2.486
-2.48587
-2.4858
-2.48579
-2.48559
-2.48525
-2.48498
-2.48489
-2.48471
-2.48444
-2.48416
-2.48415
-2.48387
-2.48366
-2.48351
-2.48289
-2.48264
-2.48243
-2.48222
-2.48215
-2.48191
-2.48187
-2.48183
-2.4817
-2.4817
-2.48126
-2.48106
-2.48044
-2.48043
-2.4803
-2.47998
-2.47992
-2.47973
-2.47906
-2.47887
-2.47781
-2.47728
-2.47598
-2.47597
-2.47581
-2.47579
-2.4754
-2.47536
-2.47494
-2.47484
-2.47479
-2.47455
-2.47437
-2.47427
-2.47377
-2.47336
-2.47304
-2.47243
-2.47201
-2.47194
-2.47181
-2.4706
-2.4703
-2.46961
-2.46961
-2.4692
-2.46902
-2.46866
-2.46858
-2.46811
-2.46779
-2.46778
-2.46765
-2.46753
-2.46716
-2.46704
-2.46687
-2.46679
-2.46669
-2.46619
-2.46604
-2.46584
-2.46566
-2.46556
-2.46532
-2.46528
-2.46509
-2.46501
-2.46446
-2.46425
-2.46406
-2.4637
-2.46359
-2.463
-2.46299
-2.46227
-2.46225
-2.46225
-2.4619
-2.46168
-2.46141
-2.46077
-2.46073
-2.45981
-2.4595
-2.45931
-2.45899
-2.45895
-2.45863
-2.45802
-2.45782
-2.45751
-2.45744
-2.45682
-2.45663
-2.45649
-2.45648
-2.45626
-2.45624
-2.45622
-2.45617
-2.456
-2.45599
-2.45522
-2.45514
-2.45513
-2.45449
-2.45441
-2.45419
-2.45418
-2.45388
-2.45376
-2.45353
-2.45348
-2.45325
-2.4532
-2.45312
-2.45287
-2.45225
-2.45104
-2.45075
-2.45058
-2.44982
-2.44979
-2.44975
-2.44964
-2.44954
-2.44924
-2.44894
-2.44882
-2.44841
-2.44778
-2.44738
-2.44722
-2.44674
-2.44672
-2.44625
-2.44625
-2.4462
-2.44606
-2.44593
-2.44584
-2.44568
-2.44518
-2.44505
-2.44461
-2.44455
-2.44446
-2.44416
-2.44402
-2.44311
-2.44273
-2.44166
-2.44159
-2.44131
-2.44091
-2.44091
-2.44088
-2.44061
-2.43997
-2.43992
-2.43979
-2.43977
-2.43964
-2.43942
-2.43929
-2.43923
-2.43899
-2.43876
-2.43789
-2.43779
-2.43768
-2.43738
-2.43734
-2.43721
-2.43709
-2.43544
-2.43518
-2.43489
-2.43454
-2.43417
-2.43405
-2.43403
-2.43353
-2.43276
-2.43262
-2.43244
-2.43209
-2.43205
-2.43175
-2.43138
-2.43112
-2.43111
-2.43079
-2.43033
-2.42939
-2.42904
-2.42852
-2.42848
-2.42831
-2.42809
-2.42774
-2.42726
-2.42721
-2.42721
-2.42719
-2.42708
-2.42687
-2.42657
-2.42653
-2.4256
-2.42554
-2.42527
-2.42525
-2.42438
-2.4243
-2.4243
-2.42391
-2.42388
-2.42306
-2.42289
-2.42267
-2.42261
-2.42215
-2.42201
-2.42166
-2.42156
-2.42035
-2.42028
-2.41997
-2.41988
-2.41877
-2.41854
-2.41848
-2.41828
-2.41811
-2.41779
-2.41778
-2.41765
-2.41736
-2.41641
-2.41627
-2.41605
-2.41587
-2.41582
-2.4155
-2.4153
-2.41519
-2.41494
-2.41478
-2.41473
-2.41451
-2.41423
-2.41421
-2.41414
-2.41402
-2.4139
-2.41371
-2.41369
-2.41337
-2.41253
-2.41242
-2.41219
-2.41212
-2.41185
-2.41067
-2.41055
-2.41045
-2.41019
-2.40917
-2.40894
-2.40891
-2.40877
-2.40841
-2.40824
-2.40795
-2.40746
-2.4072
-2.40691
-2.40682
-2.4064
-2.40626
-2.40621
-2.40533
-2.40521
-2.40517
-2.40502
-2.40459
-2.40444
-2.40425
-2.40417
-2.40339
-2.40319
-2.40309
-2.40308
-2.40273
-2.40254
-2.40246
-2.40207
-2.40194
-2.40193
-2.40145
-2.40118
-2.40095
-2.40069
-2.40047
-2.40038
-2.39814
-2.3981
-2.398
-2.39776
-2.39774
-2.3977
-2.39748
-2.3973
-2.39704
-2.397
-2.39699
-2.39696
-2.39689
-2.39591
-2.39584
-2.39559
-2.39552
-2.39528
-2.39368
-2.39319
-2.39271
-2.39236
-2.39214
-2.39164
-2.39146
-2.39111
-2.39098
-2.39092
-2.3908
-2.39073
-2.39032
-2.39022
-2.38995
-2.38956
-2.38924
-2.38913
-2.38868
-2.38865
-2.3883
-2.38827
-2.388
-2.38791
-2.3873
-2.38704
-2.38701
-2.387
-2.38691
-2.38643
-2.38551
-2.3854
-2.38516
-2.38512
-2.38489
-2.38461
-2.38448
-2.38442
-2.38343
-2.38309
-2.38305
-2.38304
-2.38276
-2.38274
-2.38228
-2.38172
-2.38147
-2.38143
-2.38137
-2.38009
-2.38007
-2.37997
-2.37986
-2.37934
-2.37929
-2.37926
-2.37908
-2.37893
-2.37805
-2.378
-2.37731
-2.3771
-2.37699
-2.37659
-2.37606
-2.37566
-2.37556
-2.37537
-2.3751
-2.37504
-2.3747
-2.37444
-2.37439
-2.37437
-2.37412
-2.3737
-2.37369
-2.37367
-2.37366
-2.37352
-2.37338
-2.3729
-2.37266
-2.37201
-2.372
-2.37165
-2.37125
-2.37027
-2.37025
-2.3701
-2.37009
-2.37008
-2.36987
-2.36984
-2.36968
-2.36906
-2.36878
-2.36818
-2.3675
-2.36701
-2.36633
-2.36597
-2.36592
-2.36588
-2.36514
-2.36469
-2.36444
-2.36438
-2.36434
-2.36395
-2.36388
-2.36383
-2.36352
-2.36343
-2.3632
-2.36312
-2.36298
-2.36209
-2.36207
-2.36138
-2.36133
-2.3609
-2.36075
-2.3605
-2.36044
-2.36013
-2.3595
-2.35911
-2.35896
-2.35866
-2.3586
-2.3586
-2.3585
-2.35832
-2.35816
-2.35807
-2.35781
-2.35765
-2.35755
-2.35688
-2.35678
-2.35675
-2.35674
-2.35598
-2.35591
-2.35578
-2.35536
-2.35525
-2.35459
-2.35454
-2.35391
-2.35384
-2.35368
-2.35354
-2.35345
-2.35338
-2.35289
-2.35249
-2.3523
-2.3523
-2.35212
-2.35185
-2.35185
-2.35153
-2.35117
-2.35108
-2.35079
-2.35008
-2.34988
-2.34981
-2.34954
-2.34905
-2.34868
-2.34789
-2.34771
-2.34755
-2.34742
-2.3473
-2.3471
-2.34565
-2.34549
-2.34527
-2.34509
-2.34506
-2.34486
-2.34476
-2.34438
-2.34415
-2.34414
-2.34322
-2.34293
-2.34231
-2.34198
-2.34179
-2.34172
-2.34126
-2.34107
-2.34083
-2.3408
-2.34072
-2.34072
-2.33984
-2.33977
-2.33961
-2.33951
-2.33929
-2.33929
-2.33898
-2.33729
-2.33725
-2.33721
-2.33715
-2.33697
-2.33644
-2.33626
-2.33619
-2.33592
-2.33551
-2.33455
-2.33442
-2.33406
-2.33379
-2.33317
-2.33309
-2.33292
-2.33223
-2.33222
-2.3321
-2.332
-2.33169
-2.33145
-2.33135
-2.33121
-2.3305
-2.33047
-2.33028
-2.33014
-2.32981
-2.32924
-2.32902
-2.32861
-2.32838
-2.32836
-2.32826
-2.32795
-2.3276
-2.3273
-2.32725
-2.32702
-2.32641
-2.32592
-2.32567
-2.32559
-2.32543
-2.3254
-2.32532
-2.32486
-2.32423
-2.32412
-2.32359
-2.32318
-2.32307
-2.32268
-2.32263
-2.32259
-2.32229
-2.3221
-2.32186
-2.32163
-2.32033
-2.32024
-2.32014
-2.31979
-2.31961
-2.3195
-2.31948
-2.31944
-2.3192
-2.3189
-2.31866
-2.31746
-2.31721
-2.31688
-2.31672
-2.31666
-2.31633
-2.31632
-2.31617
-2.31542
-2.31519
-2.31483
-2.3146
-2.31248
-2.31207
-2.31193
-2.31154
-2.31146
-2.31125
-2.31112
-2.31102
-2.31076
-2.31069
-2.31029
-2.31012
-2.30987
-2.30934
-2.30929
-2.30867
-2.30807
-2.30771
-2.30763
-2.3073
-2.30682
-2.30649
-2.30639
-2.30637
-2.30545
-2.30545
-2.30538
-2.30537
-2.30522
-2.30501
-2.30498
-2.30468
-2.3039
-2.30384
-2.30383
-2.30358
-2.30342
-2.303
-2.30233
-2.30195
-2.30161
-2.3011
-2.30086
-2.30028
-2.29999
-2.29981
-2.29926
-2.29924
-2.29917
-2.29857
-2.29845
-2.29834
-2.29834
-2.29823
-2.29819
-2.29799
-2.29795
-2.29794
-2.2978
-2.29649
-2.2964
-2.29602
-2.29572
-2.29568
-2.29504
-2.29501
-2.29491
-2.29487
-2.2947
-2.29465
-2.29453
-2.29415
-2.29372
-2.29346
-2.29296
-2.29258
-2.29192
-2.29067
-2.29064
-2.29006
-2.28982
-2.28981
-2.28877
-2.28858
-2.28841
-2.2883
-2.2882
-2.28806
-2.28801
-2.28797
-2.28797
-2.28771
-2.28758
-2.28745
-2.28734
-2.28728
-2.287
-2.28696
-2.28644
-2.28572
-2.2854
-2.28525
-2.28511
-2.28487
-2.28367
-2.28357
-2.28348
-2.28305
-2.28271
-2.28227
-2.28183
-2.28123
-2.28114
-2.28105
-2.28099
-2.28074
-2.2804
-2.28018
-2.27982
-2.27979
-2.27957
-2.27956
-2.27955
-2.27904
-2.27887
-2.27844
-2.27833
-2.27819
-2.27781
-2.27766
-2.27761
-2.27739
-2.27679
-2.27642
-2.27636
-2.27592
-2.27546
-2.27529
-2.27506
-2.27442
-2.27422
-2.274
-2.27399
-2.27389
-2.27376
-2.27367
-2.27344
-2.27327
-2.2728
-2.27254
-2.27234
-2.2718
-2.27173
-2.27108
-2.27101
-2.27089
-2.27086
-2.27061
-2.27061
-2.26966
-2.26951
-2.26951
-2.2693
-2.26916
-2.26916
-2.26905
-2.26884
-2.26836
-2.26835
-2.26812
-2.26776
-2.26771
-2.26763
-2.26746
-2.26734
-2.26698
-2.26693
-2.26676
-2.26673
-2.26608
-2.26599
-2.26587
-2.26586
-2.26571
-2.26562
-2.26524
-2.26512
-2.26483
-2.26451
-2.26413
-2.26381
-2.26342
-2.26308
-2.26255
-2.26209
-2.26199
-2.26142
-2.26141
-2.26138
-2.26117
-2.26075
-2.26047
-2.26015
-2.2599
-2.25934
-2.2588
-2.25872
-2.25831
-2.25812
-2.25777
-2.25766
-2.2576
-2.25617
-2.25603
-2.25583
-2.25579
-2.25555
-2.25555
-2.25545
-2.25503
-2.25492
-2.25471
-2.25456
-2.25454
-2.25447
-2.25441
-2.25437
-2.25407
-2.25398
-2.25348
-2.253
-2.25263
-2.25239
-2.25236
-2.25215
-2.25201
-2.25146
-2.25022
-2.24978
-2.24973
-2.24953
-2.24929
-2.24879
-2.24865
-2.24847
-2.24823
-2.24783
-2.24776
-2.24761
-2.24747
-2.24742
-2.24707
-2.24681
-2.24649
-2.24621
-2.24592
-2.24586
-2.24526
-2.24497
-2.24473
-2.24459
-2.24421
-2.24413
-2.24402
-2.24389
-2.24358
-2.24317
-2.24284
-2.24283
-2.24271
-2.24247
-2.24227
-2.24154
-2.24141
-2.24137
-2.24095
-2.24064
-2.24053
-2.24045
-2.24039
-2.24031
-2.24029
-2.24025
-2.24024
-2.24023
-2.24017
-2.23969
-2.23954
-2.23947
-2.23937
-2.23912
-2.2385
-2.23826
-2.23781
-2.23781
-2.23766
-2.23721
-2.23698
-2.23673
-2.23607
-2.23597
-2.23574
-2.23564
-2.23504
-2.2348
-2.23445
-2.23436
-2.23425
-2.23423
-2.23354
-2.23342
-2.2329
-2.23289
-2.23284
-2.23282
-2.23281
-2.2327
-2.2324
-2.23194
-2.23149
-2.23103
-2.23054
-2.23052
-2.23042
-2.23007
-2.22989
-2.22914
-2.22877
-2.22862
-2.22852
-2.22781
-2.2275
-2.2275
-2.2275
-2.22616
-2.22608
-2.22587
-2.22579
-2.22557
-2.22554
-2.22517
-2.22451
-2.22427
-2.22312
-2.22295
-2.2229
-2.22289
-2.22216
-2.22193
-2.22173
-2.22167
-2.22128
-2.22114
-2.22105
-2.22104
-2.2208
-2.22025
-2.22023
-2.21973
-2.21958
-2.21948
-2.21882
-2.21881
-2.21843
-2.2179
-2.21756
-2.21704
-2.21703
-2.21698
-2.21683
-2.21662
-2.21658
-2.2165
-2.21634
-2.21622
-2.21621
-2.21559
-2.21545
-2.2154
-2.21504
-2.21422
-2.21397
-2.21321
-2.21314
-2.21314
-2.21307
-2.21302
-2.21297
-2.21274
-2.21121
-2.21062
-2.21017
-2.21015
-2.21003
-2.20955
-2.20955
-2.20947
-2.20943
-2.20926
-2.20885
-2.20875
-2.20874
-2.20772
-2.20754
-2.20737
-2.20706
-2.20689
-2.20652
-2.20635
-2.20629
-2.20612
-2.20564
-2.2054
-2.20529
-2.20518
-2.20477
-2.20439
-2.20432
-2.2043
-2.20386
-2.20317
-2.20317
-2.20291
-2.20268
-2.2023
-2.20185
-2.20166
-2.20105
-2.20105
-2.20051
-2.20014
-2.19985
-2.19949
-2.1994
-2.19919
-2.1991
-2.19889
-2.19846
-2.19833
-2.198
-2.19784
-2.19719
-2.19648
-2.1956
-2.19534
-2.19519
-2.19519
-2.19518
-2.19446
-2.19394
-2.19383
-2.1938
-2.19365
-2.1931
-2.19244
-2.19231
-2.19202
-2.19198
-2.19188
-2.19086
-2.19017
-2.18956
-2.18955
-2.1893
-2.18856
-2.18848
-2.18837
-2.18807
-2.18757
-2.18745
-2.18673
-2.18663
-2.18655
-2.18654
-2.18638
-2.18629
-2.18605
-2.18583
-2.18579
-2.18532
-2.18531
-2.1851
-2.18505
-2.18493
-2.18454
-2.18449
-2.18395
-2.18348
-2.1832
-2.1832
-2.18309
-2.18254
-2.18237
-2.18237
-2.18218
-2.18201
-2.18168
-2.18165
-2.18146
-2.18121
-2.18098
-2.18096
-2.18076
-2.18058
-2.18011
-2.17986
-2.17979
-2.17963
-2.1796
-2.17917
-2.17915
-2.17908
-2.17872
-2.17797
-2.17767
-2.17765
-2.17738
-2.17694
-2.17659
-2.17652
-2.17615
-2.17596
-2.17562
-2.17536
-2.17502
-2.17441
-2.17436
-2.17401
-2.17389
-2.17374
-2.17363
-2.17349
-2.1732
-2.1731
-2.17246
-2.17205
-2.17143
-2.17131
-2.17112
-2.17097
-2.17078
-2.17006
-2.16995
-2.16965
-2.16953
-2.1695
-2.16929
-2.16827
-2.16797
-2.1675
-2.16727
-2.16716
-2.16661
-2.16661
-2.16632
-2.16618
-2.16516
-2.16505
-2.16489
-2.16464
-2.16452
-2.16418
-2.16417
-2.16395
-2.16389
-2.16377
-2.16351
-2.16343
-2.16342
-2.16331
-2.16267
-2.16189
-2.16135
-2.16066
-2.16045
-2.15966
-2.15894
-2.15872
-2.15847
-2.15815
-2.15757
-2.15744
-2.15697
-2.1569
-2.15687
-2.15656
-2.15653
-2.15643
-2.15631
-2.15574
-2.15553
-2.15516
-2.15512
-2.15494
-2.15483
-2.15415
-2.15363
-2.15331
-2.15324
-2.15323
-2.1531
-2.15279
-2.15274
-2.15212
-2.15146
-2.15138
-2.15132
-2.1513
-2.15107
-2.15102
-2.15091
-2.15064
-2.15061
-2.15054
-2.15044
-2.14997
-2.14987
-2.14983
-2.1497
-2.14927
-2.1489
-2.14782
-2.14732
-2.14672
-2.14618
-2.14594
-2.14574
-2.14568
-2.14551
-2.14504
-2.14499
-2.14476
-2.14455
-2.14408
-2.14395
-2.14367
-2.1436
-2.14334
-2.14286
-2.1426
-2.14251
-2.14248
-2.14222
-2.14184
-2.14156
-2.1414
-2.14133
-2.1413
-2.1412
-2.14084
-2.14058
-2.14053
-2.14025
-2.13996
-2.13994
-2.13994
-2.13984
-2.13968
-2.1396
-2.13952
-2.139
-2.13886
-2.13841
-2.13756
-2.13743
-2.137
-2.13678
-2.13643
-2.13643
-2.13614
-2.13546
-2.13534
-2.13514
-2.13502
-2.13427
-2.13427
-2.13413
-2.13404
-2.13403
-2.13355
-2.13353
-2.13315
-2.13294
-2.13286
-2.13251
-2.13215
-2.13174
-2.13171
-2.13128
-2.13095
-2.13078
-2.13034
-2.12942
-2.12937
-2.12922
-2.12888
-2.12834
-2.12823
-2.12816
-2.12816
-2.12788
-2.12777
-2.12727
-2.12679
-2.12674
-2.12674
-2.12658
-2.12655
-2.12602
-2.12574
-2.12521
-2.1248
-2.12456
-2.12437
-2.12403
-2.12403
-2.1238
-2.12351
-2.1227
-2.1224
-2.12179
-2.12177
-2.12099
-2.12019
-2.11983
-2.11931
-2.11928
-2.11916
-2.11888
-2.11867
-2.11768
-2.11767
-2.11764
-2.11725
-2.11669
-2.11668
-2.11666
-2.11616
-2.11584
-2.1158
-2.11565
-2.11556
-2.11543
-2.11543
-2.11417
-2.11414
-2.11366
-2.11346
-2.11254
-2.11247
-2.11214
-2.11198
-2.11181
-2.11152
-2.11118
-2.11086
-2.11079
-2.10871
-2.10862
-2.10843
-2.1082
-2.10805
-2.108
-2.1075
-2.1074
-2.10686
-2.10656
-2.10634
-2.10589
-2.10572
-2.10521
-2.10471
-2.10461
-2.1046
-2.10447
-2.10403
-2.10339
-2.10264
-2.10234
-2.10216
-2.10199
-2.10168
-2.10146
-2.10143
-2.10127
-2.10123
-2.10104
-2.10088
-2.10025
-2.09962
-2.09961
-2.09881
-2.09791
-2.09759
-2.0975
-2.09747
-2.09738
-2.09675
-2.09642
-2.09623
-2.09592
-2.09579
-2.09575
-2.09543
-2.09529
-2.09503
-2.09501
-2.09479
-2.09466
-2.09446
-2.09416
-2.09413
-2.09413
-2.09406
-2.09384
-2.09345
-2.09334
-2.09319
-2.093
-2.09229
-2.09213
-2.09164
-2.09098
-2.09086
-2.09074
-2.09068
-2.09048
-2.09048
-2.09029
-2.09006
-2.08965
-2.08914
-2.08913
-2.08913
-2.08866
-2.08803
-2.08786
-2.08744
-2.08735
-2.08722
-2.08712
-2.08635
-2.08629
-2.08604
-2.08475
-2.08427
-2.08387
-2.08343
-2.08343
-2.08329
-2.08307
-2.08304
-2.08295
-2.08254
-2.08252
-2.08198
-2.08169
-2.08157
-2.08071
-2.08013
-2.08005
-2.07968
-2.07966
-2.07959
-2.07888
-2.07817
-2.07771
-2.07736
-2.07675
-2.07673
-2.07618
-2.07614
-2.07598
-2.07577
-2.07518
-2.07467
-2.07417
-2.07399
-2.07302
-2.07299
-2.07275
-2.07264
-2.07242
-2.07146
-2.07138
-2.07123
-2.07104
-2.07052
-2.07019
-2.07019
-2.07016
-2.06965
-2.06839
-2.06817
-2.06805
-2.06769
-2.06761
-2.06735
-2.06591
-2.06532
-2.06464
-2.0646
-2.06439
-2.06414
-2.06402
-2.06402
-2.06349
-2.06331
-2.06304
-2.06289
-2.06278
-2.06277
-2.06277
-2.06264
-2.06207
-2.06195
-2.06095
-2.0609
-2.06088
-2.0607
-2.0604
-2.06003
-2.05967
-2.05885
-2.05864
-2.05854
-2.05808
-2.05736
-2.05714
-2.05702
-2.05558
-2.05554
-2.05537
-2.05517
-2.05489
-2.05487
-2.05426
-2.0542
-2.05394
-2.05379
-2.05226
-2.05199
-2.05162
-2.05155
-2.05141
-2.05084
-2.05079
-2.05026
-2.04993
-2.0499
-2.04973
-2.04928
-2.04924
-2.04916
-2.04899
-2.04896
-2.04891
-2.04889
-2.04824
-2.04812
-2.04794
-2.04786
-2.04753
-2.047
-2.04692
-2.04686
-2.04646
-2.04629
-2.04579
-2.0448
-2.04477
-2.04354
-2.04347
-2.04327
-2.04308
-2.04301
-2.04299
-2.04255
-2.0424
-2.0423
-2.04228
-2.04227
-2.04216
-2.04214
-2.04161
-2.04108
-2.04078
-2.0407
-2.04038
-2.03997
-2.03974
-2.03962
-2.03851
-2.03814
-2.03712
-2.0365
-2.03575
-2.03572
-2.03491
-2.0344
-2.03403
-2.03334
-2.03268
-2.03268
-2.03253
-2.03228
-2.03189
-2.03125
-2.03105
-2.0301
-2.02998
-2.02983
-2.02983
-2.02966
-2.02941
-2.02917
-2.02875
-2.02824
-2.02821
-2.02808
-2.02753
-2.02654
-2.02627
-2.02621
-2.02605
-2.02597
-2.0259
-2.02464
-2.02425
-2.02417
-2.02411
-2.0239
-2.02331
-2.0227
-2.02213
-2.02201
-2.02163
-2.02047
-2.01994
-2.01938
-2.01922
-2.01916
-2.01899
-2.01899
-2.01894
-2.01818
-2.01806
-2.01771
-2.01739
-2.01729
-2.01692
-2.01661
-2.01654
-2.01596
-2.01564
-2.0154
-2.01538
-2.01538
-2.01465
-2.01462
-2.01422
-2.0141
-2.01398
-2.01374
-2.01278
-2.01275
-2.01203
-2.01196
-2.01146
-2.01139
-2.01112
-2.01063
-2.01049
-2.01037
-2.0102
-2.01
-2.00998
-2.00957
-2.00942
-2.00939
-2.00879
-2.00872
-2.00795
-2.00795
-2.00794
-2.00769
-2.00757
-2.00755
-2.0075
-2.00736
-2.00723
-2.0072
-2.00719
-2.00712
-2.00658
-2.00617
-2.00564
-2.00554
-2.00512
-2.00491
-2.00471
-2.0044
-2.00433
-2.00431
-2.00428
-2.00365
-2.00365
-2.00309
-2.00273
-2.00186
-2.00177
-2.00176
-2.00173
-2.00059
-2.00027
-1.99984
-1.9998
-1.99944
-1.99928
-1.9991
-1.99813
-1.99765
-1.99737
-1.99696
-1.99678
-1.99643
-1.99612
-1.99603
-1.9956
-1.9956
-1.99484
-1.99366
-1.99354
-1.99312
-1.99299
-1.99192
-1.99157
-1.99152
-1.99121
-1.99097
-1.99069
-1.99029
-1.98997
-1.98988
-1.9892
-1.98899
-1.98812
-1.98735
-1.98658
-1.98655
-1.98568
-1.98498
-1.98485
-1.98462
-1.98438
-1.98432
-1.98431
-1.98424
-1.98402
-1.98345
-1.9833
-1.98262
-1.98229
-1.98191
-1.98172
-1.98169
-1.98161
-1.98111
-1.98083
-1.98006
-1.97974
-1.97967
-1.97954
-1.97944
-1.97898
-1.9789
-1.97839
-1.97824
-1.97801
-1.97776
-1.97736
-1.97715
-1.97707
-1.97684
-1.97678
-1.97668
-1.97667
-1.97665
-1.97539
-1.97526
-1.97451
-1.97448
-1.97446
-1.97344
-1.97335
-1.97311
-1.97283
-1.97241
-1.97149
-1.97143
-1.97139
-1.97105
-1.97069
-1.97065
-1.9694
-1.96939
-1.96908
-1.96885
-1.96799
-1.96795
-1.96784
-1.96773
-1.96742
-1.96734
-1.96729
-1.96722
-1.96634
-1.96517
-1.96507
-1.96507
-1.96454
-1.96446
-1.96368
-1.96368
-1.96352
-1.96337
-1.96289
-1.96207
-1.96195
-1.96163
-1.96132
-1.96086
-1.96067
-1.95924
-1.959
-1.95894
-1.9589
-1.95882
-1.95822
-1.95653
-1.95619
-1.956
-1.95578
-1.95465
-1.95429
-1.95415
-1.95414
-1.95405
-1.95377
-1.9536
-1.95347
-1.95346
-1.95327
-1.95313
-1.95262
-1.95185
-1.95176
-1.95075
-1.95035
-1.95012
-1.94993
-1.94987
-1.94881
-1.94865
-1.9485
-1.94825
-1.94815
-1.94721
-1.947
-1.9467
-1.94617
-1.94594
-1.9457
-1.94562
-1.94538
-1.94458
-1.94407
-1.94397
-1.94346
-1.94339
-1.94332
-1.94295
-1.94205
-1.94122
-1.94015
-1.93987
-1.93982
-1.93899
-1.93862
-1.93838
-1.9383
-1.9375
-1.93738
-1.93652
-1.93634
-1.93625
-1.93621
-1.93564
-1.93563
-1.93456
-1.93443
-1.93391
-1.93328
-1.93286
-1.93219
-1.93206
-1.93165
-1.93129
-1.93119
-1.93111
-1.93096
-1.93075
-1.93073
-1.93009
-1.93006
-1.92983
-1.92928
-1.92905
-1.92887
-1.92855
-1.92829
-1.92822
-1.92749
-1.92726
-1.92711
-1.92691
-1.92674
-1.92673
-1.92666
-1.92636
-1.92568
-1.92565
-1.92549
-1.92517
-1.92348
-1.92333
-1.9231
-1.92294
-1.92289
-1.92237
-1.92228
-1.92207
-1.92174
-1.92145
-1.92046
-1.91943
-1.91924
-1.91909
-1.91873
-1.91863
-1.9184
-1.91828
-1.9179
-1.91784
-1.91747
-1.91747
-1.91737
-1.91737
-1.91677
-1.91609
-1.91578
-1.9157
-1.91548
-1.91532
-1.9149
-1.91471
-1.91449
-1.91438
-1.91438
-1.91422
-1.91387
-1.91129
-1.91083
-1.91039
-1.9098
-1.90977
-1.90944
-1.9094
-1.90927
-1.90921
-1.90902
-1.9089
-1.9089
-1.90762
-1.90666
-1.9065
-1.9062
-1.90567
-1.9055
-1.90529
-1.90507
-1.90492
-1.90433
-1.90405
-1.90394
-1.90378
-1.90238
-1.90228
-1.90158
-1.90134
-1.90123
-1.89946
-1.89919
-1.89847
-1.89847
-1.8983
-1.89806
-1.89805
-1.89802
-1.89785
-1.89754
-1.8975
-1.89687
-1.89684
-1.89647
-1.89606
-1.89544
-1.8954
-1.89535
-1.8946
-1.89442
-1.8941
-1.89393
-1.89351
-1.89333
-1.89326
-1.89317
-1.89198
-1.89167
-1.89159
-1.89153
-1.89114
-1.89112
-1.89063
-1.89025
-1.88905
-1.8888
-1.88821
-1.88813
-1.88803
-1.88799
-1.88758
-1.88728
-1.88723
-1.88711
-1.88679
-1.88646
-1.88574
-1.88531
-1.88521
-1.88518
-1.88451
-1.88437
-1.88406
-1.88399
-1.88371
-1.88353
-1.88316
-1.88295
-1.88276
-1.88272
-1.88222
-1.88185
-1.88096
-1.88086
-1.88057
-1.88041
-1.88024
-1.87898
-1.8778
-1.87775
-1.87751
-1.87738
-1.87672
-1.87666
-1.87606
-1.8753
-1.87445
-1.87413
-1.87339
-1.87193
-1.87112
-1.87096
-1.87066
-1.87038
-1.87035
-1.87022
-1.86979
-1.86956
-1.8695
-1.86902
-1.86854
-1.86843
-1.86834
-1.86825
-1.86786
-1.86774
-1.86638
-1.86635
-1.86597
-1.8658
-1.86569
-1.86569
-1.8656
-1.86472
-1.86457
-1.86455
-1.86399
-1.86396
-1.86274
-1.86132
-1.86126
-1.86124
-1.8612
-1.86075
-1.86062
-1.86026
-1.86026
-1.86024
-1.85998
-1.85997
-1.85896
-1.85883
-1.85873
-1.85768
-1.85734
-1.85725
-1.85712
-1.85657
-1.85651
-1.8565
-1.85635
-1.85566
-1.85564
-1.85543
-1.85531
-1.85433
-1.85425
-1.85421
-1.85414
-1.85272
-1.85229
-1.85225
-1.85172
-1.85159
-1.85118
-1.85107
-1.85049
-1.85047
-1.85013
-1.8498
-1.84907
-1.84859
-1.84818
-1.84806
-1.84801
-1.84743
-1.84707
-1.84689
-1.84662
-1.84625
-1.84423
-1.84414
-1.84367
-1.84293
-1.84242
-1.84211
-1.84162
-1.84156
-1.84147
-1.84001
-1.83949
-1.83934
-1.83869
-1.83861
-1.83792
-1.83723
-1.83719
-1.83696
-1.83662
-1.83655
-1.8359
-1.8359
-1.83546
-1.83514
-1.83499
-1.83466
-1.83454
-1.83432
-1.83413
-1.83396
-1.83378
-1.83357
-1.83324
-1.83292
-1.83282
-1.83221
-1.83157
-1.83135
-1.83133
-1.82962
-1.82962
-1.82944
-1.82936
-1.82875
-1.82863
-1.82836
-1.82721
-1.827
-1.82678
-1.82537
-1.82465
-1.8246
-1.82459
-1.82449
-1.82341
-1.82307
-1.82305
-1.82242
-1.82204
-1.82194
-1.82087
-1.82081
-1.82061
-1.82057
-1.82056
-1.82026
-1.82021
-1.81978
-1.8195
-1.8193
-1.81826
-1.81804
-1.81762
-1.81733
-1.81728
-1.81648
-1.81557
-1.81513
-1.81511
-1.81508
-1.81456
-1.81433
-1.81345
-1.81327
-1.81158
-1.81142
-1.81134
-1.81108
-1.81088
-1.81073
-1.81067
-1.81053
-1.80987
-1.80956
-1.80954
-1.80951
-1.80951
-1.80946
-1.80935
-1.8093
-1.80823
-1.80785
-1.80734
-1.80644
-1.80623
-1.80594
-1.80566
-1.80512
-1.8046
-1.80457
-1.80453
-1.80451
-1.80449
-1.80378
-1.8034
-1.80332
-1.80244
-1.80241
-1.80226
-1.80226
-1.80223
-1.80154
-1.80137
-1.80124
-1.80115
-1.80035
-1.80029
-1.79977
-1.79947
-1.79939
-1.79905
-1.79861
-1.7984
-1.7978
-1.7977
-1.79739
-1.79734
-1.79733
-1.79673
-1.79656
-1.79631
-1.79556
-1.79555
-1.79424
-1.79416
-1.79378
-1.79338
-1.79251
-1.79242
-1.79236
-1.7922
-1.79187
-1.79185
-1.7911
-1.79101
-1.79059
-1.79048
-1.79014
-1.78937
-1.78907
-1.78885
-1.78867
-1.78846
-1.7884
-1.78682
-1.78669
-1.78635
-1.78634
-1.78506
-1.78485
-1.7845
-1.78419
-1.78407
-1.78378
-1.78367
-1.78318
-1.78306
-1.78306
-1.78271
-1.78267
-1.78173
-1.78158
-1.78148
-1.78103
-1.78095
-1.78036
-1.78015
-1.7799
-1.77972
-1.77964
-1.77925
-1.7791
-1.7785
-1.77837
-1.77827
-1.77791
-1.77781
-1.77771
-1.77605
-1.77552
-1.77516
-1.77504
-1.77499
-1.77479
-1.77478
-1.77377
-1.77361
-1.77349
-1.77339
-1.77332
-1.77317
-1.77292
-1.7729
-1.77256
-1.77204
-1.77161
-1.77104
-1.76999
-1.76994
-1.76989
-1.76958
-1.76947
-1.76946
-1.76938
-1.76889
-1.76864
-1.76685
-1.76681
-1.76603
-1.76594
-1.76453
-1.76403
-1.76348
-1.76342
-1.76329
-1.76239
-1.76223
-1.76221
-1.76209
-1.76193
-1.76154
-1.76065
-1.76007
-1.75999
-1.7599
-1.75887
-1.75855
-1.7585
-1.7578
-1.75766
-1.75748
-1.75716
-1.75699
-1.75673
-1.75558
-1.75531
-1.75503
-1.75203
-1.75203
-1.75202
-1.75151
-1.75011
-1.74945
-1.74923
-1.7491
-1.74885
-1.74821
-1.74816
-1.74768
-1.74703
-1.74547
-1.7442
-1.74233
-1.74228
-1.74129
-1.74123
-1.73939
-1.73933
-1.73929
-1.7391
-1.73906
-1.73901
-1.73871
-1.73639
-1.73533
-1.73427
-1.73337
-1.73332
-1.73321
-1.73215
-1.73205
-1.73202
-1.73116
-1.73053
-1.73022
-1.72989
-1.72983
-1.72899
-1.72887
-1.72887
-1.72859
-1.72787
-1.72786
-1.7271
-1.72641
-1.72628
-1.72605
-1.72587
-1.72557
-1.72557
-1.72527
-1.72467
-1.72441
-1.72322
-1.72266
-1.72222
-1.7218
-1.72167
-1.72019
-1.71875
-1.71863
-1.71842
-1.7178
-1.7176
-1.71721
-1.71676
-1.71671
-1.71662
-1.71645
-1.71642
-1.71617
-1.71576
-1.71533
-1.71467
-1.71311
-1.71276
-1.71125
-1.71073
-1.7103
-1.7102
-1.70883
-1.70855
-1.7083
-1.70823
-1.70796
-1.7068
-1.7067
-1.70651
-1.70606
-1.70546
-1.70518
-1.70418
-1.70357
-1.70333
-1.70256
-1.7017
-1.70166
-1.70132
-1.70129
-1.70121
-1.70006
-1.69996
-1.69969
-1.6994
-1.69921
-1.69916
-1.6989
-1.69829
-1.69761
-1.69742
-1.69723
-1.69679
-1.69661
-1.69661
-1.69651
-1.6964
-1.69591
-1.69572
-1.69553
-1.69465
-1.69412
-1.69411
-1.69406
-1.69391
-1.69384
-1.69293
-1.69281
-1.69274
-1.69175
-1.69141
-1.6906
-1.6883
-1.68679
-1.68649
-1.6853
-1.68471
-1.68382
-1.68341
-1.6833
-1.68301
-1.68228
-1.68218
-1.68194
-1.68175
-1.68159
-1.68144
-1.68105
-1.67984
-1.67964
-1.6794
-1.67888
-1.67865
-1.6782
-1.67726
-1.67718
-1.67661
-1.67554
-1.67477
-1.6738
-1.6737
-1.67346
-1.67341
-1.67224
-1.67185
-1.67175
-1.67151
-1.6713
-1.67115
-1.67008
-1.66972
-1.66919
-1.66887
-1.66876
-1.66814
-1.66805
-1.66785
-1.66763
-1.6675
-1.66733
-1.66693
-1.66676
-1.66627
-1.66614
-1.66612
-1.6658
-1.66424
-1.66391
-1.66369
-1.6631
-1.6629
-1.66278
-1.66266
-1.66244
-1.66235
-1.66235
-1.66184
-1.66134
-1.66131
-1.66104
-1.66096
-1.66096
-1.6607
-1.65935
-1.65776
-1.65755
-1.65721
-1.65703
-1.65701
-1.65513
-1.65463
-1.65069
-1.65021
-1.64925
-1.64917
-1.64868
-1.64802
-1.6468
-1.64678
-1.64621
-1.64518
-1.64493
-1.64422
-1.64374
-1.64342
-1.64313
-1.64313
-1.64285
-1.64204
-1.64074
-1.63987
-1.63975
-1.63973
-1.63862
-1.63579
-1.63555
-1.6349
-1.6338
-1.63351
-1.63308
-1.63238
-1.63218
-1.6311
-1.63059
-1.62976
-1.62696
-1.62676
-1.62671
-1.62634
-1.62602
-1.62489
-1.62476
-1.62374
-1.62282
-1.62193
-1.62142
-1.62074
-1.62064
-1.6206
-1.62057
-1.61979
-1.61972
-1.61904
-1.6188
-1.6186
-1.61743
-1.61741
-1.61614
-1.6151
-1.61464
-1.61418
-1.61333
-1.61306
-1.61295
-1.61272
-1.61265
-1.61242
-1.61195
-1.61174
-1.61093
-1.61023
-1.61005
-1.60923
-1.60921
-1.60853
-1.60751
-1.60715
-1.60634
-1.60598
-1.60526
-1.60519
-1.60169
-1.60161
-1.60068
-1.60058
-1.60008
-1.6
-1.59833
-1.59821
-1.59803
-1.59799
-1.59696
-1.59589
-1.59531
-1.59407
-1.59403
-1.5922
-1.59204
-1.59175
-1.5917
-1.59138
-1.5909
-1.58964
-1.58939
-1.58915
-1.58802
-1.58632
-1.58407
-1.5825
-1.58244
-1.58171
-1.58165
-1.57981
-1.57852
-1.57777
-1.57752
-1.57638
-1.57569
-1.57546
-1.57476
-1.57396
-1.57308
-1.57246
-1.57212
-1.5707
-1.56974
-1.56941
-1.56835
-1.56791
-1.56717
-1.56706
-1.56429
-1.56378
-1.56366
-1.5633
-1.56279
-1.56223
-1.56141
-1.56123
-1.56089
-1.56054
-1.56006
-1.55953
-1.55685
-1.55585
-1.55548
-1.55518
-1.55352
-1.55328
-1.54926
-1.54828
-1.54774
-1.5468
-1.54595
-1.54595
-1.54426
-1.54261
-1.54255
-1.54226
-1.54222
-1.54051
-1.54038
-1.54018
-1.53994
-1.53926
-1.53909
-1.53896
-1.53895
-1.53791
-1.53776
-1.536
-1.53593
-1.53293
-1.53258
-1.53119
-1.53051
-1.53047
-1.52845
-1.5284
-1.52645
-1.52599
-1.52535
-1.52301
-1.52297
-1.52283
-1.52238
-1.52157
-1.52089
-1.51862
-1.51806
-1.51792
-1.51771
-1.51734
-1.51674
-1.51548
-1.5147
-1.51447
-1.51408
-1.5123
-1.51218
-1.51201
-1.51064
-1.50964
-1.50922
-1.50922
-1.50685
-1.50677
-1.50667
-1.50251
-1.5008
-1.50014
-1.49995
-1.49952
-1.49804
-1.49652
-1.49596
-1.49534
-1.4943
-1.4941
-1.49176
-1.49134
-1.49114
-1.49112
-1.49106
-1.49101
-1.4904
-1.49035
-1.48912
-1.48878
-1.48756
-1.48712
-1.48704
-1.48587
-1.48538
-1.48387
-1.48307
-1.48086
-1.48017
-1.47915
-1.47901
-1.47798
-1.47789
-1.47789
-1.47734
-1.47628
-1.47581
-1.47467
-1.47283
-1.47262
-1.47261
-1.47204
-1.47154
-1.47152
-1.47113
-1.47095
-1.47092
-1.47041
-1.46819
-1.4674
-1.46725
-1.46723
-1.46699
-1.4668
-1.46566
-1.46534
-1.46512
-1.46337
-1.46295
-1.46169
-1.4601
-1.45979
-1.45972
-1.45901
-1.45875
-1.45806
-1.45692
-1.45649
-1.45445
-1.45372
-1.45305
-1.45206
-1.45048
-1.45023
-1.44977
-1.4482
-1.44816
-1.44782
-1.44736
-1.44547
-1.44472
-1.4439
-1.44384
-1.44316
-1.44163
-1.44024
-1.44021
-1.44002
-1.439
-1.438
-1.43799
-1.43711
-1.43674
-1.4349
-1.43402
-1.433
-1.43276
-1.43273
-1.43135
-1.43039
-1.42995
-1.42861
-1.42673
-1.42659
-1.42226
-1.4219
-1.41871
-1.41856
-1.41815
-1.41791
-1.41732
-1.41447
-1.41425
-1.4138
-1.41093
-1.41012
-1.40874
-1.40844
-1.40738
-1.40738
-1.40589
-1.40587
-1.40475
-1.40278
-1.40158
-1.40156
-1.40006
-1.3989
-1.3984
-1.39767
-1.3969
-1.39687
-1.39583
-1.39509
-1.39421
-1.39364
-1.39068
-1.38904
-1.3874
-1.38309
-1.38216
-1.38046
-1.37975
-1.37823
-1.37748
-1.37676
-1.37592
-1.37426
-1.37417
-1.37293
-1.37282
-1.37203
-1.37159
-1.37032
-1.3679
-1.36662
-1.36598
-1.36558
-1.36342
-1.36125
-1.36049
-1.35948
-1.35694
-1.35555
-1.35552
-1.35461
-1.3543
-1.35101
-1.3502
-1.34988
-1.34955
-1.34823
-1.34609
-1.3455
-1.34484
-1.34309
-1.34232
-1.34097
-1.33935
-1.33903
-1.33704
-1.33674
-1.33641
-1.33601
-1.3348
-1.33352
-1.3327
-1.32923
-1.32807
-1.32535
-1.32486
-1.3223
-1.3164
-1.31494
-1.3146
-1.31435
-1.31349
-1.31301
-1.3108
-1.30998
-1.30952
-1.30833
-1.30821
-1.30781
-1.30576
-1.30355
-1.30297
-1.30077
-1.2981
-1.29803
-1.29739
-1.29607
-1.29479
-1.29474
-1.29435
-1.29352
-1.29129
-1.28966
-1.28806
-1.28709
-1.28642
-1.28208
-1.28047
-1.28003
-1.272
-1.27166
-1.27039
-1.26831
-1.26682
-1.26595
-1.2657
-1.26225
-1.26185
-1.25523
-1.2541
-1.25246
-1.25246
-1.24926
-1.24727
-1.23906
-1.23351
-1.23276
-1.22492
-1.22489
-1.22357
-1.21905
-1.2152
-1.21465
-1.21446
-1.21364
-1.21221
-1.21086
-1.21081
-1.2099
-1.19776
-1.19766
-1.19635
-1.18958
-1.18783
-1.18676
-1.18659
-1.18501
-1.18411
-1.18332
-1.18234
-1.17271
-1.16884
-1.15753
-1.15719
-1.15659
-1.15607
-1.15607
-1.14939
-1.14607
-1.13391
-1.12962
-1.12924
-1.12909
-1.12827
-1.12799
-1.1273
-1.11994
-1.11532
-1.11236
-1.11218
-1.10987
-1.10618
-1.10491
-1.09854
-1.09843
-1.09792
-1.09534
-1.0945
-1.09334
-1.0858
-1.07953
-1.07422
-1.07149
-1.06988
-1.05407
-1.04823
-1.04109
-1.04095
-1.03964
-1.03567
-1.03379
-1.02988
-1.02795
-1.02744
-1.02438
-1.02292
-1.0228
-0.999904
-0.995202
-0.992736
-0.988625
-0.985042
-0.984271
-0.976698
-0.965898
-0.965857
-0.957114
-0.954272
-0.954205
-0.950403
-0.948055
-0.945583
-0.942646
-0.932433
-0.930391
-0.920314
-0.918456
-0.912772
-0.911556
-0.90663
-0.9059
-0.904939
-0.902582
-0.895469
-0.894596
-0.886013
-0.884346
-0.863017
-0.861106
-0.853444
-0.850765
-0.849047
-0.846877
-0.843323
-0.837155
-0.820078
-0.816516
-0.815845
-0.809839
-0.779819
-0.777449
-0.772296
-0.765565
-0.765407
-0.763425
-0.740058
-0.731974
-0.726875
-0.722433
-0.721976
-0.720789
-0.707497
-0.702036
-0.698994
-0.68146
-0.654851
-0.617963
-0.606966
-0.605273
-0.521346
-0.504434
-0.462601
-0.452207
-0.417091
-0.306893
