19974
36897
49919
15736
31974
80035
69032
62750
80025
77837
63260
16814
58723
77429
69364
17026
31861
85756
27539
63071
61447
16935
52106
45622
40190
6241
53437
16046
33888
17497
78224
25128
37864
13756
2493
4337
36017
59245
54357
24705
30876
49432
73756
83969
62690
6117
31504
88463
18271
91978
9660
78372
71367
60168
70500
35348
6763
17385
65636
50284
14502
18483
39290
91882
49788
84792
24062
81135
8589
89420
33184
26599
12610
6933
23779
45522
56907
30969
9924
29875
53726
50271
66479
56385
50868
82005
76471
52171
40650
45599
67367
37540
43973
35506
41246
15190
47822
12649
5354
17599
60882
5309
41959
52869
34516
91145
73654
56687
53850
35616
47393
56418
82770
78205
88345
19821
23269
15397
26472
23159
65698
85284
23916
18139
49042
75000
4811
30334
57362
67979
10706
67685
79042
67976
1246
34331
52037
66782
85239
21212
91215
29555
73004
53425
89766
82373
45285
12619
26180
11038
8883
24785
24672
28162
5073
72815
32336
73492
26018
2442
19291
36482
74892
70088
61767
26001
33567
21334
88522
80030
27090
66145
42426
3016
45365
16130
35211
51414
14344
91819
74620
68192
69256
51806
88376
29868
66685
64030
61244
44395
69088
44098
42358
3614
40408
81551
11525
39634
31350
34719
15607
70315
16622
16319
9375
26664
70764
63429
67845
16398
16455
29170
79146
64901
38363
8473
56612
8613
2530
86531
67726
13022
24566
69746
53731
5438
69450
25841
72225
39173
49774
75872
56216
25098
16083
8256
19978
32030
2742
62953
68757
58311
25662
11806
33809
89061
2788
67244
3733
46980
68615
67859
69359
83693
42633
64944
90954
67614
47571
18412
58297
66280
64778
84211
43659
86554
4419
17535
9724
7538
70857
16326
66465
67912
9281
25946
12051
46987
60387
74320
11604
82003
6501
61615
68730
12714
15177
3935
63498
13082
68410
78008
72938
54682
32709
44524
16604
8257
53837
54605
77771
69307
46133
24913
84532
33060
78228
20569
42945
43581
92276
30577
31827
77692
6969
10407
49022
13655
39037
23796
66307
92030
70275
80063
14441
3166
14813
76037
40162
66152
63173
88046
7294
33223
53146
44018
39176
89479
36621
23198
75026
66183
36910
74396
33319
40531
13928
54914
66767
77935
26973
37498
35875
78429
3714
65594
23745
36107
43247
76331
27758
42275
821
67629
11713
36647
11461
16117
72097
36278
71900
49077
11051
71248
71764
43092
83332
39975
42246
67331
60446
46995
58329
9732
55843
30503
4613
45273
75924
42659
52015
90118
58145
27233
21587
40279
33437
78924
44393
42755
68734
42374
49401
90261
71689
11746
72526
68343
59564
33693
57412
49018
74339
23882
34264
26061
90525
85386
62026
87298
920
55671
12978
19891
65755
56760
46968
45508
77477
83575
48552
88624
5034
42223
36475
4727
34949
22356
46108
89056
48297
21129
22452
48670
81281
55651
45351
38200
38776
58854
8020
89235
41554
78544
48246
41490
66282
71167
46186
6956
18786
57437
27753
84974
39155
61095
82532
29851
31418
89259
57318
92734
11567
38914
73456
81354
31251
77687
83244
81590
70561
59963
22986
46714
36891
26002
35982
26193
72601
76109
50647
67472
15578
86094
77532
59655
83583
13868
19261
81146
80181
55836
37316
3737
71252
7881
73314
70786
71991
33412
8093
10463
71768
20291
6881
24847
54324
57591
34870
89238
69737
22770
32993
61865
30729
41967
21815
6313
92394
32516
61982
4162
39158
10424
29915
47699
31550
74545
41217
79331
17760
12373
20412
30578
57850
9163
10279
58657
43873
48357
61317
20956
58825
92425
24573
86968
64098
27701
32832
62717
37533
10406
50898
48154
91055
79656
60767
33767
30076
62707
68357
53585
10021
58607
28565
70628
5641
88300
12959
63836
59755
51985
52502
40616
23797
22685
38091
79347
50902
54375
56510
13126
45171
42797
79493
33982
71490
55776
65894
66924
42561
57307
62935
78593
83783
53310
35978
16323
43279
44853
90012
928
19764
45715
10784
74234
11250
64142
80921
22848
52058
4421
26985
19010
45195
69616
48512
21666
40061
67191
65332
26388
36629
24628
90107
58275
35766
11446
47824
66993
26449
35988
42943
73934
9287
61101
53782
58213
17642
54561
8842
10592
88360
66642
79310
57105
61261
5903
14967
20482
4745
83261
80673
61975
71040
46812
69646
59582
89368
54959
71059
81732
88946
93041
63141
54495
91601
33740
87200
61208
73047
91919
77939
32834
81851
23843
52417
80452
76554
75198
49480
67574
24163
92611
37349
86566
91719
5970
76904
8180
50594
50619
35458
4656
71814
49897
69011
57054
26569
40530
61038
44530
1165
45681
29828
70087
64761
72182
23724
52343
30520
24465
81604
31200
30909
69063
68018
12325
70115
4931
70657
14535
85760
56479
56293
11943
11888
86440
75709
5488
50358
37291
87540
65673
78351
48084
46723
76596
45496
65111
55218
2245
70078
21417
92353
40207
7291
70425
5058
49560
70616
55532
52597
27104
40842
7730
23001
46792
92968
10917
9932
91694
36134
74622
15951
14701
1714
42266
34739
85836
13945
5447
1413
43922
10020
62627
82876
12529
58917
29633
64153
65027
67044
43963
15841
42677
45931
87874
2783
70701
83851
79969
29444
88593
27212
76686
29800
97
53558
20690
71426
27390
22461
88475
92038
42887
9830
74446
28913
23660
86635
24794
57565
50596
70249
91386
89711
1221
26653
5707
44268
4063
83776
71285
38277
3821
90119
15346
75775
12931
35559
13631
44847
49602
68251
92441
22239
35965
84918
24994
23176
7796
88110
68573
12396
72844
71580
82387
31306
36754
82813
54455
195
72189
81615
70791
11529
64122
58349
43363
75424
73323
33271
4684
42400
91855
50247
42867
1463
10741
5047
50566
59885
87472
84929
6660
62972
22251
88661
29950
57400
50353
43689
4593
66120
47623
33075
17810
15842
20454
34249
90699
68980
17457
7841
90432
10291
12330
3313
81191
18994
78509
24460
10218
69389
62045
77293
84380
22520
22261
19555
52369
5222
57501
502
58702
85507
35073
30732
71525
81747
50687
87387
84954
36315
47889
85821
3611
12298
10672
66529
19496
52555
83097
12547
67829
61291
73743
25737
5069
18500
50077
78742
9709
34871
8506
46054
32685
9985
73552
55861
35473
67119
63439
1060
57583
46398
26397
40763
75431
77449
35462
50963
758
61328
92680
92962
77098
45354
46726
42708
74843
59802
20506
68022
16678
55112
13695
34135
52883
49260
1122
49188
50417
81049
72030
27842
29490
67429
72953
46886
37857
505
37325
58691
5866
36667
23767
62926
32590
10590
61702
16314
26473
58779
5270
59096
69308
90976
28488
8311
74422
54326
77668
4103
6071
11668
88235
59176
84824
18629
31570
38423
92872
78906
90796
29266
89476
250
27720
4658
52752
50120
43864
92215
69366
37149
48769
75489
55777
49767
81222
68269
21255
30153
92231
63738
34285
81454
88091
69454
55051
32695
71994
46731
34522
34144
84042
44325
2731
1424
76696
92623
42781
31525
68720
80663
13486
73893
63309
32159
92979
53563
4293
8751
51343
56834
55487
12586
35003
63502
82308
51842
11386
22256
20832
32462
72637
68158
28005
38042
43676
87973
79279
87866
33813
77119
33624
16670
29294
11449
10955
42802
14827
43545
86602
82465
3502
21995
79216
81582
53297
47557
28286
24023
79185
14043
38391
1003
1430
58174
91713
66570
34137
88119
34150
8588
65543
89932
12364
35479
72928
28056
42663
42418
11181
20933
91022
45792
67425
21289
53924
83989
81322
5638
50673
9420
72485
88984
10723
5393
78140
2107
13132
21419
35850
25955
49918
46521
60028
47578
69739
46224
82689
70927
65851
10187
59120
29457
55490
40017
41829
52120
54513
1199
8827
85198
54163
32310
40414
34646
3955
71589
67269
89844
8777
57833
8309
66143
15502
75099
77696
48501
84584
37885
47004
92055
72103
82791
25950
57448
12079
27210
82172
36869
20004
11680
61856
46409
81984
23285
11098
31978
37799
6529
53742
19206
62143
32098
64151
63233
13752
91935
77844
92943
31515
11570
41058
47727
18739
5809
68452
30781
33507
84816
76308
44907
32960
17283
67145
24593
15371
63729
19792
92209
22764
9284
60567
41342
15127
63784
87412
90361
33548
44231
16253
40419
33965
54868
26168
78022
4387
68856
32607
14401
39247
23822
28396
87699
67676
29636
47884
30722
24745
43189
72060
31209
24998
9598
62101
19084
15194
59259
80892
83720
25171
21461
73647
91450
7673
14544
28081
24345
16635
39717
618
85568
34270
40395
34947
86484
61094
76388
38758
7128
63859
32814
12238
72418
78460
91614
4549
34564
13122
25588
23716
92143
37216
83671
70255
24112
54016
44245
84231
65099
54132
34921
67423
78147
54246
42570
43956
25324
45390
23739
3029
76038
61132
15403
80427
13804
51554
9093
79620
55992
32838
76111
56667
4891
90977
50824
7126
949
81748
57528
47849
49654
36729
43593
93033
40509
16534
30960
36358
38791
75027
43658
14607
75169
21368
91903
30438
8768
820
12621
57262
88971
26323
18025
7732
44044
62276
27688
48489
57306
21632
60980
71536
50887
4148
69151
40365
88549
151
4282
30387
69851
62060
39990
35802
65469
57382
20055
66808
29786
36097
56660
46752
53939
70574
50242
14889
41884
71375
61296
65341
22728
47584
14949
28966
92080
31691
7055
52391
13643
34345
92539
29635
1738
55338
278
56976
43804
38436
44952
16558
81513
12539
63414
49290
43488
87919
20255
45776
79258
50725
6411
25653
76837
79417
23505
81572
43277
40838
50416
69940
42363
80010
91863
60222
8289
35928
980
14600
32300
65289
60575
56693
70295
474
20016
3136
34752
30891
63124
8914
3254
69779
78084
72578
90398
7389
73130
31165
71926
77812
40551
20499
58937
51078
10374
85297
29463
48615
74515
45189
92848
11337
67422
78510
11930
33802
23673
57476
12321
61150
45960
81263
32665
37794
60584
25643
42725
13121
49161
59012
22541
69653
71378
33515
4009
28189
69540
24494
70887
35370
18024
33778
19000
37604
47262
33250
61764
17911
33561
82442
44534
48701
21824
84203
33254
14421
21592
25434
50746
13535
62333
16933
6807
10290
10843
28254
26665
69435
53553
28092
60079
67154
67330
28120
75909
31318
64673
1966
61100
72649
31302
4906
72531
29883
55974
65245
73855
82507
38964
54409
52313
25014
24857
34166
50925
23293
8805
62247
69596
7515
9620
76485
57984
6232
16879
45249
24901
45926
43317
18732
18726
75444
21743
25686
9722
86545
13933
71360
8092
70254
43920
76182
33604
56082
45105
39646
81465
32478
73205
85554
31939
36290
55348
29809
40120
7777
41473
59771
9925
70319
61034
85571
59107
15030
82356
40287
13158
83086
73460
84519
28864
60471
9002
20902
1070
47070
74045
35533
80854
65198
21262
63026
38344
83665
45345
88388
81089
4513
51228
79333
85710
30127
45626
57912
57637
64164
42432
30042
56237
58023
52910
39085
28752
35741
64507
43392
36127
5111
71382
18938
31847
5154
38932
67464
39192
36090
48410
51562
33229
10670
44285
43187
59390
33017
55250
72281
44313
70516
31056
47326
71311
38359
80970
63995
35403
53043
67343
70154
19160
10656
20261
64335
4228
18532
61409
52981
31273
45894
72841
84969
26116
10876
29686
70224
75881
41143
74680
69556
35796
1139
56599
30665
12750
71108
32062
11887
5854
9129
16680
48798
39527
1747
655
41643
9789
5040
72830
65750
13433
73875
14106
60255
62890
24772
12585
50783
17510
41066
90529
53201
31015
3237
20985
80867
46385
78156
88800
63827
38156
4195
86609
46770
43592
40005
69272
31605
37687
53513
72768
77427
66373
22565
79121
4498
22071
8325
10102
51629
54060
86615
21373
54874
21935
60792
41492
62359
9753
62499
63500
85555
75006
79754
59584
74169
5879
31144
788
42439
53547
73028
3431
88259
88998
41434
91822
74809
80399
39831
83927
45914
62921
42860
71125
8296
51699
82934
23805
81830
36297
88595
91282
23195
7720
56048
75658
41173
85975
1364
38857
72339
90609
37520
79842
79483
71507
69717
20443
14727
51773
10182
10930
5860
20896
79743
18048
59472
49821
73436
60435
14487
24012
63161
82346
2072
10548
61308
34009
32242
76607
6235
83303
70358
36402
8518
83463
85200
20821
26317
83719
24643
37392
62922
14296
46956
21527
54038
77615
91714
8663
87688
64245
17805
41454
86023
66903
45729
88111
74087
58447
57455
34923
13438
41843
49300
6848
22771
1736
34927
12053
59471
5473
16884
56524
82639
76016
43264
83403
85830
12691
20416
57896
15528
36980
13674
16240
70160
54314
78027
85167
86180
36325
74468
62036
38995
82195
19185
39908
25884
25075
79919
76088
12990
31130
80067
59661
25670
161
7067
14411
14712
41468
35062
71208
74484
11518
63664
16758
82047
63273
31424
5089
16409
55688
43160
44554
13852
37819
15603
85950
91594
6192
43115
46143
74343
75954
2744
50789
10757
11535
26830
27894
64958
11147
64019
62066
38965
54644
2805
82882
46532
73512
20298
15940
72359
82402
80817
14920
12179
40819
9146
7383
29449
88114
73450
18682
37093
22302
62448
77346
7167
2436
85578
48205
5353
27561
38803
4510
61316
52631
10591
52456
84682
66054
54609
46863
16644
52911
53725
29647
63448
55314
46011
66240
16808
79528
44224
57738
13694
21076
56838
3182
51230
708
72170
51197
55475
88584
71881
33932
69175
54535
19375
37454
45666
71292
16307
22811
54074
65513
13676
63364
35244
52309
54066
35115
59911
48869
33810
16331
13426
38858
71974
7427
6479
71157
61524
75996
48013
15891
30820
54640
46455
41381
9816
88354
66683
63277
79124
80628
35471
6318
49016
14766
57856
45501
74138
38001
69417
36399
46466
36614
87541
7326
51973
82741
50287
16520
50894
60268
70810
85283
56281
2220
62429
52210
50019
72166
57050
83447
75579
54259
73831
14883
65718
62964
41928
92311
29380
29751
52386
79986
58441
3319
11321
23310
89288
14952
6399
60685
87459
54904
71413
63435
9819
86313
73517
33636
7068
35570
28221
46050
33393
15809
48540
36952
90553
25803
19578
46844
21084
31123
15465
35538
76386
11150
15610
11643
91077
91056
80936
70361
28599
62153
59122
48759
35960
20716
72241
5957
23435
67018
27084
65412
35581
52862
25593
92956
1520
35001
45396
40984
81376
8317
74305
27607
74132
83866
55641
65591
3300
11644
18652
22373
56665
10759
65999
28296
44750
76782
85341
5981
90151
7431
74015
83455
19066
32109
1390
9234
66261
47103
84649
40606
43767
82324
38040
57424
70989
62664
7026
30067
46065
47473
21079
83741
24385
18838
67206
669
88997
50821
20322
65705
7950
26771
76726
9798
35358
81507
9842
66176
64589
78034
85788
63194
21668
65093
15837
87441
4624
55719
69465
83113
64211
89670
51623
86380
80056
9239
28888
25502
76031
60754
86412
8525
7335
67200
56026
17419
15044
70646
54655
43119
17967
70338
79540
54631
77973
20133
84157
57166
44272
75782
14195
39087
89302
39252
18029
67240
66051
78523
88271
50722
70710
47902
1025
13619
24483
88346
24441
47260
58351
80187
70771
82309
60853
61165
16774
62932
83351
2633
30566
19767
6748
76866
71709
21648
43194
82752
57537
85795
27109
34995
80349
42114
85752
61258
68409
42159
10947
85863
68170
53534
42254
88172
40359
80491
3221
43669
2349
50642
34903
56139
81298
58497
6459
17149
50786
25571
70310
76400
15671
62015
701
35290
24572
61621
91307
63406
33032
33171
17562
15978
13649
54449
9138
40500
60205
2299
89157
69531
9979
58509
80788
70866
84800
54752
26320
3789
75392
73878
85771
32653
37047
26523
784
7355
54852
8126
29937
14137
30598
25535
88763
7662
73872
36464
51646
70236
62106
57588
53794
15614
91445
65637
71267
63786
10696
28792
66607
16499
22039
13380
30187
1684
27593
58858
44993
886
84320
67887
3786
23606
14785
35799
52604
41651
84809
81670
3711
81180
71682
2954
34976
80008
79142
24420
35786
46807
73991
46724
90859
24187
55862
3434
85607
91249
9666
48218
50536
62050
20196
47148
8027
50777
65918
67689
76197
20844
14001
33395
85187
26224
77495
42671
10765
64304
58718
21977
13033
15654
10817
37090
51143
87458
69179
79245
84132
7112
61183
11583
87587
33886
2771
37640
83935
68923
32575
24577
423
83517
1570
76659
30834
32830
4735
47379
58911
60583
53390
50862
74607
84477
34382
46288
9608
84058
65790
72523
50678
55851
88804
23489
89295
88251
7117
26338
51490
34412
10536
74927
67783
18023
34423
45589
13735
52397
16726
70381
66298
11750
27670
1452
31482
77974
33794
49585
37614
5158
58134
8619
15099
5070
50587
77096
84948
39483
16730
30318
55315
5038
31439
60505
11803
68468
65920
46440
58166
38980
67297
55866
7884
16885
39853
6398
71081
38722
9659
41363
78747
76066
65033
37629
65652
69962
69043
47200
61195
9836
42338
65921
55145
66664
46949
22094
37894
87009
41788
80635
70117
26051
28711
80279
10240
37464
90987
22021
23662
87857
60906
18598
64645
50206
34790
81628
10212
24388
11650
7332
5930
37147
91086
19801
80322
36529
10762
8690
89096
10852
13154
19688
42893
80912
91443
36846
6559
82766
25232
83461
48434
65396
83917
6334
80821
81756
58558
17163
60736
36361
25024
30690
63598
12743
42021
45672
15343
7545
54573
66625
78271
53561
50832
86533
80293
9600
75180
33638
66965
8667
13005
74151
82973
43801
55756
87506
15922
39731
83221
67673
60801
74078
88007
61963
19720
51314
74281
67523
77892
27379
34823
46574
56029
22799
8822
49235
45079
45063
56520
14956
40820
80683
3200
67102
51504
75321
48790
53479
50088
74644
48257
15835
75043
43217
46222
23654
17052
71020
17969
20452
66879
91296
61552
11425
92401
11348
56001
82553
49640
83897
21580
69247
61054
37482
55102
46963
64100
13415
80265
88802
38732
41429
73400
25655
72838
63509
55437
29313
92084
16370
1343
651
86527
20667
77190
58428
53548
11941
22255
11753
27072
69439
31467
33552
90421
44580
54494
55924
92761
77320
73056
85343
63826
85750
13480
36906
74963
63082
78659
37543
20915
47869
58631
53423
41174
73092
58695
17635
7580
71516
64750
84491
52605
67324
6293
77747
81764
83102
46848
31893
71817
18997
41742
73344
79218
41580
79749
5448
33614
91781
27495
45857
33350
26667
86102
12659
12263
7756
37283
9368
61514
19677
88635
12066
21693
2727
52291
67802
67302
91638
20068
66295
51518
47127
28937
77323
34917
25252
44170
2259
1801
74973
55647
83801
3030
5330
78432
35291
40375
16055
76168
12600
8665
46510
31951
88021
86837
38670
1670
55732
71940
72321
88515
11762
92357
18393
84281
20799
76778
26735
22589
51882
10163
23973
58119
13824
42702
64421
76642
28157
65903
89907
55386
57093
84877
46942
17150
10299
26343
36626
46592
85811
51874
71913
48159
13393
27972
28542
27411
20858
11373
75605
22801
6266
76689
6396
65684
7572
5215
65777
49975
86037
51620
53940
22252
69020
57413
29987
59637
9826
64602
1956
29256
37975
38726
46329
44443
46620
30272
36198
91306
37517
7748
68946
12995
71630
85634
57156
63544
6301
86457
56659
67012
92740
55138
15482
44644
62569
54898
2797
72145
20299
22934
62656
38030
6667
54894
38461
42551
90050
30142
4492
58632
35147
80385
20871
35161
35130
41654
81030
47212
67927
91635
17437
27047
84602
2398
84941
12728
83601
14664
81969
30379
16420
25445
5169
57708
14536
4881
852
28657
40756
57636
91351
88450
32670
28518
75127
19803
34021
89855
71025
37637
47239
18433
66488
62138
34788
47203
28515
2946
1581
54793
13738
59142
46251
43598
58569
76523
59221
87830
75406
80556
51485
84927
3393
19468
25182
6931
60917
12310
83260
27252
73247
37913
9187
12472
90047
6779
18466
88745
73832
44909
56662
58210
89872
15478
13053
67498
85433
62566
36330
38408
30017
62075
15662
89035
85133
40605
22285
17768
57625
19331
42869
87354
89841
50143
55628
14167
53765
3112
51297
5716
22708
61093
16801
37137
2513
72877
51037
89305
38272
24257
19530
32764
77177
42909
42482
54188
6108
7718
3137
87501
23842
43713
7142
83134
32377
60053
33297
23315
71276
68575
21070
12853
25375
90955
61657
2212
70177
30962
7751
2362
67250
45925
46019
65114
17236
84254
54308
21244
64914
32974
8492
82145
59045
38564
26251
4022
40265
76889
24676
91415
59822
2630
69079
78550
7395
62730
84952
35795
14121
17113
67792
88897
91484
31431
83800
90538
80023
21022
90841
65144
2785
69415
85905
69809
58371
43989
9051
46199
85773
29710
57963
61512
124
3050
6578
45644
60741
63686
39561
54964
9731
2740
91797
15492
11791
3172
30874
51278
47816
63637
65204
78365
26211
4145
16247
6144
56885
36385
41197
20972
50316
81391
35192
20050
67552
43245
82837
1368
52449
84197
48131
61542
73315
48064
50595
40666
30012
20686
60095
20619
13848
68032
82665
69009
21482
33981
54642
60088
88074
54753
23346
4939
82696
47398
28574
4155
52173
36089
80860
53672
28775
39864
45795
8813
38612
65730
24605
36619
31068
44444
49091
4779
31133
89401
58811
25225
77404
1477
7860
92117
37882
36323
43267
90277
21290
44715
21353
20928
42537
85523
35058
90154
74726
46238
66542
61175
31591
43300
23957
12222
41640
2360
46495
36137
81927
54885
23339
48541
2323
18352
14613
38497
82504
25721
38601
73222
91763
82154
4072
32540
64243
65613
72711
49776
19925
28996
56047
43943
19013
77571
54737
63204
87145
76518
78129
55880
2495
24056
84854
75512
51898
29885
78085
39964
63916
25134
89700
91482
14778
48548
57821
34338
16354
42309
20683
85383
26182
18572
42303
29758
28110
67319
52704
74278
74436
42577
82270
75944
7129
59166
2625
40974
16160
17604
68457
31372
13974
77060
4472
26346
33118
73101
46183
27173
36471
53086
64530
24542
31228
64138
49719
34286
57509
68082
11692
78020
68710
1866
65098
91835
44567
58129
23087
35295
18494
61406
30803
46513
18630
33389
10676
54280
23144
29823
28955
17009
295
21010
56448
89845
41622
71086
30349
79883
66523
23299
68890
81757
83347
34190
1480
51659
70985
25752
46291
91461
50127
89509
5268
57642
65862
71530
78122
61664
14051
72338
6606
13344
979
34628
82771
3094
92957
64560
55100
32372
23591
28895
1032
32943
90620
63550
44459
3607
30849
55281
81208
28607
39817
12687
53216
85064
51689
29335
40439
86989
56991
16509
86118
36722
10399
59597
12820
52512
65798
75904
69621
50028
56752
67129
9858
36480
24880
12928
78061
78197
36428
34327
47690
32546
42258
81995
26063
70245
77351
30828
14561
29083
39890
29037
38430
47912
12331
35025
17892
92127
31287
21941
38422
78708
25452
66779
52783
11702
33188
83697
7519
91130
51183
5540
85740
77665
89189
57834
70181
1910
26303
17876
21287
43054
16286
68266
85979
15083
50187
81690
66816
57553
17654
61545
71844
7991
50712
45431
85218
13249
28740
52728
90946
24075
9735
30817
77549
62044
41017
36296
14529
38659
91678
74876
44342
265
41995
68700
38876
87604
90352
23374
92417
38479
8617
86568
54148
58534
8764
77221
87271
16068
34443
44175
91788
10809
33938
65338
24595
66341
9755
50751
5669
20066
80326
28030
31759
37609
52729
80336
71071
21950
6194
65879
70895
53981
1318
87372
16695
5510
34655
23869
6248
66962
29640
67120
53402
22767
55705
87930
44455
37654
46131
73310
47317
75827
20340
58748
19370
46786
87274
86802
89978
30672
31751
64511
52937
15715
44749
13023
9209
56265
55347
65115
42804
63808
92289
76494
11405
56508
57493
27548
31659
24882
57628
7333
70282
67314
46933
80654
92466
53135
92922
82700
48185
41993
23295
39557
46504
54311
87435
69372
39595
49473
8449
71403
30000
14697
70372
86130
74623
6370
79060
71607
68523
9801
42522
54661
712
58423
61833
39658
2086
33372
84920
71205
21356
48916
45322
43138
63943
85188
76237
61399
25400
39798
8991
10597
20094
16765
18954
80334
68977
51229
88095
89237
8018
15460
57513
38666
80368
19269
82616
87828
60674
41075
45458
880
64879
8189
77981
69850
2608
79237
9573
11823
37013
74915
80630
28674
74470
19031
8075
13614
18142
32020
61881
84733
43365
52373
25439
32186
60144
55757
38529
91988
61958
8841
82440
70040
68740
85354
12548
81983
79010
41051
7255
74743
76191
74717
54223
8913
77918
67350
21012
81820
26969
106
26040
9410
61074
16993
50339
67716
56065
69762
80309
91428
12528
81201
65690
4413
14888
27652
18063
45263
89303
20657
75631
18022
34203
75471
67846
27479
74461
24481
1248
35924
91657
12424
85649
35730
54981
22288
56051
83371
3102
87395
52125
43387
49163
58383
42312
88589
67247
37898
87623
88605
82266
66196
77267
72706
17849
88036
66901
91997
10550
2309
36851
347
71806
11265
76146
8440
21082
12492
87208
61056
10888
79132
38064
88546
64984
72249
85564
35113
44032
20272
23050
47887
10530
81973
61436
39838
34242
48262
70369
66907
923
72528
18734
72829
63244
64029
6347
76380
37651
491
66680
36193
2778
88557
11727
18035
10239
36508
82381
28676
86063
85080
26769
40925
80472
92320
15547
17370
47804
34199
75563
36803
90152
18903
77156
10766
34829
54972
65315
17296
31402
39822
76875
81321
47478
572
21254
74701
67611
39436
81937
24410
29010
90944
89783
60265
6426
6904
70216
90619
68418
25239
41881
41738
11744
62351
34849
23495
43961
12141
20138
87653
90294
14438
2320
89962
9393
16451
21793
81699
61324
3861
68807
38312
35721
39570
15444
83471
4940
32809
756
54099
88149
51739
26268
25323
85666
85403
88405
2280
80687
23611
80330
30947
51232
52913
38947
2540
11761
7677
65186
13203
52590
36058
38847
57633
56617
7757
81207
92452
31567
88048
60540
31557
80485
60215
89903
79765
16397
60460
54893
61002
75342
80174
58573
46208
53859
40143
41818
68790
60412
69999
1761
1692
76330
9689
18864
6478
62183
37507
7162
18925
75808
24903
68060
10902
43331
26443
12358
9119
40847
6062
38951
18053
24332
28814
68333
38348
11897
61011
78704
581
55573
91507
23228
84337
72796
73052
18457
75850
53005
83615
47451
69545
49936
11248
73760
48399
7323
62236
64348
82450
62951
58284
55707
25798
64682
2040
63625
15862
92096
40595
67233
56810
91559
34915
63097
11728
16666
68294
87986
13179
80612
29920
90788
90098
83108
25011
71263
16873
86239
19903
5104
79162
30965
1994
61905
29721
18887
81324
89270
31870
61125
45460
91977
73312
12794
41683
36218
62706
8854
52156
67795
29238
39681
19083
68849
64601
82785
16525
23803
39231
27942
57599
76313
21503
27221
21608
60844
48202
22177
66772
43964
79514
31526
75323
46033
21374
66004
73107
89502
81713
71579
49550
27463
82572
25141
15808
18400
56681
70000
92718
88357
27232
89739
1983
38952
55236
74557
65004
52447
91293
19570
37417
77689
48672
19948
25007
46130
41127
40669
45087
13287
58800
29138
71828
19892
35248
29662
47216
76645
11362
74064
56642
61638
43628
69539
81164
90547
69394
92971
15484
90932
41208
17954
63292
61637
13267
83632
84002
90892
11725
44323
44836
1640
75660
22127
78149
1255
44075
40217
52625
22067
63320
65964
36429
70525
4287
90010
37082
90366
70395
64727
42127
85417
36733
62939
58932
26280
10098
92451
573
64329
20621
16064
91373
76030
58140
10641
13479
64149
48532
56286
18553
89216
11256
77093
90138
85951
27119
92571
25886
84163
72971
86613
5558
62938
88812
10075
31934
47548
70551
15057
29822
30942
18282
90627
2447
50326
41976
88083
8579
91948
34357
21731
60420
73011
51505
33190
13955
54562
87845
22561
45152
16423
66397
37646
8150
25840
39976
41859
6662
63035
60130
13561
31569
75671
83037
32777
27395
6138
39610
86116
83889
80300
28494
2351
55482
28079
66734
35941
9405
5046
71397
42352
44575
28098
74372
31479
54931
83264
88139
86352
39317
378
52001
82060
77964
76633
15294
11499
103
81581
29451
35888
79217
28861
59805
57342
32727
20237
19293
58143
68616
35676
16861
67700
31098
90682
48919
75365
34559
90492
48071
5210
8782
6075
79450
42620
46341
69761
87203
73773
69040
35232
39930
17853
67283
65840
7862
45978
78908
11894
26276
41804
77398
53899
13896
7863
46342
11608
12071
32760
84483
12314
8743
17070
61033
37831
90142
57432
29820
67532
50436
52353
3208
25159
13422
21733
52932
30040
78314
42795
50180
19263
43971
46298
47502
59309
773
90425
53265
19140
80024
13915
57340
87500
20017
92921
16871
13970
74745
10054
13943
50429
79975
85484
81035
74164
44746
3727
15113
29172
85936
39936
86238
8225
5718
24468
66541
52228
19366
1602
64464
47056
9672
67882
36083
2290
58020
87348
7646
31442
19940
34391
30661
87841
38137
39086
24277
7911
55727
33524
41781
32268
43603
1348
38213
92242
40370
56404
73164
63347
85081
34768
77625
70139
48041
76901
28585
75487
58294
51749
59271
88966
63833
74649
22361
36263
71692
2097
58938
80549
19020
39304
6177
32385
22271
25455
84375
84750
76535
78217
47866
74494
4199
69313
41754
32114
37600
29191
27872
65761
11417
57674
85147
21338
41973
15901
38366
66028
75975
90804
69943
39914
525
18173
49728
38033
36148
80413
59987
83908
72285
55133
56829
42939
40292
41872
6717
92699
67007
39808
8745
36177
77564
72459
13094
8341
74925
27803
79344
81166
18634
62132
86539
35117
8676
63329
80344
55091
7064
35855
30420
12503
61395
47380
41485
19966
86340
27977
1173
61370
22729
23651
10213
78350
8601
22543
2996
85969
6016
45947
80074
38531
18498
83155
41079
68506
90621
58768
69091
60578
33206
23240
13548
75466
61019
7316
60899
68815
79625
19663
67152
12603
83001
43265
79948
82392
77469
43875
54335
27901
50811
46328
61279
22473
102
52695
38128
91724
6152
78855
63235
87515
2009
48696
43229
902
41714
59339
69536
38411
74775
14215
80834
28487
45247
85738
29901
65306
38470
83774
76587
91758
4285
55592
76808
77409
68439
67467
85519
90729
73070
50449
69677
62317
46344
64502
64402
49350
14938
43811
31646
71859
68374
12078
5779
51099
37108
44300
34944
54037
22100
80898
782
73617
76332
20334
74357
69840
38942
52277
21054
44083
24145
87165
57882
35499
42699
31868
39623
8569
82997
17953
42134
43287
76235
19919
21156
67096
89109
33233
56453
84104
10254
30835
17033
563
12925
67922
59102
57404
84330
49931
4559
54027
40594
66990
40401
11313
64058
84258
12800
16512
49175
51593
5711
78105
70147
1099
51691
74992
2054
81445
46683
44302
11199
23747
80346
23846
91673
3270
71372
85322
38944
4639
44951
70606
77379
5671
69898
33015
87478
25453
87180
35680
2997
40063
5799
62043
39774
80397
23326
50397
63587
46274
35478
7340
14524
9408
64862
7208
80978
74162
90566
87811
27538
18905
61194
9030
115
38804
9162
78932
73089
64788
22033
28816
54678
88531
22583
18369
90014
37791
26450
77324
47979
36075
34893
85587
37091
77215
67305
54441
71970
74695
55125
86337
89146
44114
27199
55140
53215
54956
81245
6340
35476
83161
13379
38527
58731
17848
39692
65474
54367
16426
7319
17749
84992
3095
56431
75707
69475
11497
48870
23791
24588
36721
52366
79077
92658
69667
30345
19655
89039
4653
64282
67722
32395
15347
88426
8821
34605
40446
91229
83198
48727
18647
56903
72256
61734
31120
65791
78265
61802
88693
49433
1077
15274
15602
69582
93070
66135
74684
11530
41540
50554
19401
66952
31993
88024
92691
47616
60489
86853
67372
49717
38477
80490
47347
42273
18041
84036
29325
52128
89178
4859
60680
61741
31221
67832
65457
76346
64701
8270
15990
51770
28796
77946
37406
26463
84007
67220
2638
28703
84505
60876
23969
60991
68006
65804
14238
59844
53108
60257
82235
2098
68507
7969
10835
16126
45659
90567
19037
74365
60724
15139
88082
51088
83413
66647
80590
53107
31719
39138
19274
62364
38934
59248
71224
68462
13043
58373
45467
86019
84228
19878
79304
46362
80302
86056
13278
63015
78465
34322
83206
82274
41523
6569
86797
81681
52325
42739
48574
29568
63354
33710
62204
59997
8938
80264
50310
84746
18437
8542
83586
86137
38395
85912
65096
64572
60640
11846
83410
70426
5526
76135
57930
4382
88347
40922
12186
45561
45732
89923
32798
64228
41403
51456
68229
29620
92168
67068
86570
27155
66018
22683
47099
83673
59645
45259
21243
39547
22366
64432
82118
85400
36768
37587
87361
7298
58633
89688
15368
82827
69649
73658
87691
10085
7858
46124
12913
70901
41263
21276
26565
5324
23827
17454
76714
71811
21267
75723
38386
80828
36756
63697
11407
82613
75843
37670
87090
52987
26931
4361
4586
92149
3580
9115
16276
37059
32595
8085
68983
14644
26890
71866
37960
74747
25197
77520
70846
89471
71057
22509
17088
24048
70307
4363
72078
65829
70924
11114
40687
82598
26765
68611
64171
20585
46292
27110
89863
83744
12212
11331
92775
79214
60192
20743
12532
53373
38553
34376
58644
53237
27741
69899
3233
32852
2188
17520
80233
71848
24369
73417
16823
72017
76688
50090
84939
28521
26629
44007
73882
21559
47294
66079
6781
32816
42118
33985
58108
77622
57289
53869
21806
10153
21568
61644
39667
49822
82968
15562
78567
35492
29119
1807
24210
27019
82991
67461
31003
74188
55923
51844
64725
68301
23568
15777
10032
50419
54406
2542
87772
39472
29231
23207
17268
6729
73840
28156
47841
59957
28072
80787
81399
45119
55293
58157
36266
57313
27903
40532
74374
52049
37233
71485
1040
26637
57182
39072
77279
2182
65682
14564
13458
60158
66856
12584
44251
12633
33261
80389
73649
47480
23994
85502
27448
2060
26244
70970
45560
36699
32549
1419
73121
27558
36012
66227
10658
11030
26893
4087
42934
14717
92019
45398
90793
7588
56773
48307
17819
31633
54090
62198
45787
29338
38322
67454
18644
5428
66290
81928
84091
48820
76798
28193
58128
24511
64191
85452
47171
22675
49846
11293
26316
82609
69915
28862
71297
61490
24804
25231
57736
39067
51729
6561
4645
75876
82584
82699
52029
33894
56823
85109
50276
87143
83203
44454
13254
13471
4272
14005
16111
32677
6000
24684
26978
34170
42200
57871
92131
37777
89282
11188
80528
24938
67901
76599
36531
40196
54352
51285
72641
7875
40936
42334
73712
19447
72383
8191
2371
64121
14340
14109
73151
226
50190
7217
35648
75693
65330
59960
18846
24850
27651
57170
58184
29687
32231
60570
34538
23169
21589
4664
86434
12760
49798
12580
6439
70814
3848
60983
59710
89852
4024
36557
14657
40015
33878
48922
37810
2099
33011
51573
70955
68502
46512
80945
55410
23139
5985
12269
7726
31360
88344
71004
63651
25930
82264
51975
78161
12275
47399
26087
40135
78186
28103
26298
65444
48722
69427
38846
49279
85463
45130
73646
47676
9377
77851
58699
50562
29489
37032
4634
17584
52607
52431
12173
35000
45115
51135
3022
8517
36072
8443
33685
4079
61322
16667
16672
56100
61985
16694
10618
26288
87170
10289
59464
68484
61515
92582
50794
38295
12885
66089
39394
87752
62599
22527
13361
20574
68824
39444
28118
31183
14904
21364
40113
59386
76992
55027
15807
69589
66518
24243
45754
30967
36065
41223
78283
56301
29977
62742
50215
28315
77651
53169
56934
60414
70225
87994
26587
7713
86978
66243
90354
9506
34667
86954
40066
76588
68069
373
57703
75493
6658
5719
22598
66594
46725
7095
23046
11790
47535
25899
91851
16280
29419
2950
56367
87594
51994
73769
77579
2502
56341
38123
12250
71521
48818
26355
13451
68624
84014
30485
58012
65588
59284
52759
47394
52585
53925
83469
56085
60781
74830
45415
30362
65608
41744
54458
11649
77378
9994
21297
17262
76071
28579
52742
58096
70362
66997
48116
56748
19837
80633
58063
80767
30069
14468
13190
83870
22599
59291
51533
24590
379
10654
12282
57168
2875
27480
10045
45062
88860
64180
28729
57171
89600
30800
50935
7781
4568
5784
90986
47615
33311
61643
19264
72890
16821
86930
13644
25340
48529
62529
50197
19080
12423
85687
35221
23034
59409
68877
33225
8849
12606
65658
53278
44024
68455
73437
60641
50371
1472
18370
76098
81432
1152
58943
10172
19957
32387
25033
61849
73629
21822
55525
12172
69772
17501
79186
19732
84164
6851
48097
49484
57536
82607
20445
32783
76265
63052
76193
84332
61613
93040
35752
54835
90961
19953
92376
30970
74458
91800
48439
73276
74939
74174
35023
83174
15323
12788
92087
147
2449
9870
87614
86757
63366
76062
62610
85106
24617
2300
63111
88874
78969
4673
48614
60733
6264
41275
61626
6804
10403
1372
56517
68736
21779
55307
75964
27871
52453
3251
2741
20473
37658
48627
75623
6423
22646
19246
27858
7478
54300
36580
10012
10742
55473
24404
30405
63990
40006
44708
49398
20947
22550
87700
11856
46463
54214
63010
40040
3242
59631
22387
73725
53378
49251
31920
4916
59388
39933
27833
25250
1853
32153
84299
38950
74482
11947
6136
8950
1325
83836
13951
66045
56507
81650
62299
17933
6299
66831
78957
31487
63279
53579
65518
72806
56156
79476
8053
39981
38683
15626
73431
13002
39141
21269
88131
49685
38267
11306
6166
27660
25148
85148
29413
31203
18702
5982
58626
16367
27158
80672
79283
7926
84133
23813
79701
54135
8563
14603
28877
41305
63148
34316
90638
82080
2225
71338
19534
51918
14479
66149
56745
35309
39395
23469
79108
73637
16527
18657
61911
23727
67816
68350
23378
3653
90254
54371
22367
48212
11060
45629
66847
46184
20306
86851
33925
39775
47980
9423
64570
10942
22266
45125
53339
56226
31198
59037
67280
43789
81054
14731
19778
6691
18045
84934
5998
12560
36857
44796
75502
38956
70292
20900
11482
31998
20803
64018
64009
74011
77074
72988
11043
40353
28342
46548
19479
62908
21479
9804
85214
73957
10105
41101
83920
12622
90426
45901
87245
82816
37229
6724
75004
58815
8797
42731
81742
56212
59206
75128
80779
80843
66048
50485
72098
69689
44155
1169
8917
86979
78810
23529
90037
4449
36246
37781
65770
32418
44367
62809
20160
69402
46029
5619
47263
22999
6321
57157
12725
5545
24378
38793
20070
51439
9022
70943
25462
30710
57673
34352
8005
10848
36457
41367
28010
78897
54447
59680
22196
41512
92969
16271
35336
56442
6925
19972
25264
81529
77891
37340
55642
55292
25173
51937
30277
71307
66654
89550
11193
6322
71067
60936
67385
9555
61781
3656
25652
32982
40019
30407
4116
36172
37557
8832
81141
49807
57274
7411
78726
82272
8943
52110
71969
2913
33086
7200
43242
48802
59928
53440
81860
6272
75803
61485
37583
16038
90238
72360
70776
22545
77545
51017
32950
26147
18329
2721
12557
8784
76159
27449
24537
49978
62991
77805
75921
46107
50381
90747
85241
38373
76962
70665
26466
32520
4975
54603
87809
13108
65885
64543
90842
92385
53099
52856
10408
77370
75755
67610
92549
58782
4243
65136
60493
79208
28420
25255
84240
21844
33934
34532
87987
10579
60730
26034
40339
5847
58393
45919
78985
62684
90060
35257
44559
75244
68738
23431
33194
76359
13810
67830
91288
53904
80712
71690
79946
81373
82149
32755
75989
89354
84819
57177
73441
40858
89300
23110
47134
76187
52207
78305
41637
68473
50378
93046
92946
72148
44745
43467
86247
68852
54438
58315
41032
19536
83058
65752
11280
15726
10238
75034
32342
79201
88695
37250
56046
30821
24250
49938
16701
82914
1370
41856
32504
127
55988
48219
80734
32005
38228
20730
36917
44059
65301
11241
68007
30764
47983
23186
48969
35251
85623
11402
25578
34513
27646
9434
46333
21271
26200
87961
82954
80239
5442
60270
26223
6432
87668
57568
61238
67522
24665
37095
46614
85416
91122
39457
5604
12074
91687
56780
12640
38232
86876
10078
22189
93116
59883
24350
79547
72368
37796
53759
40064
85940
78827
17444
48661
52935
70182
88154
57317
26944
13093
47687
21811
89965
46842
4193
40660
39486
56729
8786
2441
42643
23335
39670
74994
70725
44402
76824
55335
67985
77905
86148
955
67668
1483
21549
92619
85755
62305
6316
69039
19315
45703
36502
39351
65939
35748
76613
42166
68782
40781
68724
51737
19912
43863
66560
68227
17134
39250
59114
78800
28377
41611
69061
49388
54854
88
56930
84025
47238
75925
1441
64316
29807
78307
27505
89834
63106
57218
58512
21945
12799
16357
34717
43708
34109
27049
92928
1879
24157
59340
73691
71825
6759
10720
36032
6921
92128
74953
21653
77823
19838
35962
61578
31576
11914
1815
13563
66039
83926
86399
1880
57891
85450
11712
66329
31618
27295
88267
4669
17346
4230
57030
8887
76238
48221
7320
20424
92742
23717
67144
78482
16789
12044
90573
58164
21429
8224
33887
16329
19444
39494
75786
9459
55662
3593
16054
92569
38240
46877
14792
369
32493
19376
60129
11965
77333
41390
27636
72860
44834
71000
60738
55205
9101
7108
75251
86249
41442
2683
20078
70719
43651
62940
33394
81922
51359
33621
47288
63222
60755
89422
65878
30139
31992
66853
5564
77944
57495
85659
40393
22494
28033
47503
47723
51836
21538
77140
93060
74786
30282
85152
2820
60881
62476
63285
91920
31026
34205
74434
69200
19242
21130
17012
4878
45845
39898
43979
85135
18858
73983
83758
20166
88692
25084
6812
39999
34104
21624
52966
62490
1402
71317
46565
82463
66271
65554
37856
40815
32056
40534
72386
9482
68239
12106
86578
19527
35134
30240
88043
46066
78750
14131
75306
70103
71856
41687
45071
84591
67011
61191
69226
78763
57533
444
49278
53468
83464
27911
23917
53631
16369
77038
61174
17808
72810
43110
86806
11732
28659
21700
31640
5288
33600
62091
9276
53527
38246
33940
6455
81943
15803
38781
25576
23166
33877
42855
11820
67205
35372
87011
54623
88477
59435
92836
76012
30162
5601
8260
62724
82311
9298
41019
3241
39971
85542
79290
78032
47732
61927
11758
4911
70909
20149
48459
60066
52068
28116
60762
43556
1858
90575
44761
83740
87965
84061
34188
17164
17082
30616
56028
74066
70262
57949
44309
59178
3929
64295
12506
91439
41526
68405
52333
58218
84272
60707
21077
9983
21177
34680
17076
80291
26319
80679
15938
454
44633
25771
35155
12035
76491
28613
25647
34659
16638
14283
33523
22328
53332
39636
65489
85775
91240
61633
85898
12143
31885
82414
11141
70206
38254
89412
90506
62505
8115
32464
81812
69759
29634
9314
53695
66524
87210
16009
73693
91037
63643
42263
47140
22868
47137
54834
86685
77347
59323
66044
87456
91898
6981
19681
42069
73671
67017
54563
84861
7705
30160
64025
54464
23628
9430
57456
27847
8441
57685
52108
23322
4422
26426
69753
86086
35033
89707
30195
65784
78421
56459
11192
26050
77106
11666
62666
69709
77899
49308
71526
88970
70823
24402
53200
2114
89908
13439
39257
20061
74508
28271
61122
26434
16735
4900
40111
73775
78746
16930
3342
46061
34900
61280
52246
74364
35083
41854
3071
87546
87851
25708
47364
9293
92796
4154
36858
35594
16222
32985
28009
49656
79824
15365
23311
75348
11733
80160
24355
77897
27755
19869
24038
19443
21906
91780
18502
66695
15618
72330
34290
20347
43747
43471
58136
26647
90460
33574
89312
23168
61872
7620
3031
52419
87944
37662
957
45402
34154
18813
40156
519
41265
82604
38861
72501
47642
32200
19645
25819
15838
88943
69968
43222
36233
27063
59917
65850
75508
2546
7783
28121
10612
85487
62701
89127
40607
3638
92920
12489
19765
56427
76151
84805
37002
86718
21843
54212
68955
803
8959
14168
86730
4643
1841
67326
73465
52458
6404
2854
90105
58212
41719
23175
9590
74332
66434
54231
25844
60037
29057
34652
9845
86829
57365
26031
49124
39869
57798
12751
78361
81766
54156
36703
40202
40844
70435
20304
1543
11081
21260
22529
20147
90069
28127
92381
56364
24828
1742
54171
51465
88718
51803
27267
12000
48401
51233
76649
70286
68716
56103
20777
16302
46929
74655
48914
68437
44288
56460
38796
11681
82044
84175
31284
6728
63850
46253
36864
15146
75864
49244
17551
92100
73500
59266
13645
45438
2372
15975
83637
23337
82714
64060
89382
36844
19609
7132
51076
43667
65654
5923
82219
41935
78109
43478
47540
32410
39672
81521
9202
76526
82949
20682
63263
82453
14982
83080
87885
86804
39654
33153
81870
77036
7924
21808
70260
50744
24059
32247
8731
31231
39273
59605
38743
25531
3627
15902
25731
34183
47651
57639
14485
36227
62869
77092
14964
21161
29106
2437
71883
31446
26487
52002
75359
73024
64359
26020
68297
7037
72884
17342
466
23744
48062
68528
91448
67873
69048
69606
67460
79014
64201
9562
19430
14181
64490
49195
36518
24097
5551
83725
57029
11714
2544
38933
92891
74395
81150
64371
6821
28809
60638
24835
52925
20206
23743
45305
69693
23507
61452
10331
75959
21240
38390
38482
69965
695
73342
65832
27311
39878
43349
2403
56102
32724
61706
4941
4256
9904
25039
12579
73767
42093
69060
1721
48927
67031
1751
41071
20507
53577
60997
20356
19761
43320
16096
42466
76662
46878
79963
88643
22768
24207
3363
54001
87454
39371
68929
47161
36293
26869
65789
26963
61937
78048
3306
6091
13935
74956
53737
14721
69305
67353
35258
49032
15236
48666
10565
51942
85798
53308
92386
17318
50080
47230
40504
75931
35378
55908
59610
63039
11047
5743
36715
44197
72213
17471
16602
59681
13206
1718
64125
84209
90208
58803
53569
15337
351
44583
86068
62159
83603
92745
76736
60668
36714
68589
85208
77468
66807
38905
74309
60605
12346
7876
65539
838
19747
61375
4118
90687
12977
85257
62124
43685
632
15279
47799
59527
83837
70495
69889
71489
14594
22199
86865
30813
16264
85017
93119
77167
53071
73864
46640
2753
71748
22549
22330
10221
27416
87003
18012
32042
79297
54579
34877
65100
75269
3944
37527
35012
34886
53327
75408
3803
59243
71750
73200
81944
59798
56296
62446
72820
49916
6330
89519
27409
49778
87556
87226
88610
77821
35414
55811
59394
55484
30088
20901
40371
41885
78760
47967
85224
35408
42099
91028
11175
51191
14247
6184
7995
80261
17293
46194
87899
47357
22001
22926
75095
86540
28124
53306
66474
17606
42528
75058
27705
22621
10099
89182
12400
34236
33704
62434
26711
91959
68238
67259
92817
89197
68442
38305
91375
38761
37366
48654
83761
33201
73037
39381
60441
60828
84396
75685
46449
85691
7077
72624
28089
88758
21758
69984
76446
40092
49701
5052
59890
34304
86967
77934
32111
77037
20086
92094
77032
53536
66971
92844
87457
75293
7056
85183
11589
20974
27616
20770
65401
28553
75445
20371
48944
50412
21165
39576
13498
70510
62219
29933
52111
3835
23172
80507
10907
89434
46488
51724
26023
14452
59029
75984
80676
22122
57928
39292
12951
59065
83782
90749
55717
44417
63775
10949
79490
92129
72037
81337
11906
73051
52117
56826
70523
57855
59511
9489
2339
40678
12734
49838
5173
46047
66999
11652
2885
20727
69147
19593
44611
16936
16188
31730
5832
9035
51441
60114
4731
40223
77604
20549
18391
92282
29034
78152
34780
7281
80521
51881
29835
3189
41044
81311
41861
15723
79125
67405
46355
33162
63889
63066
84646
16866
28144
72905
58433
64481
11420
56454
7770
88973
71003
4654
85854
86515
45372
89497
91806
43089
22809
36140
67623
78145
82511
92350
54413
25072
12950
35745
74985
11069
77079
63816
82034
10901
21361
15252
60759
34689
61254
54015
67212
32912
20292
80592
10216
37400
44841
77876
57946
12368
9149
54442
81293
54829
24390
28096
32730
29344
48977
47760
44742
51469
29683
47555
24929
28292
40960
43383
81745
38012
52876
27665
46450
64495
88275
45794
25834
20154
73815
27264
58312
13924
15985
6974
10990
3620
274
42343
44164
35082
48779
62123
63762
14149
5026
16434
37173
26845
16824
75245
75100
71977
6468
90665
21247
71944
83418
19051
77082
12670
63488
62738
21900
85966
50864
22929
42813
76937
60274
55588
3660
75334
38517
65509
60175
64293
83958
4367
37248
59329
92934
32240
37749
32064
59202
83589
35273
93138
71491
18797
3304
2226
66548
87289
32497
81451
29026
86862
68656
32931
74793
90296
88900
31737
31539
62924
57884
88508
49735
83931
68909
70920
65989
26212
81382
38786
10713
60375
84963
5146
26458
64251
14409
42391
90041
30863
15087
342
40569
47906
29769
61871
66604
39549
78172
31124
83977
39146
60732
16380
30957
14740
29588
49509
4657
64921
48686
76954
85518
3169
62216
12258
90611
3001
46351
1458
40468
24622
71384
22684
42830
36750
17895
30833
77528
14369
15822
45748
33815
75636
40632
3951
33364
60513
64554
6738
66605
15199
53395
71424
18189
29054
34586
62252
57123
53131
52274
7433
87717
23614
267
54897
34455
76115
39272
14519
60090
56847
3125
689
27784
12347
49189
40545
48279
79987
43571
32017
75619
36795
16841
1146
32396
86626
71623
25584
21794
85789
91793
8600
71320
1846
88368
85904
71899
30839
31690
88870
43637
35620
54958
33232
25265
83787
65797
61667
86996
52877
50965
65745
47162
54997
35544
79209
91233
38896
46670
80610
70888
16842
48021
36597
66534
64271
92266
9889
22269
87012
55254
57189
68233
51478
53289
51276
88961
62754
8114
46625
67377
51511
40454
60954
87332
41510
66043
81411
16168
62035
35373
69436
16227
64633
10484
48048
60586
72039
17417
19524
82592
12450
73442
15302
2605
26757
37004
47949
18072
65695
57397
18215
8247
90677
73006
10034
15278
87810
6598
33280
44150
61640
49248
71532
92883
39359
88734
25995
28665
91414
59446
5466
9508
41171
48036
35904
20787
75231
85237
56201
50598
30522
624
47242
45233
34576
47639
70291
76720
18875
17711
87065
1830
63398
60383
54870
19354
71698
38048
35095
45951
66213
70638
83361
23895
62165
13575
2322
39168
16909
36556
35154
43256
23619
84480
42394
3700
60618
80776
33560
86325
71824
4402
2267
63773
51856
39945
4124
44240
9908
64456
58052
29779
21456
83377
65833
10577
12435
89286
33409
58678
23381
5660
43859
87596
84391
14636
61443
61025
29453
59256
40489
7144
45050
85847
58203
72563
92541
21439
51283
79356
26846
7180
504
53383
89547
76007
9084
55682
82129
79159
56496
17136
57650
17579
10645
80408
76247
12481
10329
13244
63489
45529
38730
75110
82067
21911
50844
91154
31091
71686
49734
77573
5346
49494
72668
36438
88071
61771
19649
84047
37350
24076
41934
91094
9494
47486
7890
46001
70892
50455
77982
40350
23850
59433
24069
12732
75340
57094
67401
53722
67798
75285
43802
36099
19545
62905
92207
19349
52043
50944
79135
36254
79846
13567
1155
12678
33456
38335
86726
44165
75448
29691
38303
35912
72093
35672
67099
44880
51054
47048
16129
66241
26933
90199
47334
78503
65646
78635
84448
72648
9237
76385
80049
16072
76138
4863
85648
79242
84680
37274
21362
51841
90484
30631
59017
84453
10980
64072
90701
77901
87564
81898
41919
79652
23858
64811
67140
6877
23491
40388
30605
78818
67025
79449
51768
48596
55837
82412
54291
65496
14042
2833
82353
68830
86601
7031
3394
82664
90521
25157
58794
30902
34458
24863
72049
6939
47868
8648
11372
2316
35337
71624
70911
26682
19245
20097
47521
32409
80925
55510
6948
60174
524
63359
23676
55362
44868
35821
57074
20648
78416
27024
63199
49265
79031
26538
48342
32935
88205
63334
18596
85157
4088
91399
15267
23256
56595
45691
86285
90617
23405
63675
1978
5762
69781
34257
37155
87879
21504
39154
43435
68299
48947
71669
42033
1285
3025
66005
15663
16028
29395
82170
60900
23633
62843
20170
23234
29857
75131
26456
75966
78114
41681
36591
34240
65468
2211
57807
45735
26308
88597
13564
27878
2388
41137
43449
93020
24008
11890
39655
88608
23615
1842
21744
34274
46370
25717
32386
36259
24021
72243
27964
44822
2623
21090
57431
10992
76137
41219
9406
12060
39471
82006
77725
72297
67041
69921
10717
419
49963
4249
63476
88254
83277
76101
39639
84810
24202
64670
85777
47091
49458
80999
34214
24138
84052
80794
29343
80085
48007
66710
16580
58720
32686
69270
92906
59320
2662
14237
83872
60223
77063
76049
46269
75134
41923
55179
8815
4244
14902
32000
3586
20670
80256
56906
16372
19218
52293
6188
37878
62356
26381
6676
19458
27437
57733
85557
22935
33131
39256
11597
82319
57087
81046
34881
13765
14805
3301
93100
42373
63240
2357
82840
82358
82222
16898
68822
18338
66784
45492
37592
39628
51073
72977
9454
62839
73566
32845
60234
38083
74761
76180
42496
91478
76884
68953
12091
25160
26840
42475
36947
65665
36500
76172
81654
24314
71912
41756
88280
7363
32169
86489
61435
91619
42049
19931
17319
55655
41562
89814
4343
40620
77598
63047
43716
51173
86179
65103
23143
16431
92647
29514
40457
82525
76009
38530
73073
73777
27461
32613
58572
79560
39000
53204
69598
54114
77976
62201
7953
73528
6802
63478
72951
20381
58668
87642
2450
61867
42173
23394
35041
81368
37897
80957
56933
33861
72774
89682
2971
64792
6095
28600
44551
45277
14049
71551
44826
6009
6253
33619
41386
49973
72993
2791
42050
17313
57122
71897
31201
71600
47765
4635
63007
92203
26258
73894
549
57081
20590
58148
74550
72678
7096
22915
3780
41650
12065
36393
43301
52094
88256
71217
17277
27724
12757
53980
38242
36284
65944
19910
23273
72628
5102
60183
37382
63371
17714
46955
33976
54129
6649
33019
56482
77533
50312
66423
54077
40467
11946
74847
25620
81307
63968
10405
19809
18107
14117
68253
59318
55336
69857
45656
58767
58567
29365
92525
23343
20788
77669
24451
42787
25228
58253
9296
24602
51114
53417
22618
64458
16579
8776
27187
83685
26253
18759
53733
66386
6096
40778
48050
22637
15333
25691
32181
84079
63387
72929
64751
66756
12490
61660
83079
34767
80319
68101
83257
14711
64744
18987
9683
3040
45590
75810
91942
17247
60786
62057
28827
42030
49896
60918
49053
32892
63402
61015
37408
64364
27695
23692
76426
81733
47978
35881
11014
42168
39378
77024
9922
26083
85686
71037
82830
24908
41245
73203
14521
90741
15774
65818
44664
14170
77630
6361
52778
17983
26367
23024
80594
24455
27169
42366
90067
51391
27380
50407
12293
64552
35640
436
89919
92112
61013
2826
23672
73433
19849
80512
57511
9998
56302
88442
20198
33571
1380
86435
53784
35681
31083
43227
15466
67010
10667
58663
74294
69268
35951
72184
12883
71102
81573
24522
41672
64782
15742
32280
75917
72939
86099
80458
91828
13813
63339
53511
46286
51935
60747
75817
58338
13391
63300
65619
22693
35204
32708
18621
45188
53038
6872
58425
43259
20109
50732
8236
8638
63543
42901
60807
2844
75404
16750
72342
27356
628
12469
59479
10303
71802
13529
11500
362
672
55638
58885
65769
35660
18144
40402
15182
10815
81739
43627
64852
86507
32885
88292
23607
53961
40417
75498
4175
7220
66362
47735
3377
34910
11096
25076
29306
12806
23220
63487
58664
24266
19183
88751
89362
36885
72406
32490
69412
30721
60396
92172
91070
25077
26557
68930
30470
65462
45881
5405
8503
43985
11719
56391
4319
82490
65019
34809
62018
11686
81887
25211
77044
72509
33295
80963
61592
88358
52174
30293
51051
45376
70567
15976
5061
21406
72447
2401
64741
55683
1253
72139
83629
81583
28335
59803
9206
46991
2685
9091
18176
46392
3522
76978
20385
33101
33498
46780
38279
77671
21296
32858
39937
21737
84541
21211
13904
6382
41903
36226
53113
61287
14957
27839
82755
51809
57386
25210
46272
43040
77978
74709
78256
13557
8021
73307
76608
48876
18337
7269
92931
20135
6989
51326
56140
46079
49010
53160
862
383
72726
73956
3310
12702
18829
26124
92527
74230
54307
91076
89958
44241
80343
46590
44574
28275
8633
69645
1900
5284
80255
24589
66650
90167
21431
1118
76843
76285
47988
14258
36975
65389
59373
81306
88663
89343
75311
67981
3615
63287
25421
28035
35407
90375
70148
89145
86891
56304
80087
38296
1078
51032
30201
50674
16461
75669
85124
82712
14555
46237
2083
65201
47783
48019
82719
16446
49495
13099
69729
17707
82749
23433
1638
78927
51239
7656
23530
47447
45036
30474
66082
90447
61960
53640
43213
90117
8880
11307
40717
34176
2279
87749
89573
24625
73031
62268
56181
25984
15291
53435
69174
89580
39858
37496
72998
2738
83627
27893
24626
60787
92862
54873
62156
10563
50038
65808
51948
43396
16113
79061
3335
24445
6694
77435
7652
49466
15752
48301
38851
7492
1361
79756
20285
89802
323
3840
40715
86369
51018
39059
49749
44947
8112
21821
28988
84287
29522
5497
78994
22273
60958
3446
32452
53996
31490
36223
89444
81282
55117
51053
46961
90273
89365
8774
172
73791
34015
7329
37973
18842
50121
41626
64253
18880
20241
33970
65852
41828
57097
27840
40437
1154
69933
57968
36128
39152
17022
80504
50573
35940
72351
8159
84387
10507
43470
68267
59901
83972
34709
45135
72919
61233
33448
62016
89831
40460
27667
12898
6790
84263
36535
88184
86689
40458
55086
29723
85292
87255
76056
64172
33873
33715
8501
15399
56355
19211
52998
17415
62691
37385
49292
84738
51004
20859
72350
87020
57301
81646
37838
82424
50882
36333
54855
34606
24952
61798
88766
37815
29719
10867
27017
42619
87898
55358
37024
8286
69913
15666
8844
12514
55224
77900
45150
75970
67897
57112
18848
25045
56037
23706
10308
37012
87185
3238
66265
986
40824
58972
48959
90468
79500
37829
84192
71422
78073
4205
61092
194
32718
76967
50364
54279
17382
13876
55167
70974
76804
81112
22751
86350
46338
83699
4013
29058
73505
70398
89809
12942
74999
72794
2185
68417
54151
65504
85641
47439
3715
26139
34430
51981
44805
66239
46039
33080
57664
53743
35722
25959
37453
13009
3272
66074
76931
58845
91967
22296
54465
963
85621
36991
13572
87657
73157
70166
57421
37284
55519
63858
92322
58489
85211
40840
42014
1447
48292
3559
69974
23875
76364
16869
76606
23388
92415
65475
60950
7520
21921
10639
26586
22004
21317
75078
37773
73628
31527
83142
75049
6084
87286
53489
59459
40184
47016
50443
23355
83698
87385
29637
24728
5326
15572
42664
13337
48837
31564
73585
87151
41982
5995
56484
4579
15875
36094
41725
43321
15321
57462
13401
29068
86048
55608
3218
54193
5994
80241
4207
78520
76787
28456
71937
20284
14943
41015
23910
66881
13506
84751
53718
89637
75433
75507
5748
12484
61696
2310
76598
93029
63709
22018
53890
80746
41413
14029
54322
13482
87504
48590
34164
54166
82781
82471
5065
17254
45711
53564
12309
3308
81363
38496
63684
52840
15480
1811
2167
24540
11625
17115
8240
1291
85212
43398
630
75682
49889
48026
17715
59160
24775
49098
78801
37182
48667
19007
17109
31944
82142
33990
47454
84822
11371
41812
24768
6888
41865
48057
37072
86697
5554
18219
63695
27595
30433
49586
64694
48598
58682
27194
74946
26146
19438
69527
25865
15394
21513
79808
86530
65479
80613
33465
33346
42119
34714
38414
48626
6280
11287
67477
10268
66157
55524
51393
76635
48206
36805
33120
23189
62289
44451
28383
40758
58728
17567
92871
88762
11751
16522
31906
17062
13828
87548
60990
20409
69500
71015
25269
65998
49945
49226
74503
32772
6778
21619
33277
19064
85543
25846
54908
32896
59934
65162
44955
24010
72462
55273
47913
13839
84870
7104
73347
73550
36874
53118
46906
4354
59450
90832
37060
41064
6757
37728
12635
68325
64043
37802
81674
10897
83749
1886
10783
80517
39415
45090
3087
29951
72740
47892
72091
17773
46437
79710
2504
9749
68603
84020
50860
17691
67198
63573
47149
79206
8979
67630
24103
60699
52090
85825
45921
24492
68242
50609
6568
40848
27261
7834
78226
52777
72845
82040
81424
35621
1297
49255
77773
6702
80009
19025
44343
53556
67537
60770
39785
12533
59598
87424
92364
32278
22212
74665
74430
87262
64415
36670
64305
85563
50883
46776
60571
53657
46278
25701
61113
73046
61403
48576
40886
43904
77542
30708
76283
17992
13688
45922
17359
57215
32364
24872
35807
48213
40335
72926
57961
35729
2851
18974
52103
55495
11404
67026
66661
62432
54260
9451
18844
35604
54725
34040
54759
55035
43522
82646
1053
90056
61697
58890
49236
48736
11872
20406
86945
6148
58501
45280
57876
60649
75387
43507
32303
65293
60453
34549
63707
37610
1852
53228
6448
18937
84035
90958
82834
43170
32301
72864
81547
2330
65001
18374
23986
50249
39473
92265
18619
15753
34509
86673
8074
53011
17329
28789
41056
1857
75112
31134
45502
3701
15137
84661
87396
37531
11541
93132
65663
31837
32321
33396
76544
1632
91633
28316
48551
31138
36162
51421
74119
91299
33423
69229
27975
79028
62589
68933
58921
46322
30742
48857
48379
90104
897
62339
10772
93144
46561
43457
62186
65521
59731
22142
7022
12387
81947
17539
43174
221
37446
63893
11834
21354
38552
512
652
66016
12488
65135
59130
78808
10271
32517
41720
49469
30452
7441
46366
39904
74664
6683
28726
45070
70384
69149
61520
3041
28818
16187
88419
38963
65716
72861
64945
22260
30413
19437
23623
34273
31959
78130
37899
54611
92393
34570
44483
34981
35556
19090
73827
63065
35562
46773
21926
82320
46712
51199
46387
18200
462
86889
42270
73399
33251
31464
84275
67481
5578
76855
60311
69273
89019
59362
82825
51130
54861
47132
85496
24585
27291
20266
84648
77048
21389
89114
32906
67351
41527
759
22186
31756
63114
22916
87875
60070
17661
75368
36061
25857
17337
64935
3117
5303
15509
88106
5449
91557
53499
1043
14682
12067
28969
63088
36175
27036
30002
68190
8754
7696
74511
86391
83246
16344
28297
62849
60472
59573
36960
14115
42856
71265
65502
83772
33882
21805
48132
15824
82869
51204
2046
24263
256
27673
69489
11126
49238
44663
9086
5683
24851
75735
20217
33674
33374
7309
49110
16803
40515
78146
60867
29293
43814
61714
29183
47715
58687
42355
89243
77322
74588
18420
3253
76435
40938
17723
37906
39524
5453
43443
29334
56498
83504
63068
62414
27053
30895
14552
45222
4004
32422
77678
53753
14762
54882
13938
21872
4505
81807
83835
6924
50424
36249
11118
11177
36913
58463
20603
25079
39296
18078
62256
58424
82575
84843
86295
59770
18926
32060
29688
75038
26760
51705
88564
8394
60318
92033
31918
78828
76550
2694
64917
84655
16419
65621
40027
1217
28463
43482
69673
24619
14392
79013
7110
90498
55730
78925
10593
90710
89925
74805
68925
82632
71603
52936
41076
50936
46444
92397
16349
18593
40206
30092
58895
61820
57580
60856
37244
68138
29125
75044
42153
61814
19253
5223
1022
79269
33944
33918
24699
67070
22576
49048
21350
88252
56961
30953
33916
30320
47053
5676
19921
88455
67265
41625
82314
19364
57595
40813
63099
69494
85535
8194
17888
61070
30205
10700
77042
23517
18960
38922
84379
34933
8586
86850
38901
58998
5770
74651
54480
40150
78162
84776
91836
86958
39795
313
53098
90478
7423
29023
2171
21615
48082
4066
49118
3804
71026
6517
56694
16231
52659
6891
42123
19488
52549
6519
8235
871
6013
54474
35346
18573
33079
47990
35240
60293
49191
16386
3826
63506
68949
37152
56280
82481
26561
11689
5938
51061
18575
16547
92696
55481
60149
12351
60078
58984
22338
54439
71089
3521
30848
70065
76715
48911
1406
45867
41663
83579
34390
63485
66823
21614
59811
57414
52469
67134
6927
5781
51980
50827
54420
16400
91767
79609
65320
28817
22640
57444
68276
1965
9197
59876
2787
3865
78127
64728
68640
58163
11622
77938
55999
84582
42842
78637
59360
9181
75258
74929
22275
47530
16413
7024
40127
82718
4685
17486
14311
29788
30656
34847
16051
60694
42163
16408
29744
54782
82415
52154
87822
74171
23604
71046
55225
80236
41131
92686
81618
21115
25271
49730
60407
34444
25144
18247
47533
62983
42729
2891
253
44949
79452
51889
2807
28467
34507
55500
88841
964
70050
32366
70038
33999
58158
49820
88365
85442
55023
43500
39490
25303
21056
43012
4248
67292
39523
51669
30784
28163
30155
48833
69705
57839
23072
33772
57060
45903
69328
85939
63659
60450
27247
27144
90663
84248
46448
29245
34065
92173
46067
48530
22992
7168
10340
53573
92537
39948
71245
50292
24418
33438
36848
12944
36955
36010
76294
45645
24957
73571
33407
41020
35871
63890
33382
59525
89174
69993
84880
6946
37102
23011
30336
40535
90903
12042
82581
74538
42806
13600
14273
71722
32489
86618
49814
1668
