57.383011833935
46.0960314222367
32.7236327618769
43.3529716024637
50.927991748064
35.5105648170759
39.6188339689647
28.3870160000093
38.7871738263368
58.311085846744
28.6446940873772
52.2806877142297
60.8543909676515
64.7345299100849
49.2893406152529
51.6076859270333
52.4551362773862
33.9765248459188
52.6300725537624
37.1997380214979
40.2604592528986
24.0971917518667
39.39385523526
33.124676323519
27.8082576389086
28.7367302225603
64.257428357776
31.1467940375382
57.095982397172
46.4123738620581
35.4516842712278
28.7674727901249
42.3790191979868
35.4306977903505
32.1456551303664
24.1749761279605
29.9425777436354
41.9506440768682
47.6155577230151
73.4249358397681
44.2496064768537
53.3293933060022
53.7177201284216
31.9637837329173
35.3549767655615
29.066890816764
45.9439812364783
37.2953252478176
49.4471721962976
30.7077556473848
34.6085313719831
39.7793332598398
43.8749926103011
60.0021393348262
65.8802789643774
51.4971604432913
43.0621678922137
41.3924514135816
48.2964955340784
54.5768105486172
32.9006140329041
49.1060639841757
30.0435004437287
55.7143019266434
24.8016704241589
50.2496142128274
59.6420256440086
30.4014044450146
39.9182236150347
26.5799485455413
31.5567597482284
53.6930299799838
47.2569424963088
40.1832856722766
28.4057590884094
36.4771224262574
28.2504712345037
50.8763362711035
52.0025342737261
42.7242496592623
62.4756714990483
27.4305238505183
59.2038519397837
34.5678709635454
26.3016507343096
28.5531999222042
38.4186554406766
53.5795412842866
57.661695045141
62.9521655569398
43.3676708230894
40.5734153528914
56.080198713592
33.6527353273793
52.3273940650604
43.5106230773028
34.147277152029
39.2226216318253
29.3074774958728
51.6881826510376
56.4724496792103
50.9171473092034
45.3230856133303
51.0773472143229
34.1793063581258
46.5021251829601
68.9550689119708
44.9124316339095
39.2629179361251
31.9827833295702
57.5750207186781
43.0135533075381
67.2758918438167
55.4015659647399
42.8228202870375
25.8685318775906
48.7962456537961
33.4588576190193
38.9896399829631
62.1332925587657
51.9663895153839
33.6743392609227
48.7717893157284
58.4617472681947
40.6143252864886
61.1638276322847
29.1619598094032
28.7134067366459
36.3983887990881
45.4153944975475
41.4652764725397
27.4654637283289
61.3391365533003
35.0853202226669
33.3355376479132
60.5674508734038
57.0447521655175
36.0899138395122
26.2055283070636
29.7923780367245
50.1984656767059
51.462848973509
30.3378654746426
29.7604151960475
53.1141265918054
60.4889477473644
46.0218458364844
51.464289088297
52.3019057286173
24.6445569605905
56.1160180429851
33.2213922755195
35.2189344611527
29.1325691585896
30.1173956443468
50.7611837819428
27.0256669798251
33.7405209333665
62.9977973879934
47.7441997126264
54.6242960779385
55.8095642774731
58.7606579436011
57.5192661293351
32.0367710898222
27.0355042257981
29.9882929722366
61.4742900203098
73.4263967697554
53.7035518700742
32.6334043937261
41.5555466429367
42.9095355790192
29.5436159796885
44.3808319472915
27.9152721822719
28.8983088710348
54.8470059035564
42.9514589295262
55.1428123869945
57.8378844173513
63.636627629888
35.2761648574684
26.4727995906322
29.0160524585558
28.4969997518972
31.9851369091927
52.3904941124164
61.0353871774352
58.7217137062213
25.2406637279567
36.2950571149773
43.0891776344842
66.7196621511265
59.3774366235145
64.0983757961213
34.0065203178177
57.7682612087379
56.7565581653326
62.3588443352539
52.291310902779
39.486288276682
36.896597663948
70.6963815902642
64.6358709304471
48.5568313306118
48.505228676447
33.1658016866251
50.2581784204567
45.5944697401976
38.5383348357024
33.5008278299479
46.6428050360385
27.1792312977554
36.3692352197
41.5557708558962
57.7980148184914
66.0267209815732
26.5191894490947
54.7965344781177
29.0186153972795
29.1680400229589
45.0624301637468
35.3882116174581
46.4717479517722
25.693553518986
41.5660731149384
60.2657714734566
50.4728601784572
32.4579522155624
42.9470995683764
50.3267404748307
35.4177485412378
27.5059079426669
58.4380202927405
35.2787130138264
63.4805884652562
40.5787194727308
65.7721353891047
45.604770753618
24.1116337828988
35.4942302626295
60.3520292177919
50.4495777410921
23.7431723283349
39.5007014067586
30.83762737713
36.2308793399946
27.4677232439218
33.0487581989542
44.1194386922231
60.3758433855198
44.5326481200408
52.648438722872
32.3434760354835
45.061774616281
32.322433527824
57.5794529607728
38.1925334805055
39.9498052274768
40.1991367026535
34.1909271655127
30.1124972737823
53.9520746057896
57.4920760155688
29.9391523573468
58.5370034543535
29.6095461494759
38.4788598599498
43.5375666555266
52.2022486843488
37.9387404116158
32.0926797910919
50.5202953453917
31.8006384303904
30.8040486639879
25.8191602909458
41.1994375480123
30.1197163986045
53.9778781800148
47.3940848377434
39.3583122665124
39.1445771299357
37.0866118705465
29.8060211019428
46.2096416805611
24.6866141732678
40.6008086882334
64.4579118224247
64.4199018536164
66.3300729451377
35.2991678956361
60.9639149931469
24.5335854434205
40.4120985912344
26.6780111135574
57.0294667657755
73.4821078899843
40.5032972366099
54.5879780868618
49.8185803079633
32.192425323226
26.1551951992471
49.1115304819306
47.4891394352109
49.9925929699358
26.0104188989184
50.1142946203927
33.9968237547762
48.3863627253206
37.5743566471807
39.6117868579783
41.5321394380977
40.9390286107075
40.3313652270361
50.8760947651204
36.0546497843119
60.7526176614456
47.3978884288882
75.9578498541064
56.0712677633654
28.4681507790124
50.6171463504919
55.041985853292
33.7947993616344
49.8653149796787
31.7216938723489
29.5274343447511
49.50687924969
33.3041738829384
37.1959442098803
26.6219978000323
53.6419161897279
61.4830821332177
45.0823232830715
31.4919274109054
27.9885285214748
36.531842489384
51.7254080587272
34.2481569316231
41.0993448435691
61.7798278857492
29.6823077932879
32.1199209768266
60.0702772245764
50.5713226349203
26.3141042575327
52.1435075402014
26.4773795955319
31.4739474118032
44.199200143846
54.0922876537483
59.1456572749205
35.7557782903648
52.7757158905986
42.225658008406
56.1133023965463
25.4093164836227
38.4151202529899
35.4469051135989
56.817615965063
49.8106291489522
62.0048391823965
53.6726750622954
39.7739182704605
43.2422407604674
35.327592846934
58.7612403414359
53.8563980866704
25.3413844088924
27.9158413050948
40.5889170917305
28.7506160634683
73.4344827872239
66.6202237595551
46.2670605621718
68.7435469572627
61.4090801823404
43.2211782516156
38.4375596932068
60.0960996329059
42.4326773583955
33.0257231699892
25.6046352303667
48.6861882478467
58.2130776181058
62.4361394654427
53.8229838728958
47.5406284405527
27.2613897573671
46.9549798491255
41.1658140870395
33.3303648295812
68.3208521107885
77.6504302222375
53.8933583022547
57.6886287113245
65.0776337827353
46.4211841879042
30.6263694561674
39.9664070251083
38.1163062331874
37.6894743817786
52.0346039911742
47.9898609036024
39.8232235228443
58.1815013815276
33.0232961023428
26.6103541869296
40.1119548260696
55.0078117199501
25.5028975893387
34.4334952069026
27.4310890503812
46.2723264787656
64.9143686208569
54.8968773724837
29.2036043417311
60.6420326819019
33.9356394613901
70.3055489990578
41.5054463899716
35.834835243084
43.5703923127892
40.0109241468038
50.2059643294481
48.0472871235522
43.5654643575531
45.9209864499046
55.0813075000544
40.1846590263531
64.9987754385633
45.0825147771006
64.3913655564952
38.2807799431581
59.0664246758233
45.8375889417057
32.467628431564
24.003265367079
48.5179844356535
67.8747601853543
66.7732231441341
75.0102192416061
42.6497163350313
47.9258641335962
48.0006609923834
36.9996454646437
54.637999488253
27.5383086653849
49.8894561720236
67.0001268048217
41.0807023672727
33.6370259631357
68.5328153029672
27.4152318013742
38.4870579048428
36.2301063130744
28.2330264110096
24.2893364536131
67.9119268748413
55.448825675791
38.7297840972951
30.759669832575
47.0806184259392
43.7277859559279
38.6215791657735
54.4718165787763
33.3335829748539
38.0275142675759
59.3886124622072
65.5759488166971
33.4278631754303
32.868142881628
45.8174051065218
54.8786699601069
28.079305827192
31.5240011517634
35.3229398741652
39.035275834454
54.9913178102722
68.6112798107138
47.478025838022
44.9386236648565
60.9929509325999
31.7301445661938
56.8712580950221
59.0490796676925
38.6077777774737
43.9666486231723
54.1771967968472
71.5216839654336
50.9088269168353
66.039219244514
69.8944220089515
36.5737384249445
54.4660381259148
48.7209889777105
57.6821819211571
58.8690709329733
40.0869109751628
66.6677008092304
53.0115773981459
69.5382499642884
65.0986028944305
57.7001802499791
52.0584917705214
49.5582567236901
41.2517457152074
28.1453087400477
38.5963288622488
53.2024510815121
26.9158066378468
36.458226912294
56.5451507561039
64.4660443589977
49.4172417399799
49.8870053045599
36.3404437567236
25.6720650744976
58.084920932939
29.9013763677156
61.4598400033538
43.4706753642306
58.7713218585312
37.2118321005555
53.6009255566551
34.3332734360962
47.9761803379223
58.6184677277005
41.0537158727247
28.8828836665981
28.8924904453802
31.7491711470744
25.3729123341532
25.3052167716489
27.5979300193636
53.757473564556
34.6315049280265
40.263173325857
58.1038950955268
46.2556248583155
55.7225277667194
37.4770997791275
58.6500728429858
51.2770067874804
68.2915320570276
62.9958833503626
30.7059524769689
40.155558197754
50.1933919609631
55.1905475421928
51.697662902486
27.3632521106057
30.2833320640469
30.7618987373606
62.7021453220405
43.6863582485891
60.9952083221214
31.2377542624853
68.7306077432448
63.516190965026
49.3230736349454
26.2765955774547
59.6837949060065
27.6390280701438
47.1989699347567
25.0270916607869
28.0232711651454
27.3987861095386
36.7809040773746
44.2527524845197
26.8852240017534
35.4182008667887
27.9469851852298
29.6883748604187
68.6854105717064
56.5150667259986
50.3541968796202
38.9270233939881
61.7771707909823
43.4812169746886
25.8455837211979
63.1065568790913
51.104179303447
33.0642793227623
65.3441510999051
34.1544898880109
39.2221826410466
30.5084381036656
72.7572313774149
41.4889829832576
36.2116519143129
34.5514991123073
36.9717614863449
27.3386318628828
27.7327424574636
30.5993099919227
30.7798906721666
48.8541880124676
30.1731181121979
50.898610091699
34.2235510154519
52.0772903234203
46.9207729793024
39.2392759065914
54.7992042728949
38.691433125984
42.7526949260075
29.8432131240173
37.0569736380546
48.8958345033173
63.4039806930007
44.0469196065321
54.9435214735379
54.0055723181423
39.3275231182922
59.0971885448459
39.8008265697967
42.7392946012168
46.31015949774
31.333360487337
41.3457607277069
61.2584810418078
33.129828940269
57.3437603948536
25.9989058683775
51.0667327048392
31.0620224839857
32.121054975588
43.535784610277
56.7076459961589
48.7383347453021
72.9183567231975
55.0304693626246
64.1241110130087
36.0636951540355
27.6963653936008
30.9248502716497
47.9064741611817
77.3141047979367
58.1741031193419
35.204197845119
73.2834955601248
60.2832725561742
65.2996027710101
37.0191338294315
41.087022074243
69.9628203377713
72.2362075278326
57.7918368905913
43.729851095253
26.4473007105815
42.6929227823398
45.1541600959719
29.0667252619436
70.4123799733736
60.6022525740755
57.317606952648
32.7845329056747
44.325008399539
48.1931000284633
26.5445014675571
36.4180573148487
50.1438996704778
52.1383220684344
38.1002201874076
54.8156558422274
38.310830762469
62.2201213056097
50.7373875864144
43.4910598964773
67.19162959121
37.2840241720385
60.4465219811196
45.6874255316659
59.7432319734627
28.1150416473579
68.6884844835983
54.7169641297057
66.8059373883326
48.0599270033599
39.9974306590866
65.2257687133799
30.992908889869
63.0362556427004
26.6810815206349
51.3972616839577
24.4286349658277
32.8801602908824
53.4771957050001
32.0636767266344
27.4457700653405
41.082216829418
50.3886517182891
29.8174766483589
49.9375027997413
34.7835869756912
60.3897361130264
44.6163768569034
66.3201742322335
53.6617993982302
46.8157057181763
70.0663935919974
24.9363546252332
57.2358058993348
29.7455160559698
39.3810110804765
57.2466719691173
24.902041919298
28.0562575770019
50.6758455863446
66.9256650685027
67.3019921013104
36.7355803864346
53.2756543287359
43.2383045085852
51.4397342858295
66.0689795102416
51.7982423165202
30.7198585780118
59.6784797982784
45.8686648790174
43.6013267332921
48.5467348187692
52.4971293771893
53.083900073811
43.688402768977
41.6854805300623
46.6673473933977
25.4342116800718
59.2914582619231
26.8847746136094
28.9746300920394
65.8769512487851
37.8794338848404
27.7105782962265
54.7990626814184
49.744549252671
45.2565808677695
63.058048777967
69.1956174802017
68.2430601802611
60.6192394226902
64.0983350279817
31.1970534472974
25.7921190273901
33.1638964296862
61.0008233969301
37.6415396882309
47.8796731138535
37.3465303963114
37.1053636122651
32.6216230655562
35.9405577891396
35.9816670636293
34.7917216987732
47.0317768357879
46.2142858500815
34.2991837275664
27.3697334302246
43.176370993953
46.9325741475936
28.7860698913347
61.7134863764317
55.0988220285297
51.5070776580677
33.7466451816475
67.8007575572123
27.6066085514082
48.1278315385593
32.5375720296537
49.4894138644715
49.0113033128817
31.5234004095257
53.6488081389747
36.088672511151
40.545245621598
41.2864920519737
46.5429893799611
41.0109693078982
38.1984567496341
53.0764530552457
40.7327733209137
50.0691170375507
39.0858538285305
28.4101196258762
39.8374822470369
37.727150129821
64.748203187046
50.5542195432878
52.1140746341196
59.423115612307
70.1432105457077
44.0682988919119
63.4123240771595
49.4089570550402
25.3746651999921
26.5042304031101
52.2971391782738
72.5473036184434
43.1111089949415
61.6386018384576
47.7817338638852
35.6658052682274
44.3075307891755
40.6872364401237
26.7941441660718
29.4061333187517
42.1608278112425
30.5307694223074
31.0894761948658
65.7810644832178
60.8097522216455
50.9230119897078
56.8634007034258
34.9318733505345
42.1951953163491
55.1385888399662
50.4084522217963
41.1930689923475
60.5178279631666
32.4722287404916
33.7426853778332
39.5965831362878
53.4249373558072
26.5831946586478
52.9576265028863
64.0996695197299
61.5874894492554
26.6437513044437
51.8470401713499
67.0714367872252
50.8914192014109
41.4294767329096
35.9181239625549
58.6258698063259
54.1471390433109
36.6994125605477
27.1967493087352
37.0575253118966
37.7730920867629
36.2800594270354
28.4145917856218
57.3724715149174
60.0561386151448
35.3675570569678
26.5971956983334
34.1562287818775
25.8674946296353
47.9187522099663
43.1411531777755
44.5268058144857
50.7605339856764
46.8771160661281
27.4969632804893
37.6484331073624
41.4316080509706
41.259520200698
47.4664186571422
37.5036979324383
27.0641616870182
34.7873006662957
36.909815844796
35.6827475674378
31.4301520556065
37.2196969573796
57.7079152642229
37.3683723436606
28.29834884976
45.9526672760787
42.9091975002399
29.5400968075508
43.3321047145665
32.8873900919686
70.0868637519531
41.2401349438272
71.1533120623824
36.9394279511851
33.4394594338242
43.2416326822973
34.9364959185382
42.2524853867189
47.9886721026765
33.1881889495373
57.8745444609777
53.561162465454
51.5081735119278
35.0501574036528
33.5764714867748
57.2315823587852
61.8874578064476
38.419844992588
35.4005219530265
39.7281756361303
59.515653345181
45.5504547745313
70.1369287820404
36.9367723617257
33.19524190906
60.9653743571468
63.876866579873
24.9943845124076
42.5662040666706
45.0863446085697
65.636772355122
49.8796967725291
51.8961648862592
27.3175443541054
56.5099930496792
53.0837626840733
49.9520791961627
44.4370899065438
56.4099416878581
40.0010102951531
54.4428387019868
42.2039904790118
56.0145107113494
32.5611563576342
45.2492744139251
61.3686143485519
31.0964803845445
24.7520280920871
57.6075528110074
60.5176384665653
36.1525483781063
60.4406417763473
40.648174748322
33.0489029942782
67.6657608683869
27.2604532910432
47.6541719188003
26.4251098850878
37.0326877796041
32.774664793242
68.8955428907971
44.1010478447201
41.6608391866126
55.1789815249601
63.0178523311288
58.2996512279648
29.1251301808418
42.217521118874
64.7693262417692
29.1077477099854
59.084574357388
56.9682121775828
35.9831117978636
49.4258198248892
54.8041696424669
29.942945944279
46.4662224912236
59.5553852917118
48.1976309404608
26.8506208966469
28.7845163253586
58.1412464317384
41.8296076067053
34.5838316934434
43.7450655654593
67.4641757821812
32.1967786032282
27.0395746889274
73.4330697794389
62.1446502047557
53.5833968184405
63.6852102006971
60.9821151479386
48.4546037280672
33.1688736827777
57.5479774420543
45.6526846857095
42.5860090125795
37.9127215290149
62.716688846231
44.6878601133313
32.929890709619
68.2088706026694
33.5548155945274
50.4902913831516
27.8978784805689
49.2055637970626
28.8301649484973
61.1589187958565
39.8473808673465
37.274077512751
72.5030305140078
28.8806116015772
27.3835172089381
60.6932731965979
26.7872423407149
49.3513621183163
70.0112261580869
58.8533993350232
46.729441536225
47.0606647717235
42.9925966202892
30.5923057821358
33.769358621185
50.5869623658637
25.1555375241126
51.4411439353921
70.3765135891125
51.3592881519907
44.9515794654207
56.4122857319177
33.7139533524004
65.4078263103444
30.6033441396989
45.8775023763214
39.4520256348837
51.505746111015
64.7774300888989
72.8051017161828
66.1677524451289
50.6225539213256
54.1175778999645
52.9789498149969
54.3692701823248
51.6114094865684
42.8482463004325
26.334938907856
40.9099479642437
43.8011223646786
56.9376528134286
68.0666877086933
68.2953283344093
38.9803314190961
48.6722220290216
28.2119055574501
46.0605778843397
50.6882243955949
27.4743805723888
56.3756431949014
46.9922269885185
30.3284128045236
29.726954861038
47.4787177631448
69.874444078558
32.9861135355603
43.7377685848868
41.6122195794303
29.6628413391792
59.6136221621855
59.4682696483844
35.604883454038
53.1564616223591
27.4957185473378
69.6838535301123
41.56545491226
35.3973091128721
25.8718995783328
37.6645369943929
27.5419095864835
51.8074514666281
67.2566962906488
41.3423808993829
44.023534699068
47.7307149248832
51.5218444893475
67.5065052256174
39.4702483935041
56.7428391784172
48.0409875595687
28.1814495610744
28.5212611436139
58.2125850849551
37.0499131346663
26.2199672519374
55.2462255336314
34.0392735234915
23.9733774851883
37.7959902942209
46.2817602204764
36.3396043889053
63.5729971972747
50.2346077451376
44.4961832190907
53.2707605416273
54.4952682371392
36.9958478437678
34.9575934221672
37.5531566521431
66.9417888295016
41.0409181214867
39.8015375926406
28.4756807753697
71.7906247754115
25.2228692304384
41.7738317298793
58.2170511216333
30.5283916423507
28.9120278257654
31.4837857290142
48.5583424294744
63.4654946091426
28.8103738415301
28.6181066668362
60.7846995071094
28.4818359821363
58.0041416383557
49.4649585831633
68.7299496572615
27.2348928954244
69.5575195967748
29.4879825605372
60.4949002702791
32.2577392283909
32.7571612399864
39.94131537323
47.4947555525519
36.3863801370185
74.3997241428532
60.893987272031
45.8406929102936
41.9630808372814
47.177548967366
35.3831610958346
27.9412871769544
27.7499587421689
67.643946891597
32.9719755091151
38.4811418280841
36.4186745558891
48.9216466395876
29.5492748153137
25.6161219124578
27.4871854394198
34.2716027161626
61.6997593406124
54.0103585589353
39.3588438402044
30.7971546323276
50.626128778479
36.8965312231825
43.6690460104695
30.155728354931
72.1945974877979
59.773064908368
43.7556626858297
69.7724373819738
29.8486078385173
26.2247170242628
35.3904137267749
25.9771737612006
63.8674708708439
54.182352217327
47.5657061371229
66.6055353358336
53.7618139909751
25.3750923633149
52.8510592938071
45.7095016707529
34.7458854375844
38.6403209346051
69.3981134810785
42.6626612605206
74.5971994015259
38.5758658289507
34.6790851143491
28.098179576847
55.6774783131287
35.2685546071534
44.2742242312582
52.0269165383308
43.5963337364454
29.413869495545
72.5447940342529
32.8981854721102
59.1808667328047
43.3226783914358
48.7226858303372
37.0790565674164
31.638319663566
58.6938361776015
33.7901712670956
64.0665782800261
60.5413558005048
43.0364715433714
70.3214281455671
46.204230139269
57.246004302713
40.9640202633886
53.8000388141158
50.0394054536322
45.9915577321292
55.1651042758551
34.0127133132326
33.6301702877834
41.6399683821993
31.883177060512
64.0418085475247
38.9458386268868
50.6992457275382
44.5597256209369
39.5892159898513
54.8688316051217
62.3116172652584
41.8843369163157
47.4950544750268
46.0490131432684
32.3684480694988
27.5339555154282
53.9551155201898
42.7990132737012
65.987844742725
29.6171216885275
37.7097744783645
50.2839795834679
42.7898662193674
35.778304858414
34.1376991521054
33.2094320496038
32.5912777694218
54.2557661237712
38.5596901573139
39.6115615653357
36.9657051301048
25.8989412320402
60.8047353183934
42.3973903907888
30.6268528069694
35.1234524606853
27.8808560640956
25.3484120668938
60.3544922017013
43.0115917495489
46.3394173450887
65.9069877569072
42.2885302415718
63.0303589651028
50.2067217931147
36.3667254375739
56.4075736375869
31.8707951967384
51.3344111420066
40.3161786583521
52.2861927080182
37.5382276894668
42.9754731597787
45.7974317506748
40.1090924592712
30.8680926100484
37.6531579485744
45.9654044643971
26.024086643188
34.0286544338807
47.0241092698431
52.253624267174
71.7726481354307
36.1171000904515
35.8055004119275
41.1165273128575
28.0833875614212
44.8618981404599
56.229846616174
30.7300618939418
58.8905744082899
28.9341526073086
42.9664685483675
36.62147544029
50.7872619072148
32.0977230439186
67.4569293468365
55.2853482888448
51.0307775520996
55.6115958846174
64.3181642158119
37.6751993813175
45.249260348816
38.2287004862573
45.3534625448836
60.7007239307545
53.2959597060611
62.5722821352072
45.5537042073162
25.5126244092297
28.5241637608825
55.3544248100152
60.8814482203129
23.949233450659
62.1432866365577
49.8970452344705
40.9359702812374
40.9183620205489
58.3947301525491
51.3642285022552
34.9436800738458
50.3667479770421
41.3421289570321
58.4150521465234
23.8045629817144
62.3907696035187
64.7591294166589
60.2715141472482
32.3227865479861
58.9002076616196
32.6612152287171
46.9201436362125
31.5811616245638
24.8510891428463
61.2399076993521
37.8630019356818
53.9407193793377
32.8382443688439
55.1203866717833
29.6315219656743
26.8358296766966
32.6449039529879
28.6765302785442
53.1969772519776
45.2131773120047
35.7028103551689
32.7499224568084
27.2068431148828
60.5885324647642
38.9866089036722
55.7017896586945
52.405525748724
46.2074322246311
63.0431310574187
30.0117329048264
41.273001951597
37.9546706670848
45.9937624128689
67.1924023326314
38.573692878805
56.1758848747205
56.6598966772982
42.7459021846092
52.9243845616205
58.3663324091447
38.018185199023
43.4864276699816
59.6840298898304
48.0679119451693
24.6769521624842
61.4307013926507
57.7713018262551
29.3993585364708
57.3377025407248
44.8847003899418
51.6332024248881
48.1387639430703
66.1246536534003
63.2614559829496
67.2942357829075
62.3689414969419
25.6739162562973
51.5575300879674
68.9229826677505
40.9860378145765
65.3136236349295
28.8702439162646
30.2775284860721
56.8199528044727
57.2745783586486
51.792776175367
57.8610520181309
27.8544138330618
64.8042268296827
37.6759388955342
32.1456148341331
46.6703012972169
34.610891623456
45.2058450717852
67.6466879701393
27.9325186622537
32.9675334964566
29.3793587721197
31.2953260362131
42.7953459982793
44.0777087007959
50.3279884761697
28.3095970983391
27.2448918247961
53.3752599654679
50.0458409461685
64.4695069076698
46.9659966079936
40.3650279430881
66.3331956057118
36.5255386211992
67.5406106931586
56.0461725639705
35.1378924413384
44.1081713650926
40.4726756887289
27.1236977296988
70.6537601288184
48.4539125236207
74.0249413643161
25.5405405494209
40.9578414902396
63.1112784931828
54.4478226274399
28.8570586019787
33.5425918640075
44.4704662851891
30.9504903158855
59.8792138450527
52.9033972457578
56.1993003168429
51.3067620245252
64.511697975231
33.854473714697
34.8489047590466
67.8424662463003
45.4488663289913
40.0339518661774
53.7551677013594
27.3773242154706
30.7875517610147
35.3897930529539
33.1610431465598
52.7321242149099
32.4539422534611
44.5672898766403
59.4392290617244
25.2177374483004
43.1419119293764
64.9727934971598
41.5057363497938
35.6821130553883
63.6974037915172
34.7760069623436
31.8378922396642
64.8922492997787
44.1840082102057
61.9405157263516
48.1549099272299
65.6991540535641
32.8625745863847
35.0328355037184
57.4455033647467
54.8588344874776
69.2800516781878
32.0282013745199
36.9332709096144
30.7547987201202
25.6218342403008
40.4551277410245
29.9814493789314
29.9948601837018
51.6124374168511
45.5676271892879
38.7498500062426
26.7251568179382
60.6144067922519
47.8479456493729
50.8152373820922
70.5664425223389
69.2264626462524
56.581943725595
59.106841214624
25.4910223570693
61.7821380485359
28.7170973514926
30.4032845960192
35.6197287844919
41.5043967803313
41.4501505748041
26.7092193821552
45.216075103433
29.1038102057609
54.088458496175
62.8223804920264
39.3368463237696
50.470739666417
36.7634406211159
34.3480231696347
28.4465785940963
27.8929088588493
55.1137490241448
48.5706301994624
36.5355658823453
27.8531031794035
40.1316114500155
34.1838650888107
41.2597866502741
25.9418441447498
43.3266640206072
67.5832161495518
40.1729489725969
46.1119277889831
50.7654332316912
62.0725743118343
47.4968907643626
56.0260906781868
32.630295352814
39.00981823474
65.123284686395
59.6938579831175
53.5054886392288
42.2468573311319
65.0790877127604
44.3431131163074
45.8258397336462
44.5121194304375
63.9207985049128
42.7566540611282
38.6447807828523
51.1388993871418
48.6399088848828
50.6813122115976
64.1853357552776
67.0632010388866
57.9012279905582
44.2478978761391
65.1969699074495
43.0150622114127
30.6360292906417
39.7217248523309
56.298268669569
54.1881503624518
27.9562453321557
67.7529545273397
29.4889373855114
70.0132789580217
42.1929089730235
30.746349744669
33.2442422679027
66.6390533542178
54.1693741469355
44.4650572288817
35.6283664249032
74.7192996602343
41.2113886584024
38.7312274662348
32.1557467557952
38.7296490780636
29.1910430987465
75.1693861187934
30.5065788669863
29.6666352338111
49.8606884345815
44.1072481325003
58.871955449125
43.6275669276672
43.2431388262104
38.6017475073301
33.5240457992623
34.8874981756949
51.2811662702459
63.7686782556414
45.3135414361665
65.3118380715986
46.9210444235661
42.2899069612842
40.56694014718
40.5801427110138
29.3166318110485
54.9701853447231
64.1831351077556
33.325233754598
52.6801279553092
43.9246575899708
47.0558180287559
26.9845655915209
58.6177721084692
54.2396199878465
33.5871839212593
28.1258203044699
49.3138474070778
37.12349814161
42.8535198775927
52.0799044882219
25.7403134024745
68.2291648727448
46.1799471869181
40.1014920337761
38.5668167988589
40.047275856902
31.788855835325
64.0784887109531
56.4141104537297
35.2961038753573
54.6171916425115
66.9557181459198
45.1567726452146
42.0995915692219
39.8398872017934
53.9247024285918
28.2624009793753
67.1944572594741
57.1482294360586
48.4171428510491
45.4835235003093
43.2664455091495
42.4097262173305
50.1525796013289
60.035196746536
45.0297793031547
47.5857980732741
46.4032797346438
63.51635923863
62.7192345838194
43.646561429987
40.6758239193821
40.6092987705546
48.2188008938978
32.8516665624609
45.7917032237882
54.9968111114294
38.1597562180339
48.9847180740566
30.0625447373617
40.0583533932139
37.4812497344016
59.3266067247734
30.6907134219698
36.5787191850111
62.63976222677
54.0021169498441
65.2155019030518
66.4946467493836
35.4575136639925
46.7390112224811
47.4072808883588
46.9921247680876
26.768535305299
38.5424054655365
40.2137626434276
30.0812516356154
46.6085285039285
49.9536439278187
26.3557240868493
36.9085988266894
34.9702820699157
29.9092135519866
48.5457315826656
57.1733913470884
74.168724059935
35.784422963898
50.0136411572013
46.3440525846178
70.3803346680914
40.0507720526436
38.0291245573385
32.7308167601421
69.4288238672712
58.5353879802575
31.1484916550858
35.3097365376766
54.7850652103789
43.3205921410959
55.8301671048288
40.9712138325597
40.0545157197757
42.7726599687246
35.9341663823053
32.500584659927
37.319480692177
27.5687050016887
28.9701471509725
32.8254229058913
43.3754588116109
24.1183581362988
26.7267969483444
54.2942763641621
36.4638115579189
33.3070801625097
27.7837860971377
29.7283960140413
28.1158174757604
66.1514757146507
35.9934596436141
29.0633900437843
44.3519665985759
50.5275018577935
33.8096581528999
58.8786885342145
44.5993858719471
36.3367377819906
39.9384532048186
28.8207208577296
37.6186004997358
29.4582136302851
54.8274286200047
38.2835651824751
28.1666706995481
43.8061436590975
56.31070632238
27.7078827254342
33.5584775846529
27.0306850947231
49.978603007547
54.9772225772749
36.4683632251857
26.9908477904541
38.7661532226434
40.856461732503
37.7699078380062
42.4228417288478
46.6238038196569
29.3273184190779
60.0035603579562
45.0891687896399
59.7660560938556
25.9571420507653
36.0784049871523
33.3580123263619
36.6551251655814
36.5162529553522
43.9539017808302
28.8926194301391
41.3752264552129
43.6339511391536
30.3466813600085
36.4664098889173
43.6349969934933
34.4777299466285
53.5318310830895
61.3808942276284
34.0347773519367
59.7320312618811
66.1282968838626
29.1488527694718
49.6690299529554
27.5394383576581
25.2247250640482
61.2928193097757
34.3225325287812
33.6556698872137
49.269376909474
35.497020357557
27.2304392187408
42.2313485288065
31.4226550776064
54.24404373038
33.0804136572614
37.738133163145
43.7664646238728
52.1459247348926
32.2064543690667
33.4156143432178
29.7215611212669
37.377973977157
26.31098137977
28.5292144260811
24.4618007639925
50.4948783938546
49.0567097168561
45.8270202519148
29.1761065208793
28.5515279617549
32.5274507006046
28.9814051461855
55.920210172362
59.9668251371831
39.2968586474426
37.3279722803283
41.7333016858304
34.6389749001154
56.1286140664727
71.5378072865096
42.0976936132683
73.1689323109409
46.7229828369965
40.0666564916433
25.841427739421
44.3512720214537
50.1621638365853
25.2050844866289
51.1490920980271
39.0534329248253
70.3464009771618
41.8147133669767
63.3605383776681
52.8902248002996
53.5450979003397
26.1923143093836
52.8172166971599
39.6987541993741
37.190086900405
43.9590888235881
37.7941660816568
69.3550544501175
28.3826890009193
47.9779432296175
65.1533941509552
27.5187955805566
43.4636761424843
71.1094323989808
43.2664655105409
56.4769021523325
51.1630980172844
27.8413356908281
51.9031437465774
67.8722483828026
34.9858426598706
60.5712914322888
30.1607211225103
44.9292159724921
52.7074745241354
54.9298261438261
28.1172705539224
56.4557947945076
66.4678951572556
73.9555512925498
64.7056449740261
65.5829732976675
43.1405935406697
28.5099313593009
57.5096788400581
45.9671123026118
67.6503240873541
48.7172295172184
38.3899007572324
53.2618843028939
71.4796216684422
29.1688783653389
50.6723590734571
47.0687662401063
50.501040903027
32.5948666168336
54.0561908358147
42.626417550078
42.8663362032949
30.3236318091226
56.7083303121026
29.2984177558034
26.4465814786298
54.7006114992629
70.0106270024797
45.4980562841127
36.5706794423381
40.5315807094009
48.4828012834029
56.7433542181825
58.9994154656536
62.4420763313673
54.5841829259285
28.0704974283157
49.877848907989
56.0042440684415
36.3682692578335
27.6255594815267
72.6206273774778
59.3066200750549
40.1556732446803
31.0615646445687
34.6910249813053
47.6737929640995
43.0958841022039
26.0938360913294
38.0457076989148
27.0891793496445
35.0249688879828
48.4210783901693
40.8529962000493
50.6656708979658
46.7549053755986
37.7194535250872
57.533867655615
53.4565886519082
34.32872878288
24.0715352380901
32.6852522916389
42.5682210957067
53.3622726179523
52.3207633258359
44.259430886356
34.3748940602348
58.7950267838727
26.5970498221232
39.4623163826314
50.716451168246
55.7249391826234
54.6498353491094
46.7922718968873
24.0381020212239
25.8272777062085
54.3717334515821
29.5737840652824
57.0983619507253
47.2918402716441
29.4418922050192
61.4936896614418
28.5178294461514
58.4718986776124
57.2916536339157
67.7978108666851
50.3056389379348
45.8296154180912
36.7097303692001
28.9124823365517
48.5364381971588
41.8447204974088
50.207590838985
34.3129657913909
36.3563449465052
33.4861714628308
27.7026870134069
28.8912029832721
53.5104844320279
68.0939543548325
44.7666348780114
28.6776524549213
52.3941217719333
58.683254910948
49.6357538178518
32.1253097830708
30.6562493913094
55.3218397213729
52.1809761469275
65.9329147323441
26.5693874273436
45.3102488805886
51.5402963324045
68.497695467093
33.4323936185489
45.7379862638667
49.2198706037227
48.7376307137502
25.1188576011204
63.3811084625692
26.9640451481793
62.6626186101754
43.880445405685
45.61792704205
52.5308971283795
56.9660722014312
54.6502984010768
28.1475138446874
36.9232454808166
33.8904243243555
42.4595287605583
69.832423622454
44.6863286598432
35.9079372348808
44.6536087866899
23.8129584619498
46.0458540860196
36.4915477337734
43.8759191951143
36.2933873942246
31.9175057794603
30.5803357943207
25.8739690655065
51.511103123198
27.8562829787421
44.7533385895276
70.1127980959139
43.6531840988869
36.4438871981358
32.3622841076629
29.963970496104
29.0146974097702
69.0272715401576
43.2555532289834
56.0169473225277
28.8120129826987
40.7631898306918
57.9225104627045
27.2639061749254
29.0883603533898
23.9223408403454
34.8599617788665
27.1661611708174
37.7306256854857
26.7331947733147
26.2241383597815
46.695863329263
65.0180277154002
37.700807696817
53.0033895676213
44.5809771713674
56.2078334761933
31.3381555185116
62.843073234463
53.7241412362739
65.6953109685181
39.2794929374621
32.7756181920003
29.5535727842482
33.1811117729319
70.4378718096907
41.1307667548193
69.3601339645311
47.6132832362416
39.343185811509
69.8468334073099
62.5854991438631
60.5144669417704
35.1892297157771
54.5478229213556
26.6654643285174
42.2162284159655
27.5001009505637
60.4432002869943
71.6013461585815
67.1426412744094
43.962072103018
28.3300071011175
30.7333390585381
40.9607989422782
52.5331137227213
67.9156469517376
62.1193434442807
50.8208020042954
46.8200596049621
38.6396774407369
47.1043712347921
50.7555835760198
31.2329804957928
30.6578421447102
51.6370169203391
26.2283201310855
60.4816462051565
42.725852807182
47.8872908773337
29.5668628554171
39.8351231036511
42.8040501387603
30.5154525774368
29.2364126230079
41.6865970323463
53.9755336387431
37.1089444865991
59.5648644041221
56.571854451342
48.970776774824
58.2166814936923
72.9622310652391
45.9931135522078
55.6468416558612
24.7096130280344
50.678207517961
70.7637930016449
54.8444801773545
31.3941539569311
32.619198770733
31.689727733818
37.2773132351594
27.43930252241
46.2297977421042
35.2968152963786
42.5545370143467
34.1852634523159
45.0360719320721
62.5794999887118
44.0472490513815
28.4850880547202
30.6741216238757
53.7730871953207
38.4452151107488
57.3007489223975
73.5518610624171
43.9029905230908
55.2272717750852
40.2328241098726
50.6216456676207
50.587068999357
28.2508551839545
52.9595775126117
49.0022372158849
44.2693730108852
66.379615190607
54.3181885516512
34.0317524485426
59.2794168806699
34.1926781259144
57.4115477901952
62.2469958237219
43.1453177028727
42.0163621631208
59.3454266088834
30.2448722563553
46.8336176528391
63.4840631147805
37.8237050361273
68.3657696405064
56.4778718772267
60.6183716000361
34.4730212626743
27.6266070997482
30.9493754246488
49.5556239522586
49.4935351146008
58.1762729529417
29.554393482452
43.9966594612172
27.5889613841633
51.5040127109278
48.8809392592758
26.7231548282786
45.9890589938358
30.1719731199739
49.4814995373099
58.7800661312343
57.7403064884297
29.2408363357617
52.5285571465217
24.387599202614
28.9760138154241
38.9487154683245
40.5309936668119
33.5665502546524
53.9457041824019
64.3528901723971
25.0001641070603
36.3516387823319
34.8133195544074
28.0980553281751
26.5798506834219
44.3087582481401
27.6828118442288
23.6647990424445
30.1616565476392
