0.8962997337007207
0.8986870629110684
0.8919508943167306
0.8906863255512483
0.890049503564079
0.9177594410833888
0.9050982965464938
0.9014003735227905
0.900768257841081
0.8717866653432227
0.91101303811021
0.9077510624801821
0.9142736641148284
0.9144324663929904
0.9035034673590363
0.9128516360676856
0.9095670736452439
0.9102123513020612
0.9097264151089497
0.9072752761307248
0.8864546210485643
0.918887401007651
0.914692425909329
0.9061903586260648
0.9116286916092877
0.8983845565994908
0.9005541780069326
0.8728939622382895
0.8884657701701664
0.8869434168736715
0.8989483431234051
0.9115696179478519
0.9149200938016803
0.9042187143230687
0.9108291794347424
0.8974826613842836
0.9061573110612257
0.9025743976309125
0.8951240861837721
0.875399454214776
0.9052910574807758
0.9148039086484411
0.9146573528870163
0.9107099039731774
0.9092165443387749
0.9123319129893853
0.9134283795632254
0.9081641992645031
0.9067968623660909
0.8988036148680918
0.9068893099955193
0.9093193641722517
0.9072862418678436
0.9136109504846546
0.9119933130727802
0.9163545820070724
0.8993745707221218
0.8745515088957446
0.8970278136708294
0.8956644830180823
0.9131426463674678
0.89733476441374
0.9169585043827262
0.920843601288573
0.9145834829394213
0.9017217992571127
0.9133806624071995
0.9150965034053319
0.9087778714089009
0.9172782655170402
0.9092433087091659
0.9079424058097585
0.8945196677310969
0.9149917909955706
0.9100362859111308
0.9149787962018096
0.9154719966994583
0.9130899423495603
0.8671317444632424
0.9148507765124841
0.9102838219263392
0.9077697938984544
0.9179014202366917
0.9129636797142356
0.9155177621725678
0.9109940690674557
0.913402437188387
0.9119557213530527
0.8963771769315393
0.9178423820406044
0.9092008216485886
0.9114260610732245
0.9129835786553491
0.9158259025449593
0.9152699448465406
0.9122868582970609
0.9140879992864849
0.9171860457868853
0.917624864949187
0.9185722221908309
