0.8640081128642336
0.8760059663533027
0.8736594403763807
0.8693160035061455
0.8655499506807526
0.8715175722745433
0.8700907429912703
0.8730849214763523
0.876903316761105
0.8081985130566767
0.8717395587004876
0.865461462771365
0.8772398179632729
0.8741494432630765
0.8728877661644391
0.8769742521693988
0.8556655268403197
0.8787016986078602
0.8737100308017889
0.8810960041878816
0.8596106698593717
0.8756551700445674
0.87698056851068
0.8771439276768536
0.8744675512134613
0.8819351358220967
0.8759501178856592
0.8765372317268134
0.8796815825170133
0.8592415568224293
0.8787130747734098
0.873464274645787
0.8789518973024485
0.8816780779973064
0.8807903836855787
0.8739082043908858
0.8716803375146378
0.8755806742143447
0.8779605364541265
0.8773221260196215
0.8785504427381017
0.8778694037455097
0.8796952899775371
0.8456530645192311
0.8791294356124837
0.8788705235968061
0.8776518451935472
0.878172545326313
0.877421031917943
0.8767338025905955
0.8533336445154189
0.878436172743807
0.8342000266751258
0.875378531030446
0.8750872833938368
0.860210024469298
0.8338465643335712
0.8620728071939118
0.873314834771203
0.8707199730334387
0.8784059958583544
0.8762903666316522
0.8799415022542202
0.8779153481807613
0.8799354800864071
0.8803734828792515
0.8810791226913163
0.878947336432459
0.8793265894560026
0.8781516118112805
0.8792677193628258
0.874109665830057
0.8786644779608354
0.876682616697532
0.8775673244724829
0.8576912841156165
0.8787023712405508
0.8793472915991918
0.8784859759312037
0.8726579602108018
0.8773303131244459
0.8789467559043164
0.8741314535913894
0.8715513587762602
0.8806228013483243
0.8766032457293054
0.8754880970675263
0.8804333230893916
0.8765089631258289
0.8763615111769207
0.8769504846816184
0.8790730579849696
0.87987097475351
0.8819695471764217
0.8782331307335989
0.8814207931059198
0.8769448516890058
0.8771258481731594
0.8772267809431571
0.8762294698777416
