0.6702560358707285
0.19270897696356643
0.7760296263157765
0.19857682806583332
0.6865053604581614
0.6668245392188705
0.40545495468342874
0.36559903260805304
0.7270648196513119
0.4989111605972251
0.5657623564766656
0.6331735796685972
0.7548624903138837
0.6917981935131193
0.7498668312091746
0.7701014433049658
0.7416061599498764
0.7032124231534402
0.7222917595047368
0.7052071907480258
0.7548054690927651
0.752911067407539
0.7553775426196228
0.7631454641255604
0.7294807213841148
0.7359460988722188
0.729243787180891
0.7632177215661672
0.7318852875171873
0.6896080208660913
0.5828665774411167
0.7143871071187394
0.7058343611467195
0.6894352574732957
0.7271447829824146
0.6933101328635082
0.7517249760712422
0.5928587016500765
0.7097339572171635
0.7550736582161822
0.6713241588563706
0.7387718202341057
0.6720840275269588
0.7069576020429801
0.7488553552979048
0.7301207045748415
0.7199276370548354
0.7311146990607829
0.7357633703578127
0.6564882903573134
0.751707053975981
0.6197397989495111
0.6656960942839941
0.7036857475839325
0.7320229627337331
0.6865734155810345
0.47929620135336526
0.7347157250677961
0.7454156465018084
0.7128096997629728
0.7734845713629516
0.7405885696707398
0.7620602701321582
0.39557860623210706
0.7458459244984946
0.7523953402487522
0.7475217308893207
0.7581583348461187
0.5865748519779881
0.6729193846507808
0.6366349595788988
0.7566889660742115
0.6694774374807898
0.6810071672418163
0.7210126832079752
0.6809324588842199
0.6885275758530818
0.6669826513970816
0.7582539259578863
0.7812067262923729
0.6384414615160674
0.6840652707998598
0.6938042885742822
0.6401158230800333
0.732202427614886
0.7439274683168883
0.7538616059145368
0.7165951452823269
0.6684170706960418
0.7360564148993329
0.750072631125591
0.7329696681079632
0.7446609205473512
0.672173939769627
0.6798529887033499
0.728784223051335
0.7491202559990816
0.7117195371290647
0.7134738437061904
0.728680342712025
