0.3785424897831181
0.1625071312352331
0.17981082409745602
0.11223910618020508
0.049449408920279075
0.7305136890478683
nan
0.12725765921408383
0.14894628667789783
0.3712813940233705
0.7033865990535302
0.7294726541886317
0.7349153618241877
0.7259508977298459
0.7257825097586952
0.718813725237243
0.6764396224773314
0.7247975858007755
0.323475339503106
0.7012075458609396
0.7310831221657897
0.6947554339043688
0.3602080860723271
0.7172678534116543
0.6895403409045775
0.7297047350487269
0.6748992587332794
0.6364493314171678
0.7295112592840005
0.3515732337595478
0.7324385526445973
0.7197098169620576
0.715883253954401
0.7030552430193919
0.7154308018066857
0.3798678126578491
0.723670692656147
0.372110567220674
0.7057164442029655
0.7120806589762345
nan
0.7164563791273231
0.7201830532648528
0.33884165257308435
0.36604552392420486
0.7177041130881714
0.6886591442871061
0.7202308799845543
0.7272748566534063
0.33202212673167053
0.7014858423625937
0.7183099095127068
0.7018057628796517
0.35926606986722415
0.6813572512186593
0.7159306230877254
0.6989616557885044
0.6968447924518686
0.714298515102052
0.7266569210338909
0.6896484058505884
0.7239331191710136
0.708719435680009
0.6815800708444585
0.6771908028629234
0.737927589466975
0.7090647257735805
0.6847474005771927
0.749878772825753
0.7197067714148483
0.7440342215585466
0.718960826728092
0.7215189120415703
0.7273564711829452
0.7183156670931885
0.7023545660872363
0.7236442671498847
0.7250129295619709
0.7427794993213234
0.7371056355816787
0.7004643476055893
0.7071818771295117
0.7050813768867384
0.7226810704014184
0.7150169815229881
0.7114867290089775
0.726817937641947
0.2029262569253574
0.6965917896948761
0.73979776067339
0.37323926599996216
0.7282062564739565
0.7456628508682133
0.7345548534993226
0.3745711401524272
0.7341421511694144
0.7312479266075421
0.6982023743408143
0.701748634950326
0.728141378092821
