0.8626360019514151
0.8862283587380345
0.8985576743439935
0.8758149125808836
0.8967025009685107
0.9119126121497118
0.8778676640140348
0.8823031044160087
0.8377865175315291
0.9087835944332401
0.905411117561752
0.9074584011312776
0.9127860307468643
0.913609224402564
0.9039323367703992
0.9104202525098631
0.8857641893017142
0.913990385139499
0.9096975155744367
0.9063777399295129
0.9142380748435541
0.91535088614585
0.9090365109123903
0.9170269143679975
0.9139812512874891
0.9128964697670942
0.9069189249197497
0.9087059700715865
0.9069601906336721
0.8981076845080818
0.9004485777240596
0.9117648553551119
0.9068788467127586
0.9091830925680101
0.9104785056540845
0.9018555161391129
0.9093974871179247
0.9119126809079248
0.9049914139889789
0.9101800643755192
0.9045934267178773
0.9084847548274472
0.9023498912773773
0.9069177323771602
0.9125696807219102
0.9030124787326207
0.9162199197066285
0.9137562631074063
0.9106064349784251
0.8953788747923004
0.9162321816879908
0.907535538721257
0.91120790977259
0.9170567625707848
0.9025964508485449
0.9065414608622405
0.857966726779788
0.9160799064554853
0.9103550854571997
0.9108120983114969
0.9069859121617476
0.9178788332265136
0.9089811668413914
0.9034638505104127
0.8950275777471223
0.9040767779043691
0.8661557852036336
0.8719421500875733
0.9072039366759154
0.913502841712261
0.9166144561574582
0.9125314612845286
0.9144736938439444
0.9122954440554867
0.9117049191880374
0.9199879074709555
0.9050386429704869
0.9072624792267285
0.9081105656255148
0.9060033623872882
0.913180960220453
0.9106966855995736
0.9059805165459811
0.9136848041263701
0.9089760129381045
0.9140408178764402
0.9144957375882325
0.8947669563504979
0.9120792621471269
0.9156718716232453
0.9130105764934947
0.9144464779876005
0.9187375717460066
0.916768768083125
0.9104357262395287
0.9139293168548368
0.9099705458356745
0.9149680121942486
0.911187839868198
0.9105461581028205
