0.8507089741052554
0.8596661488088604
0.854964252485297
0.8562586373724691
0.8518117352791879
0.8551343081766066
0.8589658925345135
0.8526622900280844
0.8654379764697517
0.8406845805482454
0.8558130967447234
0.8646803942904322
0.8591230808977817
0.8585294092110177
0.8634106368587642
0.8635876052897506
0.8679302048435892
0.8656333424612976
0.8583171961826552
0.8651392024716918
0.8524620010825503
0.8634454640074402
0.8595824533742401
0.8625179526318258
0.8618319949646234
0.8663664718315873
0.8630493648267785
0.8655699797122081
0.8627911131703716
0.855329439135874
0.8622211167884439
0.8633199908553606
0.8647644826280172
0.8664643337339457
0.8664801073312485
0.8596216935520291
0.8571334309408406
0.863569356818013
0.865327412199811
0.8621579031281758
0.8650497491788595
0.8632457744400741
0.8646401425509803
0.8617377111939779
0.8632195646252743
0.8659361418575351
0.8617102192153141
0.8634704214761404
0.8645381061616229
0.8636695445059851
0.8536536382141342
0.8645439206256569
0.8608196520496398
0.8608041766299799
0.8623086319265981
0.8588642030683249
0.8608019104798946
0.862674227534404
0.8610381864440292
0.8594586500169602
0.8648940109960384
0.8651479987121538
0.8646689763290365
0.8641012162794296
0.8650197525079963
0.8628838165995102
0.866900597443089
0.8645523590529475
0.8652223343984974
0.8632616374906698
0.8637701496426572
0.8602326893598382
0.8644912028184144
0.8637953456534717
0.8620191014354643
0.86369822919522
0.8649501578461728
0.8654985065312351
0.8626232689752538
0.8594119255803372
0.8631609727184689
0.8658977067593814
0.861300403863085
0.8580544718616067
0.8642514083580951
0.859210178587236
0.8627667520569569
0.867714801314449
0.8590136795206478
0.8628096896375164
0.8624252193849231
0.8668238167000747
0.8648699480602665
0.861280097965612
0.8627975836252197
0.866357198506897
0.8634357434162856
0.8651863741747786
0.8602441691990851
0.8650380606152627
