0.8778685837221093
0.8837174510907962
0.8732430484370662
0.8735725343737486
0.8749468038158984
0.8992102376463827
0.8877787454364872
0.8861990020043214
0.8819521519134745
0.868512942366508
0.8947986744049266
0.8905703709432756
0.8966822307066722
0.8958995748816911
0.8835688991508368
0.8899681123958448
0.8914269747431862
0.8885484603658553
0.9013545798306825
0.8904295716135912
0.8732211920396376
0.9000965697249242
0.8978426473761624
0.8861840036852128
0.8938173728505179
0.8871812279084168
0.889810704589533
0.8700126934627693
0.8773931065136495
0.8751922037488301
0.8842641592038345
0.8949411137098616
0.895367984358689
0.8868448838934144
0.8897964218959881
0.8879603950587741
0.8841891676082908
0.8855402090373476
0.8763866424503344
0.8716511691880473
0.8890271244148655
0.897223482174786
0.898196315493356
0.8952469840029372
0.8954806059317977
0.8938536908478824
0.8977419230780525
0.8893104525026804
0.8839336892820017
0.8828371123763519
0.8919258850321065
0.8916228474235542
0.8885589263897264
0.8963005472839286
0.8882189147937093
0.9005334889493773
0.8835907652491901
0.8609385315448255
0.8817523134747737
0.8783061589366625
0.8966254875630063
0.8843506306261311
0.9025431742567488
0.904820950790972
0.8980604957248866
0.8826748837574458
0.8967555525092332
0.901681978526137
0.8896078545599176
0.9015415668269663
0.8933537667560799
0.8934480802418471
0.8813283053282013
0.8960017006131968
0.8915393279567083
0.900380822162426
0.8981647981508154
0.8953376895431533
0.865785842431392
0.8980381026082846
0.8906831416050434
0.8914773368922411
0.9014838396981502
0.8945976730746844
0.8954033481886352
0.8928233391246192
0.897330706738434
0.8978486407402594
0.8829207809318571
0.8958859481782464
0.892335043948229
0.89264589380252
0.9005085911433023
0.9042265939424752
0.8969194307633516
0.895888959769161
0.8946196487430405
0.9014334179136317
0.9013575019684016
0.8996763186125621
