0.8841331102724571
0.8588282623402017
0.8546484425105008
0.8785831656653303
0.8495116225778294
0.8839924898491635
0.8744937233807953
0.855159782473913
0.8569008225617122
0.8740979526262626
0.8481951398999595
0.8785501276184666
0.8616692958286266
0.8522363373807208
0.8677889976554936
0.8768276765217794
0.8708711671411988
0.8872647473752627
0.8711206819211227
0.8789145897545814
0.8795017307119762
0.8655911562002034
0.8642541055474668
0.8663799825855064
0.8814752172929102
0.8566366930884489
0.8421949034991438
0.8742598330923486
0.8606566558380684
0.8874200977580786
0.8831185023115982
0.8857682550503565
0.8869336214633299
0.8858072864613173
0.8820301849176644
0.8828098589694626
0.8767022929594492
0.8579562007426351
0.8749328192996717
0.8655963614000484
0.8692261825117968
0.8753295442216227
0.8885573758676715
0.8759302224292668
0.8859966886938788
0.8751790243113626
0.857327298357862
0.8762230325558025
0.87920417956608
0.8716693878221932
0.884735517908547
0.88939337561489
0.881139380179349
0.8855236303784522
0.8610212968805742
0.8726300853239097
0.8537486924526373
0.8782951860113504
0.87472970091047
0.8915693245949257
0.8798589900742395
0.8795965868481476
0.8781212889993385
0.8518134277844478
0.8638451851731987
0.8613362448157464
0.8835908748191931
0.8571508658363044
0.8534574030304246
0.8823405875059777
0.8821505292833159
0.8815847974573725
0.8809409133563121
0.8812832209176797
0.8833105583222924
0.8801485071330238
0.8906040351625077
0.8777460030265706
0.8869705656330629
0.8885927098798858
0.882997591409042
0.8765154252340926
0.8831243465870362
0.8759392273842782
0.8817517171201371
0.8812517333928709
0.8710249968196916
0.8771644081672957
0.872047745021339
0.8610088032509388
0.8833762467855061
0.8840008686318068
0.8773339816081926
0.8892129783373397
0.8832415899085778
0.8819073656802712
0.8762623621440816
0.865114883829833
0.8741384152883511
0.8792411833712765
