0.660687587629109
0.6947385429947004
0.7344876124366264
0.763467388973753
0.7191872667467103
0.7144295207781809
0.7413478080401965
0.7680898335826639
0.7239563570523064
0.7278875908806658
0.6793802361830997
0.70787733491523
0.7490351869825573
0.7230462983503412
0.7407911217258853
0.7650392840577988
0.721277712425715
0.7038058253595987
0.7187376844526752
0.7319377684822184
0.7440909297844631
0.6539757699370083
0.7512519543444915
0.6753565785000792
0.7703358687977242
0.7348939481165069
0.7603444511408395
0.7423741699643875
0.7400917946434479
0.7169283256994056
0.6643757350245564
0.7600692359635973
0.7680924275588874
0.77388546495635
0.7756439452460779
0.7179245506105651
0.7124599776321897
0.6867902327095128
0.7244385150519765
0.7596963088410342
0.6335815093689179
0.7089431184604069
0.7707046184730036
0.6649207671794904
0.73058156385408
0.7078040128349641
nan
0.7256339621078076
0.7286341687280258
0.7079773101295057
nan
0.7007905899004794
0.7431059418818227
0.6394838488172949
0.6804372478721415
0.7459918960867493
0.7391116231900783
0.7662287132147765
0.7344523669217247
0.7596688787937382
0.658502600297824
0.6953060771959021
0.7413236817533977
0.7152538333387128
0.7457515452960124
0.6734955961093677
0.716768335318106
0.7541037891567897
0.745096786077365
0.7241435756845394
0.6724749072856004
0.7243253178936445
0.7547794459056295
0.6995189416135024
0.7054729353260234
0.733073997648285
0.745898997343529
0.7778280992046058
0.7260981363001975
0.753956874653727
0.7387791419917779
0.752263958846592
0.6885292253733624
0.7690813048592414
0.7121588454117271
0.7049354417110235
0.6813232991189061
0.7626347477926222
0.7194931392071047
0.6880544001764095
0.7539745455690967
0.7759135143159688
0.7669217368296586
0.7078441295823121
0.7643788632172597
0.7691359974745806
0.744187260643593
0.7118722980482316
0.799280183780203
0.738198747218834
