0.7648034881729349
0.7626145768049166
0.7492789024991418
0.7513240011279619
0.7450263168844541
0.7593758062469184
0.760771218483282
0.7649230117531404
0.7507505484043632
0.7578584709060655
0.7429630767611444
0.763879177626731
0.7572045618266752
0.7690279690047257
0.7616160742135027
0.7560370153750569
0.7617234986117588
0.7347996934481045
0.7587421164901128
0.7378557450370421
0.7568016614813942
0.7671286635648967
0.7626710452044805
0.7593236771695921
0.7592725246342765
0.7591080324266157
0.7574240411498296
0.7584749359275453
0.767940568231471
0.7671831711647916
0.7683678434177468
0.7679338113215485
0.7586772955998528
0.7639732773403124
0.7624114159756068
0.7605127337656112
0.761217428752954
0.7661495050029428
0.7643211516255094
0.7639733392853447
0.7597067051907704
0.7622299108866333
0.7611773151641762
0.7562347032628882
0.7642954197031787
0.7222815669243884
0.7676704441753681
0.7662832273096633
0.7602782684270752
0.7622903123259285
0.7596444496444551
0.7597321496710016
0.768184924437315
0.7715935469513511
0.7633055585362143
0.7429158692940505
0.7622692485463324
0.758059342126038
0.7607097301641453
0.7706003001210249
0.7691700358883181
0.7683035483918257
0.7638270234727303
0.7637432189138115
0.765779509762939
0.7595101576647084
0.7525220470732232
0.7693507274331444
0.7625386886361405
0.7498088777732065
0.7645657722704772
0.7623653364070001
0.7642195297760154
0.7685312696722348
0.7726792180609877
0.7693520336144232
0.772408706570265
0.7729452768747086
0.769613997214374
0.7675597268963021
0.7671190830214345
0.7697863431213322
0.7643594894722858
0.7633333045029943
0.7606732680526217
0.7707151494091364
0.7715650894352291
0.7711463881564691
0.7630293924492361
0.7617542636163127
0.7713598904564597
0.7659952442729553
0.7649347963427132
0.7630153774093611
0.7663800768743165
0.7636216163575956
0.7700377167210543
0.7643674204776906
0.762958944861246
0.7627915126080195
