0.068568294
0.0
1.300487381
0.111367128
1.159525319
0.059189109
0.926879506
0.672196796
1.235033468
0.87528744
0.945829751
6.263396047
0.332520505
0.526819923
2.148050231
0.295937584
1.132300358
1.633410965
3.38178582
0.002076469
0.449855172
0.332371497
1.280198224
0.948393712
0.743403815
2.038425492
1.243853052
0.688416642
0.855832217
1.672535211
1.203416149
0.608571799
0.456857167
1.34196022
0.194439043
0.53698444
0.4276226
0.629632937
2.208006603
0.094562648
4.07740152
0.392185847
0.258738084
1.805674979
0.496921249
2.487040596
0.75444147
0.179073932
0.250744397
1.117063718
1.168105637
1.07640727
0.349206349
1.039411
0.333774923
0.247785418
3.017972194
1.11629795
1.010665921
0.907289603
0.287218765
1.737573595
0.389882084
0.739910314
0.150715901
0.0
0.0
0.307692308
1.172888237
0.154394299
1.716500554
1.056338028
1.039802267
1.696469509
0.337600225
0.082610492
0.27835769
1.662049862
1.834862385
1.269882397
3.105263158
0.633540373
0.930021365
1.704035874
1.578354002
0.602651667
1.869585043
1.708542714
1.063563564
0.134359937
0.0
4.062229905
0.125156446
0.206978119
0.516173434
2.076802508
1.675213675
0.653731719
0.269784173
0.729927007
0.595647194
0.0
2.892249527
0.467051011
0.431406385
0.09396058
1.521933751
0.326264274
1.64305949
0.430239705
0.460735822
0.028893383
5.269211415
0.758800522
1.763276731
2.298850575
0.591717534
1.807549176
3.707544724
0.391964723
4.935526901
1.814734561
0.281485517
1.0906298
0.027517887
0.113708149
1.12605042
4.336947456
1.638104839
0.123127437
0.623835633
0.45379538
0.859598854
0.825183374
0.739581852
1.772269719
0.430338892
1.073910297
1.160684261
0.240506329
0.344126388
0.587412587
1.695230999
1.522070015
0.052594292
0.097118809
1.835664336
0.549976404
1.834504294
0.936402653
1.470292044
0.312360553
0.838658147
0.72262368
0.729749453
0.511261572
0.068019499
0.269590223
7.117248705
1.485976396
0.735662933
3.042328042
0.524957736
1.321537789
1.178707224
0.037327361
1.390820584
1.297485286
0.731359258
0.985428242
0.435571688
0.410230113
3.224351747
0.348128808
0.556637907
0.668896321
0.919589393
4.174852652
0.878003697
0.270785277
1.136582547
0.0
0.726759952
0.720180045
1.986218079
2.655728587
0.784955029
2.622662818
3.559547572
0.792815113
0.144660705
1.514823631
0.650195059
3.592666006
0.201793722
0.953137411
1.074777041
0.0
0.134408602
0.943636827
1.082564611
0.070944348
0.967530338
1.813544914
3.24300311
0.383777813
0.701754386
0.357702862
0.578034682
2.254510852
0.27697762
0.086092197
0.249625562
1.401273885
1.463414634
0.051473427
2.156057495
1.386299944
1.428065023
1.66520596
0.021663778
0.987583218
0.186219739
0.846113168
0.436152169
1.151012891
0.226654578
0.273348519
0.939214859
0.037418148
2.081665332
0.719602978
3.628745917
0.145205864
0.766509434
0.629807095
0.137835975
3.601108033
0.15167967
1.927194861
0.599315068
0.226267613
1.408450704
0.2842832
1.243538842
0.0
0.0
0.486026731
2.307692308
0.525854514
0.680747076
0.503693754
2.75042037
0.469043152
0.419412822
0.901378579
0.0
1.341235184
0.913107511
0.045060268
0.458204334
0.261780105
0.221863655
1.0769498
0.81799591
2.612244898
1.142170123
0.750773994
2.256097561
0.761266748
1.98915009
1.451065144
0.97260496
4.098703471
1.43501435
0.039798835
0.420946287
0.441150521
1.962101868
1.125748503
0.143656784
0.411024135
0.394733669
0.299593409
0.0
0.446006217
1.857585139
0.440414508
0.10862481
0.366300366
1.208127403
1.25824766
3.50631136
0.165115581
3.400987383
2.418478261
2.252832132
1.086817543
0.459887583
2.503770739
2.128487813
0.687789799
0.63583815
1.142857143
1.01689612
2.77324633
8.088174457
0.485436893
2.239583333
0.093826234
2.225519288
2.318784054
1.037527594
2.109139605
0.662353666
0.0
0.499311295
1.442585113
1.905784458
0.437342304
0.267402367
1.355247982
1.569396763
0.776340111
0.474833808
0.670731707
0.104210088
2.040816327
1.038338658
0.464846907
1.895277867
4.462659381
5.729670026
0.89633012
0.0
1.196013289
0.055463117
0.608499362
0.617805236
0.893429766
1.35666882
0.280504909
3.630414459
0.305010893
0.183128544
0.231903263
0.704396405
0.462877245
0.380558371
0.571837026
0.42514002
0.052910053
0.216245439
0.0
0.244413408
0.119205298
0.0
3.331953642
0.028595939
0.266453504
0.405734379
0.184706317
0.0
0.0
0.492610837
1.278132815
3.828429635
1.927194861
2.434162841
2.880292356
0.576992427
0.926694329
0.0
1.303871228
1.341975534
0.084781687
0.479616307
0.19470405
1.380020597
0.144032922
0.323362975
0.630790459
0.12116806
0.260841213
0.230294148
0.399042298
0.317770716
0.0
0.348874088
1.311966188
0.076589226
0.156054931
0.454545455
0.0
0.021269054
0.668784484
0.451467269
0.0
2.568765629
1.089638158
0.0
0.176852034
0.05894054
0.388601036
0.212273254
1.001430615
2.797833935
2.273301339
3.010969331
0.083273852
0.34965035
2.465633864
0.893854749
0.650759219
0.875480627
0.886143931
0.636294222
0.537323303
2.749696725
0.109965636
0.616016427
1.236537694
0.623810122
2.655734289
0.091774693
0.682438581
0.410000281
0.094007051
0.806945863
1.922109289
0.423239708
1.493598862
0.535264484
0.197889182
1.535141632
0.382772311
1.089108911
0.0
0.323805966
0.870380289
0.511587771
1.290293974
0.150630766
0.708622542
0.801881105
1.212938005
0.043821209
0.499941867
1.163757273
2.716049383
0.494623656
0.228953857
0.466200466
1.072522983
0.751242657
0.650195059
1.012555691
0.305676856
0.56753689
0.295852367
3.291139241
0.194174757
0.430050438
1.159678858
0.729594163
2.307771913
1.786652654
0.212827994
0.0
0.531384922
0.224592925
2.09383482
0.776322174
0.0
0.998336106
0.320741269
0.0
1.452494874
0.440910165
3.305118904
0.660611065
1.117964534
0.573046355
2.14770798
0.789096126
2.181208054
1.05149636
3.643909633
1.706266943
2.00055571
0.126823082
1.081599124
0.110864745
5.748409421
0.145458464
2.546455609
1.277389277
0.34904014
0.442271881
1.61041253
0.105540897
0.970873786
2.275312856
1.253918495
0.551768906
1.044776119
0.632172061
0.54894785
0.826446281
1.295279912
0.706001009
0.397350993
1.1537127
1.985588471
3.130990415
0.166626994
0.432900433
3.008496619
0.330812854
1.642608263
0.993560258
1.494451927
0.326264274
1.127214171
0.4101162
2.826455625
0.0
0.872216106
1.415389428
1.067177264
1.242236025
1.440249124
4.498150856
0.71884984
0.453234446
1.143168209
3.606840063
0.108892922
1.091175329
0.931034483
0.0
0.187969925
0.093440478
0.749464668
0.617283951
1.308411215
0.075987842
0.174754671
0.847132945
2.853321444
0.475391499
1.393728223
0.222222222
0.718778077
0.353800135
0.772304989
0.0
0.447743608
2.902902903
0.758853288
1.532645346
0.340146753
3.191371066
1.248374512
2.834799609
1.192249838
1.198083067
0.542849515
0.501756147
4.347826087
1.636582529
0.064482848
1.578400831
1.068812297
0.641319285
2.472014925
0.135718466
0.570450656
2.879243661
0.852064052
1.210653753
0.971884762
0.73024055
6.160204684
0.287528453
3.368977808
0.950226244
0.440528634
2.43902439
1.035607988
0.125772084
0.756968091
1.023204824
0.63944909
2.723198897
0.476645924
1.659292035
3.32594235
0.621558843
0.330568578
1.895877219
3.073354596
0.415911988
0.326797386
0.282192804
2.536605486
0.991786766
0.587774295
0.537403267
0.221202769
3.401360544
1.138811942
2.018466824
0.973257343
0.311769291
0.324832097
0.116654702
0.039666799
0.646305918
2.310453118
0.995732575
0.837742504
0.376834589
0.476947536
0.322407308
2.44100895
2.596741344
0.151196976
1.691331924
1.042128603
0.305235971
2.275149928
1.352634077
0.283904783
0.151655201
0.503566932
1.714368735
2.096834982
1.020408163
1.801080648
0.11956292
1.075811061
0.324356202
0.383386581
0.922045264
0.960087779
0.728793309
0.334368283
3.808717732
0.507982583
2.526975543
0.116795141
0.956399437
1.249458327
4.166009153
3.234802008
0.110625698
2.976774616
1.177929324
2.163110202
0.137698898
1.858836207
1.869374567
0.0
1.483050847
0.807299131
2.487562189
0.188128
0.251037945
0.0
0.660844937
0.14249525
2.680832725
0.513077754
1.791359326
0.627240143
0.947583063
0.854700855
0.0
0.855365474
2.172581177
3.00407332
0.676513699
2.458963305
1.600952633
0.247678019
0.288184438
0.068522149
1.100937432
0.179748352
0.35035035
0.038091995
0.156123161
3.504894222
0.627934604
0.740247243
0.28363047
1.072736787
1.106955871
1.033537228
0.0
0.313217791
2.574808629
0.937290783
0.301724138
0.502781815
0.711929154
0.396220664
1.967504804
0.0
3.321488501
0.152468102
0.528102603
3.722772277
1.492030172
0.712504453
0.219622822
0.203183204
0.0
2.358887953
1.537804357
0.201511335
1.818698494
0.571428571
0.185609107
0.933786078
0.24706609
0.079145231
0.329144225
1.157451693
0.114926988
1.890677649
4.004149378
0.252472123
0.0
1.505040466
1.757342321
1.867743564
0.279827016
0.190269095
1.662707838
0.142869899
0.183038438
1.362162162
1.57480315
0.083006339
3.848027277
0.591060214
1.888854199
0.288350634
5.007473842
0.100908174
1.656817222
2.120974077
1.122586439
1.302012201
0.084599797
0.0
0.558108995
0.258732212
1.663982823
1.294117647
0.769716088
0.699682956
0.213675214
0.066474629
0.772200772
1.187360667
0.125
2.234670163
1.245704467
0.423928403
0.348796652
0.236756437
0.621439669
1.246310266
0.19874862
2.236973117
0.3859708
1.495954816
1.262886598
0.143369176
1.22605364
0.96759676
0.43100612
1.414612804
1.727574751
1.174168297
0.716275368
0.912476723
3.349475383
1.195814649
2.966311936
1.613291596
0.0
0.676848317
1.056428755
0.517598344
0.353724511
0.71458596
0.061842919
0.500747759
1.102709515
0.589408778
3.976234004
0.37458194
0.192143323
2.170542636
0.564560189
1.14213198
0.855431993
0.543172879
0.449943757
0.874125874
1.048543689
0.11950877
1.7007942
0.263871292
0.417863672
2.065767285
2.527981474
0.216416757
0.049222382
0.0
1.745125498
0.20715943
0.802692905
1.347616499
3.400904674
1.799959092
0.344129555
0.931470393
0.207939509
0.069156293
0.24968789
2.170100833
0.0
0.879604178
0.365853659
0.0
0.483569623
0.031502678
2.011049724
0.314529221
0.205882353
0.107668381
0.859497088
1.961218837
1.426940639
0.296091591
1.4590524
0.312565118
0.924712954
0.15625
1.536742107
0.32808399
0.030448352
1.230769231
2.615062762
0.644122383
0.671492108
4.02133771
0.225903614
0.765639589
0.937612694
2.544283414
0.446096654
0.31152648
1.746603826
0.378024194
0.414408671
1.970096746
0.836570063
1.513452915
0.0
0.923727939
0.885960927
1.191391238
1.89701897
1.991134365
0.368227249
1.278426412
1.149537263
1.063957436
0.410396717
0.466870174
0.429447853
2.500644496
6.023770935
0.815890438
0.324099863
0.807402044
0.231438622
0.668668122
2.265050666
0.650132434
2.473498233
0.917562724
0.189419564
2.653748947
0.540151242
1.261176629
0.064315575
0.36900369
1.388888889
0.011805679
1.006531749
11.74863388
0.018805665
0.0
0.896860987
3.553921569
6.216479548
0.646248946
0.057130905
2.186878728
6.23853211
0.0
0.188578785
0.698576973
0.0
0.0951978
0.940951861
0.142820008
3.340292276
0.225479143
2.106587015
0.890868597
0.3394979
0.147058824
0.636942675
0.612369871
3.578066915
0.771293193
1.993006993
0.707613527
0.075786283
0.0
0.720515738
0.0
0.0
1.015481938
3.638309256
0.0
0.0
0.86487926
2.390438247
6.424825175
1.146560319
1.427839672
1.238174736
0.260078023
0.518731988
0.736738703
0.597686601
1.45175064
0.604363632
0.505453578
0.247698933
2.676977989
0.870496853
1.75894315
0.068946761
1.860132356
2.70188221
0.188354326
0.138121547
1.600648364
1.873804971
0.889547813
0.111141984
1.402178753
0.401261106
1.026045777
1.591895803
2.176083051
1.514434453
0.210260723
0.168833361
0.0
1.162790698
0.770538244
1.955577016
1.708567244
1.287483703
1.492537313
0.0
0.292463442
2.082124754
1.59453303
0.622314417
1.371115174
1.219512195
0.852678918
0.847455328
0.0
1.643489254
0.0
0.0
0.842514582
0.349412792
0.0
0.259403372
0.459798493
0.548446069
1.384730539
0.158403295
0.641857289
0.493584945
0.676669609
2.795698925
3.300516462
1.026104088
0.276090558
0.429281518
0.500517777
0.320718409
0.202880909
1.465201465
0.387241414
0.116144019
2.190100745
1.47497254
0.437418464
2.016057092
1.27474002
1.030927835
3.050580594
3.17590052
1.038310061
0.601805416
1.856187291
0.972811649
1.283333333
0.79939094
0.546669687
0.519396202
1.575608758
1.966955153
0.339366516
0.332471371
0.310559006
0.856989823
0.548245614
0.217812197
0.930990341
0.614868642
3.276595745
0.422416221
0.072992701
0.944132888
0.0
1.547987616
0.178944229
0.955414013
1.538435423
0.474568194
0.400442471
1.441812564
1.730103806
0.219868079
0.407228302
0.120385233
0.318344608
0.179137385
1.075072886
0.265220012
0.534653465
0.562689367
0.494978332
1.579520697
0.936755755
0.840500391
1.540216771
0.145273425
0.974135035
0.195071869
0.0
1.343900758
0.0
1.547469678
1.524944456
1.656360633
2.482269504
0.0
0.609849062
0.12195122
0.475624257
0.243821345
1.733361866
0.665323927
0.616522811
0.974756311
0.585622956
1.270168211
8.520179372
0.077609624
0.0
2.867148172
0.068657741
1.804511278
0.392692505
0.180810029
0.182891346
1.845187247
0.0
0.591531756
0.396600567
0.227790433
1.134780012
1.403782843
0.964956831
1.503221188
0.480054863
0.168491997
0.905730129
1.064953353
0.154450093
0.85447263
0.436280138
0.823045267
1.924557352
0.538047656
1.807532147
0.245692315
0.977198697
1.242236025
0.0
0.129150299
2.447791852
0.689452838
0.277171174
0.145952703
0.700753251
0.198019802
0.243973846
3.03320007
0.235048315
1.173512154
1.092384519
1.506024096
3.812199037
0.72666294
0.378722672
0.714858852
0.507356672
0.837489993
0.0
0.661238027
0.816232264
1.214281286
0.627819556
1.340275769
0.552791598
0.965625814
0.683467978
0.243013366
0.203735144
0.997280145
0.445009536
0.458715596
1.22632355
1.901639344
0.0
0.167566561
2.150181938
3.16595494
0.464135021
0.544348383
0.577921442
0.475446138
2.672939164
0.881392621
1.391001956
2.891933029
0.0
1.149425287
0.156801254
0.440871369
2.426447723
1.19760479
0.249193785
0.472334683
1.118462367
1.865008881
0.723362659
1.40609307
0.618142482
0.77163329
0.07355723
0.336909023
1.730702665
0.68591026
0.763594292
1.175545543
4.427164334
0.845873906
0.25016315
5.170278638
1.470550093
1.713964597
1.961745954
0.776887594
0.22756827
0.472944184
0.431732326
0.80032834
1.97486535
1.265508685
0.0
1.698337907
3.028190291
0.363431835
0.729442971
0.211789622
3.144661683
1.839545623
0.277777778
1.563633965
1.03784129
1.783036161
0.19357961
2.479816742
0.662251656
0.184635145
1.286067601
0.803998262
0.767946578
0.0
1.297648013
1.734104046
0.0
1.327250104
0.254175744
