0.2862342298030853
0.3534777760505676
0.42879539728164673
0.3864535093307495
0.4879310131072998
0.4026959240436554
0.23064468801021576
0.4078540503978729
0.5029420256614685
0.44623327255249023
0.40882357954978943
0.2590034306049347
0.4492681920528412
0.2941725254058838
0.46820068359375
0.40079978108406067
0.4452165961265564
0.2907337546348572
0.40675991773605347
0.5412380695343018
0.39147406816482544
0.432038277387619
0.4048613905906677
0.3542884588241577
0.41329172253608704
0.5363081693649292
0.5272027850151062
0.46676281094551086
0.39300772547721863
0.3559771776199341
0.44290778040885925
0.5041543841362
0.44367483258247375
0.38336023688316345
0.4693326950073242
0.43843600153923035
0.342231810092926
0.40250182151794434
0.3332069516181946
0.44382166862487793
0.4149668216705322
0.545570969581604
0.6060820817947388
0.36004307866096497
0.5128105878829956
0.4939807951450348
0.3816581964492798
0.5377153158187866
0.5091512799263
0.5415133833885193
0.46574974060058594
0.2488139420747757
0.2479112297296524
0.5617673993110657
0.34821802377700806
0.3712609112262726
0.3555940091609955
0.39299705624580383
0.456204354763031
0.39556509256362915
0.5071324110031128
0.4790937006473541
0.34924834966659546
0.3748568296432495
0.4729711711406708
0.49307137727737427
0.27547791600227356
0.3022230565547943
0.3531348705291748
0.16225002706050873
0.5096915364265442
0.4219813346862793
0.4961916208267212
0.4865484833717346
0.4753480553627014
0.3407133221626282
0.3291337490081787
0.44144439697265625
0.6090878248214722
0.30086085200309753
0.47243842482566833
0.3815174698829651
0.32281187176704407
0.35486263036727905
0.21126799285411835
0.3178445100784302
0.535335898399353
0.5007897019386292
0.39755234122276306
0.6067288517951965
0.28987330198287964
0.44018739461898804
0.44709885120391846
0.3073047399520874
0.5193737745285034
0.43536990880966187
0.39237281680107117
0.46098625659942627
0.38056129217147827
0.48872479796409607
0.3695540726184845
0.4751198887825012
0.44022101163864136
0.3959665894508362
0.2425135374069214
0.43627285957336426
0.3951299488544464
0.46849286556243896
0.318868488073349
0.4341285824775696
0.31398433446884155
0.5972038507461548
0.3141116201877594
0.3877534866333008
0.3558163046836853
0.4897235035896301
0.4401136636734009
0.5447382926940918
0.29685214161872864
0.3966664969921112
0.3478088676929474
0.42362916469573975
0.397699773311615
0.2388761192560196
0.4264974594116211
0.48416924476623535
0.26927995681762695
0.4818211495876312
0.42861276865005493
0.39059117436408997
0.27672260999679565
0.45143646001815796
0.4395434260368347
0.511337399482727
0.4075981676578522
0.5210713148117065
0.46557652950286865
0.24660710990428925
0.42575007677078247
0.44760870933532715
0.6713107228279114
0.4600452184677124
0.3388949930667877
0.3938334584236145
0.24837712943553925
0.27163493633270264
0.5929625034332275
0.42477697134017944
0.3589424788951874
0.27342820167541504
0.44404155015945435
0.4952920079231262
0.35172155499458313
0.3215749263763428
0.48131024837493896
0.4781906306743622
0.38935405015945435
0.32510828971862793
0.4204009473323822
0.520577073097229
0.38358741998672485
0.4285311996936798
0.4745544493198395
0.422082781791687
0.6353822946548462
0.57403165102005
0.550529420375824
0.4087454080581665
0.48720815777778625
0.2591691315174103
0.34945374727249146
0.34234631061553955
0.26742881536483765
0.33379513025283813
0.48228955268859863
0.5973862409591675
0.4442678391933441
0.6414531469345093
0.23932109773159027
0.533563494682312
0.30998778343200684
0.44443973898887634
0.4870208203792572
0.35605329275131226
0.3912574052810669
0.41682326793670654
0.4431764483451843
0.4527433514595032
0.31022584438323975
0.37984389066696167
0.5188482999801636
0.40764662623405457
0.39189592003822327
0.339451402425766
0.402377188205719
0.425417959690094
0.28983819484710693
0.3984109163284302
0.5272324085235596
0.5768927335739136
0.5180579423904419
0.44634950160980225
0.34439417719841003
0.3551099896430969
0.32060784101486206
0.28025928139686584
0.4034914970397949
0.5243134498596191
0.3538753390312195
0.5057100057601929
0.390921413898468
0.2846316695213318
0.3693265914916992
0.3872000575065613
0.35783541202545166
0.41512855887413025
0.4613197445869446
0.4924156665802002
0.5954505205154419
0.6256128549575806
0.4613844156265259
0.35705775022506714
0.45398831367492676
0.5247792601585388
0.4439511001110077
0.43060219287872314
0.55207359790802
0.23387569189071655
0.36006519198417664
0.4911990463733673
0.39906811714172363
0.3396822214126587
0.5321241617202759
0.3158433437347412
0.3253180682659149
0.2680952250957489
0.26426464319229126
0.3986172676086426
0.2743642032146454
0.4178321957588196
0.5045322775840759
0.4433194398880005
0.4549493193626404
0.5147435069084167
0.36116737127304077
0.4722910225391388
0.42535173892974854
0.4069713354110718
0.40338367223739624
0.21548046171665192
0.38900747895240784
0.28873008489608765
0.3860001564025879
0.3099520802497864
0.4486384689807892
0.41477447748184204
0.3942835330963135
0.42794162034988403
0.3962585926055908
0.44984596967697144
0.3350953161716461
0.3012123107910156
0.3092295825481415
0.46051979064941406
0.37933826446533203
0.38007888197898865
0.5477251410484314
0.27034345269203186
0.2760827839374542
0.3474307954311371
0.5072153806686401
0.3216552436351776
0.32238274812698364
0.3123337924480438
0.39533108472824097
0.40511393547058105
0.5369354486465454
0.5103514194488525
0.38720130920410156
0.49693015217781067
0.5304690003395081
0.4391821026802063
0.5029865503311157
0.4283100366592407
0.6153177618980408
0.3819877505302429
0.591760516166687
0.31187742948532104
0.5124778151512146
0.5576708316802979
0.29960253834724426
0.2856517732143402
0.5266385078430176
0.3335447907447815
0.3131495714187622
0.36561480164527893
0.31043678522109985
0.5730555057525635
0.47893059253692627
0.4509967267513275
0.46607571840286255
0.5069603323936462
0.32892468571662903
0.39192432165145874
0.39675667881965637
0.37876826524734497
0.2748272716999054
0.3104563355445862
0.2819940149784088
0.5400134325027466
0.45642566680908203
0.5617649555206299
0.32320401072502136
0.34877312183380127
0.43331992626190186
0.44158241152763367
0.27773499488830566
0.27939391136169434
0.3467870354652405
0.527961254119873
0.36469030380249023
0.47141778469085693
0.42898285388946533
0.41317158937454224
0.48552995920181274
0.45721322298049927
0.688252866268158
0.6093746423721313
0.3264993131160736
0.35185977816581726
0.43841299414634705
0.5524048209190369
0.3475811779499054
0.3065590262413025
0.2720295488834381
0.34482288360595703
0.5343098640441895
0.621635913848877
0.4905886650085449
0.43082937598228455
0.505328357219696
0.35236939787864685
0.15496213734149933
0.29412561655044556
0.4119357168674469
0.33277636766433716
0.458866149187088
0.3406445384025574
0.40427589416503906
0.2575555145740509
0.5790681838989258
0.5317997932434082
0.3644096255302429
0.265461802482605
0.46198570728302
0.48638349771499634
0.3027193546295166
0.44867146015167236
0.31304293870925903
0.6433134078979492
0.4466789960861206
0.29203903675079346
0.5002358555793762
0.5719953775405884
0.5744545459747314
0.6433988809585571
0.46274858713150024
0.3570854067802429
0.3216990828514099
0.4150029420852661
0.47636717557907104
0.4551243782043457
0.26065322756767273
0.5540173053741455
0.3194620907306671
0.4277166724205017
0.3374297618865967
0.34777867794036865
0.40138304233551025
0.7680106163024902
0.376068651676178
0.3301811218261719
0.3748912215232849
0.349822998046875
0.3249615430831909
0.34033966064453125
0.3577609658241272
0.3752598166465759
0.350652813911438
0.285161554813385
0.24359527230262756
0.36766210198402405
0.33185267448425293
0.4601760506629944
0.389245867729187
0.4892324209213257
0.3913293182849884
0.3723617494106293
0.49259471893310547
0.677304744720459
0.4801886975765228
0.3953701853752136
0.3772044777870178
0.42691123485565186
0.22999121248722076
0.4829271137714386
0.4228559136390686
0.28245916962623596
0.28370094299316406
0.4971744120121002
0.40449386835098267
0.5952180624008179
0.36480599641799927
0.30134063959121704
0.26377490162849426
0.3521445393562317
0.36844542622566223
0.47075074911117554
0.17571969330310822
0.38466787338256836
0.38926127552986145
0.4962012767791748
0.2059941291809082
0.4977464973926544
0.33817392587661743
0.34230154752731323
0.21264158189296722
0.5523549318313599
0.25213104486465454
0.35922354459762573
0.3344060182571411
0.4011397659778595
0.278290331363678
0.3436529040336609
0.42247530817985535
0.417508065700531
0.4603913426399231
0.4890415668487549
0.29715481400489807
0.40776628255844116
0.505074679851532
0.5024375915527344
0.41236621141433716
0.4892336130142212
0.328906774520874
0.2936013340950012
0.5586214065551758
0.2921583652496338
0.4465164542198181
0.466484010219574
0.4346993565559387
0.33875972032546997
0.43993866443634033
0.5387564301490784
0.43185532093048096
0.3593711256980896
0.37049782276153564
0.4206583499908447
0.43920302391052246
0.32125771045684814
0.37095996737480164
0.3857029974460602
0.4168780446052551
0.5280972719192505
0.4594001770019531
0.4458323121070862
0.5259711742401123
0.3896244168281555
0.2749788165092468
0.3575168251991272
0.45366889238357544
0.42995119094848633
0.4812299609184265
0.5145504474639893
0.6513946056365967
0.5514661073684692
0.4075039327144623
0.40569496154785156
0.31472644209861755
0.4159119129180908
0.33226704597473145
0.4305160641670227
0.5747700929641724
0.42997869849205017
0.5832711458206177
0.33957213163375854
0.5535883903503418
0.5161013603210449
0.5179864168167114
0.48001402616500854
0.3231799006462097
0.36381179094314575
0.4467514157295227
0.4702075719833374
0.43831968307495117
0.44659948348999023
0.46317869424819946
0.40803420543670654
0.5353726148605347
0.39457234740257263
0.3923489451408386
0.2747671604156494
0.3848954737186432
0.47364556789398193
0.4105643033981323
0.35644233226776123
0.3977743089199066
0.4724583923816681
0.4692282974720001
0.35249143838882446
0.4896657168865204
0.613727331161499
0.40057435631752014
0.27485358715057373
0.35137003660202026
0.31848663091659546
0.3372674584388733
0.4863319396972656
0.5363436937332153
0.4357706308364868
0.34142762422561646
0.4425656199455261
0.5614070892333984
0.32373666763305664
0.41149890422821045
0.3241351842880249
0.5926113128662109
0.4053787589073181
0.45584601163864136
0.34406816959381104
0.3052837550640106
0.3778538703918457
0.2580748200416565
0.36430561542510986
0.38502758741378784
0.4036582410335541
0.5651671886444092
0.29555007815361023
0.28417515754699707
0.4279493987560272
0.4793248176574707
0.4425416588783264
0.2639978528022766
0.5194583535194397
0.3654577136039734
0.5305866599082947
0.3575318157672882
0.2803366184234619
0.31163322925567627
0.2011176198720932
0.32617419958114624
0.37228864431381226
0.40964174270629883
0.5003591775894165
0.36841416358947754
0.39339739084243774
0.4060576558113098
0.40748441219329834
0.4098547697067261
0.4031282067298889
0.34617912769317627
0.37035608291625977
0.34811604022979736
0.37340980768203735
0.3936505913734436
0.4988440275192261
0.41392719745635986
0.41302546858787537
0.2596167325973511
0.3798210322856903
0.5506889224052429
0.6299114227294922
0.5325003862380981
0.41090989112854004
0.328748881816864
0.4546809792518616
0.2302699238061905
0.539308488368988
0.31081169843673706
0.6404448747634888
0.5367286205291748
0.547375500202179
0.41718772053718567
0.4695662260055542
0.5337537527084351
0.44737011194229126
0.38089513778686523
0.4829983711242676
0.45132923126220703
0.42226865887641907
0.30214008688926697
0.3302965760231018
0.4704316556453705
0.4192705750465393
0.28808027505874634
0.332616925239563
0.3601348400115967
0.22580622136592865
0.40814435482025146
0.3280419707298279
0.17294850945472717
0.3427676558494568
0.3230098783969879
0.3196834921836853
0.31449469923973083
0.4611160457134247
0.45295676589012146
0.5039486885070801
0.5269436836242676
0.5910911560058594
0.5883259177207947
0.48756515979766846
0.5254946351051331
0.2507140636444092
0.3884781002998352
0.39805999398231506
0.31845736503601074
0.3121752142906189
0.46023401618003845
0.35089951753616333
0.34526053071022034
0.340745210647583
0.3410262167453766
0.570604681968689
0.37229833006858826
0.34759366512298584
0.36654016375541687
0.4211016893386841
0.24367430806159973
0.3514040410518646
0.5634702444076538
0.3482102155685425
0.36318933963775635
0.37795907258987427
0.47389546036720276
0.38660264015197754
0.29404565691947937
0.4242050051689148
0.4182698726654053
0.3224557042121887
0.615865170955658
0.428438663482666
0.3729291558265686
0.34487107396125793
0.39771589636802673
0.31099170446395874
0.4974414110183716
0.4842683970928192
0.38962388038635254
0.4052155613899231
0.434479683637619
0.3829993009567261
0.47980496287345886
0.3671867847442627
0.5220703482627869
0.6832104921340942
0.2969585657119751
0.3652544617652893
0.38176846504211426
0.3316830098628998
0.4419858455657959
0.24777023494243622
0.4776647090911865
0.2735215127468109
0.317869633436203
0.35862571001052856
0.4988853931427002
0.3492099940776825
0.557770848274231
0.3978689908981323
0.6497324705123901
0.45474427938461304
0.48304635286331177
0.22480811178684235
0.5848342180252075
0.4217510223388672
0.3226264715194702
0.546401858329773
0.4103396534919739
0.5299803018569946
0.3181328773498535
0.4139970541000366
0.46786612272262573
0.5454919338226318
0.2783839702606201
0.48131757974624634
0.43262046575546265
0.44766509532928467
0.32215532660484314
0.3365183472633362
0.5711417198181152
0.26858949661254883
0.47299423813819885
0.21481160819530487
0.5563057065010071
0.24799391627311707
0.4928165078163147
0.45700952410697937
0.49958550930023193
0.5388013124465942
0.29431217908859253
0.3062848746776581
0.40407794713974
0.40428227186203003
0.15682239830493927
0.5987697839736938
0.5439991354942322
0.32407432794570923
0.48024511337280273
0.3087655007839203
0.4208221435546875
0.4748813509941101
0.33643633127212524
0.5556774139404297
0.25537699460983276
0.3984602391719818
0.6040777564048767
0.3091989755630493
0.37907224893569946
0.283710777759552
0.24208585917949677
0.4265660047531128
0.4900192618370056
0.44563841819763184
0.43775540590286255
0.32868221402168274
0.3362068235874176
0.2616843581199646
0.5041773319244385
0.38185039162635803
0.47476938366889954
0.33629536628723145
0.45902228355407715
0.5975626707077026
0.3381239175796509
0.6542271971702576
0.41472017765045166
0.3244342803955078
0.2785240113735199
0.3789564371109009
0.33123040199279785
0.2865540683269501
0.5196089744567871
0.508344292640686
0.39260154962539673
0.29989808797836304
0.5012093782424927
0.31514972448349
0.4807341396808624
0.44480186700820923
0.409041166305542
0.28467845916748047
0.22967593371868134
0.3251417577266693
0.49520787596702576
0.3873681426048279
0.4587354063987732
0.31222230195999146
0.42642879486083984
0.28900784254074097
0.3175099194049835
0.27981770038604736
0.352003276348114
0.4606083035469055
0.42907583713531494
0.29658374190330505
0.23681144416332245
0.4358113408088684
0.5102876424789429
0.46708929538726807
0.39050400257110596
0.5609371066093445
0.5157076716423035
0.5437177419662476
0.3849846124649048
0.3104494512081146
0.4951743185520172
0.5802400708198547
0.4769604206085205
0.34809577465057373
0.5455852746963501
0.4802682399749756
0.4820379316806793
0.5006595253944397
0.43863657116889954
0.3665904402732849
0.5732781887054443
0.649653434753418
0.4002031087875366
0.406957745552063
0.46482154726982117
0.39368972182273865
0.43731799721717834
0.40881845355033875
0.5202759504318237
0.5056002140045166
0.2905900776386261
0.5605675578117371
0.398386150598526
0.33999860286712646
0.36573147773742676
0.45814579725265503
0.250773549079895
0.2634735405445099
0.3099764585494995
0.4194375276565552
0.573495626449585
0.4639159142971039
0.4904260039329529
0.3391696810722351
0.3446842432022095
0.5493656396865845
0.45108217000961304
0.29912835359573364
0.630964994430542
0.29714491963386536
0.3449014723300934
0.5565513372421265
0.3204325735569
0.4997236728668213
0.5065860748291016
0.46882426738739014
0.30425772070884705
0.6693379282951355
0.4955739378929138
0.2558741867542267
0.45343881845474243
0.382415771484375
0.4800015389919281
0.4237886071205139
0.5216596126556396
0.39993366599082947
0.39303576946258545
0.294450044631958
0.46807336807250977
0.48688167333602905
0.3928174674510956
0.5194719433784485
0.45576345920562744
0.4748888611793518
0.408572256565094
0.45584261417388916
0.39797961711883545
0.3689182996749878
0.4292212426662445
0.4792540669441223
0.31618595123291016
0.41922077536582947
0.254382461309433
0.43528521060943604
0.35037389397621155
0.439981609582901
0.25223350524902344
0.4863501787185669
0.3519478142261505
0.5767601132392883
0.32997387647628784
0.5343304872512817
0.6079301238059998
0.41326379776000977
0.45106595754623413
0.4761015772819519
0.23438797891139984
0.27123069763183594
0.46559715270996094
0.35157591104507446
0.47662872076034546
0.3570557236671448
0.3977873623371124
0.29568684101104736
0.5845458507537842
0.33492475748062134
0.38682276010513306
0.42768675088882446
0.4011397361755371
0.4594001770019531
0.549423336982727
0.4250134527683258
0.33341270685195923
0.3647015690803528
0.5769373178482056
0.18039734661579132
0.4930724799633026
0.35696130990982056
0.5419691801071167
0.5167739391326904
0.5368035435676575
0.302279531955719
0.39942532777786255
0.4236713945865631
0.3373124599456787
0.4949110150337219
0.2695167660713196
0.3936038017272949
0.34708070755004883
0.3930590748786926
0.47047847509384155
0.4277253746986389
0.27432289719581604
0.2525612413883209
0.4865504801273346
0.5202318429946899
0.47200918197631836
0.4348721504211426
0.5192850828170776
0.4149426221847534
0.34985122084617615
0.6743921041488647
0.38326138257980347
0.3007632791996002
0.35134589672088623
0.3393503725528717
0.4702278673648834
0.43020138144493103
0.36968010663986206
0.5430417060852051
0.3827996253967285
0.3077011704444885
0.3317928612232208
0.3539242446422577
0.42437225580215454
0.4144299328327179
0.5561033487319946
0.44745880365371704
0.29893097281455994
0.41724613308906555
0.2952565550804138
0.4190649092197418
0.3713407516479492
0.32791632413864136
0.38561204075813293
0.436536967754364
0.2207345962524414
0.3521118462085724
0.42516034841537476
0.36926543712615967
0.3283150792121887
0.2697058916091919
0.3454599976539612
0.43507105112075806
0.28985533118247986
0.3949803411960602
0.3913729190826416
0.3874266445636749
0.4635278880596161
0.1940351277589798
0.2217937558889389
0.5863292217254639
0.306377112865448
0.4281444549560547
0.3954048752784729
0.41994065046310425
0.4180372357368469
0.44143885374069214
0.5346335172653198
0.49856042861938477
0.45146146416664124
0.3163073658943176
0.3371747136116028
0.37394773960113525
0.49608105421066284
0.4434703588485718
0.4370031952857971
0.3769211173057556
0.4306739270687103
0.2368914633989334
0.3910270035266876
0.48683667182922363
0.3828555941581726
0.5394325256347656
0.38867825269699097
0.410348117351532
0.2233947217464447
0.4326425790786743
0.22621701657772064
0.5914108753204346
0.39957693219184875
0.5376569032669067
0.21598948538303375
0.4183574914932251
0.3057541847229004
0.5505256652832031
0.2716662883758545
0.5216131210327148
0.351688027381897
0.4105737805366516
0.5153879523277283
0.43807607889175415
0.516802966594696
0.5548017024993896
0.22862975299358368
0.5088332295417786
0.39261186122894287
0.2420015186071396
0.21851247549057007
0.39899158477783203
0.30008894205093384
0.3529067039489746
0.5055753588676453
0.2644221782684326
0.36542680859565735
0.4348786473274231
0.51279616355896
0.5879637598991394
0.4628891944885254
0.3926335573196411
0.4049028158187866
0.32439950108528137
0.46128544211387634
0.4291795492172241
0.3597126603126526
0.450710654258728
0.4947449266910553
0.38058236241340637
0.4522835314273834
0.4688095450401306
0.3054106831550598
0.40252065658569336
0.24306802451610565
0.30349478125572205
0.2892836928367615
0.42769938707351685
0.4033222794532776
0.3750893175601959
0.5316192507743835
0.4632987380027771
0.5170338153839111
0.49455299973487854
0.34904944896698
0.3767663836479187
0.481878399848938
0.3032645583152771
0.5291869640350342
0.2664845585823059
0.5462122559547424
0.3588121235370636
0.40120306611061096
0.3157491087913513
0.3145477771759033
0.446688175201416
0.2979879379272461
0.4318230450153351
0.5483521819114685
0.5458434820175171
0.42515629529953003
0.3239981234073639
0.28594616055488586
0.4656643271446228
0.29017671942710876
0.4691389799118042
0.29772883653640747
0.4223686456680298
0.2936025857925415
0.471069872379303
0.5211164951324463
0.2971361577510834
0.3291744887828827
0.40002167224884033
0.3035416603088379
0.5498934984207153
0.3188852071762085
0.3667871356010437
0.3424499034881592
0.5064540505409241
0.5232221484184265
0.31088441610336304
0.48507076501846313
0.3308514952659607
0.5877622961997986
0.5255040526390076
0.6514587998390198
0.4819285273551941
0.33730602264404297
0.5007479190826416
0.5775700211524963
0.6246629953384399
0.47213101387023926
0.3251599669456482
0.2380460649728775
0.4298030138015747
0.5003634691238403
0.38925305008888245
0.46455347537994385
0.2945546805858612
0.2927502989768982
0.41478094458580017
0.39473605155944824
0.4899398684501648
0.47119560837745667
0.38757672905921936
0.3546948730945587
0.3135281801223755
0.45765870809555054
0.45742106437683105
0.3827735483646393
0.5056160688400269
0.4877445697784424
0.1836075335741043
0.49488896131515503
0.35011765360832214
0.29384133219718933
0.5024427175521851
0.28704407811164856
0.490484356880188
0.49837297201156616
0.39872097969055176
0.5228992700576782
0.3273719549179077
0.46764063835144043
0.3042685389518738
0.4084654152393341
0.45397740602493286
0.3477386236190796
0.2635338604450226
0.3959149420261383
0.5626089572906494
0.426451176404953
0.28975963592529297
0.3542783856391907
0.17381013929843903
0.3341219127178192
0.4498603343963623
0.2845936417579651
0.16960673034191132
0.3594130277633667
0.46239927411079407
0.2523956894874573
0.4536987245082855
0.498462975025177
0.21496695280075073
0.22839747369289398
0.37678200006484985
0.4177762269973755
0.5586192011833191
0.25552886724472046
0.5119713544845581
0.7291527390480042
0.3420165181159973
0.4882925748825073
0.3389386236667633
0.6846126914024353
0.2723209857940674
0.44873884320259094
0.32519352436065674
0.4024123549461365
0.3492680788040161
0.5902717113494873
0.360592782497406
0.460136353969574
0.42917773127555847
0.5292631387710571
0.5217679142951965
0.5585871338844299
0.41359663009643555
0.32168734073638916
0.2999897003173828
0.3028533458709717
0.5368998050689697
0.4147294759750366
0.4875439405441284
0.3575171232223511
0.5339926481246948
0.4141542315483093
0.37629222869873047
0.31342580914497375
0.39847514033317566
0.34764567017555237
0.4708487391471863
0.39997026324272156
0.2006436437368393
0.4323648512363434
0.29427745938301086
0.3493897318840027
0.4553762674331665
0.3896106779575348
0.5196941494941711
0.4244009852409363
0.35763901472091675
0.48063066601753235
0.39303284883499146
0.2690941095352173
0.28258466720581055
0.5708779096603394
0.5222012996673584
0.3968448042869568
0.38707512617111206
0.46900320053100586
0.39393681287765503
0.39905819296836853
0.5286964774131775
0.5480857491493225
0.5366662740707397
0.44895148277282715
0.3969273865222931
0.3986033797264099
0.41630879044532776
0.5692105889320374
0.2590479254722595
0.39541929960250854
0.5020235776901245
0.47886767983436584
0.48656100034713745
0.1648605465888977
0.513087272644043
0.5521380305290222
0.3661893904209137
0.34723544120788574
0.4388347566127777
0.3076940178871155
0.3873478174209595
0.3523480296134949
0.4390164315700531
0.39198964834213257
0.4290103316307068
0.29828476905822754
0.23568716645240784
0.3125850558280945
0.3157086670398712
0.2717580795288086
0.35694944858551025
0.5817910432815552
0.29893091320991516
0.5199207067489624
0.33164429664611816
0.2824947237968445
0.5796566009521484
0.536047101020813
0.3568132519721985
0.4391738176345825
0.42297840118408203
0.5465831756591797
0.24967418611049652
0.3548836410045624
0.44136524200439453
0.40330010652542114
0.5726823210716248
0.5358256101608276
0.48367613554000854
0.4133336842060089
0.34172123670578003
0.21388711035251617
0.529708743095398
0.5341461896896362
0.37921351194381714
0.4242759943008423
0.2800174355506897
0.28040558099746704
0.40874409675598145
0.4348461627960205
0.47728195786476135
0.3164360523223877
0.4232409596443176
0.42519545555114746
0.5925917029380798
0.377840518951416
0.42589616775512695
0.5637564659118652
0.3974323272705078
0.5440120100975037
0.5255777835845947
0.35361364483833313
0.5100062489509583
0.3223762810230255
0.5694643259048462
0.35387110710144043
0.3387208580970764
0.3631197214126587
0.4551178812980652
0.45255187153816223
0.4890285134315491
0.5411990284919739
0.3754115402698517
0.29651573300361633
0.5625556707382202
0.4303343892097473
0.398617684841156
0.19597797095775604
0.2729618549346924
0.4013417065143585
0.42530250549316406
0.4496859312057495
0.4903285801410675
0.5267904996871948
0.5192838907241821
0.477493554353714
0.30462270975112915
0.28289109468460083
0.4415770173072815
0.4822562038898468
0.324853777885437
0.5792949199676514
0.44244280457496643
0.5133438110351562
0.38799309730529785
0.3077232837677002
0.3697059154510498
0.3964213728904724
0.40251028537750244
0.373066782951355
0.3039153814315796
0.29898369312286377
0.28586143255233765
0.4793471097946167
0.4346482753753662
0.471129834651947
0.4465330243110657
0.5034640431404114
0.37843286991119385
0.4683654308319092
0.2990015149116516
0.4712311625480652
0.46249520778656006
0.3605883717536926
0.5137475728988647
0.25705093145370483
0.39201462268829346
0.42054691910743713
0.28747719526290894
0.4341484606266022
0.46709728240966797
0.42466145753860474
0.27208778262138367
0.3118196427822113
0.4824787974357605
0.36441585421562195
0.5281797051429749
0.45723867416381836
0.4146752953529358
0.4240764379501343
0.35895824432373047
0.4087272882461548
0.40981346368789673
0.4759477972984314
0.5945655107498169
0.35171031951904297
0.43132808804512024
0.320376992225647
0.4346216320991516
0.33256739377975464
0.43637460470199585
0.5258917808532715
0.25611257553100586
0.43144649267196655
0.6956453919410706
0.5117045044898987
0.5296651721000671
0.43121904134750366
0.2943976819515228
0.5011155605316162
0.4302096962928772
0.49243348836898804
0.419237345457077
0.464436411857605
0.39834827184677124
0.4891757369041443
0.48982545733451843
0.30436602234840393
0.5263699293136597
0.46726125478744507
0.5789122581481934
0.3373025059700012
0.2558887302875519
0.3694256544113159
0.5306695699691772
0.2886313498020172
0.4651983380317688
0.4877067804336548
0.3217453062534332
0.45199984312057495
0.30614805221557617
0.26522964239120483
0.37641969323158264
0.4531330466270447
0.3668104410171509
0.14914913475513458
0.3818516731262207
0.5517561435699463
0.4392582178115845
0.4969494938850403
0.4426802694797516
0.3666682541370392
0.2779075503349304
0.4367394745349884
0.3680492341518402
0.3659229278564453
0.30286848545074463
0.45487427711486816
0.7291955351829529
0.41385573148727417
0.42177656292915344
0.4928186535835266
0.28671491146087646
0.5233057141304016
0.6443068981170654
0.27050960063934326
0.2049911767244339
0.25639697909355164
0.2406150847673416
0.37481239438056946
0.245869979262352
0.49656927585601807
0.40751883387565613
0.43555665016174316
0.4188338816165924
0.49351534247398376
0.3876780867576599
0.3109755516052246
0.4142490327358246
0.4192647933959961
0.3948659896850586
0.3620712161064148
0.38902443647384644
0.20909880101680756
0.5593927502632141
0.5003036856651306
0.32850539684295654
0.4858553111553192
0.33922016620635986
0.34856894612312317
0.4878714382648468
0.5002320408821106
0.4100450277328491
0.24364124238491058
0.42173904180526733
0.38455235958099365
0.47103047370910645
0.3644774556159973
0.4957764148712158
0.4643792510032654
0.3160659074783325
0.4257138967514038
0.32576534152030945
0.2744963765144348
0.5784128904342651
0.43274134397506714
0.5005573034286499
0.33177924156188965
0.5213940143585205
0.2697434425354004
0.2913946509361267
0.3736017942428589
0.5387190580368042
0.3319826126098633
0.3246503472328186
0.46532437205314636
0.44082117080688477
0.33572596311569214
0.40047013759613037
0.4366970658302307
0.41322433948516846
0.48211267590522766
0.3395010828971863
0.44396814703941345
0.33356350660324097
0.4294179379940033
0.4631441831588745
0.5011247992515564
0.4468223452568054
0.30735331773757935
0.4814997911453247
0.28467845916748047
0.27437201142311096
0.4192332625389099
0.5216760635375977
0.3481420576572418
0.5006868243217468
0.3860466778278351
0.25063806772232056
0.38410913944244385
0.7725993990898132
0.4886500835418701
0.35550984740257263
0.23443563282489777
0.2674107551574707
0.491222083568573
0.3395898938179016
0.20795929431915283
0.540029764175415
0.46714887022972107
0.49302488565444946
0.5394790172576904
0.27804896235466003
0.45402657985687256
0.5257896184921265
0.3742431700229645
0.48948073387145996
0.383836954832077
0.4500834047794342
0.5027541518211365
0.5635473728179932
0.4769393503665924
0.4697383642196655
0.3663977384567261
0.3264327347278595
0.5262994766235352
0.37238001823425293
0.37583431601524353
0.324135422706604
0.5330249667167664
0.4663565754890442
0.33392512798309326
0.39232972264289856
0.5509412288665771
0.43819791078567505
0.3765789270401001
0.42879220843315125
0.3252750635147095
0.5431423783302307
0.2645661234855652
0.3444541394710541
0.4205210208892822
0.48676541447639465
0.2367672622203827
0.26607412099838257
0.3507462739944458
0.261536180973053
0.4735054671764374
0.3644566535949707
0.34127917885780334
0.5336560010910034
0.35083216428756714
0.5306838750839233
0.34627869725227356
0.5176239609718323
0.5495291948318481
0.4678134322166443
0.43023258447647095
0.23885618150234222
0.23108820617198944
0.3695380687713623
0.37523722648620605
0.35760295391082764
0.32631510496139526
0.5642178058624268
0.6133636236190796
0.4738149344921112
0.40364301204681396
0.4700254797935486
0.30650895833969116
0.42397165298461914
0.4962833523750305
0.36398905515670776
0.35881656408309937
0.5309432744979858
0.3914138078689575
0.2739889621734619
0.28963732719421387
0.5781397819519043
0.3603939116001129
0.3824917674064636
0.2217937558889389
0.35456570982933044
0.4077920913696289
0.11838261038064957
0.4597746431827545
0.395952045917511
0.3318578600883484
0.3670547604560852
0.3671710193157196
0.3409784436225891
0.4008157253265381
0.453403502702713
0.4475623369216919
0.39466631412506104
0.35211125016212463
0.301768958568573
0.3852556645870209
0.3805575370788574
0.4756811559200287
0.31932729482650757
0.43508362770080566
0.44342830777168274
0.28412365913391113
0.628074586391449
0.5292578935623169
0.37408697605133057
0.5491621494293213
0.338744580745697
0.5923542380332947
0.5455780029296875
0.46436935663223267
0.4851759374141693
0.22590093314647675
0.41619378328323364
0.4286390542984009
0.5056958198547363
0.602310836315155
0.3776836097240448
0.3428252041339874
0.39884042739868164
0.3301704227924347
0.5119823813438416
0.3818572461605072
0.4744919240474701
0.35797950625419617
0.49151816964149475
0.42853108048439026
0.464317262172699
0.36199676990509033
0.5225622653961182
0.5177659392356873
0.6397172808647156
0.4841843247413635
0.3600957691669464
0.2470138520002365
0.3745151460170746
0.4565790891647339
0.5050237774848938
0.14769378304481506
0.3441099226474762
0.3115699887275696
0.3892383873462677
0.17231358587741852
0.48330527544021606
0.456900030374527
0.44795772433280945
0.3786281943321228
0.43906331062316895
0.38746196031570435
0.5336927175521851
0.42492979764938354
0.48201674222946167
0.6417332887649536
0.519294023513794
0.26090121269226074
0.4321184754371643
0.33315786719322205
0.48171138763427734
0.5515528917312622
0.408611536026001
0.4562329649925232
0.4528197646141052
0.35139378905296326
0.3468700647354126
0.2896912693977356
0.44355642795562744
0.4094354212284088
0.33466988801956177
0.323738157749176
0.5390592813491821
0.492531955242157
0.3755951523780823
0.46195659041404724
0.42674994468688965
0.44862228631973267
0.5229578018188477
0.4736712872982025
0.47989508509635925
0.4236600399017334
0.3553021252155304
0.3682786524295807
0.30391180515289307
0.5445715188980103
0.523145318031311
0.32756417989730835
0.3694160580635071
0.3058103322982788
0.2722128629684448
0.4955938160419464
0.4991142153739929
0.4389035105705261
0.48726046085357666
0.4325946867465973
0.365838885307312
0.4347750246524811
0.37517255544662476
0.40629392862319946
0.3473672866821289
0.3341255187988281
0.5214411020278931
0.4580593407154083
0.23299233615398407
0.3386164903640747
0.4979504644870758
0.4289436936378479
0.5709524154663086
0.5452188849449158
0.499306857585907
0.4020065665245056
0.3672764301300049
0.4902591109275818
0.4272639751434326
0.4465426206588745
0.38729310035705566
0.41835013031959534
0.46201127767562866
0.3116370439529419
0.5507329106330872
0.33259114623069763
0.4790497422218323
0.3727705478668213
0.39931195974349976
0.19675658643245697
0.3899630606174469
0.3812519907951355
0.3886755108833313
0.3528115153312683
0.4209519028663635
0.2947869896888733
0.4848250448703766
0.38501936197280884
0.21940530836582184
0.4129919409751892
0.23017960786819458
0.4189477562904358
0.41600388288497925
0.48344868421554565
0.41826194524765015
0.2970653176307678
0.37065964937210083
0.20913256704807281
0.329444944858551
0.3684510588645935
0.3923959732055664
0.423383891582489
0.5651402473449707
0.321902871131897
0.37810826301574707
0.26029878854751587
0.3619565963745117
0.3150269687175751
0.43367379903793335
0.4612812399864197
0.16658328473567963
0.503959596157074
0.3413960933685303
0.48250553011894226
0.5238152146339417
0.5193312168121338
0.33226579427719116
0.5549256801605225
0.322367787361145
0.46248528361320496
0.6219534277915955
0.503968358039856
0.5337537527084351
0.49998903274536133
0.3765893578529358
0.43595409393310547
0.428607314825058
0.3620820641517639
0.4543410539627075
0.4500308930873871
0.30832308530807495
0.35553210973739624
0.32242900133132935
0.37506529688835144
0.4060659408569336
0.3589508533477783
0.5392827987670898
0.3573324382305145
0.38533836603164673
0.4404004216194153
0.461091011762619
0.4845527708530426
0.3483443260192871
0.32782936096191406
0.43770694732666016
0.413062185049057
0.39967191219329834
0.4593132734298706
0.2796153128147125
0.42693713307380676
0.27830588817596436
0.42105352878570557
0.47882789373397827
0.4104973375797272
0.27799588441848755
0.33471357822418213
0.5256463885307312
0.28952720761299133
0.5498055815696716
0.3158562481403351
0.504697322845459
0.47199350595474243
0.413827121257782
0.38406801223754883
0.48510026931762695
0.43902045488357544
0.5909543037414551
0.35788291692733765
0.2692151665687561
0.6140692234039307
0.3965083360671997
0.5583049058914185
0.2868155539035797
0.27536657452583313
0.4409615993499756
0.3856695890426636
0.4485864043235779
0.2953738868236542
0.5530409812927246
0.4476330280303955
0.22419482469558716
0.35060685873031616
0.403768390417099
0.5386160016059875
0.5265357494354248
0.47854185104370117
0.6066884994506836
0.4798869788646698
0.3267762362957001
0.5253289937973022
0.48373180627822876
0.46900320053100586
0.36903250217437744
0.5023998618125916
0.34922534227371216
0.5159841179847717
0.4639127850532532
0.35940229892730713
0.3462640643119812
0.5368388295173645
0.2896069884300232
0.5443869829177856
0.43465495109558105
0.6122663021087646
0.43230026960372925
0.30874425172805786
0.46540161967277527
0.5457088947296143
0.34467706084251404
0.4053667485713959
0.49831169843673706
0.5393548011779785
0.5198236703872681
0.23066926002502441
0.4616677165031433
0.4281265139579773
0.5769925117492676
0.45162689685821533
0.305711030960083
0.4293728470802307
0.400479793548584
0.38201647996902466
0.3442256450653076
0.4817514717578888
0.3088434934616089
0.1740405112504959
0.33632007241249084
0.4373636841773987
0.5888065695762634
0.26699575781822205
0.5129513144493103
0.4236636757850647
0.4527673125267029
0.5149682760238647
0.4887095093727112
0.4664424657821655
0.41695570945739746
0.4093436002731323
0.32254254817962646
0.39923182129859924
0.5173500776290894
0.3537341356277466
0.39055970311164856
0.38821709156036377
0.3622908592224121
0.3776143789291382
0.4822094142436981
0.45773452520370483
0.3177483081817627
0.343367338180542
0.39131107926368713
0.2700996398925781
0.5011693239212036
0.4563806653022766
0.3490804433822632
0.2703806757926941
0.30641689896583557
0.45983976125717163
0.3727725148200989
0.19298608601093292
0.3230700194835663
0.35878872871398926
0.5698888897895813
0.4915955662727356
0.3021993041038513
0.38054031133651733
0.16178138554096222
0.37313178181648254
0.32431232929229736
0.42186856269836426
0.563970685005188
0.4871750771999359
0.36069411039352417
0.393905371427536
0.2527194619178772
0.48336201906204224
0.39583688974380493
0.3849865794181824
0.277940571308136
0.399577260017395
0.4097047746181488
0.2904660701751709
0.18867473304271698
0.39348870515823364
0.6338968873023987
0.4377860426902771
0.344327449798584
0.25291889905929565
0.4966392517089844
0.4724881649017334
0.4514859914779663
0.49736931920051575
0.3077196180820465
0.4151257872581482
0.293352872133255
0.29264044761657715
0.42841917276382446
0.4202747941017151
0.5890458822250366
0.5646339654922485
0.44199883937835693
0.37311792373657227
0.33729106187820435
0.4839526116847992
0.5454055666923523
0.40278327465057373
0.6697446703910828
0.4729078710079193
0.328071266412735
0.6842902898788452
0.5055498480796814
0.33569976687431335
0.33102840185165405
0.4486973285675049
0.3941497504711151
0.28011804819107056
0.27146074175834656
0.21354064345359802
0.3209947943687439
0.43508362770080566
0.4067654013633728
0.4954437017440796
0.42805883288383484
0.474578320980072
0.4618936777114868
0.42883074283599854
0.367937296628952
0.17295962572097778
0.42983686923980713
0.4236817955970764
0.4336719512939453
0.2661944627761841
0.5046109557151794
0.23540402948856354
0.3833531439304352
0.2624549865722656
0.5167933702468872
0.3429543077945709
0.47980451583862305
0.5477568507194519
0.3293488621711731
0.3601784408092499
0.47586554288864136
0.43176424503326416
0.5334621667861938
0.4380859136581421
0.4109843373298645
0.44883638620376587
0.36337393522262573
0.2518728971481323
0.3054293990135193
0.5385817885398865
0.37796327471733093
0.43575596809387207
0.3106120824813843
0.4092579483985901
0.3066624402999878
0.32610464096069336
0.31592556834220886
0.364501416683197
0.34989026188850403
0.5580812692642212
0.44529104232788086
0.3657528758049011
0.3479665219783783
0.35483258962631226
0.5143603682518005
0.2994668483734131
0.4635448455810547
0.189392551779747
0.3087330460548401
0.5164856910705566
0.678081750869751
0.47631216049194336
0.33693307638168335
0.36681103706359863
0.6881682872772217
0.48803988099098206
0.536112904548645
0.3470306396484375
0.3323970437049866
0.44036877155303955
0.29686784744262695
0.4719246029853821
0.4146234393119812
0.37849515676498413
0.4025126099586487
0.39425843954086304
0.4545796513557434
0.26900067925453186
0.4522148370742798
0.51087486743927
0.2393815815448761
0.4056652784347534
0.4596027731895447
0.4445568323135376
0.3993845582008362
0.38814443349838257
0.38527727127075195
0.5471295118331909
0.46697893738746643
0.42906540632247925
0.420174777507782
0.4004902243614197
0.37360599637031555
0.40554356575012207
0.4580942392349243
0.3862980902194977
0.44195759296417236
0.396382212638855
0.4786573052406311
0.47980332374572754
0.32345861196517944
0.4207753539085388
0.3100413978099823
0.3299082815647125
0.40841779112815857
0.322485089302063
0.4370385408401489
0.44736260175704956
0.2935760021209717
0.3760695457458496
0.5688796043395996
0.4548022747039795
0.4397345781326294
0.4354684352874756
0.40734803676605225
0.362496554851532
0.5133121609687805
0.3560656011104584
0.44414904713630676
0.2761799097061157
0.13194076716899872
0.44800102710723877
0.44575726985931396
0.40814557671546936
0.343933641910553
0.47340506315231323
0.3257458209991455
0.5726515054702759
0.310675710439682
0.42215436697006226
0.49608007073402405
0.2987580895423889
0.48806098103523254
0.4812527000904083
0.45204609632492065
0.5476950407028198
0.4504601061344147
0.42973461747169495
0.3626713752746582
0.3750121593475342
0.5675040483474731
0.38114482164382935
0.4031124711036682
0.34350597858428955
0.40883636474609375
0.5088099241256714
0.28221097588539124
0.3501232862472534
0.36516284942626953
0.574368953704834
0.5069794654846191
0.22857071459293365
0.40263909101486206
0.4235895276069641
0.19369246065616608
0.5760837197303772
0.37070876359939575
0.5607953667640686
0.3391539454460144
0.41795599460601807
0.3599257469177246
0.46282920241355896
0.3012264370918274
0.4184419512748718
0.29930537939071655
0.41678673028945923
0.44200778007507324
0.36902856826782227
0.5816279649734497
0.34057188034057617
0.4164597988128662
0.318611741065979
0.25574344396591187
0.41435369849205017
0.31081098318099976
0.5231775641441345
0.472160667181015
0.2803126573562622
0.41083818674087524
0.4948514401912689
0.48274141550064087
0.6421200037002563
0.44984546303749084
0.46175602078437805
0.4666398763656616
0.4905247688293457
0.29210740327835083
0.23349227011203766
0.38027918338775635
0.4925726056098938
0.3314129114151001
0.29870617389678955
0.4114989638328552
0.47656720876693726
0.30931299924850464
0.4412161111831665
0.474460244178772
0.23183299601078033
0.49329254031181335
0.4134153127670288
0.26780635118484497
0.3680489659309387
0.575160801410675
0.3712150454521179
0.4978094696998596
0.2620106339454651
0.3302479386329651
0.4005288779735565
0.36124807596206665
0.4218982458114624
0.5613247752189636
0.37208908796310425
0.2953503727912903
0.4295159578323364
0.434906542301178
0.392153263092041
0.5295936465263367
0.4425830841064453
0.6158179640769958
0.2889660894870758
0.4024016261100769
0.5576084852218628
0.5011242628097534
0.4152151942253113
0.3637455105781555
0.3536885380744934
0.3696123957633972
0.42109015583992004
0.4424343705177307
0.3530063331127167
0.30452996492385864
0.4121555984020233
0.3225974440574646
0.49243009090423584
0.28612563014030457
0.4099172353744507
0.49734628200531006
0.3844665288925171
0.5698024034500122
0.4057416319847107
0.5025728940963745
0.2293769270181656
0.34346896409988403
0.5239455699920654
0.41827356815338135
0.44765424728393555
0.2951638996601105
0.408791184425354
0.5864436626434326
0.5662441849708557
0.4156832993030548
0.5336393117904663
0.4427979588508606
0.4736953377723694
0.5014030933380127
0.492181658744812
0.3697584867477417
0.3972790241241455
0.28757786750793457
0.5596562027931213
0.40649211406707764
0.39798587560653687
0.5230821371078491
0.4216538667678833
0.3768305778503418
0.48703306913375854
0.24301967024803162
0.28918617963790894
0.4835647642612457
0.28742650151252747
0.3048672676086426
0.40163111686706543
0.6195031404495239
0.5185141563415527
0.5004044771194458
0.28647953271865845
0.2655333876609802
0.2931346297264099
0.4164866805076599
0.4907900393009186
0.4296562671661377
0.45567768812179565
0.40378081798553467
0.491424024105072
0.5318794250488281
0.38666558265686035
0.38012054562568665
0.35140734910964966
0.4840485453605652
0.3843247890472412
0.3778008818626404
0.19711080193519592
0.3194507658481598
0.2935388386249542
0.2890262007713318
0.5117272138595581
0.3741995096206665
0.4688694477081299
0.3481883108615875
0.5937294960021973
0.43356186151504517
0.4144207239151001
0.16777198016643524
0.2667555809020996
0.5508253574371338
0.27957582473754883
0.42866653203964233
0.28472596406936646
0.45567232370376587
0.35171839594841003
0.43753674626350403
0.5059647560119629
0.35517117381095886
0.45803743600845337
0.5593568086624146
0.44003909826278687
0.3648340106010437
0.32299020886421204
0.3964131474494934
0.42827510833740234
0.4653480648994446
0.12475796788930893
0.32219451665878296
0.2466445416212082
0.29299652576446533
0.5041909217834473
0.5346511602401733
0.4165889620780945
0.520532488822937
0.40671682357788086
0.3500061631202698
0.3818526268005371
0.38495969772338867
0.45871850848197937
0.40407514572143555
0.4286653399467468
0.47613245248794556
0.4054725170135498
0.4413806200027466
0.4146612882614136
0.39005327224731445
0.48585471510887146
0.39416903257369995
0.5880489349365234
0.4006878137588501
0.3204599618911743
0.19169048964977264
0.4485939145088196
0.47955048084259033
0.41912180185317993
0.5048493146896362
0.4799441695213318
0.43574875593185425
0.4568180441856384
0.43415069580078125
0.23539768159389496
0.6017335653305054
0.460793137550354
0.4036671817302704
0.3395612835884094
0.418586403131485
0.32364949584007263
0.28977563977241516
0.40843674540519714
0.6678142547607422
0.5530538558959961
0.3575170636177063
0.32618051767349243
0.43832531571388245
0.3219192624092102
0.3477585017681122
0.6227067708969116
0.45545706152915955
0.4381580352783203
0.4213164448738098
0.39657947421073914
0.3073868155479431
0.3687640428543091
0.3590417802333832
0.39522403478622437
0.4669361114501953
0.5339648723602295
0.7414716482162476
0.4266010522842407
0.5257552862167358
0.5017696619033813
0.4783581495285034
0.3892146944999695
0.39065003395080566
0.4263782501220703
0.4516782760620117
0.3376930058002472
0.3665344715118408
0.4111866056919098
0.4367567300796509
0.38267990946769714
0.36864811182022095
0.24633829295635223
0.545608401298523
0.32255542278289795
0.342236191034317
0.49007225036621094
0.4880549907684326
0.481810986995697
0.3453304171562195
0.524583637714386
0.44283342361450195
0.3347388505935669
0.48062753677368164
0.2974981963634491
0.6307849884033203
0.481170117855072
0.39503419399261475
0.39653661847114563
0.37857767939567566
0.319597065448761
0.45061761140823364
0.34473881125450134
0.2634151577949524
0.4315652549266815
0.4679296016693115
0.31872305274009705
0.37099263072013855
0.3716919422149658
0.44094303250312805
0.6024441719055176
0.49102145433425903
0.25836312770843506
0.5121601223945618
0.5290030241012573
0.28327977657318115
0.4481448233127594
0.42961007356643677
0.3823384940624237
0.3770406246185303
0.4372549057006836
0.49822768568992615
0.2516355514526367
0.439161479473114
0.43059223890304565
0.3525047302246094
0.1834132820367813
0.3171503245830536
0.4324445426464081
0.1827658712863922
0.4447271525859833
0.6598982214927673
0.28865084052085876
0.354473352432251
0.4544776380062103
0.4044947028160095
0.3619200587272644
0.623383104801178
0.3563365042209625
0.41579923033714294
0.4689295291900635
0.5828866958618164
0.30227482318878174
0.3517945408821106
0.4384087920188904
0.5075644254684448
0.1339164674282074
0.35407721996307373
0.44764548540115356
0.21565374732017517
0.25044286251068115
0.4045296311378479
0.37492549419403076
0.4570991098880768
0.5710891485214233
0.2981092929840088
0.557641327381134
0.42727935314178467
0.4224815368652344
0.4939644932746887
0.40567275881767273
0.49193286895751953
0.5665324330329895
0.3044431209564209
0.3933076858520508
0.2865285575389862
0.6354624032974243
0.2905350923538208
0.3476053774356842
0.420359343290329
0.40606915950775146
0.38663554191589355
0.35214412212371826
0.5585803389549255
0.4393511414527893
0.46563321352005005
0.5211164951324463
0.48178601264953613
0.4803178906440735
0.3275892734527588
0.2943556010723114
0.3384700119495392
0.4350491464138031
0.2901442348957062
0.4488123059272766
0.44722020626068115
0.5635100603103638
0.25089070200920105
0.4898279309272766
0.2564910650253296
0.35003045201301575
0.33559516072273254
0.39164742827415466
0.5859854221343994
0.4439886510372162
0.3945637047290802
0.3545943796634674
0.5257006883621216
0.554737389087677
0.36445343494415283
0.6367920637130737
0.44034022092819214
0.3019368648529053
0.31570687890052795
0.3670339286327362
0.5593507289886475
0.30260515213012695
0.5075516104698181
0.4243932366371155
0.11654767394065857
0.31144049763679504
0.39216679334640503
0.3645980954170227
0.33169662952423096
0.3667992055416107
0.4342302680015564
0.4504520893096924
0.2407488226890564
0.4449159801006317
0.4589822590351105
0.36248308420181274
0.5217065811157227
0.42216604948043823
0.1654505431652069
0.4149654805660248
0.4560859203338623
0.5126888155937195
0.38494032621383667
0.40552735328674316
0.2638087868690491
0.514175295829773
0.31334301829338074
0.5143705010414124
0.4505654573440552
0.3813129663467407
0.5394660234451294
0.3402522802352905
0.533752977848053
0.33271265029907227
0.4252787232398987
0.44854873418807983
0.22828476130962372
0.4635383188724518
0.3893672525882721
0.20115603506565094
0.4781095087528229
0.3361787796020508
0.5121330618858337
0.22567437589168549
0.2945398688316345
0.35969001054763794
0.39748668670654297
0.5212942361831665
0.4820317327976227
0.41177722811698914
0.5371683835983276
0.517504870891571
0.32366907596588135
0.3047531843185425
0.3729311227798462
0.3488713800907135
0.516187310218811
0.33913764357566833
0.3659147620201111
0.3435138165950775
0.3130691349506378
0.41885799169540405
0.43452680110931396
0.36146438121795654
0.33098310232162476
0.3483043313026428
0.38893112540245056
0.3270907402038574
0.3920956254005432
0.3828834295272827
0.3724653720855713
0.378228098154068
0.5677086114883423
0.33841150999069214
0.5419435501098633
0.5289095640182495
0.2159237116575241
0.41058868169784546
0.3544963598251343
0.42620205879211426
0.49358510971069336
0.3201192617416382
0.48555606603622437
0.4070891737937927
0.2180412858724594
0.5105098485946655
0.3483060598373413
0.4799514412879944
0.37429535388946533
0.6234307885169983
0.5952355861663818
0.4222260117530823
0.3535899519920349
0.643804669380188
0.31646862626075745
0.4316568374633789
0.4151608645915985
0.4157560467720032
0.5533391833305359
0.31377527117729187
0.49122846126556396
0.24776141345500946
0.5272834300994873
0.34642308950424194
0.4886997938156128
0.5701135993003845
0.24189527332782745
0.3300289511680603
0.5091912746429443
0.4246583580970764
0.27034056186676025
0.46392834186553955
0.34762442111968994
0.37515974044799805
0.4997051954269409
0.30781763792037964
0.4083256423473358
0.38229942321777344
0.38297057151794434
0.5690855383872986
0.28013545274734497
0.44762206077575684
0.49516576528549194
0.425771027803421
0.4967435598373413
0.4525721073150635
0.48162642121315
0.5348941087722778
0.3371601104736328
0.47205930948257446
0.4410051703453064
0.4856323301792145
0.42493367195129395
0.3500508964061737
0.5105732679367065
0.36134636402130127
0.3354869484901428
0.5424408912658691
0.4723920226097107
0.331098347902298
0.29812049865722656
0.282728910446167
0.446664035320282
0.38014405965805054
0.44449329376220703
0.5817033052444458
0.5999013781547546
0.46691447496414185
0.3030977249145508
0.5253301858901978
0.4760769009590149
0.3249220550060272
0.3551707863807678
0.5173129439353943
0.36202889680862427
0.27130112051963806
0.40733909606933594
0.4783588647842407
0.24739544093608856
0.3735044002532959
0.3102320432662964
0.38173216581344604
0.30550330877304077
0.4421650171279907
0.31006574630737305
0.35434702038764954
0.624222993850708
0.43105363845825195
0.42975547909736633
0.45925426483154297
0.3398832678794861
0.34773916006088257
0.323611855506897
0.4071231484413147
0.3570101857185364
0.4335784912109375
0.4306090474128723
0.45372334122657776
0.4575030505657196
0.46816471219062805
0.35286396741867065
0.28316473960876465
0.387611985206604
0.4164541959762573
0.4764051139354706
0.45107415318489075
0.4716329574584961
0.4852716624736786
0.38062670826911926
0.3672102391719818
0.4515749514102936
0.459852933883667
0.3599459230899811
0.34400492906570435
0.46004974842071533
0.3046579658985138
0.4571892023086548
0.1442563384771347
0.538836658000946
0.5012093782424927
0.36915287375450134
0.3370819091796875
0.3852744400501251
0.423470139503479
0.30331313610076904
0.40011516213417053
0.34730586409568787
0.5335198044776917
0.2675989270210266
0.506872832775116
0.4525223970413208
0.3847516179084778
0.37651869654655457
0.45701825618743896
0.44626176357269287
0.4329388737678528
0.4617621600627899
0.35948312282562256
0.4206250011920929
0.5109235048294067
0.2887418866157532
0.3715818524360657
0.4568117558956146
0.3272396922111511
0.414584755897522
0.4023813009262085
0.3834778070449829
0.5613007545471191
0.4237988293170929
0.2706214487552643
0.27261239290237427
0.4279868006706238
0.4678807854652405
0.5767916440963745
0.44776761531829834
0.3103296160697937
0.5002283453941345
0.24753810465335846
0.5076858997344971
0.48364144563674927
0.5322630405426025
0.40511301159858704
0.42517292499542236
0.43837475776672363
0.4363940954208374
0.4008566737174988
0.4003393054008484
0.3634566366672516
0.30905675888061523
0.41760286688804626
0.4281405806541443
0.3273087441921234
0.4366298317909241
0.3507193922996521
0.5151124000549316
0.4211914539337158
0.3463682234287262
0.34306275844573975
0.5585914850234985
0.47102004289627075
0.40004992485046387
0.5945031642913818
0.3439981937408447
0.31757527589797974
0.4649415612220764
0.36070823669433594
0.419126033782959
0.24790337681770325
0.41548430919647217
0.45709532499313354
0.3835712969303131
0.43754348158836365
0.28437960147857666
0.38798046112060547
0.45140504837036133
0.3529568910598755
0.39413589239120483
0.46260255575180054
0.3832746744155884
0.3985435366630554
0.3101016879081726
0.3436862826347351
0.34012019634246826
0.40051883459091187
0.39447012543678284
0.3388843536376953
0.4082295894622803
0.35150575637817383
0.33507615327835083
0.43551599979400635
0.30706915259361267
0.49657464027404785
0.35188090801239014
0.47638988494873047
0.5140461325645447
0.17520616948604584
0.32122352719306946
0.39616328477859497
0.41945284605026245
0.3200721740722656
0.45375633239746094
0.31083619594573975
0.4129410684108734
0.4731743335723877
0.4773017168045044
0.3136540651321411
0.2793111205101013
0.2619502544403076
0.3938751220703125
0.5128772258758545
0.4232975244522095
0.2285081446170807
0.3344421982765198
0.38576650619506836
0.50098717212677
0.3933689594268799
0.571645975112915
0.3414629101753235
0.5017439723014832
0.6084648370742798
0.4527074098587036
0.38512471318244934
0.6136713027954102
0.5320643186569214
0.5466468334197998
0.43589213490486145
0.40207651257514954
0.40260136127471924
0.4789045453071594
0.37372392416000366
0.5144776105880737
0.49793338775634766
0.48661643266677856
0.5004478693008423
0.29957711696624756
0.2527333199977875
0.45374229550361633
0.4479126036167145
0.5001552104949951
0.3305343687534332
0.6212408542633057
0.3401445746421814
0.5492017269134521
0.3645567297935486
0.4344244599342346
0.4294602870941162
0.3387012779712677
0.4295172691345215
0.37282639741897583
0.42289915680885315
0.2811497449874878
0.30258238315582275
0.23959533870220184
0.3520019054412842
0.4198893904685974
0.405843049287796
0.2965971529483795
0.45662209391593933
0.48470717668533325
0.5990248322486877
0.4272977113723755
0.4613734483718872
0.3691670298576355
0.3841153085231781
0.41523855924606323
0.29446226358413696
0.547868549823761
0.4291421175003052
0.10438554733991623
0.4154414236545563
0.3627582788467407
0.5495291948318481
0.4148484468460083
0.4410552978515625
0.3831104338169098
0.34453555941581726
0.32912909984588623
0.3650219142436981
0.3214428424835205
0.4442157745361328
0.3996909260749817
0.34150373935699463
0.3305967450141907
0.37756648659706116
0.46497610211372375
0.36527612805366516
0.3281571865081787
0.325664222240448
0.31401199102401733
0.47326990962028503
0.29554447531700134
0.46319928765296936
0.49220383167266846
0.2855362892150879
0.49650838971138
0.4841301441192627
0.24431076645851135
0.4051513671875
0.24058324098587036
0.39577972888946533
0.5444869995117188
0.3157932758331299
0.35187986493110657
0.37669333815574646
0.4755597710609436
0.3296462893486023
0.3826074004173279
0.46735864877700806
0.45574355125427246
0.4009243845939636
0.38433295488357544
0.5555320382118225
0.5579715967178345
0.5189297199249268
0.3340936303138733
0.3698115646839142
0.46939975023269653
0.5105482935905457
0.3918813169002533
0.39010089635849
0.3136468529701233
0.4783596098423004
0.5141910314559937
0.4401751160621643
0.3905388116836548
0.3879312574863434
0.45645850896835327
0.39412301778793335
0.4758261442184448
0.5206431150436401
0.3077985942363739
0.299483060836792
0.33225882053375244
0.3997648358345032
0.318950355052948
0.2533442974090576
0.3686088025569916
0.40355807542800903
0.5715179443359375
0.48873692750930786
0.3660427927970886
0.4191482663154602
0.3531399965286255
0.436687707901001
0.4684712886810303
0.27358829975128174
0.3295826017856598
0.35932430624961853
0.3781251907348633
0.2897830605506897
0.35541391372680664
0.37065964937210083
0.32557958364486694
0.3877953588962555
0.4895504117012024
0.36581888794898987
0.33558493852615356
0.33464038372039795
0.28864651918411255
0.3918990194797516
0.246077299118042
0.3799600601196289
0.3167470693588257
0.49311724305152893
0.34347233176231384
0.4594767391681671
0.4467998147010803
0.35435181856155396
0.32139867544174194
0.41937169432640076
0.3666241765022278
0.44000789523124695
0.3495705723762512
0.2077159434556961
0.33551210165023804
0.35978201031684875
0.34801965951919556
0.3385300636291504
0.36629152297973633
0.15993951261043549
0.3615673780441284
0.3657519817352295
0.2349652498960495
0.37871044874191284
0.20460210740566254
0.42770880460739136
0.30643415451049805
0.4482154846191406
0.45643725991249084
0.41223806142807007
0.383914053440094
0.4111172556877136
0.4304251968860626
0.5532087087631226
0.5232182145118713
0.477037250995636
0.38985475897789
0.3487916588783264
0.29764968156814575
0.30289018154144287
0.41551825404167175
0.30245280265808105
0.3773646950721741
0.3741814196109772
0.4688078761100769
0.42839235067367554
0.49101483821868896
0.3778506815433502
0.4457915425300598
0.4175863564014435
0.464773952960968
0.37095344066619873
0.40455326437950134
0.36897653341293335
0.39229515194892883
0.3051081895828247
0.4210505783557892
0.4954584836959839
0.4738515317440033
0.37773996591567993
0.5715290307998657
0.43811270594596863
0.4779841899871826
0.2251655012369156
0.34978026151657104
0.18897949159145355
0.5731253623962402
0.38135358691215515
0.6054581999778748
0.4716970920562744
0.5719882845878601
0.37379059195518494
0.39620643854141235
0.4371519684791565
0.6076937913894653
0.30183693766593933
0.4706958532333374
0.40655988454818726
0.2661706805229187
0.2919464707374573
0.4849241077899933
0.3275861442089081
0.46865713596343994
0.38013672828674316
0.21558623015880585
0.4972255527973175
0.48038119077682495
0.24009039998054504
0.5623487830162048
0.2527928650379181
0.40892064571380615
0.375435471534729
0.44028007984161377
0.3374939262866974
0.372650146484375
0.19514848291873932
0.47693806886672974
0.40321463346481323
0.38750308752059937
0.5030094385147095
0.5229989290237427
0.2695767283439636
0.43406352400779724
0.34316420555114746
0.5525743961334229
0.33202308416366577
0.5164639949798584
0.40776532888412476
0.2647296190261841
0.4629633128643036
0.41040337085723877
0.32456308603286743
0.4062160849571228
0.3439895510673523
0.09356112033128738
0.3874419033527374
0.32066744565963745
0.4230203628540039
0.4400704503059387
0.44706374406814575
0.5161699056625366
0.43687140941619873
0.3878798484802246
0.4124162793159485
0.5357682704925537
0.3612514138221741
0.4959477186203003
0.4094281792640686
0.3064092993736267
0.31037288904190063
0.4203145503997803
0.40091508626937866
0.35489991307258606
0.2675166726112366
0.316914826631546
0.4741867780685425
0.3453688323497772
0.5380630493164062
0.24979563057422638
0.4922911822795868
0.3537482023239136
0.5442091822624207
0.4087790250778198
0.41048696637153625
0.26412373781204224
0.4850577712059021
0.27970919013023376
0.40642696619033813
0.5376592874526978
0.49027860164642334
0.5005560517311096
0.48887619376182556
0.43005990982055664
0.43898120522499084
0.2540069818496704
0.4114396274089813
0.3275478184223175
0.4527626633644104
0.3471793830394745
0.46918007731437683
0.23379845917224884
0.36258020997047424
0.4509810209274292
0.43222135305404663
0.3038414418697357
0.4639037847518921
0.47754043340682983
0.4352773427963257
0.47328346967697144
0.4117421507835388
0.4032370448112488
0.4434274733066559
0.3082796037197113
0.3693343997001648
0.48391807079315186
0.47824111580848694
0.36014050245285034
0.3724539875984192
0.3587210476398468
0.5979589223861694
0.38339662551879883
0.4708346128463745
0.4799507260322571
0.5078520774841309
0.4838447570800781
0.42138275504112244
0.47836005687713623
0.3505697250366211
0.4006306827068329
0.21729694306850433
0.3639078438282013
0.37797293066978455
0.3835294246673584
0.5634375810623169
0.5142644643783569
0.3798934817314148
0.40141773223876953
0.41262054443359375
0.3600848317146301
0.5344693064689636
0.4370311498641968
0.46669596433639526
0.4020559787750244
0.3509921729564667
0.38043448328971863
0.34949755668640137
0.2162163406610489
0.3019748032093048
0.27406609058380127
0.4453161358833313
0.5858978033065796
0.3583632707595825
0.38833004236221313
0.4351222515106201
0.3934122920036316
0.4010751247406006
0.5295782089233398
0.5766679048538208
0.32110148668289185
0.4653908610343933
0.49870336055755615
0.38173508644104004
0.31981080770492554
0.511874794960022
0.45310038328170776
0.29469597339630127
0.47929084300994873
0.3228680491447449
0.3578081727027893
0.3993227481842041
0.41142237186431885
0.37695351243019104
0.42199981212615967
0.44609785079956055
0.44843590259552
0.37628281116485596
0.5020817518234253
0.38899338245391846
0.46110257506370544
0.3713719844818115
0.3076813817024231
0.591078519821167
0.40321117639541626
0.39574772119522095
0.4072166085243225
0.3662034273147583
0.2439933568239212
0.527367353439331
0.5536378026008606
0.46795547008514404
0.30258458852767944
0.3278026878833771
0.5461053848266602
0.39313092827796936
0.2238905131816864
0.47959983348846436
0.5644776821136475
0.23976831138134003
0.3254074156284332
0.5040822625160217
0.3711353540420532
0.5227344632148743
0.5018553137779236
0.4596374034881592
0.4229855537414551
0.5159736275672913
0.3610738515853882
0.3881048262119293
0.4887779951095581
0.619017481803894
0.478004515171051
0.3814236521720886
0.3927423059940338
0.3782239854335785
0.3872358202934265
0.7150137424468994
0.3874284625053406
0.4894687533378601
0.42300641536712646
0.5356694459915161
0.33010727167129517
0.4939589202404022
0.4540751278400421
0.3091849684715271
0.4062854051589966
0.4143322706222534
0.40604060888290405
0.49519410729408264
0.5509495735168457
0.2902145981788635
0.30891552567481995
0.49721047282218933
0.6407855749130249
0.35099226236343384
0.37528154253959656
0.4697073698043823
0.44006240367889404
0.39138519763946533
0.4719325304031372
0.5189765095710754
0.4318240284919739
0.22141925990581512
0.330663800239563
0.5955169796943665
0.43980711698532104
0.43368592858314514
0.26255345344543457
0.32838892936706543
0.32549890875816345
0.3744972348213196
0.4914344549179077
0.3356171250343323
0.32430845499038696
0.4417526125907898
0.43048685789108276
0.5018450021743774
0.45704764127731323
0.5533572435379028
0.41813045740127563
0.21027056872844696
0.38292449712753296
0.4527752101421356
0.2697875499725342
0.4869080185890198
0.29519474506378174
0.32337862253189087
0.48159706592559814
0.49916893243789673
0.38783469796180725
0.3824909031391144
0.508083701133728
0.5797240734100342
0.493302583694458
0.4448198676109314
0.6616692543029785
0.36957019567489624
0.43238565325737
0.4832655191421509
0.5527384877204895
0.298635870218277
0.305656760931015
0.5926159024238586
0.37286141514778137
0.4113160967826843
0.35637855529785156
0.3460562527179718
0.4191884696483612
0.44524192810058594
0.3617067337036133
0.4360952377319336
0.590736985206604
0.5674610137939453
0.3007948100566864
0.3564971685409546
0.4980230927467346
0.42016491293907166
0.28149843215942383
0.49235570430755615
0.29189789295196533
0.39062315225601196
0.620618462562561
0.38538211584091187
0.29554659128189087
0.3861488699913025
0.4028439521789551
0.2535148561000824
0.4467642903327942
0.42658084630966187
0.4662698209285736
0.4317580461502075
0.33366715908050537
0.5055217146873474
0.4552770256996155
0.5349060297012329
0.45689207315444946
0.4184451401233673
0.43220943212509155
0.2649673819541931
0.27841460704803467
0.3728451728820801
0.562454104423523
0.22073602676391602
0.5155584812164307
0.2882470488548279
0.5748147368431091
0.43660855293273926
0.40158724784851074
0.29809683561325073
0.19538679718971252
0.3037249445915222
0.41036325693130493
0.2647223174571991
0.4186100363731384
0.525189995765686
0.5453570485115051
0.44619619846343994
0.25258708000183105
0.3980443477630615
0.3183678090572357
0.4468104839324951
0.40292543172836304
0.4561440050601959
0.2647610008716583
0.24488477408885956
0.4259105324745178
0.35042881965637207
0.3726794123649597
0.402892529964447
0.3080524206161499
0.3610663115978241
0.20423735678195953
0.449769526720047
0.42557236552238464
0.4137136936187744
0.28262221813201904
0.4526868164539337
0.5463639497756958
0.4064320921897888
0.2555423974990845
0.3503136932849884
0.4197957515716553
0.38451120257377625
0.4401852786540985
0.35899460315704346
0.48172587156295776
0.4499861001968384
0.43344223499298096
0.42389556765556335
0.43238401412963867
0.3056356608867645
0.36624497175216675
0.37176769971847534
0.35976338386535645
0.4569311738014221
0.42693525552749634
0.4922632575035095
0.27829307317733765
0.32890963554382324
0.26091450452804565
0.5549205541610718
0.4842851459980011
0.36617377400398254
0.5131860375404358
0.340284526348114
0.3756202161312103
0.4094386696815491
0.2473786324262619
0.4492298364639282
0.35181689262390137
0.40833061933517456
0.3298536241054535
0.3955767750740051
0.5591526031494141
0.27810943126678467
0.42673325538635254
0.3993528187274933
0.4359937608242035
0.35725754499435425
0.32785677909851074
0.37941277027130127
0.3938288390636444
0.3731965124607086
0.43670183420181274
0.21306316554546356
0.3937655985355377
0.38538652658462524
0.5503442287445068
0.3493027687072754
0.36968761682510376
0.4109575152397156
0.2382003217935562
0.4321088194847107
0.409532368183136
0.47918272018432617
0.32726043462753296
0.5399249792098999
0.42183178663253784
0.4406901001930237
0.40665149688720703
0.5191963911056519
0.4041670560836792
0.2957703769207001
0.31486284732818604
0.5623979568481445
0.29936060309410095
0.3375251889228821
0.49644750356674194
0.48234209418296814
0.2954212427139282
0.520512580871582
0.34869271516799927
0.31318777799606323
0.4691811203956604
0.35517117381095886
0.5296762585639954
0.32867199182510376
0.29614418745040894
0.4496086835861206
0.3455105423927307
0.42009490728378296
0.2850540280342102
0.1390388160943985
0.2123626321554184
0.3185665011405945
0.5204272270202637
0.2575443387031555
0.4968735873699188
0.4638778269290924
0.4633236527442932
0.5050451159477234
0.3578076958656311
0.5148055553436279
0.30681049823760986
0.4914230704307556
0.2475403994321823
0.4602147042751312
0.33995509147644043
0.22949402034282684
0.5112490653991699
0.4763523042201996
0.3237058222293854
0.45376068353652954
0.244353249669075
0.40171289443969727
0.3456515967845917
0.3312050700187683
0.38605791330337524
0.3291406035423279
0.4061359763145447
0.4085402488708496
0.38216686248779297
0.43544599413871765
0.43761807680130005
0.4817050099372864
0.36573535203933716
0.4769819974899292
0.237355574965477
0.3821098804473877
0.37629586458206177
0.25056329369544983
0.3875225782394409
0.38123589754104614
0.3565441370010376
0.49673399329185486
0.3040929436683655
0.5230878591537476
0.4582304358482361
0.37114766240119934
0.42904072999954224
0.3240475654602051
0.5754517316818237
0.2972007095813751
0.3848651349544525
0.4920191168785095
0.38060271739959717
0.2037850171327591
0.47866466641426086
0.5608167052268982
0.3982434868812561
0.5363035202026367
0.389115571975708
0.2744656801223755
0.36116620898246765
0.49414581060409546
0.27451229095458984
0.40446436405181885
0.572368860244751
0.40479815006256104
0.5821607112884521
0.3635227382183075
0.4589781165122986
0.36806827783584595
0.4270932972431183
0.6321092844009399
0.44120126962661743
0.5094626545906067
0.5049940347671509
0.21751779317855835
0.4011423587799072
0.41384363174438477
0.4235823452472687
0.30993813276290894
0.4348461627960205
0.4419265389442444
0.40406864881515503
0.5697737336158752
0.3969530463218689
0.5105075836181641
0.35527878999710083
0.3044959306716919
0.3146209716796875
0.42317503690719604
0.34766125679016113
0.17208994925022125
0.33831244707107544
0.38942480087280273
0.26251110434532166
0.34472858905792236
0.5459373593330383
0.475578248500824
0.3406628370285034
0.42437002062797546
0.45373407006263733
0.5324581265449524
0.4562980532646179
0.22151191532611847
0.47376906871795654
0.4345093071460724
0.3100585639476776
0.3761630058288574
0.6615236401557922
0.3797621726989746
0.35634785890579224
0.4655337333679199
0.474126398563385
0.4562322497367859
0.5694854259490967
0.36784401535987854
0.19247464835643768
0.4061611294746399
0.4672810137271881
0.39424580335617065
0.15177391469478607
0.48866719007492065
0.2885668873786926
0.331726610660553
0.33040082454681396
0.41288241744041443
0.30634164810180664
0.24577774107456207
0.21645323932170868
0.4461236596107483
0.4411218762397766
0.33371502161026
0.5920729637145996
0.425994873046875
0.529396116733551
0.4178854823112488
0.20818714797496796
0.35873258113861084
0.2842206358909607
0.37515535950660706
0.35222405195236206
0.4117540121078491
0.3766224980354309
0.4907568097114563
0.5343470573425293
0.311988890171051
0.40149956941604614
0.493097722530365
0.268843412399292
0.5329205989837646
0.32195526361465454
0.4281916320323944
0.306753933429718
0.5283687114715576
0.39655107259750366
0.5875369310379028
0.6019759774208069
0.3439323604106903
0.4963166117668152
0.44170624017715454
0.4467736482620239
0.3262695074081421
0.46414950489997864
0.5564867258071899
0.503705620765686
0.3633360266685486
0.529897928237915
0.45238056778907776
0.49220073223114014
0.36835020780563354
0.49565306305885315
0.36832839250564575
0.25816237926483154
0.5176382064819336
0.4182587265968323
0.2985672354698181
0.368971049785614
0.4009016156196594
0.35909903049468994
0.3527485728263855
0.47484493255615234
0.27412474155426025
0.5041725039482117
0.5330281257629395
0.4163356423377991
0.4278120994567871
0.3325379490852356
0.44692903757095337
0.3702956438064575
0.31656479835510254
0.4026399552822113
0.33596912026405334
0.4262543022632599
0.4189223647117615
0.3158074915409088
0.37722253799438477
0.4614153802394867
0.3444211781024933
0.18506313860416412
0.43130922317504883
0.2595042884349823
0.3234485983848572
0.42594361305236816
0.42662960290908813
0.47011464834213257
0.42388153076171875
0.4272785782814026
0.43331435322761536
0.530746340751648
0.25531303882598877
0.36138683557510376
0.31254374980926514
0.40868476033210754
0.27788788080215454
0.42374783754348755
0.5914639234542847
0.4151430130004883
0.556082010269165
0.35642728209495544
0.3212320804595947
0.3905392289161682
0.23336689174175262
0.353728711605072
0.37909573316574097
0.46440649032592773
0.36519718170166016
0.4378299117088318
0.3147321045398712
0.35900890827178955
0.4805130362510681
0.4400599002838135
0.37312155961990356
0.41393762826919556
0.45017680525779724
0.5210067629814148
0.48707765340805054
0.406180202960968
0.3840372860431671
0.3520107567310333
0.32327282428741455
0.20349551737308502
0.38679906725883484
0.23048247396945953
0.5465034246444702
0.5909483432769775
0.6099669933319092
0.317314088344574
0.3702860474586487
0.5375060439109802
0.5323424935340881
0.4644896388053894
0.511309802532196
0.5874251127243042
0.4695951044559479
0.45650967955589294
0.3839477002620697
0.6431589126586914
0.5346056222915649
0.4775109887123108
0.5535266399383545
0.3982526361942291
0.3607228398323059
0.3177682161331177
0.36253708600997925
0.516585111618042
0.37912148237228394
0.23194630444049835
0.43639475107192993
0.3380119800567627
0.3435050845146179
0.49062496423721313
0.2759806513786316
0.4348014295101166
0.30252981185913086
0.34889116883277893
0.38925451040267944
0.47652971744537354
0.34165769815444946
0.3052738904953003
0.25775450468063354
0.388736754655838
0.273886114358902
0.20144523680210114
0.4641982913017273
0.292766809463501
0.22242972254753113
0.3364993929862976
0.3780728578567505
0.41079968214035034
0.42647847533226013
0.35553479194641113
0.33167964220046997
0.46457648277282715
0.5314682722091675
0.43892133235931396
0.5744951963424683
0.324237197637558
0.4279710054397583
0.5009421706199646
0.5704517960548401
0.6126684546470642
0.4563484191894531
0.4566747546195984
0.41885122656822205
0.35256487131118774
0.403548002243042
0.21406865119934082
0.48604485392570496
0.5494379997253418
0.38568437099456787
0.40920376777648926
0.36087632179260254
0.317416787147522
0.21637068688869476
0.513900637626648
0.4287431240081787
0.4006645679473877
0.422667920589447
0.5798203945159912
0.44836077094078064
0.24320414662361145
