0.4377642273902893
0.4051387310028076
0.4145282506942749
0.4773774743080139
0.45107370615005493
0.41080528497695923
0.4398640990257263
0.45595037937164307
0.4149898886680603
0.4645316004753113
0.4729185104370117
0.48505258560180664
0.4119502902030945
0.38181430101394653
0.49814409017562866
0.4338942766189575
0.4202190041542053
0.43421852588653564
0.4148702621459961
0.5025246739387512
0.4687376022338867
0.4485527276992798
0.5502679347991943
0.4123232960700989
0.47661304473876953
0.5747750401496887
0.4367428421974182
0.5264925956726074
0.4727848768234253
0.4619816541671753
0.6116417050361633
0.43535900115966797
0.551156222820282
0.45868992805480957
0.49810194969177246
0.37398624420166016
0.4162740707397461
0.6118640303611755
0.5020694732666016
0.4591231942176819
0.2919137477874756
0.3855040669441223
0.44471514225006104
0.6083124279975891
0.48257696628570557
0.46512913703918457
0.47779595851898193
0.44196653366088867
0.4105650782585144
0.48691439628601074
0.29954588413238525
0.567724883556366
0.4842771291732788
0.4474831223487854
0.43039846420288086
0.4420872926712036
0.5044564008712769
0.4266233444213867
0.4523809552192688
0.47031497955322266
0.4273069500923157
0.39351022243499756
0.4514373540878296
0.4580368995666504
0.4776238203048706
0.42392581701278687
0.47545671463012695
0.49303263425827026
0.4469004273414612
0.42789047956466675
0.4417582154273987
0.3970646858215332
0.508934497833252
0.3223894238471985
0.4967103600502014
0.49445950984954834
0.36907267570495605
0.47734564542770386
0.48385894298553467
0.4312061071395874
0.3999088406562805
0.33229702711105347
0.4875295162200928
0.5672805905342102
0.5811793804168701
0.44619977474212646
0.43588101863861084
0.3758589029312134
0.4098690152168274
0.5017148852348328
0.5070284605026245
0.49570232629776
0.46007227897644043
0.42732834815979004
0.4288855195045471
0.41949009895324707
0.48630034923553467
0.5586169362068176
0.4256218671798706
0.3859301805496216
0.5892378091812134
0.4574143886566162
0.5209850072860718
0.29285895824432373
0.49072927236557007
0.440416157245636
0.45137035846710205
0.40591317415237427
0.5368425250053406
0.4891800284385681
0.5872196555137634
0.37243932485580444
0.4307124614715576
0.5315761566162109
0.5152520537376404
0.5612787008285522
0.4240267276763916
0.4056193232536316
0.49186205863952637
0.57393479347229
0.3765490651130676
0.47719812393188477
0.47111374139785767
0.5699478983879089
0.5600641369819641
0.4571070671081543
0.5182362198829651
0.4174655079841614
0.5598210096359253
0.498407244682312
0.49085521697998047
0.4593755006790161
0.4792248606681824
0.5481048822402954
0.4830632209777832
0.5381647348403931
0.42381852865219116
0.556684672832489
0.5360678434371948
0.4556775689125061
0.41948074102401733
0.4607405662536621
0.5643067955970764
0.5158307552337646
0.4355196952819824
0.4841344356536865
0.4084964394569397
0.43844401836395264
0.5709561705589294
0.45297396183013916
0.5528955459594727
0.43720418214797974
0.4193427562713623
0.40150386095046997
0.3611184358596802
0.47752273082733154
0.5433486104011536
0.40872788429260254
0.5757771730422974
0.40602993965148926
0.4177471995353699
0.35348063707351685
0.4875486493110657
0.44029492139816284
0.5873590111732483
0.4233570694923401
0.40679943561553955
0.5011083483695984
0.5013754963874817
0.4322815537452698
0.42236989736557007
0.48795634508132935
0.5300116539001465
0.5351166129112244
0.4836532473564148
0.4298925995826721
0.6067315340042114
0.34814101457595825
0.47805291414260864
0.4543378949165344
0.3472958207130432
0.486250102519989
0.4971887469291687
0.4036540985107422
0.4877282977104187
0.42787808179855347
0.42964357137680054
0.5522192716598511
0.5211894512176514
0.4920491576194763
0.4870937466621399
0.37068015336990356
0.47867077589035034
0.42596620321273804
0.513144850730896
0.4705299139022827
0.377733051776886
0.43752986192703247
0.39587342739105225
0.43587881326675415
0.4296427369117737
0.36069780588150024
0.4504657983779907
0.40893107652664185
0.36073583364486694
0.5927484631538391
0.41433435678482056
0.4255979657173157
0.47649288177490234
0.5819104313850403
0.4305800795555115
0.49216461181640625
0.43626266717910767
0.5147548913955688
0.5130931735038757
0.40988022089004517
0.3997225761413574
0.43903106451034546
0.4911174774169922
0.3979923129081726
0.5264272093772888
0.40222036838531494
0.46681737899780273
0.41784393787384033
0.5269380211830139
0.5026869773864746
0.35675275325775146
0.512490451335907
0.6105868220329285
0.4884350895881653
0.5089969038963318
0.41306960582733154
0.4338293671607971
0.4450830817222595
0.5560981631278992
0.4445568323135376
0.33544689416885376
0.41744333505630493
0.5124089121818542
0.3899017572402954
0.5236717462539673
0.4953112006187439
0.41293758153915405
0.4784654378890991
0.598703145980835
0.45476192235946655
0.4421602487564087
0.417138934135437
0.4388779401779175
0.5377225279808044
0.49054813385009766
0.40468931198120117
0.4638825058937073
0.4106794595718384
0.4403320550918579
0.4651089906692505
0.4591691493988037
0.4116893410682678
0.54044508934021
0.4121989607810974
0.4357988238334656
0.41867709159851074
0.5847286581993103
0.5840309262275696
0.5527599453926086
0.4202308654785156
0.4720364809036255
0.3827083706855774
0.5134940147399902
0.49776899814605713
0.44128817319869995
0.3945353031158447
0.39320623874664307
0.3898562788963318
0.40424126386642456
0.5423092842102051
0.38738423585891724
0.46765851974487305
0.505090057849884
0.5673144459724426
0.4930744171142578
0.45520853996276855
0.4722902774810791
0.49487847089767456
0.49504566192626953
0.4887726902961731
0.49420028924942017
0.4008060097694397
0.5095600485801697
0.4595041871070862
0.4885271191596985
0.464184045791626
0.47407329082489014
0.504267156124115
0.4262728691101074
0.5683839321136475
0.501159131526947
0.40645676851272583
0.41151028871536255
0.5677909255027771
0.39840203523635864
0.5330194234848022
0.3713579773902893
0.4835260510444641
0.5136922597885132
0.5336284637451172
0.4817512035369873
0.3695599436759949
0.44370102882385254
0.4498538374900818
0.4499514698982239
0.4328348636627197
0.4128209352493286
0.4777173399925232
0.36617016792297363
0.3380724787712097
0.45658010244369507
0.5295100212097168
0.484261691570282
0.39275693893432617
0.506654679775238
0.4644697904586792
0.5106132626533508
0.5025385022163391
0.3527669906616211
0.4201735258102417
0.436101496219635
0.4237891435623169
0.5386251211166382
0.4125848412513733
0.5871813893318176
0.44084852933883667
0.5197504162788391
0.35556936264038086
0.3852185010910034
0.3405327796936035
0.5032927393913269
0.422977089881897
0.5570603609085083
0.5703678727149963
0.3931047320365906
0.4295493960380554
0.5385429263114929
0.4377082586288452
0.4157705307006836
0.3703168034553528
0.4941319227218628
0.5684123635292053
0.5209944844245911
0.4358336925506592
0.4564948081970215
0.40494900941848755
0.42812466621398926
0.490323543548584
0.3074833154678345
0.3606286644935608
0.3959946036338806
0.4679705500602722
0.4116707444190979
0.5442060232162476
0.41603636741638184
0.5391449332237244
0.45585155487060547
0.4230780005455017
0.36986833810806274
0.41933220624923706
0.5891220569610596
0.5058872699737549
0.5479583740234375
0.4665606617927551
0.48878222703933716
0.3636947274208069
0.4201886057853699
0.40994876623153687
0.41662734746932983
0.518324613571167
0.4022976756095886
0.47845470905303955
0.4491640329360962
0.4410790205001831
0.5024532675743103
0.4280412197113037
0.46553999185562134
0.5224317908287048
0.4141771197319031
0.34284162521362305
0.444297730922699
0.534433126449585
0.5242639183998108
0.43461281061172485
0.48668307065963745
0.5014389157295227
0.4123271703720093
0.5236271023750305
0.4821518659591675
0.5270854234695435
0.47683966159820557
0.43681854009628296
0.4314020276069641
0.46777087450027466
0.4033927917480469
0.4121808409690857
0.37961089611053467
0.5037428140640259
0.4753783345222473
0.4719926714897156
0.4667990803718567
0.3690655827522278
0.48168593645095825
0.3959301710128784
0.5638077855110168
0.40275096893310547
0.5025681257247925
0.5450195074081421
0.4358038306236267
0.46687090396881104
0.5749735236167908
0.3568316102027893
0.4570050835609436
0.39351218938827515
0.4337594509124756
0.47619932889938354
0.5622738003730774
0.43598711490631104
0.4605954885482788
0.39609861373901367
0.47731781005859375
0.49572646617889404
0.5635380744934082
0.5692299008369446
0.4972684383392334
0.45387953519821167
0.386718213558197
0.4810355305671692
0.4561215043067932
0.47603505849838257
0.5408825874328613
0.4895443320274353
0.5148704648017883
0.4957210421562195
0.4387089014053345
0.4379280209541321
0.37917107343673706
0.41783350706100464
0.514177680015564
0.4383285641670227
0.5342124700546265
0.38834148645401
0.47087448835372925
0.44055014848709106
0.4653667211532593
0.5050873160362244
0.423425555229187
0.4518588185310364
0.49107223749160767
0.4133409857749939
0.5440607070922852
0.48113030195236206
0.43572741746902466
0.51405268907547
0.5299051403999329
0.3941333293914795
0.59645676612854
0.39985114336013794
0.6148210763931274
0.4096295237541199
0.4591938257217407
0.4785226583480835
0.4197808504104614
0.5610052943229675
0.44321203231811523
0.432659387588501
0.4518128037452698
0.5109087824821472
0.47972989082336426
0.49237877130508423
0.5127456784248352
0.47241902351379395
0.46262890100479126
0.509584903717041
0.401915967464447
0.5306124687194824
0.40800219774246216
0.5217073559761047
0.46642613410949707
0.5261994004249573
0.4341369867324829
0.4916766881942749
0.44405919313430786
0.4650609493255615
0.35895228385925293
0.5009477138519287
0.37822526693344116
0.33548229932785034
0.5057066679000854
0.37497973442077637
0.4403908848762512
0.5266599059104919
0.3275904655456543
0.45749419927597046
0.5353248715400696
0.4664599895477295
0.5197410583496094
0.4243897795677185
0.45902520418167114
0.31084322929382324
0.4673570394515991
0.5599396824836731
0.31790417432785034
0.4731869697570801
0.476537823677063
0.3698866367340088
0.49457210302352905
0.5313952565193176
0.5033280253410339
0.5203245878219604
0.3849163055419922
0.5303514003753662
0.5065785050392151
0.2741737365722656
0.4710984230041504
0.3696211576461792
0.3703966736793518
0.5059299468994141
0.47015655040740967
0.4718168377876282
0.44535326957702637
0.4748169183731079
0.2571572959423065
0.5778487920761108
0.44800275564193726
0.3760664463043213
0.4233750104904175
0.4820510149002075
0.5123923420906067
0.4745877981185913
0.4368599057197571
0.46187669038772583
0.5146933197975159
0.470691978931427
0.44424527883529663
0.5276827812194824
0.42258864641189575
0.5081999897956848
0.505164623260498
0.5008938312530518
0.5147721171379089
0.4471638798713684
0.3874269723892212
0.4267486333847046
0.34338104724884033
0.46147674322128296
0.2982587218284607
0.5148565173149109
0.3963436484336853
0.531973659992218
0.40554922819137573
0.44114649295806885
0.4059410095214844
0.48757100105285645
0.4208289384841919
0.4231258034706116
0.3847969174385071
0.4909696578979492
0.3616058826446533
0.49606984853744507
0.458751916885376
0.2937120199203491
0.63773512840271
0.47477835416793823
0.5092084407806396
0.3206471800804138
0.5145549178123474
0.5349894762039185
0.3933476209640503
0.4540500044822693
0.46693915128707886
0.4416530132293701
0.6094321012496948
0.4216269850730896
0.39048534631729126
0.5021166205406189
0.6055117845535278
0.354647696018219
0.5192769765853882
0.4805105924606323
0.5093193054199219
0.48839229345321655
0.3165017366409302
0.41158437728881836
0.5177838802337646
0.5817793011665344
0.4950864911079407
0.5068802833557129
0.4467023015022278
0.5706905722618103
0.4771239757537842
0.4018961191177368
0.5291500091552734
0.580900251865387
0.4545382857322693
0.5086199045181274
0.47787660360336304
0.5146449208259583
0.40866410732269287
0.46475762128829956
0.5212001800537109
0.42654216289520264
0.5569303035736084
0.45501768589019775
0.39936500787734985
0.32412731647491455
0.45159679651260376
0.4855921268463135
0.4177091121673584
0.25834041833877563
0.398765504360199
0.4697832465171814
0.4243764281272888
0.45674264430999756
0.5408368706703186
0.40250879526138306
0.41002845764160156
0.4431573152542114
0.47520172595977783
0.5487790703773499
0.5482822060585022
0.5019510388374329
0.44988423585891724
0.39582616090774536
0.5461258292198181
0.6456599831581116
0.412929892539978
0.42691344022750854
0.4552822709083557
0.44712144136428833
0.4445146322250366
0.35548609495162964
0.4011102318763733
0.49417370557785034
0.43362319469451904
0.5909369587898254
0.3294045925140381
0.46100282669067383
0.3774804472923279
0.4485313892364502
0.4905661940574646
0.5025902986526489
0.37341803312301636
0.40567368268966675
0.43944263458251953
0.4516483545303345
0.34519267082214355
0.513732373714447
0.5868644714355469
0.4588637351989746
0.3614308834075928
0.542994499206543
0.3966839909553528
0.446438193321228
0.5128048658370972
0.5671172738075256
0.5537005066871643
0.466818630695343
0.5005003809928894
0.40777844190597534
0.514410674571991
0.4922810196876526
0.47486573457717896
0.5037322640419006
0.4952554702758789
0.4701772928237915
0.41514718532562256
0.4807613492012024
0.39752304553985596
0.379610538482666
0.46993619203567505
0.40937554836273193
0.39826035499572754
0.4070153832435608
0.5427335500717163
0.5476352572441101
0.44159895181655884
0.4131077527999878
0.45592182874679565
0.38531017303466797
0.4920063018798828
0.5431778430938721
0.4022802710533142
0.5325919985771179
0.5251540541648865
0.5179933905601501
0.5442253351211548
0.3849853277206421
0.5312280058860779
0.4804750680923462
0.4181104302406311
0.3954924941062927
0.3766714334487915
0.43224388360977173
0.36533015966415405
0.44504231214523315
0.4865107536315918
0.4505813717842102
0.3654395341873169
0.3392230272293091
0.3924486041069031
0.46147584915161133
0.5498543381690979
0.42961305379867554
0.4280758500099182
0.5637592673301697
0.4792824387550354
0.4371524453163147
0.5479601621627808
0.4948745369911194
0.3409411311149597
0.5041943192481995
0.3480154275894165
0.4062703847885132
0.5011842250823975
0.44302141666412354
0.5462629199028015
0.5599977374076843
0.4888402819633484
0.536419689655304
0.4456048607826233
0.5648302435874939
0.4808349013328552
0.4755287170410156
0.45962661504745483
0.5479110479354858
0.4210768938064575
0.43073171377182007
0.48555833101272583
0.361836314201355
0.4284834861755371
0.5824207663536072
0.5518510937690735
0.4081152081489563
0.34940624237060547
0.5004128217697144
0.41817498207092285
0.43950188159942627
0.4924461841583252
0.4306260943412781
0.4676239490509033
0.6155344247817993
0.3707529902458191
0.3464277982711792
0.43873369693756104
0.3447273373603821
0.5532029867172241
0.44317561388015747
0.5094890594482422
0.4326586127281189
0.614368736743927
0.5009194016456604
0.5109754204750061
0.5092797875404358
0.4379061460494995
0.44298994541168213
0.4177306294441223
0.4461936950683594
0.6062931418418884
0.3860315680503845
0.3765871524810791
0.525216817855835
0.543716549873352
0.4535990357398987
0.46680980920791626
0.4549512267112732
0.5519950985908508
0.35444384813308716
0.43210458755493164
0.47635990381240845
0.41940104961395264
0.4875164031982422
0.48595088720321655
0.36286360025405884
0.4271166920661926
0.47397011518478394
0.4160194396972656
0.3866661787033081
0.4326108694076538
0.5164040327072144
0.6808702349662781
0.4654792547225952
0.44276219606399536
0.38737374544143677
0.49599307775497437
0.5944035649299622
0.436087429523468
0.4964689612388611
0.39987874031066895
0.3691009283065796
0.35193973779678345
0.5202439427375793
0.5036852359771729
0.30328136682510376
0.4087302088737488
0.4242703914642334
0.4942668080329895
0.4928230047225952
0.5731425881385803
0.5043588876724243
0.3655959963798523
0.4557774066925049
0.4564816355705261
0.4792083501815796
0.5229877233505249
0.5025425553321838
0.5367438197135925
0.5138152837753296
0.4287852644920349
0.44607681035995483
0.5572171807289124
0.6124218702316284
0.4450162649154663
0.38959383964538574
0.4253416657447815
0.5724080204963684
0.39982855319976807
0.3290218710899353
0.5837295651435852
0.5566932559013367
0.4264495372772217
0.4192565679550171
0.31987595558166504
0.43139833211898804
0.4209843873977661
0.45098745822906494
0.5327140688896179
0.5410900712013245
0.4113383889198303
0.53946453332901
0.4192942976951599
0.4779723286628723
0.44308996200561523
0.44692039489746094
0.4489753842353821
0.4231274724006653
0.4950450658798218
0.46786171197891235
0.42060768604278564
0.436770498752594
0.3758774399757385
0.3528010845184326
0.47109878063201904
0.5010395050048828
0.4282274842262268
0.47631025314331055
0.3782510757446289
0.42551082372665405
0.45308613777160645
0.3047662377357483
0.5488377213478088
0.46118706464767456
0.3803864121437073
0.5172159075737
0.545680820941925
0.45082974433898926
0.43821775913238525
0.49352121353149414
0.5146969556808472
0.36276644468307495
0.4003159999847412
0.4284454584121704
0.34782010316848755
0.43322646617889404
0.39902037382125854
0.5167897939682007
0.3814215064048767
0.4023464322090149
0.35430818796157837
0.48738133907318115
0.3958309292793274
0.3752894401550293
0.5066227912902832
0.4002687931060791
0.2591731548309326
0.4149681329727173
0.4108152389526367
0.4739074110984802
0.45366597175598145
0.4458308815956116
0.3388693332672119
0.4038037061691284
0.3790101408958435
0.47145766019821167
0.4073370099067688
0.3883708715438843
0.538454532623291
0.5045748949050903
0.5042217373847961
0.4286271929740906
0.46330446004867554
0.4816429615020752
0.3992541432380676
0.48753708600997925
0.46492522954940796
0.5327239632606506
0.5448115468025208
0.4205792546272278
0.46089112758636475
0.5240339040756226
0.45776939392089844
0.5308143496513367
0.5001577138900757
0.56961590051651
0.49137717485427856
0.3650394082069397
0.5320730209350586
0.4980865716934204
0.4174075126647949
0.41498035192489624
0.46585750579833984
0.4234602451324463
0.4065714478492737
0.40911179780960083
0.5580630898475647
0.5046056509017944
0.5059887766838074
0.4946834444999695
0.5224317908287048
0.3914955258369446
0.28455328941345215
0.37164467573165894
0.3706890940666199
0.38657355308532715
0.38057941198349
0.48859524726867676
0.4808487892150879
0.4830229878425598
0.4683714509010315
0.4094194769859314
0.32933706045150757
0.5107812881469727
0.5319607257843018
0.32188332080841064
0.47809505462646484
0.4007467031478882
0.3970834016799927
0.39474958181381226
0.38308364152908325
0.4815993309020996
0.4292941093444824
0.513725221157074
0.41961950063705444
0.5004134774208069
0.3977815508842468
0.5314826369285583
0.4502609968185425
0.5216101408004761
0.39897626638412476
0.4422715902328491
0.48815155029296875
0.43030619621276855
0.4441137909889221
0.4128311276435852
0.5496296882629395
0.5353086590766907
0.4848746657371521
0.5322514772415161
0.4835129380226135
0.44195497035980225
0.5885620713233948
0.4340723752975464
0.39293980598449707
0.4111824035644531
0.4491615891456604
0.4893059730529785
0.4783251881599426
0.499509334564209
0.4984036087989807
0.4922128915786743
0.43306970596313477
0.4548184275627136
0.46431052684783936
0.45267802476882935
0.41939079761505127
0.34524834156036377
0.5078184604644775
0.641889214515686
0.43833214044570923
0.44563478231430054
0.5143536329269409
0.33828598260879517
0.4968160390853882
0.48183518648147583
0.4888569712638855
0.37968170642852783
0.5195183753967285
0.4359670877456665
0.4901176691055298
0.4646517038345337
0.506990373134613
0.44565075635910034
0.41715359687805176
0.44494420289993286
0.39594537019729614
0.44635826349258423
0.4069395065307617
0.4147237539291382
0.32376718521118164
0.4417584538459778
0.5108771920204163
0.5889753699302673
0.4829823970794678
0.5015459060668945
0.35585182905197144
0.344055712223053
0.4336690902709961
0.5049548149108887
0.5801384449005127
0.44646161794662476
0.4721176028251648
0.4385870099067688
0.494002103805542
0.43778109550476074
0.42159736156463623
0.4788944721221924
0.31731581687927246
0.32978707551956177
0.5226027965545654
0.46668750047683716
0.47327709197998047
0.4310590624809265
0.5100544095039368
0.5244592428207397
0.4719122052192688
0.42021042108535767
0.5317263603210449
0.42687565088272095
0.49855637550354004
0.4374884366989136
0.48634475469589233
0.4856562614440918
0.45698100328445435
0.4238489866256714
0.47765302658081055
0.5268728137016296
0.4207635521888733
0.4079546332359314
0.4579613208770752
0.4130135774612427
0.4091894030570984
0.3874567151069641
0.45914405584335327
0.3743942975997925
0.43365538120269775
0.4170670509338379
0.41624176502227783
0.45811545848846436
0.3151513338088989
0.3713480830192566
0.5473706722259521
0.47960519790649414
0.5906171202659607
0.5919777750968933
0.4043031334877014
0.4998779892921448
0.3952784538269043
0.47869008779525757
0.47839999198913574
0.46168601512908936
0.47912418842315674
0.43200385570526123
0.36216437816619873
0.3983711004257202
0.5515227317810059
0.5217889547348022
0.5446290969848633
0.41727620363235474
0.43094438314437866
0.4737522006034851
0.5021262168884277
0.3945763111114502
0.5646140575408936
0.4672395586967468
0.3376452326774597
0.5028566718101501
0.4578670263290405
0.3865371346473694
0.477608323097229
0.5515020489692688
0.39518100023269653
0.3815156817436218
0.3251914381980896
0.5370396375656128
0.4933474659919739
0.36199045181274414
0.5071985721588135
0.4772164821624756
0.5177419781684875
0.5280144810676575
0.30342936515808105
0.5520516037940979
0.422942578792572
0.4292337894439697
0.4428364634513855
0.47165125608444214
0.5227203965187073
0.4777907729148865
0.5149904489517212
0.4616050124168396
0.46736735105514526
0.48029911518096924
0.4902028441429138
0.3708460330963135
0.34216171503067017
0.4637300372123718
0.5364097356796265
0.49340111017227173
0.46127641201019287
0.5172066688537598
0.38627737760543823
0.49050503969192505
0.3901687264442444
0.44536203145980835
0.4898657202720642
0.3531697392463684
0.4774637222290039
0.42593979835510254
0.46414947509765625
0.42671430110931396
0.49649709463119507
0.5185983180999756
0.544577956199646
0.47767603397369385
0.4640967845916748
0.37741154432296753
0.5381523370742798
0.4187581539154053
0.39028048515319824
0.3750617504119873
0.4397042989730835
0.4321138858795166
0.3584132194519043
0.39232099056243896
0.4418087601661682
0.2870590090751648
0.41412991285324097
0.36124104261398315
0.5024020075798035
0.4109497666358948
0.42858123779296875
0.4074501395225525
0.49686652421951294
0.415865421295166
0.46991318464279175
0.40097981691360474
0.4481038451194763
0.3972717523574829
0.44521522521972656
0.501743495464325
0.5369741916656494
0.5726633071899414
0.4122263193130493
0.5912419557571411
0.46891313791275024
0.5617366433143616
0.5063444972038269
0.5032719373703003
0.5331591963768005
0.5285820960998535
0.5221711993217468
0.3188086748123169
0.40813136100769043
0.4147048592567444
0.42254555225372314
0.42373204231262207
0.5528442859649658
0.42387956380844116
0.468772828578949
0.4225847125053406
0.4447978138923645
0.4704864025115967
0.3545575737953186
0.4296470284461975
0.4879586100578308
0.6090202927589417
0.34671473503112793
0.43883681297302246
0.4560728669166565
0.5146381258964539
0.36322641372680664
0.4003707766532898
0.5013095140457153
0.3743908405303955
0.4268367886543274
0.5186366438865662
0.5596418380737305
0.4936935305595398
0.35476154088974
0.6437606811523438
0.527915894985199
0.3759111762046814
0.44644099473953247
0.38441258668899536
0.47325366735458374
0.39052844047546387
0.592166006565094
0.5399385690689087
0.3733278512954712
0.469538152217865
0.526728630065918
0.3973320722579956
0.4372754693031311
0.38236236572265625
0.5437042713165283
0.5016306638717651
0.4415042996406555
0.3657960891723633
0.42281144857406616
0.414745032787323
0.5389506220817566
0.42648744583129883
0.6031431555747986
0.39783287048339844
0.3852609395980835
0.42420756816864014
0.4089123010635376
0.5818665027618408
0.4946388602256775
0.418242871761322
0.44353169202804565
0.3666713237762451
0.41898608207702637
0.5095943808555603
0.3771873116493225
0.4150150418281555
0.4524533748626709
0.35535067319869995
0.530110239982605
0.46415412425994873
0.5004026889801025
0.41397005319595337
0.3310394883155823
0.4329695701599121
0.567597508430481
0.4905703067779541
0.40563225746154785
0.3114343583583832
0.4318457841873169
0.4201924204826355
0.3871786594390869
0.48921704292297363
0.43835628032684326
0.4228942394256592
0.4757905602455139
0.5588856339454651
0.41891080141067505
0.47847485542297363
0.38595813512802124
0.3857446312904358
0.5936615467071533
0.4596436023712158
0.4380471110343933
0.5019343495368958
0.49925023317337036
0.48336052894592285
0.4985048174858093
0.44626617431640625
0.5223531723022461
0.44351792335510254
0.4952002167701721
0.3890424966812134
0.6070587038993835
0.5010573267936707
0.3176421523094177
0.5337228775024414
0.5107144713401794
0.4622717499732971
0.4687451720237732
0.5107696056365967
0.40377694368362427
0.4028457999229431
0.4790077805519104
0.5158770680427551
0.4791836738586426
0.505206823348999
0.5282337069511414
0.4469505548477173
0.472088098526001
0.3839457035064697
0.3983461260795593
0.3705964684486389
0.47417783737182617
0.3766825795173645
0.4626847505569458
0.46286720037460327
0.5610700249671936
0.5428823828697205
0.5072575211524963
0.46765679121017456
0.38801109790802
0.4769635796546936
0.452459454536438
0.397382915019989
0.5318349599838257
0.4463678002357483
0.3308965563774109
0.540892481803894
0.514470100402832
0.49300438165664673
0.5288783311843872
0.48144257068634033
0.5309686064720154
0.34410279989242554
0.49414974451065063
0.4609542489051819
0.3371467590332031
0.4828672409057617
0.3422403335571289
0.477988064289093
0.5257638692855835
0.4385886788368225
0.53863126039505
0.5216758847236633
0.5280055403709412
0.3934469223022461
0.4402614235877991
0.4259893298149109
0.32550227642059326
0.39808690547943115
0.4848332405090332
0.4994550347328186
0.4049386978149414
0.4466893672943115
0.5198736190795898
0.5440737009048462
0.33002394437789917
0.43172723054885864
0.3792957663536072
0.4134092330932617
0.46793603897094727
0.45125895738601685
0.44869858026504517
0.5298483967781067
0.45793604850769043
0.4384211301803589
0.5202138423919678
0.4560176730155945
0.48845911026000977
0.4745093584060669
0.33808696269989014
0.5272074341773987
0.42069798707962036
0.4953445792198181
0.5496687293052673
0.32803112268447876
0.48980778455734253
0.4364253282546997
0.3821597099304199
0.41500747203826904
0.4605734348297119
0.40084391832351685
0.6053897738456726
0.46660155057907104
0.3564796447753906
0.5057080984115601
0.41391754150390625
0.5089786648750305
0.5129464268684387
0.3991469740867615
0.37272512912750244
0.40577971935272217
0.3765941262245178
0.3850717544555664
0.5925971865653992
0.42746418714523315
0.3477838635444641
0.5216048359870911
0.48820871114730835
0.46565771102905273
0.39931684732437134
0.46726512908935547
0.4708372950553894
0.5912502408027649
0.510383129119873
0.5751191973686218
0.43363869190216064
0.4971580505371094
0.4423424005508423
0.5507908463478088
0.48472344875335693
0.517795741558075
0.49535423517227173
0.4458669424057007
0.45009171962738037
0.40959662199020386
0.42676299810409546
0.46181488037109375
0.512925386428833
0.4812390208244324
0.570591151714325
0.5799041390419006
0.511218249797821
0.3583640456199646
0.28456810116767883
0.45902061462402344
0.5155012011528015
0.5181392431259155
0.40648484230041504
0.40269792079925537
0.44744670391082764
0.40663057565689087
0.36600565910339355
0.3212553858757019
0.40792733430862427
0.4279416799545288
0.5035234093666077
0.48103058338165283
0.4550543427467346
0.42619073390960693
0.46528083086013794
0.4622482657432556
0.5042760372161865
0.39226192235946655
0.4059011936187744
0.3038696348667145
0.4354659914970398
0.481978178024292
0.5997453927993774
0.3527013063430786
0.4766724109649658
0.4473966360092163
0.514419436454773
0.5217114686965942
0.5913889408111572
0.4025784134864807
0.4397279620170593
0.4346050024032593
0.5438919067382812
0.4278106689453125
0.46363502740859985
0.494620680809021
0.43732863664627075
0.46240323781967163
0.5301312804222107
0.31009846925735474
0.3715289831161499
0.3593199849128723
0.4126092195510864
0.5434409379959106
0.43973875045776367
0.4669814705848694
0.49460369348526
0.5331963300704956
0.5135416984558105
0.40676558017730713
0.4398335814476013
0.41263192892074585
0.4689798951148987
0.3993752598762512
0.4161002039909363
0.4052906036376953
0.5593093037605286
0.31855905055999756
0.3447273373603821
0.46876710653305054
0.32830941677093506
0.4947946071624756
0.36291593313217163
0.46474748849868774
0.3713955283164978
0.5742581486701965
0.43432044982910156
0.4692556858062744
0.44750475883483887
0.42839330434799194
0.47750145196914673
0.46973633766174316
0.4793684482574463
0.42506903409957886
0.5847731232643127
0.5224453210830688
0.47832190990448
0.38183701038360596
0.3855859041213989
0.48419487476348877
0.5528898239135742
0.39825886487960815
0.5486605167388916
0.42273545265197754
0.5013443827629089
0.36685532331466675
0.41496366262435913
0.47028815746307373
0.42362022399902344
0.4815372824668884
0.47196972370147705
0.37128233909606934
0.5060184001922607
0.3219207525253296
0.4611300230026245
0.4430205821990967
0.46075713634490967
0.4570760726928711
0.39037543535232544
0.4581645727157593
0.4078975319862366
0.3177958130836487
0.44309568405151367
0.4256508946418762
0.5416913628578186
0.4824882745742798
0.546838104724884
0.3954129219055176
0.3947596549987793
0.3783445358276367
0.4574691653251648
0.4694201946258545
0.504388153553009
0.4092165231704712
0.45005106925964355
0.41857922077178955
0.5813649892807007
0.4301500916481018
0.333209753036499
0.37435388565063477
0.4090503454208374
0.32015979290008545
0.5308498740196228
0.4542369842529297
0.4049493074417114
0.4880204200744629
0.4906315207481384
0.38216012716293335
0.43334323167800903
0.3873887062072754
0.4335111975669861
0.5128464698791504
0.5296635627746582
0.46536189317703247
0.5117505192756653
0.49803340435028076
0.5944845080375671
0.4977092742919922
0.4455198645591736
0.3900902271270752
0.38916975259780884
0.4078295826911926
0.4348818063735962
0.3901926875114441
0.4354221224784851
0.44516050815582275
0.41440457105636597
0.36249876022338867
0.4292941093444824
0.4337463974952698
0.5051238536834717
0.34573811292648315
0.39593374729156494
0.42273467779159546
0.4342716932296753
0.4888737201690674
0.4602743983268738
0.5218382477760315
0.47269898653030396
0.5175443887710571
0.5993635058403015
0.41890794038772583
0.41227054595947266
0.4796134829521179
0.4510812759399414
0.497966468334198
0.4733051061630249
0.5136523246765137
0.4368002414703369
0.38828158378601074
0.5230141282081604
0.47814685106277466
0.5104547142982483
0.5288242697715759
0.42941075563430786
0.5048946142196655
0.46529948711395264
0.48630809783935547
0.6168676018714905
0.4671710133552551
0.47226542234420776
0.47395336627960205
0.45555710792541504
0.4724612236022949
0.4984864592552185
0.4934098720550537
0.4202483892440796
0.3574349880218506
0.4978141188621521
0.3880925178527832
0.396099328994751
0.40424519777297974
0.4383976459503174
0.42082470655441284
0.4060328006744385
0.5346093773841858
0.40335196256637573
0.46336787939071655
0.41824740171432495
0.44533443450927734
0.47405463457107544
0.4010310769081116
0.43166249990463257
0.4962913990020752
0.4021032452583313
0.41452348232269287
0.46558237075805664
0.4330598711967468
0.4132170081138611
0.4211350679397583
0.42853522300720215
0.3331422805786133
0.49832868576049805
0.4510048031806946
0.5103367567062378
0.4599645733833313
0.47092652320861816
0.5090940594673157
0.3871791958808899
0.44765061140060425
0.521767258644104
0.4423919916152954
0.5126245617866516
0.2929571270942688
0.42869943380355835
0.44120246171951294
0.47637253999710083
0.5409801602363586
0.46679598093032837
0.4648870825767517
0.4921344518661499
0.5035294890403748
0.5797285437583923
0.5072299838066101
0.40610671043395996
0.4448808431625366
0.3900737762451172
0.49498552083969116
0.5217316746711731
0.4416239261627197
0.5599755644798279
0.4794592261314392
0.5199697613716125
0.459419846534729
0.3710443377494812
0.48124706745147705
0.35681480169296265
0.3654189705848694
0.4056227207183838
0.47344744205474854
0.36599618196487427
0.4155069589614868
0.37936902046203613
0.4220961332321167
0.41202425956726074
0.3840329647064209
0.46357661485671997
0.36508482694625854
0.4187413454055786
0.4609912633895874
0.4796030521392822
0.3718493580818176
0.4834826588630676
0.35691940784454346
0.440143883228302
0.41332876682281494
0.384771466255188
0.5001989603042603
0.41819441318511963
0.4415489435195923
0.46205681562423706
0.5155726671218872
0.4978061318397522
0.46241384744644165
0.5160008668899536
0.4358168840408325
0.5026665329933167
0.38498061895370483
0.3893511891365051
0.5007168054580688
0.4982055425643921
0.4346962571144104
0.4667057394981384
0.5570781826972961
0.6101474165916443
0.5165029168128967
0.4738428592681885
0.391959011554718
0.31669580936431885
0.48318976163864136
0.45095181465148926
0.41277146339416504
0.42122918367385864
0.5085043907165527
0.46217530965805054
0.5466558933258057
0.5270547866821289
0.45110511779785156
0.3945460915565491
0.4752909541130066
0.4541053771972656
0.41328495740890503
0.5156561732292175
0.4001113772392273
0.390108585357666
0.4249711036682129
0.5008001327514648
0.4319981336593628
0.5932361483573914
0.38827651739120483
0.4523116946220398
0.4453386664390564
0.45917755365371704
0.4486168622970581
0.5241245031356812
0.5697298645973206
0.4584202170372009
0.5403056740760803
0.4953494071960449
0.507022500038147
0.48295462131500244
0.3592655658721924
0.46270477771759033
0.4502008557319641
0.4699828624725342
0.47114044427871704
0.46293652057647705
0.4030388593673706
0.4267652630805969
0.49925100803375244
0.5433969497680664
0.35394811630249023
0.4969230890274048
0.5192769765853882
0.4009391665458679
0.4458824396133423
0.4458053708076477
0.5219520330429077
0.4343143701553345
0.4490722417831421
0.4370366930961609
0.4819462299346924
0.406000554561615
0.4876188635826111
0.39312154054641724
0.44651734828948975
0.4993356466293335
0.42736750841140747
0.4868156313896179
0.47170811891555786
0.43426477909088135
0.5572205781936646
0.41917192935943604
0.4013769030570984
0.44859379529953003
0.41298961639404297
0.48838865756988525
0.4588130712509155
0.4353787899017334
0.506858229637146
0.4370895028114319
0.47826093435287476
0.4083094000816345
0.38558679819107056
0.4437333941459656
0.4527668356895447
0.5469105243682861
0.4536808133125305
0.3970819115638733
0.4586871266365051
0.5108897089958191
0.46045058965682983
0.42609912157058716
0.41210317611694336
0.41150927543640137
0.4218178987503052
0.3579917550086975
0.5081942677497864
0.5826618671417236
0.38152313232421875
0.5079870223999023
0.4377171993255615
0.5051286816596985
0.4021838307380676
0.4282914996147156
0.39107149839401245
0.48686516284942627
0.521338939666748
0.46595966815948486
0.5176485776901245
0.4954308271408081
0.5015983581542969
0.3428282141685486
0.5556746125221252
0.40908145904541016
0.4189130663871765
0.42715221643447876
0.5204938054084778
0.5430408120155334
0.41333019733428955
0.3319058418273926
0.35521942377090454
0.36322641372680664
0.481919527053833
0.4042736291885376
0.44553202390670776
0.4611404538154602
0.5128505825996399
0.4257996678352356
0.5632178783416748
0.44743627309799194
0.4457729458808899
0.5208026766777039
0.4385153651237488
0.5381922125816345
0.5058310031890869
0.38868266344070435
0.42609280347824097
0.4703329801559448
0.4313705563545227
0.4555014371871948
0.4395788908004761
0.43097442388534546
0.4439314603805542
0.4303879141807556
0.5180910229682922
0.46288734674453735
0.4124012589454651
0.3947485089302063
0.5076066255569458
0.45935988426208496
0.5101439952850342
0.5667805671691895
0.4298844337463379
0.43580758571624756
0.5088393092155457
0.5227830410003662
0.3229849934577942
0.4179583787918091
0.5281419157981873
0.4898250699043274
0.3486889600753784
0.41949689388275146
0.41508054733276367
0.36101508140563965
0.4067539572715759
0.4963124990463257
0.5774532556533813
0.4696158766746521
0.354625403881073
0.39737772941589355
0.48091113567352295
0.4253762364387512
0.36881405115127563
0.464012086391449
0.41774070262908936
0.5247649550437927
0.5790395140647888
0.4830307364463806
0.49198251962661743
0.4947328567504883
0.5579623579978943
0.42100465297698975
0.3638271689414978
0.4588257074356079
0.4154214859008789
0.4501248598098755
0.5232881307601929
0.48113900423049927
0.43825244903564453
0.4417390823364258
0.4539225697517395
0.503579318523407
0.40722912549972534
0.5917584300041199
0.5187070369720459
0.4427759647369385
0.5180923938751221
0.4326688051223755
0.45825785398483276
0.4776390790939331
0.47553330659866333
0.4259653091430664
0.4135081171989441
0.5093804597854614
0.4926047921180725
0.4439395070075989
0.4687202572822571
0.5301748514175415
0.4013592004776001
0.40090543031692505
0.3337170481681824
0.38312822580337524
0.37378185987472534
0.36523234844207764
0.47104477882385254
0.4325448274612427
0.5833325386047363
0.4307175278663635
0.42268508672714233
0.5319857597351074
0.45652878284454346
0.537124514579773
0.5391646027565002
0.44945240020751953
0.4700779318809509
0.5395737290382385
0.47958898544311523
0.44357186555862427
0.4374942183494568
0.5449464321136475
0.38120055198669434
0.4626518487930298
0.4400915503501892
0.4498656988143921
0.3747302293777466
0.4203220009803772
0.5022804141044617
0.3607555031776428
0.3983321785926819
0.4811405539512634
0.48218250274658203
0.39428895711898804
0.47263777256011963
0.42973196506500244
0.5081331729888916
0.4672453999519348
0.2797212600708008
0.3791778087615967
0.4308413863182068
0.4368002414703369
0.43125128746032715
0.44176071882247925
0.5649741888046265
0.4090086817741394
0.3808508515357971
0.4367632269859314
0.5197398066520691
0.4380810856819153
0.522861123085022
0.48069989681243896
0.4899411201477051
0.42928218841552734
0.4482346177101135
0.3969106078147888
0.4862944483757019
0.3346443176269531
0.44084566831588745
0.5305823683738708
0.3522410988807678
0.47402697801589966
0.4633105397224426
0.47238248586654663
0.3937861919403076
0.4562380909919739
0.4577445387840271
0.4800882935523987
0.6171237826347351
0.48409271240234375
0.5306549668312073
0.3895081877708435
0.45861732959747314
0.48026013374328613
0.4340900182723999
0.5003724098205566
0.38328784704208374
0.45489370822906494
0.4435961842536926
0.6265885829925537
0.3942790627479553
0.5024415850639343
0.515316367149353
0.5363599061965942
0.4634189009666443
0.48176199197769165
0.49949705600738525
0.39859312772750854
0.4079402685165405
0.490567684173584
0.43020886182785034
0.45962756872177124
0.5112000107765198
0.4382808804512024
0.5154802203178406
0.4494394063949585
0.4673001766204834
0.4712464213371277
0.2846912741661072
0.4300987720489502
0.45043450593948364
0.49937647581100464
0.5252135992050171
0.5511264204978943
0.48410624265670776
0.4619666337966919
0.5519956946372986
0.4082801342010498
0.5645890831947327
0.44559693336486816
0.5143799185752869
0.35343754291534424
0.5237547755241394
0.45308631658554077
0.5135639309883118
0.4171355366706848
0.4648081064224243
0.4302901029586792
0.47008591890335083
0.5492284297943115
0.4034210443496704
0.38630515336990356
0.44883882999420166
0.49368607997894287
0.43018949031829834
0.47179609537124634
0.4455098509788513
0.5897296071052551
0.3418780565261841
0.4707903265953064
0.3814048171043396
0.435211718082428
0.4270997643470764
0.5404562950134277
0.4600270986557007
0.4677807092666626
0.34049665927886963
0.43229252099990845
0.49332666397094727
0.3482855558395386
0.3965832591056824
0.5503365993499756
0.4306557774543762
0.4808621406555176
0.3991142511367798
0.4157649278640747
0.4659035801887512
0.3685101270675659
0.4410027861595154
0.3798590898513794
0.49168622493743896
0.5544357299804688
0.5850759744644165
0.46373993158340454
0.4781428575515747
0.45119255781173706
0.4230550527572632
0.4788295030593872
0.3851115107536316
0.5378416776657104
0.3981243371963501
0.4811038374900818
0.4179256558418274
0.39216113090515137
0.4302154779434204
0.49219954013824463
0.41886216402053833
0.4727168679237366
0.44178706407546997
0.44440650939941406
0.4571017622947693
0.4656327962875366
0.5561460256576538
0.47946256399154663
0.49425745010375977
0.5088893175125122
0.3563383221626282
0.36030131578445435
0.5678067207336426
0.40561896562576294
0.4207571744918823
0.41266268491744995
0.4351688027381897
0.433973491191864
0.5348559021949768
0.43772268295288086
0.5264127254486084
0.4878315329551697
0.4860581159591675
0.5978519916534424
0.34262675046920776
0.3433411717414856
0.5114286541938782
0.3105536699295044
0.5215708613395691
0.541756808757782
0.5274187326431274
0.5107768177986145
0.40328800678253174
0.44609445333480835
0.5171922445297241
0.4953383207321167
0.47944343090057373
0.424648642539978
0.4603623151779175
0.4169752597808838
0.37508273124694824
0.5173985958099365
0.4901871681213379
0.436859130859375
0.5191851854324341
0.37008970975875854
0.4476880431175232
0.5380298495292664
0.4679640531539917
0.41928720474243164
0.45737218856811523
0.3935902714729309
0.4824613928794861
0.5147913694381714
0.4946529269218445
0.39630383253097534
0.4017319679260254
0.41065770387649536
0.4001156687736511
0.520129919052124
0.6107534766197205
0.49317747354507446
0.5050419569015503
0.5159446597099304
0.5180301070213318
0.46275532245635986
0.5058045983314514
0.4155399799346924
0.5059646368026733
0.42987674474716187
0.5411822199821472
0.4250316023826599
0.507915735244751
0.4684205651283264
0.5102553367614746
0.38777291774749756
0.4612730145454407
0.44621574878692627
0.538355827331543
0.4589501619338989
0.4499027132987976
0.5054434537887573
0.4435981512069702
0.4424813985824585
0.47071778774261475
0.4930606484413147
0.4612547755241394
0.6283157467842102
0.4763677716255188
0.5053227543830872
0.5115458965301514
0.41907745599746704
0.42963117361068726
0.39145177602767944
0.50682532787323
0.44823509454727173
0.5485277771949768
0.4208807945251465
0.49010008573532104
0.3981207609176636
0.46851468086242676
0.42934316396713257
0.46402859687805176
0.4975013732910156
0.5162312984466553
0.3429598808288574
0.430741548538208
0.4324020743370056
0.4325891137123108
0.38943445682525635
0.4853115677833557
0.4775131940841675
0.4939817786216736
0.3812209367752075
0.43833404779434204
0.4330142140388489
0.5244355201721191
0.4314419627189636
0.4612206816673279
0.43320757150650024
0.39799296855926514
0.3165667653083801
0.5323954224586487
0.39920347929000854
0.5136516690254211
0.4534844160079956
0.4195655584335327
0.5845839381217957
0.5485826730728149
0.4599323272705078
0.5785713195800781
0.4320858120918274
0.44624584913253784
0.3700433373451233
0.338123619556427
0.46330100297927856
0.43340325355529785
0.3677433729171753
0.39503294229507446
0.4026118516921997
0.4017021059989929
0.38316792249679565
0.49948281049728394
0.4770624041557312
0.3226684331893921
0.4428967833518982
0.39508694410324097
0.438637912273407
0.4499380588531494
0.3869450092315674
0.4572353959083557
0.46893101930618286
0.5233423113822937
0.34688323736190796
0.46843957901000977
0.45507508516311646
0.3979812264442444
0.5623711943626404
0.37094318866729736
0.5081090331077576
0.4383853077888489
0.44137465953826904
0.4140844941139221
0.43920403718948364
0.36628830432891846
0.384976327419281
0.4401894807815552
0.46007055044174194
0.530918538570404
0.43323278427124023
0.4744904637336731
0.45578402280807495
0.5239521265029907
0.4250706434249878
0.4944300055503845
0.4477829337120056
0.5367399454116821
0.5118948221206665
0.46737122535705566
0.5049623847007751
0.39748620986938477
0.4391164779663086
0.47916316986083984
0.4810670018196106
0.4612494707107544
0.38100695610046387
0.3958742618560791
0.5327059030532837
0.3971317410469055
0.3922984004020691
0.4189246892929077
0.4055241346359253
0.47740888595581055
0.523696780204773
0.4614115357398987
0.5048204660415649
0.5055900812149048
0.43204909563064575
0.5879375338554382
0.3400939702987671
0.4562276005744934
0.41286057233810425
0.36262524127960205
0.4113176465034485
0.46936631202697754
0.43360066413879395
0.3988351821899414
0.45437300205230713
0.38294869661331177
0.4321313500404358
0.4754502773284912
0.5168980956077576
0.4047514796257019
0.4166695475578308
0.47497308254241943
0.35069286823272705
0.5044684410095215
0.46681922674179077
0.5502876043319702
0.4835529327392578
0.49794644117355347
0.5161901712417603
0.4034739136695862
0.5279490947723389
0.49306488037109375
0.45264989137649536
0.4811044931411743
0.40785956382751465
0.5103865265846252
0.45029354095458984
0.4803537130355835
0.44998258352279663
0.43257462978363037
0.4951658248901367
0.36677324771881104
0.5237840414047241
0.48662567138671875
0.6278213262557983
0.5655621290206909
0.4091868996620178
0.4845128655433655
0.519810140132904
0.42963945865631104
0.5223583579063416
0.45722442865371704
0.4871342182159424
0.6270706057548523
0.3122063875198364
0.5090484023094177
0.35535740852355957
0.4589936137199402
0.42238688468933105
0.4211201071739197
0.3335660696029663
0.5494714379310608
0.3918665051460266
0.41912567615509033
0.4274148941040039
0.42525380849838257
0.5161405801773071
0.4444674253463745
0.43751615285873413
0.38245952129364014
0.5985128283500671
0.34851258993148804
0.428048312664032
0.4891880750656128
0.4435303211212158
0.49176889657974243
0.4534558653831482
0.43357551097869873
0.45132333040237427
0.41373586654663086
0.40089935064315796
0.4738660454750061
0.5168117880821228
0.4194343686103821
0.432934045791626
0.4200214147567749
0.49376368522644043
0.4601548910140991
0.3768208622932434
0.463739812374115
0.45921790599823
0.5548800826072693
0.5802924036979675
0.5748563408851624
0.48866552114486694
0.4004850387573242
0.37259870767593384
0.470966637134552
0.3925292491912842
0.5950172543525696
0.4063519239425659
0.38749414682388306
0.43812841176986694
0.5205893516540527
0.36777162551879883
0.5692079067230225
0.41647791862487793
0.43090957403182983
0.4495488405227661
0.3806464672088623
0.3641679286956787
0.47343289852142334
0.4437870979309082
0.4595043659210205
0.502312958240509
0.5370250344276428
0.5107650756835938
0.48680758476257324
0.4742831587791443
0.5111952424049377
0.4026123285293579
0.4340980052947998
0.5349506735801697
0.49392616748809814
0.3829740881919861
0.4132567048072815
0.5007392168045044
0.39094382524490356
0.46303313970565796
0.43691718578338623
0.4146759510040283
0.3411315083503723
0.415621817111969
0.4935833215713501
0.4090048670768738
0.42009419202804565
0.36741483211517334
0.31721585988998413
0.44782131910324097
0.36035698652267456
0.452018678188324
0.5065950155258179
0.5602249503135681
0.43639785051345825
0.42325359582901
0.4403051733970642
0.43715959787368774
0.3646473288536072
0.5348870754241943
0.41605979204177856
0.5415529608726501
0.3940938711166382
0.4178258776664734
0.6005159020423889
0.49438589811325073
0.4662877917289734
0.3864138126373291
0.6046275496482849
0.4661303162574768
0.47548848390579224
0.4219786524772644
0.49426621198654175
0.5478945374488831
0.429182767868042
0.6189582943916321
0.40568798780441284
0.3151513338088989
0.3585520386695862
0.42123281955718994
0.428766131401062
0.502916693687439
0.5782013535499573
0.3535820245742798
0.48255228996276855
0.41883885860443115
0.3890659809112549
0.5884149074554443
0.41100144386291504
0.32341933250427246
0.4609717130661011
0.37401366233825684
0.5063609480857849
0.42458122968673706
0.4419005513191223
0.3734581470489502
0.5125654935836792
0.45225363969802856
0.5396034121513367
0.43483567237854004
0.3876391053199768
0.5627028942108154
0.5249553918838501
0.36521875858306885
0.5308628082275391
0.4070947766304016
0.34257417917251587
0.4436466097831726
0.5465356111526489
0.48575133085250854
0.44089698791503906
0.4479641318321228
0.5025297403335571
0.37403422594070435
0.4892961382865906
0.46530383825302124
0.43836963176727295
0.3719824552536011
0.35308557748794556
0.3598589301109314
0.46719831228256226
0.484621524810791
0.5611383318901062
0.4197530746459961
0.5018820762634277
0.5233808755874634
0.49388033151626587
0.4524884819984436
0.40325361490249634
0.45869916677474976
0.4106510281562805
0.4538782835006714
0.5439587235450745
0.4461021423339844
0.4024060368537903
0.4370929002761841
0.522611677646637
0.4342508316040039
0.5215615034103394
0.40610092878341675
0.4942547678947449
0.4498121738433838
0.5516040325164795
0.5733047723770142
0.5110563039779663
0.5197716355323792
0.41527867317199707
0.5603238344192505
0.4145817160606384
0.4966994524002075
0.45536673069000244
0.4636693596839905
0.3165186047554016
0.3251342177391052
0.4684199094772339
0.43376612663269043
0.3307669758796692
0.4274590015411377
0.5105022192001343
0.48939406871795654
0.5245041847229004
0.3998199701309204
0.4321221709251404
0.5434098839759827
0.4201388955116272
0.3859735131263733
0.4175395369529724
0.40262532234191895
0.4563301205635071
0.5260535478591919
0.4726884961128235
0.46057820320129395
0.33034127950668335
0.5269538164138794
0.4548366665840149
0.48924732208251953
0.44625717401504517
0.6048144102096558
0.4716598391532898
0.45897752046585083
0.43632471561431885
0.37981855869293213
0.5107954144477844
0.4249742031097412
0.4941480755805969
0.5210280418395996
0.41405946016311646
0.5126327276229858
0.5897319912910461
0.5296071767807007
0.497009813785553
0.36116838455200195
0.4633259177207947
0.41160035133361816
0.4389307498931885
0.3837546110153198
0.4634154438972473
0.3424718379974365
0.44716334342956543
0.44501441717147827
0.46061259508132935
0.46601778268814087
0.4174051284790039
0.5602210164070129
0.47564423084259033
0.5296990275382996
0.5316061973571777
0.41335999965667725
0.4263869524002075
0.42755985260009766
0.5906371474266052
0.3843430280685425
0.4271291494369507
0.47265613079071045
0.4520225524902344
0.5770789980888367
0.4412155747413635
0.44593244791030884
0.5007782578468323
0.4348486065864563
0.48853498697280884
0.36433935165405273
0.4579625129699707
0.4706021547317505
0.37268364429473877
0.5128892660140991
0.389024019241333
0.4072185754776001
0.46010321378707886
0.4845919609069824
0.6150610446929932
0.439450740814209
0.45561403036117554
0.4336622357368469
0.3724673390388489
0.4567496180534363
0.4400753378868103
0.5085786581039429
0.48935097455978394
0.42235898971557617
0.3628830909729004
0.49189144372940063
0.41205209493637085
0.49632686376571655
0.4746014475822449
0.3873462677001953
0.5511863827705383
0.549662709236145
0.48341667652130127
0.5716173052787781
0.3590947389602661
0.4028257727622986
0.4673500657081604
0.47747743129730225
0.5028105974197388
0.4401776194572449
0.43279314041137695
0.42473822832107544
0.434814453125
0.46684515476226807
0.5485181212425232
0.48838138580322266
0.47474825382232666
0.4682677984237671
0.5491376519203186
0.49065321683883667
0.4642851948738098
0.5002921223640442
0.4612659811973572
0.5298964381217957
0.3936241865158081
0.48976171016693115
0.3864280581474304
0.4982863664627075
0.5873299837112427
0.48609358072280884
0.5143450498580933
0.42735016345977783
0.5113545656204224
0.4893419146537781
0.49282872676849365
0.3850204348564148
0.45805805921554565
0.46126502752304077
0.3909347653388977
0.539712131023407
0.43682825565338135
0.47380608320236206
0.49774396419525146
0.3336178660392761
0.4914698004722595
0.5490113496780396
0.46113210916519165
0.4539685845375061
0.526326596736908
0.4150473475456238
0.5667776465415955
0.4686998724937439
0.5221109986305237
0.4494313597679138
0.4688606262207031
0.4408639073371887
0.43775731325149536
0.44674843549728394
0.3556867837905884
0.4676239490509033
0.4401537775993347
0.5413011908531189
0.3401930332183838
0.5108059644699097
0.41361111402511597
0.33416181802749634
0.5512581467628479
0.35444408655166626
0.5323383212089539
0.46557915210723877
0.43104612827301025
0.44914335012435913
0.4264339208602905
0.43475061655044556
0.5448289513587952
0.5291280746459961
0.4320034384727478
0.3998298645019531
0.3767361044883728
0.4912145137786865
0.5451453924179077
0.4404236674308777
0.38691574335098267
0.4047735333442688
0.464316189289093
0.5177077054977417
0.47241318225860596
0.5894770622253418
0.4396493434906006
0.5121237635612488
0.4575502872467041
0.4749552011489868
0.4174330234527588
0.4961012005805969
0.49427908658981323
0.464995801448822
0.43830031156539917
0.449728786945343
0.4130270481109619
0.4711810350418091
0.5154951214790344
0.3573969006538391
0.5124819278717041
0.43353497982025146
0.3536182641983032
0.4586866497993469
0.36123621463775635
0.6051471829414368
0.48796188831329346
0.3867499828338623
0.5128887891769409
0.35983580350875854
0.42780160903930664
0.40043073892593384
0.40579652786254883
0.5535845160484314
0.39335352182388306
0.5117650628089905
0.4507473111152649
0.3886241912841797
0.39128220081329346
0.4220775365829468
0.46754080057144165
0.4128466248512268
0.45530784130096436
0.3867607116699219
0.4044276475906372
0.5340297818183899
0.4580954313278198
0.3956069350242615
0.4935845732688904
0.4040879011154175
0.4737791419029236
0.3869794011116028
0.5332176089286804
0.42503875494003296
0.5219000577926636
0.4575425982475281
0.541655957698822
0.5160471796989441
0.48876065015792847
0.4799647927284241
0.4789353609085083
0.45635414123535156
0.5348165035247803
0.40633463859558105
0.3298163414001465
0.4270801544189453
0.3960873484611511
0.48787301778793335
0.47617775201797485
0.49438077211380005
0.4256472587585449
0.5385562777519226
0.355063796043396
0.5312278270721436
0.4844475984573364
0.4937922954559326
0.3977919816970825
0.46474748849868774
0.5564237236976624
0.4968341588973999
0.4613834619522095
0.34873342514038086
0.5167322158813477
0.4326145052909851
0.5364632606506348
0.5063108205795288
0.5185446739196777
0.5760735869407654
0.4461429715156555
0.37182027101516724
0.377236545085907
0.46746230125427246
0.5457758903503418
0.41428273916244507
0.3815922141075134
0.46416759490966797
0.43480485677719116
0.45323890447616577
0.5103130340576172
0.35872209072113037
0.5000821352005005
0.5019131898880005
0.36795902252197266
0.5051026344299316
0.329456627368927
0.44475090503692627
0.3709082007408142
0.5174124836921692
0.5419964790344238
0.42468374967575073
0.44316500425338745
0.5016248822212219
0.48990869522094727
0.3528522849082947
0.5071170926094055
0.42980796098709106
0.36215126514434814
0.4634578824043274
0.3502165675163269
0.4465180039405823
0.44392746686935425
0.37396591901779175
0.43439334630966187
0.459336519241333
0.6055216193199158
0.4889008402824402
0.47415590286254883
0.529018223285675
0.46906834840774536
0.5274577140808105
0.4158698320388794
0.5243259072303772
0.496726393699646
0.4859904646873474
0.46091532707214355
0.49279630184173584
0.5108580589294434
0.47024762630462646
0.3459399342536926
0.5786492824554443
0.5189749002456665
0.49564099311828613
0.48763060569763184
0.4282982349395752
0.41615551710128784
0.37666940689086914
0.4563732147216797
0.45836716890335083
0.47073501348495483
0.5308498740196228
0.5517060160636902
0.4706961512565613
0.4794386029243469
0.42299050092697144
0.3791722059249878
0.49968791007995605
0.5009908080101013
0.502953827381134
0.40066462755203247
0.38730549812316895
0.4236370921134949
0.5338405966758728
0.3220696449279785
0.4370502829551697
0.42593914270401
0.4934978485107422
0.44145649671554565
0.3992244005203247
0.4254826307296753
0.4510638117790222
0.4796011447906494
0.45871108770370483
0.45915549993515015
0.5535948872566223
0.3906118869781494
0.5240440964698792
0.360309362411499
0.44165849685668945
0.4130972623825073
0.5222949981689453
0.3533840775489807
0.4220921993255615
0.3816184401512146
0.4117225408554077
0.36397111415863037
0.48100900650024414
0.42197710275650024
0.5100204944610596
0.4905863404273987
0.4856413006782532
0.44988465309143066
0.46531498432159424
0.4080721139907837
0.5040431618690491
0.5526419281959534
0.448627233505249
0.5406757593154907
0.515124499797821
0.5802175998687744
0.4756847023963928
0.40019917488098145
0.5937860608100891
0.4683813452720642
0.5807883143424988
0.39355993270874023
0.4134281873703003
0.4537479877471924
0.4081484079360962
0.37593334913253784
0.3949236273765564
0.49151939153671265
0.4561174511909485
0.43403154611587524
0.4187374711036682
0.559397280216217
0.4751490354537964
0.3986256718635559
0.38601255416870117
0.49763739109039307
0.46290189027786255
0.5443567633628845
0.46866732835769653
0.5410711169242859
0.42644190788269043
0.42623192071914673
0.4306880831718445
0.45401084423065186
0.451987087726593
0.5620724558830261
0.4319981336593628
0.4994524121284485
0.48375171422958374
0.4485996961593628
0.43759429454803467
0.4137062430381775
0.4175351858139038
0.6006336212158203
0.4075460433959961
0.5048174858093262
0.42021405696868896
0.5134289860725403
0.4944741725921631
0.4467902183532715
0.5770813822746277
0.35192930698394775
0.47852063179016113
0.44716185331344604
0.5529478788375854
0.45408910512924194
0.5089311003684998
0.5048730969429016
0.4690064787864685
0.523117184638977
0.48361819982528687
0.4083763360977173
0.4213780164718628
0.44594258069992065
0.41911470890045166
0.43116074800491333
0.4599822759628296
0.40066367387771606
0.4784925580024719
0.42538177967071533
0.480590283870697
0.4063878655433655
0.37464404106140137
0.5306933522224426
0.46542590856552124
0.43539249897003174
0.3332781195640564
0.5963905453681946
0.49514102935791016
0.3359249234199524
0.4971998929977417
0.43981313705444336
0.4693344831466675
0.4381569027900696
0.5263040661811829
0.3994433283805847
0.34963029623031616
0.46683603525161743
0.518791675567627
0.44192856550216675
0.43790489435195923
0.5261591672897339
0.4668862223625183
0.4778480529785156
0.599435031414032
0.477541983127594
0.4554477334022522
0.36571043729782104
0.36971426010131836
0.5191377401351929
0.47653913497924805
0.4247702360153198
0.3872634768486023
0.3435843586921692
0.5276047587394714
0.5259957313537598
0.3565869927406311
0.4693860411643982
0.4810636639595032
0.39038902521133423
0.42789512872695923
0.4984630346298218
0.4088524580001831
0.4528764486312866
0.46838486194610596
0.5202530026435852
0.39056694507598877
0.4392896294593811
0.5109217166900635
0.4228357672691345
0.5723382830619812
0.3792688846588135
0.49267542362213135
0.48113977909088135
0.44028156995773315
0.5145407915115356
0.4204574227333069
0.5297533273696899
0.4761485457420349
0.4213659167289734
0.4380330443382263
0.340215802192688
0.547814130783081
0.4799293279647827
0.47533082962036133
0.46050286293029785
0.4297746419906616
0.5003188252449036
0.4768843650817871
0.4571232795715332
0.4898570775985718
0.5048356056213379
0.38319045305252075
0.4795783758163452
0.5274691581726074
0.564873993396759
0.508794903755188
0.47006577253341675
0.4748062491416931
0.40876662731170654
0.48202264308929443
0.4045371413230896
0.4202185869216919
0.5071781873703003
0.4133385419845581
0.6706863045692444
0.4744877815246582
0.40233808755874634
0.4787428379058838
0.42736536264419556
0.5077793598175049
0.40832746028900146
0.47929972410202026
0.48560720682144165
0.5356574654579163
0.4600101709365845
0.3821300268173218
0.4386107921600342
0.4944257140159607
0.4705912470817566
0.4949982762336731
0.488642156124115
0.5489079356193542
0.4868558645248413
0.4869954586029053
0.4776250720024109
0.39762258529663086
0.42366915941238403
0.35520315170288086
0.49798715114593506
0.43181514739990234
0.3427298069000244
0.5088996887207031
0.48472023010253906
0.39928972721099854
0.35378170013427734
0.4489983916282654
0.38043761253356934
0.5682704448699951
0.49910974502563477
0.5466582775115967
0.3672959804534912
0.45815151929855347
0.5123420357704163
0.49246853590011597
0.5388635396957397
0.5000690817832947
0.42184948921203613
0.47610920667648315
0.45549899339675903
0.47864508628845215
0.4082818627357483
0.4274473190307617
0.4955331087112427
0.5767215490341187
0.45268142223358154
0.520857036113739
0.4472199082374573
0.41822826862335205
0.4617733359336853
0.5266435742378235
0.37389254570007324
0.5375877022743225
0.4516144394874573
0.5210524201393127
0.41032278537750244
0.40059542655944824
0.5328887104988098
0.4579100012779236
0.4598580002784729
0.5926645398139954
0.3894508481025696
0.5288606286048889
0.4577217102050781
0.554340124130249
0.6220031380653381
0.39770156145095825
0.34518879652023315
0.393385648727417
0.44365549087524414
0.43166279792785645
0.36937856674194336
0.43251103162765503
0.42926639318466187
0.5073851346969604
0.5248319506645203
0.438526451587677
0.39130842685699463
0.3880996108055115
0.5061075687408447
0.4195873737335205
0.39941489696502686
0.38087308406829834
0.5110356211662292
0.48742371797561646
0.5117628574371338
0.4930776357650757
0.47317010164260864
0.3825798034667969
0.484222412109375
0.44885390996932983
0.4345477819442749
0.5877522230148315
0.45391935110092163
0.4878271818161011
0.5260083079338074
0.3876489996910095
0.35520100593566895
0.48966026306152344
0.3900555968284607
0.4993417263031006
0.44507843255996704
0.5318989157676697
0.4753262996673584
0.4774453639984131
0.42116689682006836
0.559807300567627
0.5632994771003723
0.4637676477432251
0.5455990433692932
0.5486708879470825
0.3109043836593628
0.525610089302063
0.46922439336776733
0.4008358120918274
0.4746057987213135
0.4448549151420593
0.4155813455581665
0.3986050486564636
0.4531037211418152
0.518670916557312
0.5141109824180603
0.4439295530319214
0.4700908660888672
0.42468833923339844
0.3405333161354065
0.6226784586906433
0.49604612588882446
0.3975284695625305
0.44422823190689087
0.5302501916885376
0.4445580840110779
0.49170398712158203
0.37363362312316895
0.3438117504119873
0.3665650486946106
0.3734997510910034
0.42353349924087524
0.46530741453170776
0.3655911087989807
0.5255112648010254
0.5035008788108826
0.3336218595504761
0.5739802122116089
0.47219735383987427
0.45371776819229126
0.4475877285003662
0.43413758277893066
0.34186428785324097
0.3973252773284912
0.4950951933860779
0.6000812649726868
0.39093369245529175
0.4197109341621399
0.40534985065460205
0.4779320955276489
0.4943661689758301
0.42095839977264404
0.41382676362991333
0.4742177724838257
0.5492314100265503
0.5395102500915527
0.34684669971466064
0.38666731119155884
0.43178337812423706
0.31476283073425293
0.42894500494003296
0.5457503199577332
0.4335443377494812
0.3636481761932373
0.5416172742843628
0.5567464828491211
0.4334878921508789
0.46838968992233276
0.5687429308891296
0.5076660513877869
0.39420586824417114
0.5197354555130005
0.5156893730163574
0.4672909379005432
0.4157680869102478
0.46507877111434937
0.42220306396484375
0.4390754699707031
0.3066794276237488
0.436797559261322
0.4294480085372925
0.4309261441230774
0.4211843013763428
0.45502138137817383
0.4506935477256775
0.45780980587005615
0.40649116039276123
0.40248531103134155
0.4180137515068054
0.31563645601272583
0.5468543767929077
0.42756134271621704
0.47271043062210083
0.5859721302986145
0.4368610978126526
0.3754887580871582
0.37058836221694946
0.40776705741882324
0.36925840377807617
0.4477362036705017
0.5198322534561157
0.5688543915748596
0.4787006378173828
0.5988783240318298
0.47050273418426514
0.40905892848968506
0.4549843668937683
0.5314015746116638
0.4608272314071655
0.42017048597335815
0.44781559705734253
0.5140496492385864
0.46625053882598877
0.6036383509635925
0.49646031856536865
0.522845447063446
0.5361935496330261
0.47398728132247925
0.6017791628837585
0.4236562252044678
0.4955277442932129
0.34364086389541626
0.5512869954109192
0.4052138328552246
0.5315685868263245
0.4922713041305542
0.4501539468765259
0.4017626643180847
0.440258264541626
0.41700220108032227
0.49413543939590454
0.6047676205635071
0.5181328058242798
0.5097981095314026
0.4982096552848816
0.41668713092803955
0.5112977027893066
0.5008852481842041
0.31731146574020386
0.44845443964004517
0.42467790842056274
0.5344304442405701
0.3500872254371643
0.47310811281204224
0.4704841375350952
0.46871417760849
0.4050161838531494
0.43046462535858154
0.4662010073661804
0.4344196915626526
0.3990445137023926
0.38526326417922974
0.47719115018844604
0.5169650912284851
0.4720052480697632
0.47888070344924927
0.37070173025131226
0.4794713854789734
0.3786792755126953
0.5863253474235535
0.4377892017364502
0.4307407736778259
0.3861743211746216
0.32811224460601807
0.44180601835250854
0.5182795524597168
0.5408340096473694
0.5204980969429016
0.4111272096633911
0.44257408380508423
0.5291935205459595
0.4290391802787781
0.39378678798675537
0.5119854807853699
0.46986812353134155
0.33399319648742676
0.552315890789032
0.49893295764923096
0.4591881036758423
0.49458909034729004
0.41404157876968384
0.47343653440475464
0.5275098085403442
0.5314138531684875
0.4063871502876282
0.41138720512390137
0.41442155838012695
0.4512036442756653
0.4640066623687744
0.48238128423690796
0.4831586480140686
0.5225626230239868
0.40233612060546875
0.37555885314941406
0.47281163930892944
0.41394978761672974
0.3464263081550598
0.43589186668395996
0.5039434432983398
0.5232539176940918
0.3482062816619873
0.5213544964790344
0.4469969868659973
0.5490690469741821
0.374997615814209
0.4628306031227112
0.4433819055557251
0.34152084589004517
0.5408927202224731
0.4630569815635681
0.5012667775154114
0.42115581035614014
0.3108667731285095
0.5104125142097473
0.4264220595359802
0.5219581723213196
0.43398427963256836
0.5049851536750793
0.5227730870246887
0.3896925449371338
0.35683125257492065
0.386582612991333
0.35632753372192383
0.41721898317337036
0.4148840308189392
0.49160051345825195
0.4390016198158264
0.4112691879272461
0.5349355936050415
0.4996333718299866
0.5399360060691833
0.44478386640548706
0.5662751793861389
0.475119411945343
0.513054609298706
0.5486848950386047
0.43107545375823975
0.43510156869888306
0.5301439762115479
0.5263304710388184
0.43925607204437256
0.448244571685791
0.5139784812927246
0.47655773162841797
0.4301456809043884
0.46057647466659546
0.54439777135849
0.5591792464256287
0.4613357186317444
0.46700412034988403
0.4783390164375305
0.527423620223999
0.42211341857910156
0.4892367720603943
0.5319715738296509
0.42616432905197144
0.46600770950317383
0.4701898694038391
0.5461855530738831
0.5204537510871887
0.44759178161621094
0.41546201705932617
0.5204179286956787
0.5265498757362366
0.4641106128692627
0.4664079546928406
0.4698346257209778
0.5100022554397583
0.4791722893714905
0.41985195875167847
0.47322171926498413
0.41495412588119507
0.39748620986938477
0.38521862030029297
0.4343360662460327
0.34335774183273315
0.552991509437561
0.4519895315170288
0.4961888790130615
0.5214034914970398
0.49849170446395874
0.5385450720787048
0.438424289226532
0.5022186636924744
0.39025646448135376
0.48577290773391724
0.5007882714271545
0.3503757119178772
0.47658514976501465
0.42376792430877686
0.45742809772491455
0.29577940702438354
0.39140570163726807
0.43659907579421997
0.42404860258102417
0.41266369819641113
0.4792848229408264
0.4451044797897339
0.37970709800720215
0.5372468829154968
0.5026715993881226
0.4744025468826294
0.3504295349121094
0.28112637996673584
0.38041627407073975
0.4356100559234619
0.3551240563392639
0.33498990535736084
0.4074532985687256
0.5356923341751099
0.37856125831604004
0.587533175945282
0.4884374141693115
0.5389249324798584
0.5018772482872009
0.5725032687187195
0.4010499119758606
0.5125460624694824
0.4697975516319275
0.5142903923988342
0.47949421405792236
0.3902939558029175
0.3717655539512634
0.5828964114189148
0.4159207344055176
0.5294581055641174
0.5377399325370789
0.39787226915359497
0.460185706615448
0.44094812870025635
0.5685582756996155
0.46544092893600464
0.5871103405952454
0.480541467666626
0.4176543951034546
0.4531131982803345
0.48025310039520264
0.5520235896110535
0.513602077960968
0.41204583644866943
0.503731369972229
0.6339674592018127
0.46431535482406616
0.40984946489334106
0.44248276948928833
0.3968939781188965
0.3786696791648865
0.46819478273391724
0.5005872249603271
0.31543922424316406
0.41464024782180786
0.350769579410553
0.3348277807235718
0.31925302743911743
0.41344910860061646
0.3972943425178528
0.4395585060119629
0.46663111448287964
0.5596608519554138
0.4965839385986328
0.4166720509529114
0.43835628032684326
0.6038627028465271
0.48014819622039795
0.4023900032043457
0.40820425748825073
0.40396565198898315
0.4026283025741577
0.49314236640930176
0.5102297067642212
0.4680832028388977
0.4670926332473755
0.4565547704696655
0.3839617967605591
0.4312262535095215
0.3196113705635071
0.4057280421257019
0.4009817838668823
0.4377599358558655
0.4744803309440613
0.43730562925338745
0.41522669792175293
0.3297880291938782
0.4570816159248352
0.3887940049171448
0.44105637073516846
0.45851653814315796
0.42893415689468384
0.4094873070716858
0.571356475353241
0.3118727207183838
0.6838988661766052
0.503503680229187
0.3524913191795349
0.49996209144592285
0.5417831540107727
0.556793212890625
0.508292555809021
0.5512789487838745
0.4844774603843689
0.3980971574783325
0.47623133659362793
0.5294417142868042
0.4808822274208069
0.4283880591392517
0.42588698863983154
0.42768967151641846
0.48776310682296753
0.48304444551467896
0.48292869329452515
0.4593349099159241
0.4493761658668518
0.2525901794433594
0.4834722876548767
0.5737397074699402
0.39418190717697144
0.47893691062927246
0.3562244176864624
0.42581772804260254
0.46902185678482056
0.46763360500335693
0.41164880990982056
0.44239914417266846
0.45651811361312866
0.48252958059310913
0.47662413120269775
0.41435110569000244
0.5005884766578674
0.4476742148399353
0.4826488494873047
0.39464789628982544
0.43458861112594604
0.4507940411567688
0.4934268593788147
0.2892325222492218
0.4425607919692993
0.32031089067459106
0.5599921941757202
0.417580783367157
0.4419621229171753
0.5030738115310669
0.4781317114830017
0.430276095867157
0.5349162817001343
0.485149621963501
0.4422180652618408
0.5191969275474548
0.5739730596542358
0.4194409251213074
0.4510496258735657
0.5055009126663208
0.5120594501495361
0.3249853253364563
0.5495501160621643
0.40213829278945923
0.38430869579315186
0.4460412263870239
0.519622266292572
0.44373494386672974
0.440418004989624
0.45022040605545044
0.4428175687789917
0.4208769202232361
0.44177061319351196
0.5761427283287048
0.422096848487854
0.5568891763687134
0.42158883810043335
0.490231990814209
0.3767803907394409
0.530973494052887
0.4625118374824524
0.48816871643066406
0.459173321723938
0.36251503229141235
0.5398208498954773
0.5813406109809875
0.37549376487731934
0.5432270765304565
0.4040639400482178
0.44943010807037354
0.5158355832099915
0.5057929754257202
0.4302167296409607
0.37879443168640137
0.44427764415740967
0.38517099618911743
0.4982738494873047
0.3858189582824707
0.43426311016082764
0.5562988519668579
0.5031959414482117
0.4458184838294983
0.5140512585639954
0.4091726541519165
0.40873461961746216
0.44610869884490967
0.4972878694534302
0.41272079944610596
0.41811293363571167
0.45898640155792236
0.4420282244682312
0.4106508493423462
0.5194644927978516
0.5196496248245239
0.48870205879211426
0.48616814613342285
0.5394531488418579
0.45549678802490234
0.45556193590164185
0.43492746353149414
0.4055224657058716
0.409121036529541
0.4723215103149414
0.3716614246368408
0.4318506717681885
0.3635373115539551
0.39790916442871094
0.36143141984939575
0.472828209400177
0.4258687496185303
0.41162413358688354
0.45617544651031494
0.4282965064048767
0.3544996380805969
0.4027230739593506
0.42227703332901
0.5533556938171387
0.5459994077682495
0.43336188793182373
0.4963805675506592
0.37941688299179077
0.41336703300476074
0.39650893211364746
0.5359651446342468
0.42103689908981323
0.46921324729919434
0.5429267287254333
0.3957318067550659
0.4650307297706604
0.4306519627571106
0.39841240644454956
0.38571834564208984
0.3470954895019531
0.5607894062995911
0.48124176263809204
0.46576571464538574
0.5018405318260193
0.5811492800712585
0.47434014081954956
0.46359550952911377
0.4458606243133545
0.4746439456939697
0.47934216260910034
0.4721797704696655
0.41806918382644653
0.37357622385025024
0.3847172260284424
0.4712987542152405
0.508095920085907
0.5563163161277771
0.35911792516708374
0.3529374599456787
0.4553866982460022
0.6118478178977966
0.4304860234260559
0.3930818438529968
0.3836343288421631
0.5049679279327393
0.3093087673187256
0.6113329529762268
0.4741193652153015
0.4685419201850891
0.4724220633506775
0.5089016556739807
0.5078619122505188
0.43074727058410645
0.3923231363296509
0.45673060417175293
0.39662420749664307
0.5170355439186096
0.486114501953125
0.297452449798584
0.4136393666267395
0.3791320323944092
0.44887685775756836
0.37756669521331787
0.5700533986091614
0.4137355089187622
0.42723774909973145
0.4399062395095825
0.32870179414749146
0.4331406354904175
0.5129145979881287
0.5237730741500854
0.4630652666091919
0.48738986253738403
0.4114777445793152
0.5430571436882019
0.3996279239654541
0.49834680557250977
0.4709056615829468
