0.4829895496368408
0.5665457248687744
0.5050802826881409
0.4590837359428406
0.5021858215332031
0.46912509202957153
0.5578955411911011
0.4342021942138672
0.3827302157878876
0.5734919309616089
0.4894897937774658
0.6679159998893738
0.5550804138183594
0.4853145480155945
0.5380991697311401
0.541562557220459
0.5208523273468018
0.5072126388549805
0.4284539222717285
0.4693226218223572
0.44846683740615845
0.4923307001590729
0.5574008226394653
0.33105701208114624
0.5525767803192139
0.6939224600791931
0.5942287445068359
0.6530770063400269
0.586349368095398
0.5250255465507507
0.6886036992073059
0.5483895540237427
0.6791505217552185
0.42044469714164734
0.604748547077179
0.39772146940231323
0.5075322389602661
0.6185985803604126
0.3410390615463257
0.42022228240966797
0.30485689640045166
0.5195663571357727
0.6105018854141235
0.6046908497810364
0.5942898988723755
0.4595356285572052
0.4929085373878479
0.6059150695800781
0.5741739273071289
0.6376684904098511
0.32735487818717957
0.577201247215271
0.5100615620613098
0.5859369039535522
0.5696804523468018
0.53221195936203
0.5763044953346252
0.3357401490211487
0.5813149809837341
0.572944164276123
0.6237025260925293
0.4940979480743408
0.505139946937561
0.3369700014591217
0.47328296303749084
0.4887545108795166
0.43245214223861694
0.6012261509895325
0.4108232855796814
0.5123043060302734
0.5359225869178772
0.5086159706115723
0.6943152546882629
0.3972737789154053
0.6014145612716675
0.42543143033981323
0.533362627029419
0.6067622900009155
0.5710245370864868
0.31503593921661377
0.5181993246078491
0.36025136709213257
0.513990581035614
0.6519955992698669
0.5668198466300964
0.47476595640182495
0.4643164575099945
0.5340035557746887
0.6157970428466797
0.6337045431137085
0.5918416380882263
0.5484382510185242
0.479217529296875
0.48041826486587524
0.5202940702438354
0.5254997611045837
0.4929753541946411
0.5974928140640259
0.47204917669296265
0.4177968502044678
0.6149752736091614
0.5122469663619995
0.5433512926101685
0.3457346558570862
0.44039809703826904
0.45500999689102173
0.4711177945137024
0.4871857762336731
0.5955483317375183
0.5810805559158325
0.5838987827301025
0.5546796321868896
0.5617988705635071
0.6162042021751404
0.5556796789169312
0.534103274345398
0.5069990158081055
0.5024194121360779
0.5521214604377747
0.5353232026100159
0.5022821426391602
0.5386849641799927
0.542320966720581
0.6472154855728149
0.5401249527931213
0.514450192451477
0.6197545528411865
0.4873839020729065
0.6536238193511963
0.4803254306316376
0.5939902067184448
0.45324525237083435
0.5080951452255249
0.5652605891227722
0.4848877191543579
0.5944623351097107
0.4841312766075134
0.5849355459213257
0.4784143567085266
0.4249374568462372
0.5688045024871826
0.6044676899909973
0.42397308349609375
0.5527143478393555
0.4667699933052063
0.586379885673523
0.4628434479236603
0.5069794058799744
0.5122699737548828
0.40689197182655334
0.5257667303085327
0.3252362608909607
0.45593395829200745
0.5636154413223267
0.45233869552612305
0.5751004219055176
0.5198426842689514
0.49811816215515137
0.5361534357070923
0.5582437515258789
0.569748044013977
0.27479296922683716
0.4548459053039551
0.5551867485046387
0.5308393836021423
0.4415854811668396
0.4429011344909668
0.4489317238330841
0.5400112271308899
0.46604835987091064
0.5455345511436462
0.5929263234138489
0.6395989656448364
0.5225744247436523
0.6093440651893616
0.5809400081634521
0.6685200929641724
0.30596381425857544
0.4232929050922394
0.475726842880249
0.4446389675140381
0.5564764142036438
0.4244382679462433
0.43521660566329956
0.4144982099533081
0.5940088033676147
0.3579202890396118
0.6597177982330322
0.5621325373649597
0.4359581768512726
0.4303710162639618
0.2867213189601898
0.6112448573112488
0.36826175451278687
0.5691341757774353
0.48863446712493896
0.5515905618667603
0.4173431396484375
0.4528607726097107
0.6561310291290283
0.47103315591812134
0.37551945447921753
0.6950176954269409
0.44582557678222656
0.29196280241012573
0.6730160713195801
0.4416743516921997
0.46309491991996765
0.4796333312988281
0.5949468016624451
0.4707579016685486
0.47634345293045044
0.35747700929641724
0.4653402864933014
0.5645367503166199
0.4847700297832489
0.3654741048812866
0.43562859296798706
0.49108535051345825
0.5411523580551147
0.5924456119537354
0.615327000617981
0.6206355690956116
0.5240908265113831
0.5042473673820496
0.4428226947784424
0.4099007844924927
0.5294431447982788
0.6790175437927246
0.5810502767562866
0.5021717548370361
0.3988085091114044
0.6066912412643433
0.4435389041900635
0.5610207319259644
0.40383782982826233
0.4567670524120331
0.5396392941474915
0.5062256455421448
0.4382895231246948
0.6317142248153687
0.6362048387527466
0.5455366373062134
0.5118191242218018
0.5403788685798645
0.4090035557746887
0.4327694773674011
0.48269855976104736
0.5588528513908386
0.5752544403076172
0.5946944952011108
0.3357454240322113
0.472028911113739
0.4137865900993347
0.4696238338947296
0.5276763439178467
0.4583013355731964
0.598135232925415
0.6375482082366943
0.5040134191513062
0.5132713317871094
0.4220023453235626
0.6357339024543762
0.5548264980316162
0.6664515733718872
0.37861087918281555
0.35975706577301025
0.4179820120334625
0.4257320463657379
0.45841148495674133
0.4035225510597229
0.61983722448349
0.41076934337615967
0.18218664824962616
0.5004878640174866
0.5314083099365234
0.45859119296073914
0.5300620198249817
0.4916446805000305
0.6607206463813782
0.6313648223876953
0.4919523000717163
0.44936445355415344
0.523697555065155
0.5542479157447815
0.5198312401771545
0.5877924561500549
0.5592179894447327
0.6012730598449707
0.5699161291122437
0.5418928265571594
0.4785609543323517
0.6613323092460632
0.6352617740631104
0.5936473608016968
0.661124587059021
0.5826680064201355
0.38480204343795776
0.4617512822151184
0.6206626296043396
0.447830468416214
0.5531890988349915
0.3475809693336487
0.5109024047851562
0.582800567150116
0.4647698700428009
0.45174652338027954
0.251895546913147
0.5061472058296204
0.47986799478530884
0.5037171244621277
0.564214289188385
0.44917017221450806
0.359243243932724
0.4790832996368408
0.2842439115047455
0.5668370127677917
0.5601105690002441
0.40560829639434814
0.5319504141807556
0.43077316880226135
0.43483003973960876
0.6123148798942566
0.4948854148387909
0.26909685134887695
0.44114822149276733
0.6333315372467041
0.5800721645355225
0.5304057598114014
0.5354697704315186
0.573958158493042
0.558990478515625
0.5386183261871338
0.41220521926879883
0.46048396825790405
0.3127802908420563
0.5261597633361816
0.5142672657966614
0.5343440771102905
0.6331132650375366
0.6266993284225464
0.492270290851593
0.45113492012023926
0.5552248954772949
0.3841991424560547
0.3550257682800293
0.5687993168830872
0.6535860896110535
0.5958726406097412
0.4331842362880707
0.5796916484832764
0.5836285352706909
0.5291657447814941
0.5725351572036743
0.45455795526504517
0.3208148181438446
0.40265360474586487
0.5237347483634949
0.4486919343471527
0.5800762176513672
0.5256078839302063
0.4977831244468689
0.4260726869106293
0.5595007538795471
0.4320247769355774
0.4311893582344055
0.6266551613807678
0.6794620156288147
0.5473734140396118
0.5530121326446533
0.6750085949897766
0.2837774455547333
0.5298212766647339
0.5435774922370911
0.4273139536380768
0.45798200368881226
0.44435638189315796
0.4919986128807068
0.4839230179786682
0.4715859293937683
0.49676576256752014
0.46209660172462463
0.5159350633621216
0.5493731498718262
0.5328900814056396
0.4790165424346924
0.5239037275314331
0.5877525806427002
0.4057871103286743
0.4351431131362915
0.4948522448539734
0.6259734630584717
0.39823639392852783
0.5678074359893799
0.5668469667434692
0.46133920550346375
0.5198535323143005
0.5137174129486084
0.35911494493484497
0.5272951722145081
0.47744059562683105
0.44033777713775635
0.3675786256790161
0.4737529754638672
0.5490477085113525
0.39061737060546875
0.5313736796379089
0.32409244775772095
0.5225991010665894
0.624199628829956
0.5460094213485718
0.6167488098144531
0.5623278617858887
0.6621243357658386
0.42193204164505005
0.6173010468482971
0.4931374788284302
0.46693676710128784
0.5449830293655396
0.5722436308860779
0.46098536252975464
0.5042343139648438
0.6574164032936096
0.515920102596283
0.5639420747756958
0.45752429962158203
0.6248379945755005
0.2817644476890564
0.5726892352104187
0.7070843577384949
0.5163240432739258
0.4279941916465759
0.40530338883399963
0.5399467945098877
0.40581777691841125
0.6070634126663208
0.6096964478492737
0.5048711895942688
0.5154498815536499
0.46967893838882446
0.6867078542709351
0.5296629667282104
0.5794298648834229
0.5551466345787048
0.5699248313903809
0.5736585855484009
0.6328028440475464
0.37609195709228516
0.524916410446167
0.43720513582229614
0.49842512607574463
0.40840715169906616
0.5450213551521301
0.5250957608222961
0.5143516063690186
0.4192333519458771
0.5687940716743469
0.5433623790740967
0.6333545446395874
0.5445195436477661
0.61742103099823
0.4169820547103882
0.601503312587738
0.39595046639442444
0.6252419352531433
0.4438713788986206
0.4652334749698639
0.5772843360900879
0.5021018385887146
0.5653122663497925
0.4781898260116577
0.4870460629463196
0.3772623538970947
0.44368672370910645
0.6476761102676392
0.45690372586250305
0.5617456436157227
0.554989755153656
0.4826242923736572
0.5337976813316345
0.44770944118499756
0.4674406945705414
0.3690778613090515
0.5688418745994568
0.5485334396362305
0.6362486481666565
0.5601256489753723
0.5946890115737915
0.4505677819252014
0.4871540665626526
0.5415986776351929
0.5250711441040039
0.5817316770553589
0.3443182706832886
0.46124690771102905
0.49960795044898987
0.5354350209236145
0.5092829465866089
0.34812086820602417
0.5871961116790771
0.5047192573547363
0.46193498373031616
0.5750898122787476
0.4786871075630188
0.40519291162490845
0.31376171112060547
0.5620875954627991
0.5765161514282227
0.4531058073043823
0.539440393447876
0.459083616733551
0.42687317728996277
0.557522714138031
0.47785115242004395
0.5648263692855835
0.556228756904602
0.4490727484226227
0.5985499024391174
0.5967766046524048
0.29341596364974976
0.4206165671348572
0.5036860704421997
0.5393069386482239
0.49871155619621277
0.5570710897445679
0.5763165950775146
0.5496063232421875
0.6117368936538696
0.5146421194076538
0.680752694606781
0.6102416515350342
0.4862135052680969
0.46698442101478577
0.47356128692626953
0.5063297748565674
0.5907001495361328
0.5147435665130615
0.5145852565765381
0.4188048243522644
0.5363694429397583
0.5401979088783264
0.5019263625144958
0.4728679955005646
0.5781449675559998
0.4777325391769409
0.5105279684066772
0.6213422417640686
0.4586438834667206
0.4559020400047302
0.4458022713661194
0.4125390946865082
0.5489597320556641
0.45727863907814026
0.4810875654220581
0.5279684662818909
0.6026176810264587
0.4657079875469208
0.47264736890792847
0.5374504327774048
0.48032909631729126
0.49964359402656555
0.4523703157901764
0.3667353093624115
0.5338238477706909
0.3563586175441742
0.4163374900817871
0.4977361261844635
0.4251648485660553
0.6681493520736694
0.48285600543022156
0.5046929121017456
0.3887268602848053
0.43473756313323975
0.48644933104515076
0.5721758604049683
0.507732629776001
0.4582393765449524
0.45737817883491516
0.49895763397216797
0.422712504863739
0.3926180601119995
0.5875470638275146
0.6721116900444031
0.4068397879600525
0.5778340101242065
0.5452789664268494
0.5975836515426636
0.5402674674987793
0.2514270842075348
0.5234413146972656
0.503019392490387
0.6762368083000183
0.49805280566215515
0.4987422227859497
0.6384294033050537
0.6270297765731812
0.5984935760498047
0.47636115550994873
0.39491668343544006
0.5840253829956055
0.34049874544143677
0.6117715835571289
0.47819983959198
0.6044338941574097
0.4391346573829651
0.40486860275268555
0.5942752361297607
0.4976995885372162
0.555445671081543
0.5488387942314148
0.5415010452270508
0.4274795651435852
0.6239205598831177
0.6065641641616821
0.6153821349143982
0.3241955041885376
0.48687848448753357
0.49146533012390137
0.39574819803237915
0.5463571548461914
0.6756669878959656
0.5077431797981262
0.4395034909248352
0.36345845460891724
0.6244556903839111
0.580003559589386
0.499487042427063
0.4232248067855835
0.5165573954582214
0.48281925916671753
0.6037024259567261
0.5899932980537415
0.3923777937889099
0.6202388405799866
0.5735890865325928
0.5218311548233032
0.5572037696838379
0.5138378143310547
0.5405155420303345
0.577984631061554
0.5874921083450317
0.6604398488998413
0.43529799580574036
0.4979867935180664
0.47774291038513184
0.5488782525062561
0.4379788041114807
0.6329377293586731
0.5464896559715271
0.33508557081222534
0.5585575699806213
0.47445350885391235
0.5107973217964172
0.475726842880249
0.6357554197311401
0.5581650137901306
0.27836814522743225
0.5850076675415039
0.4816952347755432
0.5614284873008728
0.4931912422180176
0.6251016855239868
0.5210984349250793
0.5563543438911438
0.5692583322525024
0.3903839588165283
0.7046929597854614
0.5951729416847229
0.5608627796173096
0.4939292371273041
0.5833980441093445
0.5182156562805176
0.4998604655265808
0.47010356187820435
0.4865874946117401
0.35401856899261475
0.48913609981536865
0.5025100111961365
0.5233571529388428
0.49677565693855286
0.5612320303916931
0.6501662731170654
0.422271192073822
0.47540223598480225
0.4909871816635132
0.6279520988464355
0.42587172985076904
0.6142441034317017
0.42965877056121826
0.5489227175712585
0.519803524017334
0.5258762836456299
0.5923954248428345
0.4461808502674103
0.5771589279174805
0.5086262226104736
0.5465137958526611
0.46774232387542725
0.4012592136859894
0.4230790138244629
0.4649372398853302
0.4595290720462799
0.439565509557724
0.5083711743354797
0.5403704047203064
0.2947748601436615
0.6030025482177734
0.6176204085350037
0.5950512886047363
0.549457311630249
0.44156306982040405
0.6172151565551758
0.49860554933547974
0.41368597745895386
0.4168022871017456
0.570298433303833
0.49796557426452637
0.6205536723136902
0.38494589924812317
0.42516908049583435
0.6642110347747803
0.48455309867858887
0.5074582099914551
0.5552359819412231
0.5154620409011841
0.5762690305709839
0.5508508086204529
0.6939497590065002
0.4426082968711853
0.5497031211853027
0.4877755343914032
0.5365684032440186
0.39371436834335327
0.6263471841812134
0.63565593957901
0.39475759863853455
0.4917947053909302
0.6233075857162476
0.5769109725952148
0.5095710754394531
0.3706801235675812
0.5165925025939941
0.6756676435470581
0.49743443727493286
0.5239660143852234
0.4907774329185486
0.49346622824668884
0.5702754855155945
0.4952578544616699
0.38875195384025574
0.4414699673652649
0.43317219614982605
0.6001619100570679
0.5598888397216797
0.5949893593788147
0.47033193707466125
0.7153876423835754
0.5307888388633728
0.5950092673301697
0.5687792301177979
0.4331333637237549
0.4879840016365051
0.5938518047332764
0.6031354665756226
0.49606913328170776
0.44241881370544434
0.4461175501346588
0.47655147314071655
0.6594243049621582
0.5721452832221985
0.4509315490722656
0.39518821239471436
0.5960773229598999
0.3473849296569824
0.5010101795196533
0.5672669410705566
0.5718170404434204
0.5376661419868469
0.49229609966278076
0.611946702003479
0.48215776681900024
0.49115264415740967
0.5530470609664917
0.40488487482070923
0.41432520747184753
0.5437806248664856
0.7546162009239197
0.5712013244628906
0.5773727893829346
0.5549468994140625
0.5701135396957397
0.6738406419754028
0.47416257858276367
0.4822424352169037
0.585912823677063
0.4231386184692383
0.5429755449295044
0.549476683139801
0.4682028889656067
0.4492807686328888
0.42572659254074097
0.48726028203964233
0.4671948552131653
0.6589666604995728
0.6686239838600159
0.6182162761688232
0.4375046491622925
0.6236701011657715
0.64030921459198
0.6555033326148987
0.5951339602470398
0.7162236571311951
0.6685667634010315
0.5934275984764099
0.40245747566223145
0.608235776424408
0.5755467414855957
0.6315004229545593
0.5002421140670776
0.5457889437675476
0.5401149392127991
0.5128551125526428
0.4510131776332855
0.505152702331543
0.5712871551513672
0.5265554785728455
0.5130032300949097
0.5186569094657898
0.3394549489021301
0.48226362466812134
0.5992077589035034
0.46724557876586914
0.5617660284042358
0.5056671500205994
0.46625185012817383
0.5724785327911377
0.39163416624069214
0.46059906482696533
0.4366213381290436
0.42493394017219543
0.5432965755462646
0.6125086545944214
0.46100324392318726
0.5410799980163574
0.4731377959251404
0.47691261768341064
0.3251507878303528
0.3547857999801636
0.5998255014419556
0.5451347231864929
0.43533021211624146
0.5281349420547485
0.4246818721294403
0.45743194222450256
0.5814774632453918
0.5146052241325378
0.5632359385490417
0.5251438021659851
0.449048787355423
0.5227801203727722
0.43464207649230957
0.48258405923843384
0.4454565644264221
0.5950564742088318
0.5416796207427979
0.47346585988998413
0.5981945991516113
0.682736337184906
0.39788365364074707
0.5808770656585693
0.5539579391479492
0.5689908862113953
0.43638336658477783
0.3128887414932251
0.2958340048789978
0.5271701216697693
0.4141707718372345
0.37382131814956665
0.5184578895568848
0.43201303482055664
0.5071823596954346
0.41020065546035767
0.5594347715377808
0.5454064607620239
0.6126693487167358
0.6111961603164673
0.4334368407726288
0.48555970191955566
0.42231154441833496
0.49575623869895935
0.38442620635032654
0.43947774171829224
0.6827524304389954
0.4454888105392456
0.6288246512413025
0.42524176836013794
0.4929253160953522
0.5670392513275146
0.5078535676002502
0.4191738963127136
0.5147123336791992
0.4612707495689392
0.6120500564575195
0.49322378635406494
0.5906041264533997
0.4284524619579315
0.5346451997756958
0.6006710529327393
0.5435706973075867
0.6880858540534973
0.5683879256248474
0.34563854336738586
0.6701267957687378
0.6636728048324585
0.5050408840179443
0.45066335797309875
0.4865952432155609
0.5512607097625732
0.48589205741882324
0.4870249032974243
0.6331200003623962
0.5181721448898315
0.5441500544548035
0.4920228123664856
0.5936723947525024
0.4043733477592468
0.3014014959335327
0.47061821818351746
0.49603989720344543
0.4644491672515869
0.3887332081794739
0.42818203568458557
0.5571928024291992
0.6131078004837036
0.5178895592689514
0.5090664625167847
0.44583195447921753
0.4822419285774231
0.6475778818130493
0.32098355889320374
0.6161726713180542
0.6233459115028381
0.5044310688972473
0.48931950330734253
0.4520260989665985
0.5893354415893555
0.5219331979751587
0.6894956231117249
0.5846671462059021
0.5585861206054688
0.5232280492782593
0.645126461982727
0.6286354064941406
0.6379563808441162
0.47513967752456665
0.4912649691104889
0.5282778739929199
0.5703262090682983
0.6019384860992432
0.3650777339935303
0.46606743335723877
0.5372610092163086
0.592748761177063
0.5853886008262634
0.32217925786972046
0.5335766673088074
0.7086595892906189
0.5007349252700806
0.4456688165664673
0.40161603689193726
0.45385628938674927
0.5129655003547668
0.6494674682617188
0.5866802930831909
0.6052307486534119
0.4820580780506134
0.3952392339706421
0.6039034128189087
0.5224961042404175
0.5355449318885803
0.5231809020042419
0.568976879119873
0.5446223020553589
0.6803978085517883
0.4836118817329407
0.4832960367202759
0.611666202545166
0.2942701578140259
0.5644681453704834
0.5065056085586548
0.41051051020622253
0.4963439106941223
0.5030117630958557
0.4593563675880432
0.5772926807403564
0.5646035671234131
0.45312318205833435
0.4420722723007202
0.5817430019378662
0.5105913877487183
0.49021318554878235
0.5977344512939453
0.4338911175727844
0.46013161540031433
0.42122364044189453
0.5602309703826904
0.5046501159667969
0.5899224877357483
0.6424513459205627
0.588692307472229
0.5120905041694641
0.46287351846694946
0.47763293981552124
0.5032810568809509
0.6933631300926208
0.49637162685394287
0.5735450983047485
0.4760287404060364
0.5239676833152771
0.49415281414985657
0.4062044024467468
0.47779884934425354
0.40733885765075684
0.5221819877624512
0.5344650745391846
0.5093967914581299
0.5176036953926086
0.6196492910385132
0.6074508428573608
0.6684917211532593
0.5194477438926697
0.37991607189178467
0.5539265275001526
0.5389950275421143
0.589320182800293
0.3845360279083252
0.48850715160369873
0.5223073959350586
0.5438123941421509
0.5510067939758301
0.5357109904289246
0.5763676762580872
0.47182971239089966
0.4470687210559845
0.48736968636512756
0.4806336760520935
0.554672360420227
0.42541348934173584
0.4678483009338379
0.4281325936317444
0.44700053334236145
0.565639853477478
0.45971041917800903
0.5085116028785706
0.4342600405216217
0.4463369846343994
0.4834669232368469
0.6670452356338501
0.7255560755729675
0.6528801918029785
0.5172497630119324
0.48215240240097046
0.3985391855239868
0.5221482515335083
0.48995304107666016
0.5706970691680908
0.5293447971343994
0.3497479557991028
0.560397744178772
0.535740315914154
0.584597647190094
0.6142629981040955
0.5776340365409851
0.5750728845596313
0.5764679908752441
0.5664143562316895
0.6064116954803467
0.4323708415031433
0.48784640431404114
0.3657294809818268
0.3670998215675354
0.5999027490615845
0.424824595451355
0.456493616104126
0.5474241971969604
0.6284474730491638
0.4831785559654236
0.43614163994789124
0.39346012473106384
0.5028635859489441
0.4855843186378479
0.4251217842102051
0.5564258098602295
0.6268399953842163
0.5687373876571655
0.392021119594574
0.45932522416114807
0.6675957441329956
0.5981209874153137
0.4172297418117523
0.42781850695610046
0.573861837387085
0.5326118469238281
0.4194308817386627
0.4544243812561035
0.529428243637085
0.5522987246513367
0.5424580574035645
0.5067780017852783
0.4968511462211609
0.34464699029922485
0.5519118309020996
0.626103401184082
0.48798128962516785
0.5174181461334229
0.5300648212432861
0.45532530546188354
0.6257686018943787
0.40577757358551025
0.5718770027160645
0.5637476444244385
0.47886407375335693
0.4294701814651489
0.4476124346256256
0.4619355797767639
0.518090009689331
0.5790784955024719
0.4944303035736084
0.6068075895309448
0.5443390011787415
0.542486310005188
0.471526563167572
0.6196590662002563
0.5506194829940796
0.4236041307449341
0.4359968602657318
0.6217809915542603
0.5801025629043579
0.4429476857185364
0.43657147884368896
0.6632503867149353
0.42077505588531494
0.44344425201416016
0.479958713054657
0.5575177669525146
0.4005938172340393
0.47828295826911926
0.5141782164573669
0.4784529209136963
0.547324001789093
0.5648723840713501
0.5131241679191589
0.6113574504852295
0.4895939826965332
0.4976726472377777
0.4539549946784973
0.5155220031738281
0.6654586791992188
0.47821059823036194
0.6034117937088013
0.5067079067230225
0.5344886779785156
0.4743475317955017
0.3451297879219055
0.5276241898536682
0.4299747943878174
0.5908466577529907
0.40246593952178955
0.4046258330345154
0.42141324281692505
0.41981878876686096
0.5552902221679688
0.5341358184814453
0.4545203447341919
0.5091278553009033
0.4035777747631073
0.42943257093429565
0.5301897525787354
0.5011418461799622
0.45697206258773804
0.5569853782653809
0.7110750079154968
0.4239591360092163
0.48328226804733276
0.3495512902736664
0.5813555717468262
0.44879692792892456
0.5255483388900757
0.5803970098495483
0.41541337966918945
0.567674994468689
0.5541756749153137
0.5905876159667969
0.4354972839355469
0.4454311728477478
0.6287165880203247
0.6044507026672363
0.3748319149017334
0.3437612056732178
0.5154057741165161
0.5113871693611145
0.5116509199142456
0.597712516784668
0.6561964154243469
0.5475029349327087
0.4530686140060425
0.5230950117111206
0.4552663564682007
0.5137374401092529
0.4407721757888794
0.542749285697937
0.6121928691864014
0.5414344072341919
0.5119823217391968
0.5737140774726868
0.38842734694480896
0.6126599311828613
0.3614300489425659
0.6141915917396545
0.5895693302154541
0.43648621439933777
0.5954134464263916
0.5356698632240295
0.5712639093399048
0.4697357714176178
0.5757439732551575
0.48936429619789124
0.37277331948280334
0.49981167912483215
0.4960378408432007
0.43757641315460205
0.47474241256713867
0.5453930497169495
0.29569220542907715
0.4649558663368225
0.4525080919265747
0.5729196071624756
0.45118892192840576
0.3871113657951355
0.42283961176872253
0.5309740304946899
0.5870708227157593
0.38188686966896057
0.46682485938072205
0.5114269256591797
0.5101721882820129
0.5752542018890381
0.5417267680168152
0.5046630501747131
0.41507598757743835
0.45991969108581543
0.4306899309158325
0.4535577595233917
0.5437582731246948
0.3831733763217926
0.41364771127700806
0.7203473448753357
0.5684371590614319
0.4532260596752167
0.5717598795890808
0.3696386516094208
0.5760828852653503
0.6377574801445007
0.5849425196647644
0.5514100790023804
0.49568286538124084
0.5870200395584106
0.5139679312705994
0.5759581923484802
0.6290228366851807
0.3994789719581604
0.6760250926017761
0.6556603312492371
0.5296168327331543
0.5520762205123901
0.49625664949417114
0.3663486838340759
0.40952640771865845
0.587529182434082
0.5114467740058899
0.540955662727356
0.691403329372406
0.5549232363700867
0.5446820855140686
0.5691866874694824
0.43921616673469543
0.5876374244689941
0.43199604749679565
0.5606688857078552
0.5225719213485718
0.44353562593460083
0.587727427482605
0.6247981190681458
0.4871445894241333
0.4929889738559723
0.6446346640586853
0.47150564193725586
0.5474428534507751
0.3964815139770508
0.31295716762542725
0.5158458948135376
0.4511529207229614
0.512938380241394
0.4974846839904785
0.5400121808052063
0.5180349349975586
0.5817513465881348
0.45950913429260254
0.6524154543876648
0.47377920150756836
0.46924710273742676
0.5889130234718323
0.4051927924156189
0.5382555723190308
0.5268107652664185
0.5452784299850464
0.4376375079154968
0.4803716242313385
0.47090470790863037
0.5633236169815063
0.6376757621765137
0.4361891746520996
0.4428800642490387
0.48813167214393616
0.44034266471862793
0.4009551405906677
0.547260046005249
0.42320701479911804
0.4534617066383362
0.6247537732124329
0.5230116844177246
0.6336759328842163
0.4484930634498596
0.6675786375999451
0.4966955780982971
0.4732899069786072
0.5529987215995789
0.45517227053642273
0.44495999813079834
0.5434349775314331
0.5259268283843994
0.4838109016418457
0.5047391057014465
0.4937313199043274
0.596089780330658
0.534477949142456
0.34557634592056274
0.5311646461486816
0.5055152177810669
0.5996497869491577
0.6540772914886475
0.400154173374176
0.4936821460723877
0.47555506229400635
0.49075716733932495
0.5453075170516968
0.4360803961753845
0.45577535033226013
0.6780256628990173
0.41645145416259766
0.3103836178779602
0.5694870352745056
0.4378235340118408
0.5028514862060547
0.5410757660865784
0.4917967915534973
0.5466837882995605
0.6126878261566162
0.4030593931674957
0.3362720012664795
0.7507283687591553
0.36693358421325684
0.47768542170524597
0.5439519286155701
0.566712498664856
0.5509982109069824
0.5475320816040039
0.4329679012298584
0.5562728047370911
0.5413423776626587
0.5420830845832825
0.6527059078216553
0.509631335735321
0.5388897657394409
0.5173534154891968
0.6795470714569092
0.48284319043159485
0.6354120969772339
0.5820712447166443
0.4633871912956238
0.3872201442718506
0.5320159792900085
0.46597790718078613
0.5955216288566589
0.5436689853668213
0.49240240454673767
0.5461344718933105
0.514637291431427
0.6148010492324829
0.4571361541748047
0.45177003741264343
0.5184898376464844
0.5734606385231018
0.48713016510009766
0.3563423454761505
0.5459508895874023
0.5001465082168579
0.5350334644317627
0.5911741256713867
0.3165266513824463
0.38064777851104736
0.41777318716049194
0.5681777000427246
0.5661475658416748
0.4608599543571472
0.39845365285873413
0.5835745334625244
0.5165952444076538
0.44843590259552
0.47876182198524475
0.40867769718170166
0.2468486726284027
0.6203694343566895
0.4941367208957672
0.5782670974731445
0.5491961240768433
0.47406822443008423
0.5684291124343872
0.5857058763504028
0.600455641746521
0.7379348278045654
0.3750346302986145
0.5182598829269409
0.5542181730270386
0.6433620452880859
0.45254451036453247
0.5136905908584595
0.6183950901031494
0.42038628458976746
0.5619391798973083
0.62031489610672
0.4973377585411072
0.36652880907058716
0.4008428752422333
0.4683430790901184
0.5572367310523987
0.4824094772338867
0.4754328429698944
0.48340943455696106
0.5055770874023438
0.44606268405914307
0.3843272924423218
0.49332109093666077
0.5943834781646729
0.5516829490661621
0.3585285544395447
0.4804365932941437
0.5622257590293884
0.6792381405830383
0.3891952335834503
0.43317219614982605
0.546118974685669
0.4515315294265747
0.552115261554718
0.4555177092552185
0.45984983444213867
0.429109662771225
0.4681479036808014
0.6231904029846191
0.6860725283622742
0.5786845088005066
0.5337482690811157
0.5198174715042114
0.5178390741348267
0.64853435754776
0.4602169394493103
0.6441502571105957
0.5996888875961304
0.5337352752685547
0.4929035007953644
0.42874324321746826
0.6729248762130737
0.5415047407150269
0.3995809555053711
0.4635533094406128
0.4088740348815918
0.5594018697738647
0.4018802344799042
0.570762574672699
0.6729094982147217
0.5584275722503662
0.5053526163101196
0.5085338354110718
0.501246452331543
0.5172967910766602
0.4758690595626831
0.5657487511634827
0.4065747857093811
0.5916640162467957
0.486113965511322
0.43015825748443604
0.4681451916694641
0.6745284795761108
0.4623127579689026
0.6492019891738892
0.5547701716423035
0.6847003102302551
0.5284196138381958
0.48606353998184204
0.40521240234375
0.39459332823753357
0.4339049458503723
0.6029427647590637
0.4685283303260803
0.51445472240448
0.43200621008872986
0.5286235213279724
0.45850670337677
0.6432675123214722
0.4825788140296936
0.4783342480659485
0.4683907628059387
0.505685031414032
0.5221469402313232
0.6830641627311707
0.580287754535675
0.6491035223007202
0.5759364366531372
0.423848032951355
0.3890003561973572
0.531937301158905
0.4337082505226135
0.4380674362182617
0.6165618300437927
0.5521289110183716
0.546401858329773
0.5402649641036987
0.551952600479126
0.6780015826225281
0.5097543597221375
0.4778713583946228
0.5018646717071533
0.5088026523590088
0.5304964780807495
0.48560285568237305
0.39564049243927
0.5216600894927979
0.6917070150375366
0.3340870141983032
0.4972580373287201
0.5219331979751587
0.5114961862564087
0.4938913583755493
0.281639039516449
0.4865216314792633
0.4220796525478363
0.5812724828720093
0.46850648522377014
0.4787404537200928
0.6104757785797119
0.4751490652561188
0.5306698083877563
0.6441390514373779
0.45590120553970337
0.5475823283195496
0.524803102016449
0.49910667538642883
0.6091898083686829
0.5064216256141663
0.5896475911140442
0.5851306915283203
0.3782011568546295
0.4773649573326111
0.4715217351913452
0.7088868021965027
0.6076887845993042
0.5345013737678528
0.6129896640777588
0.5788037180900574
0.6600472927093506
0.5799502730369568
0.5539343357086182
0.5448725819587708
0.5428431034088135
0.5424771308898926
0.6021586656570435
0.5976234674453735
0.6053376197814941
0.538447380065918
0.4143907427787781
0.4975988268852234
0.4734322726726532
0.40410465002059937
0.3055505156517029
0.5443845391273499
0.528654158115387
0.4440515637397766
0.47036343812942505
0.4168330132961273
0.5722013711929321
0.48141202330589294
0.48259633779525757
0.49611496925354004
0.3979499936103821
0.4627038240432739
0.41833025217056274
0.47423821687698364
0.5102096199989319
0.43413853645324707
0.5773404836654663
0.38788482546806335
0.39148545265197754
0.4909021854400635
0.36728841066360474
0.5322567224502563
0.5437813997268677
0.5222352743148804
0.5834414958953857
0.5874146819114685
0.5754170417785645
0.38892602920532227
0.6078295707702637
0.5715653300285339
0.5174108147621155
0.5889573097229004
0.3068977892398834
0.4353155195713043
0.3938106596469879
0.5463689565658569
0.6105027198791504
0.44072574377059937
0.6048269271850586
0.27312779426574707
0.6322667002677917
0.6422536373138428
0.5011364221572876
0.4461628794670105
0.5614984631538391
0.4300440549850464
0.41074326634407043
0.5646265745162964
0.40390971302986145
0.6292703151702881
0.46580636501312256
0.559213399887085
0.4512120187282562
0.5183802843093872
0.5141574144363403
0.533135175704956
0.4881078004837036
0.4354589581489563
0.5609011650085449
0.5137572288513184
0.46808063983917236
0.419866144657135
0.5404829978942871
0.5133119821548462
0.46296337246894836
0.5436772108078003
0.45266538858413696
0.404605895280838
0.5581585168838501
0.5775585174560547
0.4842190146446228
0.5792120695114136
0.3585086166858673
0.4485926628112793
0.45354998111724854
0.4940407872200012
0.5216770172119141
0.6109547019004822
0.557917594909668
0.5408332347869873
0.5374591946601868
0.5447326302528381
0.4323365092277527
0.5995104312896729
0.531733512878418
0.4530642628669739
0.4594433009624481
0.3906496465206146
0.5039823055267334
0.585808277130127
0.4880112409591675
0.4342198669910431
0.58367520570755
0.5840421915054321
0.554795503616333
0.5033190250396729
0.46140268445014954
0.41134005784988403
0.5414441823959351
0.4839699864387512
0.5420475006103516
0.4561787247657776
0.650956392288208
0.5189416408538818
0.5219417810440063
0.5596308708190918
0.36075693368911743
0.4699540436267853
0.5496442317962646
0.5077273845672607
0.595162034034729
0.49226582050323486
0.6115142107009888
0.4445022642612457
0.5981862545013428
0.620049774646759
0.5444161891937256
0.6558918952941895
0.4948886036872864
0.6295600533485413
0.4338243007659912
0.5091909170150757
0.599974513053894
0.4954761564731598
0.6420085430145264
0.4959292709827423
0.6938688158988953
0.4942074418067932
0.5860210061073303
0.5192327499389648
0.47669661045074463
0.6085512042045593
0.43371397256851196
0.5753445625305176
0.44938915967941284
0.5704960823059082
0.4188649356365204
0.44969332218170166
0.5708912014961243
0.6003684997558594
0.602200984954834
0.6416099071502686
0.5778340101242065
0.40937092900276184
0.3734039068222046
0.5530786514282227
0.5574589967727661
0.3234189748764038
0.5268722772598267
0.6501709222793579
0.38680553436279297
0.4560410976409912
0.4177956283092499
0.5548015832901001
0.44820436835289
0.6450988054275513
0.6330320835113525
0.5510789155960083
0.4498617649078369
0.5775759220123291
0.6202521920204163
0.552100658416748
0.4309266209602356
0.4669744074344635
0.5811803340911865
0.49107930064201355
0.5983445048332214
0.4658578038215637
0.4411361813545227
0.4730963706970215
0.6189041137695312
0.4414841830730438
0.5325431823730469
0.4728280305862427
0.4713069498538971
0.5653704404830933
0.5995399355888367
0.4661189317703247
0.5187728404998779
0.5834197998046875
0.6017669439315796
0.5835365056991577
0.5248762369155884
0.4563789367675781
0.6300427913665771
0.34181681275367737
0.6462268233299255
0.5360791683197021
0.4794730842113495
0.6327797174453735
0.5608057975769043
0.5697684288024902
0.3450261950492859
0.40439969301223755
0.5605500340461731
0.5362544655799866
0.5966837406158447
0.46653980016708374
0.592552661895752
0.5307140350341797
0.6574057340621948
0.4433648884296417
0.5697246789932251
0.5641084909439087
0.5426568388938904
0.6703769564628601
0.6226929426193237
0.553290605545044
0.4201025664806366
0.35361242294311523
0.4213219881057739
0.44879692792892456
0.5839735269546509
0.5697236657142639
0.4234722852706909
0.4459642171859741
0.5483906269073486
0.42285874485969543
0.6093559265136719
0.5289020538330078
0.4981134533882141
0.563986599445343
0.4943532943725586
0.5873194932937622
0.5779847502708435
0.4524301588535309
0.5683082342147827
0.6596738696098328
0.40466421842575073
0.5936650037765503
0.6417863368988037
0.6158009171485901
0.46377718448638916
0.5827242136001587
0.46238332986831665
0.567284345626831
0.4521462619304657
0.5368579030036926
0.47429677844047546
0.5823246240615845
0.6210222244262695
0.5346442461013794
0.5420873165130615
0.5378793478012085
0.6742193102836609
0.6188084483146667
0.3664340674877167
0.5788581967353821
0.5525606274604797
0.5676017999649048
0.45363304018974304
0.48901668190956116
0.5104471445083618
0.5213299989700317
0.4533616900444031
0.5066729784011841
0.6138999462127686
0.5084646344184875
0.49223166704177856
0.4312543272972107
0.5421791076660156
0.3970063328742981
0.3484601378440857
0.5514307022094727
0.4440396726131439
0.562339723110199
0.6279965043067932
0.4902566075325012
0.5142804980278015
0.511978030204773
0.6134665608406067
0.44092220067977905
0.47470778226852417
0.45744574069976807
0.3823549747467041
0.6456816792488098
0.5457684993743896
0.5703580975532532
0.6046438813209534
0.5026926398277283
0.5480937361717224
0.582188069820404
0.5426855087280273
0.5281479358673096
0.7020153403282166
0.4770694375038147
0.5806938409805298
0.5430406332015991
0.5256173014640808
0.5459970831871033
0.4665578305721283
0.5515811443328857
0.3919050693511963
0.5751838684082031
0.4145374894142151
0.4835050702095032
0.5902474522590637
0.5722090005874634
0.46599358320236206
0.5545680522918701
0.4353284537792206
0.31393444538116455
0.3634945750236511
0.7214095592498779
0.5794603228569031
0.5006710886955261
0.5552819967269897
0.2862034738063812
0.5234701037406921
0.5308595299720764
0.6481137871742249
0.5056641101837158
0.4880087971687317
0.5598441362380981
0.5613346695899963
0.6259170770645142
0.42266765236854553
0.38522660732269287
0.4844740927219391
0.5987445712089539
0.48252683877944946
0.34882238507270813
0.5138816833496094
0.5298857688903809
0.5023911595344543
0.5448063611984253
0.5580830574035645
0.45951664447784424
0.4290074110031128
0.6106986403465271
0.49155789613723755
0.42805418372154236
0.4272768795490265
0.5334841012954712
0.43387049436569214
0.4213799238204956
0.4765346944332123
0.5151254534721375
0.5274851322174072
0.5851306915283203
0.5376676321029663
0.53553307056427
0.6623786687850952
0.4144412577152252
0.5118722319602966
0.39208367466926575
0.4459683895111084
0.5042766332626343
0.5112149119377136
0.501365065574646
0.5266607403755188
0.4739125072956085
0.5568919777870178
0.5049113035202026
0.5198195576667786
0.2670823335647583
0.4238874912261963
0.7435814738273621
0.46913012862205505
0.5256804823875427
0.4066287875175476
0.4944465756416321
0.5178768634796143
0.5502789616584778
0.5513756275177002
0.491676390171051
0.636994481086731
0.6556615829467773
0.5105177760124207
0.4234524369239807
0.5122915506362915
0.5729571580886841
0.43629372119903564
0.485413134098053
0.5499887466430664
0.5242170095443726
0.516980767250061
0.5267720222473145
0.4324071407318115
0.5264356136322021
0.516514241695404
0.6800845265388489
0.49112001061439514
0.5210480093955994
0.509501039981842
0.3115541338920593
0.45993489027023315
0.3714582920074463
0.5460053086280823
0.4819265305995941
0.542465329170227
0.5803361535072327
0.5809840559959412
0.5729549527168274
0.539848804473877
0.6324265003204346
0.4438704252243042
0.5430319905281067
0.4465217590332031
0.4719811677932739
0.4307171404361725
0.48334410786628723
0.3715100884437561
0.40097367763519287
0.5702885985374451
0.3896118700504303
0.5186328887939453
0.4787982702255249
0.6516736745834351
0.4111552834510803
0.6456135511398315
0.5594161748886108
0.5097626447677612
0.4271196126937866
0.5740108489990234
0.5232931971549988
0.6332045793533325
0.5617340207099915
0.4181712567806244
0.5430530309677124
0.4914662837982178
0.5313658118247986
0.4672369956970215
0.5264095664024353
0.42994147539138794
0.5871376991271973
0.4975985288619995
0.41415107250213623
0.41174963116645813
0.5572373270988464
0.46675726771354675
0.5713082551956177
0.45228737592697144
0.4893874526023865
0.45383286476135254
0.5599444508552551
0.45930805802345276
0.47615256905555725
0.4840026795864105
0.6695528626441956
0.38861775398254395
0.5610461235046387
0.2921838164329529
0.5025002360343933
0.5947555899620056
0.6011425852775574
0.5506048798561096
0.42033588886260986
0.4775170683860779
0.5595380663871765
0.6085670590400696
0.5383066534996033
0.5197396278381348
0.49873363971710205
0.3971460461616516
0.4191415011882782
0.4880218505859375
0.4798714518547058
0.384115070104599
0.4576837420463562
0.48101866245269775
0.49208104610443115
0.6312795877456665
0.5382548570632935
0.49451103806495667
0.5431371927261353
0.6007850170135498
0.4449567496776581
0.692784309387207
0.4834398925304413
0.48866012692451477
0.5064865350723267
0.5804248452186584
0.6442192196846008
0.4863470196723938
0.4891929626464844
0.5901483297348022
0.535286545753479
0.4612540006637573
0.4588816463947296
0.3954397737979889
0.6092160940170288
0.597893238067627
0.5210256576538086
0.5726935863494873
0.4918231964111328
0.4686213731765747
0.6817052960395813
0.43875569105148315
0.487837016582489
0.557519793510437
0.39853113889694214
0.48462408781051636
0.5731986165046692
0.6138933300971985
0.5626371502876282
0.584924042224884
0.6104625463485718
0.6185306906700134
0.5061323642730713
0.485679566860199
0.5001039505004883
0.5343525409698486
0.4902397394180298
0.38416367769241333
0.42442506551742554
0.6504262685775757
0.43631696701049805
0.5047876834869385
0.5338250398635864
0.46572768688201904
0.5955181121826172
0.5870712995529175
0.550926685333252
0.45077189803123474
0.5251178741455078
0.5294350981712341
0.6085082292556763
0.4370628595352173
0.5137212872505188
0.5532081127166748
0.5280070304870605
0.4319362938404083
0.4996908903121948
0.6471129059791565
0.6738987565040588
0.5179431438446045
0.5269261598587036
0.5977598428726196
0.5141581296920776
0.48450028896331787
0.40238744020462036
0.5389413237571716
0.4150899052619934
0.5969868898391724
0.3285585641860962
0.5226414203643799
0.4977933466434479
0.5144822597503662
0.5416210293769836
0.4690365195274353
0.48432692885398865
0.6182358264923096
0.48715370893478394
0.5139966011047363
0.6028268337249756
0.510262131690979
0.5242290496826172
0.5401257872581482
0.5759979486465454
0.5992563962936401
0.6171013712882996
0.5731790065765381
0.5373554229736328
0.5641814470291138
0.34631431102752686
0.5255508422851562
0.46971940994262695
0.6407566070556641
0.5973626971244812
0.633067786693573
0.5083301663398743
0.5049817562103271
0.45883578062057495
0.47394847869873047
0.5620335340499878
0.5660727024078369
0.5479503870010376
0.6153284311294556
0.39861446619033813
0.4484443664550781
0.4095045030117035
0.5767855644226074
0.47944867610931396
0.4952172636985779
0.5121827721595764
0.5603679418563843
0.446088582277298
0.5376453399658203
0.4733191132545471
0.4635065793991089
0.49629178643226624
0.41096773743629456
0.5916028618812561
0.4128033220767975
0.4422621726989746
0.6867195963859558
0.4965817630290985
0.43785834312438965
0.46096673607826233
0.6212714910507202
0.6232383251190186
0.6252356171607971
0.5069268941879272
0.6078189015388489
0.5137813687324524
0.46366646885871887
0.6137862205505371
0.5143251419067383
0.43636050820350647
0.5711387395858765
0.44264042377471924
0.5427685976028442
0.4877665638923645
0.511741578578949
0.3702542185783386
0.6018954515457153
0.5385311841964722
0.3494197130203247
0.5295500159263611
0.3700827658176422
0.5035697221755981
0.5265815258026123
0.5213272571563721
0.5606053471565247
0.536190390586853
0.5755636692047119
0.49185851216316223
0.5329645872116089
0.40055274963378906
0.45580625534057617
0.5151280164718628
0.5067680478096008
0.514323890209198
0.3734426498413086
0.48535433411598206
0.5334451794624329
0.5378841161727905
0.44340604543685913
0.3686287999153137
0.398097425699234
0.3784511387348175
0.49810856580734253
0.4127870500087738
0.5405128002166748
0.41510799527168274
0.49897265434265137
0.5642062425613403
0.396706223487854
0.548559308052063
0.5555084943771362
0.543362557888031
0.48174118995666504
0.5826175212860107
0.3610146641731262
0.5083780288696289
0.5555022358894348
0.4915240406990051
0.5342530012130737
0.5005472302436829
0.39475274085998535
0.5782846212387085
0.48126959800720215
0.47935718297958374
0.5139145851135254
0.5029073357582092
0.39695730805397034
0.6441915035247803
0.7120361328125
0.4187067747116089
0.6050539612770081
0.5178264379501343
0.5863276124000549
0.483821839094162
0.5044502019882202
0.5751074552536011
0.4423927664756775
0.4564436376094818
0.5001330375671387
0.4949438273906708
0.5409368872642517
0.5475594997406006
0.4119761884212494
0.4485079050064087
0.6303189992904663
0.4838079810142517
0.4864216148853302
0.5742020010948181
0.6251522302627563
0.5084437131881714
0.5748509764671326
0.3981684744358063
0.5444320440292358
0.4436846971511841
0.505142092704773
0.5675715804100037
0.49727556109428406
0.48473748564720154
0.5702321529388428
0.573064923286438
0.5335111021995544
0.5862792730331421
0.545252799987793
0.47779130935668945
0.3359628915786743
0.518907904624939
0.567742109298706
0.5971885919570923
0.429514616727829
0.5214027762413025
0.6026879549026489
0.6781759262084961
0.5448163747787476
0.37095385789871216
0.53520667552948
0.5621140599250793
0.47982972860336304
0.5206374526023865
0.4631063938140869
0.45026934146881104
0.6483774185180664
0.3672497868537903
0.44997793436050415
0.5646480321884155
0.6185778379440308
0.477141797542572
0.4808911681175232
0.4678191840648651
0.6656561493873596
0.48598355054855347
0.539939284324646
0.5214503407478333
0.5079391598701477
0.5038180351257324
0.5055883526802063
0.4584926962852478
0.5367216467857361
0.6229857206344604
0.45165058970451355
0.5795667767524719
0.5811935067176819
0.5580617189407349
0.5420739650726318
0.5826377272605896
0.5044237375259399
0.4992550313472748
0.5443470478057861
0.42891791462898254
0.5818040370941162
0.6555578708648682
0.5055426359176636
0.4933289885520935
0.5778589248657227
0.6196082234382629
0.5215274691581726
0.5886722803115845
0.47961586713790894
0.3232954144477844
0.5318799018859863
0.47680142521858215
0.5090659260749817
0.5749603509902954
0.5236493945121765
0.4032887816429138
0.5637199282646179
0.47805118560791016
0.7216668725013733
0.6274614930152893
0.3780355155467987
0.5152702331542969
0.5028810501098633
0.5068309903144836
0.5980098247528076
0.4616239070892334
0.5732259750366211
0.47951969504356384
0.5088323354721069
0.4474715292453766
0.46409180760383606
0.51662278175354
0.4832972288131714
0.4839051067829132
0.4349629580974579
0.5556765794754028
0.5030902624130249
0.5315476655960083
0.5391137599945068
0.392798513174057
0.5221650004386902
0.41933178901672363
0.4376339316368103
0.2769848704338074
0.4005710184574127
0.5985766649246216
0.5578334331512451
0.4888927936553955
0.4501650929450989
0.47952306270599365
0.4647141098976135
0.43401333689689636
0.5584657192230225
0.4290274679660797
0.5098546147346497
0.36415791511535645
0.4698616862297058
0.5413058996200562
0.5262773036956787
0.47838181257247925
0.6147419214248657
0.5479920506477356
0.4692414402961731
0.4492844343185425
0.5619611144065857
0.5550534725189209
0.5412231087684631
0.5263669490814209
0.3426528871059418
0.6208173036575317
0.5217840671539307
0.5867873430252075
0.5577352643013
0.5509073734283447
0.48083430528640747
0.5558269023895264
0.444807767868042
0.42578551173210144
0.43557417392730713
0.4639788269996643
0.6570138931274414
0.5609886050224304
0.5182294249534607
0.5409125089645386
0.5591232180595398
0.4342600405216217
0.5236245393753052
0.4967098832130432
0.4172690510749817
0.5154120922088623
0.6693787574768066
0.5301316976547241
0.5423150658607483
0.3675597608089447
0.5337299108505249
0.6489739418029785
0.5014362931251526
0.30969518423080444
0.5504001975059509
0.3360336422920227
0.5813788175582886
0.44420313835144043
0.5880438089370728
0.4390062093734741
0.6263939738273621
0.6109344363212585
0.6533093452453613
0.5093445777893066
0.4486178159713745
0.6709644198417664
0.5418221950531006
0.5018173456192017
0.5159737467765808
0.5030356645584106
0.48682427406311035
0.4506785571575165
0.5702605247497559
0.5133943557739258
0.5287930965423584
0.41792693734169006
0.5208879113197327
0.4818873405456543
0.5460118055343628
0.4172585606575012
0.6300673484802246
0.5070098638534546
0.49231570959091187
0.42805740237236023
0.4919223189353943
0.4985203146934509
0.46214038133621216
0.460836261510849
0.49943411350250244
0.45336806774139404
0.6438161134719849
0.4621110260486603
0.4275367558002472
0.5277091264724731
0.4431109130382538
0.30103617906570435
0.4949069321155548
0.4647332727909088
0.47574007511138916
0.47645801305770874
0.6214599609375
0.5236001014709473
0.5066057443618774
0.46188443899154663
0.5634928941726685
0.48269006609916687
0.5401382446289062
0.6909607648849487
0.49427106976509094
0.6678701639175415
0.5640202760696411
0.42524003982543945
0.4616844654083252
0.4882475733757019
0.5343812704086304
0.4639851450920105
0.24410602450370789
0.4778286814689636
0.4217151999473572
0.4850897789001465
0.58837890625
0.539814829826355
0.5307766199111938
0.6846179366111755
0.7199799418449402
0.47819575667381287
0.5279061794281006
0.48928338289260864
0.5591008067131042
0.5012808442115784
0.43080592155456543
0.4313306212425232
0.6004770994186401
0.7426603436470032
0.40574735403060913
0.506622850894928
0.4976275563240051
0.5293312072753906
0.4899514317512512
0.5679014921188354
0.4163072109222412
0.6411320567131042
0.48986655473709106
0.462275892496109
0.42248302698135376
0.5432627201080322
0.46601250767707825
0.37608855962753296
0.5253274440765381
0.479666143655777
0.4818556606769562
0.477287232875824
0.5806152820587158
0.4930717945098877
0.5712484121322632
0.35455769300460815
0.5521213412284851
0.45246851444244385
0.49213358759880066
0.475506454706192
0.5447570085525513
0.45580756664276123
0.39777687191963196
0.46667635440826416
0.4989442825317383
0.5100682377815247
0.46872615814208984
0.5126209259033203
0.6210690140724182
0.4567789137363434
0.6157475113868713
0.4000464081764221
0.584061324596405
0.512913703918457
0.5458476543426514
0.624003529548645
0.48986637592315674
0.599094033241272
0.4784040153026581
0.7745094895362854
0.6249297857284546
0.47572773694992065
0.5848347544670105
0.3603723645210266
0.5578868389129639
0.2900646924972534
0.463299036026001
0.5063438415527344
0.24432185292243958
0.6012026071548462
0.48892414569854736
0.5042893886566162
0.44607749581336975
0.548406183719635
0.6271945834159851
0.5596842765808105
0.5223610401153564
0.39882415533065796
0.504723310470581
0.5011488199234009
0.4183845818042755
0.44025951623916626
0.4620632231235504
0.5433372259140015
0.429861843585968
0.561486005783081
0.48940208554267883
0.606295108795166
0.4774634838104248
0.4717416763305664
0.5719003081321716
0.5556917786598206
0.47258785367012024
0.5972965359687805
0.30417150259017944
0.522058367729187
0.6287598013877869
0.48288393020629883
0.5523872971534729
0.44909727573394775
0.43683353066444397
0.4648772180080414
0.42325571179389954
0.5446764230728149
0.5075662732124329
0.6001874804496765
0.4783285856246948
0.459969699382782
0.6683300137519836
0.33603376150131226
0.5826611518859863
0.5108527541160583
0.4747917056083679
0.5246497392654419
0.5237203240394592
0.5029860734939575
0.5050867795944214
0.5814454555511475
0.6280566453933716
0.3821946978569031
0.5811436176300049
0.43425583839416504
0.5496002435684204
0.6304246783256531
0.541678249835968
0.5440227389335632
0.45426905155181885
0.4376729428768158
0.4019671082496643
0.4919016361236572
0.3455277681350708
0.6113612651824951
0.6544182300567627
0.46919330954551697
0.4956485629081726
0.680006206035614
0.4878373146057129
0.5720773339271545
0.5296887159347534
0.48755472898483276
0.659628689289093
0.5132808089256287
0.5206105709075928
0.4497280716896057
0.5026599168777466
0.549589216709137
0.38642656803131104
0.536419689655304
0.46048134565353394
0.49346622824668884
0.38947194814682007
0.4945688843727112
0.46949881315231323
0.5098578929901123
0.5287176370620728
0.6232155561447144
0.650974690914154
0.49295783042907715
0.5168939232826233
0.5539134740829468
0.48357635736465454
0.603020191192627
0.49012291431427
0.7069834470748901
0.6106433272361755
0.4651978015899658
0.6696265339851379
0.4252493977546692
0.41765111684799194
0.45077505707740784
0.6681665778160095
0.39797350764274597
0.4557858109474182
0.5662254095077515
0.446979820728302
0.5620386600494385
0.5358846187591553
0.6240710020065308
0.6223040819168091
0.47039496898651123
0.5092547535896301
0.5331850051879883
0.43749576807022095
0.5512732267379761
0.5846948027610779
0.5120459794998169
0.48634758591651917
0.42186999320983887
0.5024211406707764
0.4757126569747925
0.402599573135376
0.3967866897583008
0.5093557834625244
0.4736102819442749
0.37983831763267517
0.599205732345581
0.3625795245170593
0.6023858785629272
0.5392861366271973
0.5356935262680054
0.5914653539657593
0.506991982460022
0.5531637668609619
0.4920649528503418
0.4088825583457947
0.6229029893875122
0.4611693024635315
0.5340301990509033
0.7342029809951782
0.45409005880355835
0.4577449560165405
0.46384695172309875
0.464754581451416
0.5093903541564941
0.5433037281036377
0.5179107189178467
0.43869996070861816
0.5802631974220276
0.471482515335083
0.5200123190879822
0.4686277210712433
0.3746418058872223
0.48677852749824524
0.4309770464897156
0.5557365417480469
0.567072868347168
0.4602040648460388
0.35063111782073975
0.566091001033783
0.5540363788604736
0.5470471978187561
0.5777231454849243
0.46808966994285583
0.5258129835128784
0.5299880504608154
0.4658501148223877
0.4638785421848297
0.5131122469902039
0.5122264623641968
0.4475715160369873
0.5433818101882935
0.5896214842796326
0.41532930731773376
0.4777675271034241
0.4458387792110443
0.4905540347099304
0.505632758140564
0.5087619423866272
0.4077295958995819
0.5685263872146606
0.5248456001281738
0.4676906168460846
0.5413672924041748
0.571189284324646
0.4824041426181793
0.4832438826560974
0.6041672229766846
0.5844014883041382
0.6412075757980347
0.5509363412857056
0.47459548711776733
0.5821393132209778
0.537407636642456
0.5256355404853821
0.6558281183242798
0.3219914734363556
0.4906480312347412
0.5084248781204224
0.4283604025840759
0.5092989206314087
0.4452093541622162
0.5012667179107666
0.658231258392334
0.605140745639801
0.4418181777000427
0.5939209461212158
0.39546024799346924
0.5948818325996399
0.4729715585708618
0.4804741144180298
0.5060534477233887
0.540457010269165
0.5403221845626831
0.48265841603279114
0.49651074409484863
0.3397063612937927
0.5227442383766174
0.47348499298095703
0.5006820559501648
0.6077617406845093
0.4907967448234558
0.4825284481048584
0.6066110134124756
0.45539504289627075
0.3580242395401001
0.44836074113845825
0.5787358283996582
0.5740808248519897
0.47334009408950806
0.5329570770263672
0.45209449529647827
0.5065641403198242
0.49679261445999146
0.5587003231048584
0.56186842918396
0.5552763938903809
0.5290542840957642
0.6955730319023132
0.5070390701293945
0.6322095990180969
0.4438515305519104
0.5783644914627075
0.5554589629173279
0.5316773653030396
0.45969951152801514
0.4876191020011902
0.6441234946250916
0.5670146346092224
0.44288548827171326
0.4306235611438751
0.5938093662261963
0.6830641627311707
0.6246547102928162
0.5559887886047363
0.6263755559921265
0.5327885150909424
0.49030834436416626
0.5595682859420776
0.5973742008209229
0.5432210564613342
0.5894228219985962
0.5936610698699951
0.44758957624435425
0.6221137046813965
0.4727437198162079
0.47382768988609314
0.5941733717918396
0.5525423884391785
0.5114821791648865
0.38583552837371826
0.49426180124282837
0.4852192997932434
0.5465304851531982
0.5493295192718506
0.5252096652984619
0.6178483963012695
0.47446849942207336
0.4752163887023926
0.6070730686187744
0.5704643130302429
0.5529747009277344
0.5804010629653931
0.3779445290565491
0.6105129718780518
0.4529481530189514
0.4902835488319397
0.46899551153182983
0.5160735845565796
0.4658423662185669
0.5295808911323547
0.5868296027183533
0.5786343216896057
0.5290417671203613
0.5642287135124207
0.48201584815979004
0.5731639862060547
0.6251310110092163
0.6025893688201904
0.4852388799190521
0.623121976852417
0.5616660118103027
0.5624301433563232
0.434007465839386
0.6350369453430176
0.536873459815979
0.5523943305015564
0.37808167934417725
0.46878480911254883
0.5823028087615967
0.4571531414985657
0.39993172883987427
0.45962393283843994
0.5759408473968506
0.3608589768409729
0.41347596049308777
0.49730899930000305
0.7448053956031799
0.44740384817123413
0.39498698711395264
0.43284139037132263
0.5598099231719971
0.4870119094848633
0.5608998537063599
0.5280274748802185
0.6148605346679688
0.4779871702194214
0.5681794881820679
0.4734770357608795
0.5106399059295654
0.4788056015968323
0.5650006532669067
0.5444161891937256
0.6164793372154236
0.5145588517189026
0.4410153031349182
0.4444540739059448
0.3684920072555542
0.4123762845993042
0.5605331659317017
0.4308527410030365
0.5650309920310974
0.35035988688468933
0.5523375868797302
0.5443615913391113
0.5275369882583618
0.6833149194717407
0.5322583913803101
0.40043550729751587
0.622021496295929
0.6195313930511475
0.5150310397148132
0.49227070808410645
0.5384497046470642
0.5739438533782959
0.5887007117271423
0.40205925703048706
0.46177780628204346
0.42056745290756226
0.471802294254303
0.49111002683639526
0.4532698392868042
0.47265058755874634
0.550708532333374
0.679027795791626
0.41364261507987976
0.4197791814804077
0.4473976492881775
0.4209997355937958
0.6529289484024048
0.40154969692230225
0.37431252002716064
0.3397011160850525
0.5944494009017944
0.63755202293396
0.3495996594429016
0.4425868093967438
0.43101638555526733
0.6017228364944458
0.5335473418235779
0.5515015125274658
0.42497196793556213
0.39305421710014343
0.33879324793815613
0.5733647346496582
0.5805537104606628
0.4873387813568115
0.5539488196372986
0.46681588888168335
0.5925934910774231
0.6786921620368958
0.48207318782806396
0.5720610618591309
0.38136887550354004
0.41486531496047974
0.5836321115493774
0.42796459794044495
0.5310370922088623
0.42434272170066833
0.47131577134132385
0.6336756944656372
0.48972129821777344
0.34018802642822266
0.5325452089309692
0.45735228061676025
0.4120437800884247
0.5107550621032715
0.6370952129364014
0.6578562259674072
0.5679609179496765
0.4822006821632385
0.4943733215332031
0.4496860206127167
0.5339187979698181
0.5935355424880981
0.4293731451034546
0.592287003993988
0.5176993608474731
0.7112876772880554
0.4300793707370758
0.5257967114448547
0.5724525451660156
0.5424919724464417
0.5334417223930359
0.5723264813423157
0.495931476354599
0.4915974736213684
0.30035874247550964
0.5185185670852661
0.6855529546737671
0.5164796113967896
0.3672422170639038
0.37734663486480713
0.5064919590950012
0.4800182580947876
0.4527149796485901
0.5206513404846191
0.48697543144226074
0.5045413970947266
0.4463481307029724
0.6245213747024536
0.6043647527694702
0.4808036983013153
0.3604002594947815
0.4704471230506897
0.5412534475326538
0.45409151911735535
0.6469640135765076
0.5114606618881226
0.43901246786117554
0.5454663038253784
0.6483209133148193
0.5311990976333618
0.4687267243862152
0.49559327960014343
0.529142439365387
0.5618004202842712
0.4105277955532074
0.44894975423812866
0.5275959372520447
0.5639485120773315
0.511016845703125
0.4489070177078247
0.5106825828552246
0.4657825231552124
0.5661383867263794
0.5449978113174438
0.5206586718559265
0.5171042680740356
0.5956498384475708
0.568526566028595
0.5024625658988953
0.5281234979629517
0.6164240837097168
0.5390942096710205
0.45713987946510315
0.4877724051475525
0.4003870487213135
0.5778963565826416
0.5222498774528503
0.5370409488677979
0.4167824387550354
0.580491304397583
0.5546844005584717
0.6100027561187744
0.6033858060836792
0.5946935415267944
0.35065141320228577
0.4456236958503723
0.6281808018684387
0.630382239818573
0.46478140354156494
0.3992885947227478
0.6455127000808716
0.6401271820068359
0.4483587145805359
0.6344320774078369
0.6147472858428955
0.3535531163215637
0.5195360779762268
0.601941704750061
0.5428223013877869
0.7068625688552856
0.4296078383922577
0.4948479235172272
0.5063658952713013
0.5113993287086487
0.46749550104141235
0.5928457379341125
0.5324575901031494
0.5006454586982727
0.4029720425605774
0.4869040548801422
0.5057408809661865
0.5064758658409119
0.5536292791366577
0.6010593175888062
0.5977562069892883
0.6545634269714355
0.4956052303314209
0.45287251472473145
0.5515487790107727
0.5049811601638794
0.462111234664917
0.5639337301254272
0.5939105153083801
0.38455164432525635
0.42662137746810913
0.43935441970825195
0.5484456419944763
0.4932669997215271
0.49896031618118286
0.459563285112381
0.4814176559448242
0.522288978099823
0.6707655787467957
0.5723516345024109
0.3736068904399872
0.4791678786277771
0.567798376083374
0.5952318906784058
0.5116976499557495
0.5464870929718018
0.50278639793396
0.48548322916030884
0.5580628514289856
0.5518067479133606
0.39581358432769775
0.5428842306137085
0.35587742924690247
0.45785894989967346
0.7173222899436951
0.5251204967498779
0.5405200719833374
0.47884541749954224
0.4672769010066986
0.5003265142440796
0.5516476035118103
0.4928780198097229
0.5472056269645691
0.5558906197547913
0.4751656949520111
0.6221103668212891
0.5525134801864624
0.46195560693740845
0.41812556982040405
0.5780783295631409
0.48784443736076355
0.5343265533447266
0.5555368661880493
0.509810209274292
0.44909343123435974
0.4045260548591614
0.3415217101573944
0.5431143045425415
0.43795183300971985
0.5746469497680664
0.47349247336387634
0.3975987732410431
0.45788177847862244
0.5666433572769165
0.3739003539085388
0.6892058849334717
0.6264879703521729
0.596701443195343
0.574133038520813
0.5506511330604553
0.6352429389953613
0.5498585104942322
0.48020175099372864
0.5412091016769409
0.4224880337715149
0.35343971848487854
0.5571650266647339
0.5181017518043518
0.45460718870162964
0.5904669761657715
0.53260338306427
0.4714937210083008
0.6260783672332764
0.5176151990890503
0.5056793689727783
0.49985581636428833
0.4170283079147339
0.5128817558288574
0.4524148106575012
0.6609020829200745
0.6848418712615967
0.4036145806312561
0.4909396171569824
0.41945698857307434
0.4153940677642822
0.5844688415527344
0.5725563764572144
0.47526368498802185
0.5645415782928467
0.6301947832107544
0.5747666954994202
0.37605583667755127
0.5776373147964478
0.5945274829864502
0.4635351896286011
0.49992746114730835
0.5913697481155396
0.5493566989898682
0.3772939443588257
0.5254883766174316
0.5363024473190308
0.47892138361930847
0.48561739921569824
0.5995011925697327
0.43696099519729614
0.41939616203308105
0.5645928382873535
0.47567564249038696
0.45985037088394165
0.49517908692359924
0.5620450973510742
0.5434980988502502
0.5395933985710144
0.3002607822418213
0.4468248784542084
0.5928442478179932
0.37917882204055786
0.5057564973831177
0.5942730903625488
0.5000125169754028
0.4149533212184906
0.4813089966773987
0.4370603561401367
0.4636662006378174
0.4117541015148163
0.5499411225318909
0.5015537142753601
0.5532234907150269
0.5928252935409546
0.47708141803741455
0.5201723575592041
0.49774324893951416
0.47878867387771606
0.5257689952850342
0.5491645932197571
0.5082871317863464
0.5612759590148926
0.4705445170402527
0.4533899426460266
0.5659623146057129
0.4966953694820404
0.5460863709449768
0.6285991072654724
0.43037518858909607
0.5149765014648438
0.5674716234207153
0.5318703651428223
0.5138362050056458
0.6773010492324829
0.4920041561126709
0.6426485776901245
0.5713673830032349
0.5098804831504822
0.5933992862701416
0.4179880619049072
0.4835417568683624
0.4251561462879181
0.5454860925674438
0.5709077715873718
0.5579326152801514
0.43282169103622437
0.5834832787513733
0.4204269051551819
0.49374860525131226
0.4003441631793976
0.46494507789611816
0.4989200830459595
0.5936663746833801
0.7073106169700623
0.3232974112033844
0.4757273197174072
0.6571996212005615
0.5766814947128296
0.4024254381656647
0.506168782711029
0.5056357979774475
0.6035194993019104
0.5443350672721863
0.6097754240036011
0.49486494064331055
0.43899005651474
0.4452706575393677
0.4739104211330414
0.49654823541641235
0.5361984968185425
0.492048978805542
0.36182838678359985
0.5369361042976379
0.6203785538673401
0.6847806572914124
0.5255151987075806
0.2964566648006439
0.41799211502075195
0.2713809013366699
0.5578357577323914
0.5110325813293457
0.47145897150039673
0.5227683782577515
0.46196550130844116
0.40382248163223267
0.5348803997039795
0.6277503967285156
0.49383801221847534
0.48065415024757385
0.3969389796257019
0.47170203924179077
0.5373006463050842
0.7180819511413574
0.6714367866516113
0.47330957651138306
0.41805118322372437
0.44987595081329346
0.4800633490085602
0.45416930317878723
0.5174628496170044
0.5104297995567322
0.27270084619522095
0.4408889710903168
0.5850000381469727
0.4289705157279968
0.33767402172088623
0.49110645055770874
0.4398115873336792
0.5999292135238647
0.5584243535995483
0.4650304317474365
0.5417740345001221
0.516400933265686
0.41667553782463074
0.6025551557540894
0.44084668159484863
0.42593592405319214
0.2985842823982239
0.5608972311019897
0.44977885484695435
0.41028374433517456
0.5195135474205017
0.47188711166381836
0.5112289190292358
0.43255454301834106
0.5345478057861328
0.4696298837661743
0.4502640962600708
0.5427297949790955
0.6296944618225098
0.6493065357208252
0.4768112897872925
0.2849525809288025
0.5454462766647339
0.3607548475265503
0.5786598324775696
0.5988953709602356
0.5845519304275513
0.6280901432037354
0.6702175140380859
0.37750762701034546
0.5065170526504517
0.4444480836391449
0.44261983036994934
0.48317110538482666
0.5240610241889954
0.4939475655555725
0.3841415047645569
0.6009575724601746
0.5228630304336548
0.6116582155227661
0.4315924644470215
0.6404582262039185
0.5629749894142151
0.6025811433792114
0.6486010551452637
0.5463109016418457
0.6101731061935425
0.4938705563545227
0.5874682068824768
0.43792203068733215
0.5130563378334045
0.49271300435066223
0.6267118453979492
0.4039387106895447
0.48062413930892944
0.5807988047599792
0.44420886039733887
0.506774365901947
0.5339173078536987
0.5419204235076904
0.6040512919425964
0.49998652935028076
0.3762969970703125
0.6761671900749207
0.5539547801017761
0.5757726430892944
0.6075599789619446
0.6136260032653809
0.5443004369735718
0.3797733783721924
0.45585352182388306
0.6045328378677368
0.6403067111968994
0.530680775642395
0.5163182020187378
0.6323621273040771
0.5644258260726929
0.5119127631187439
0.5115846991539001
0.6518121957778931
0.4856358468532562
0.3610146641731262
0.36191582679748535
0.4989338219165802
0.3763071894645691
0.43944254517555237
0.5918755531311035
0.509767472743988
0.5850386619567871
0.6052098274230957
0.5434067249298096
0.4991689920425415
0.5189579725265503
0.34400999546051025
0.5918359756469727
0.5668162703514099
0.4047916531562805
0.4198668599128723
0.3813769519329071
0.5816980600357056
0.4525303542613983
0.4701424241065979
0.5267850160598755
0.3810771703720093
0.46523571014404297
0.4552963674068451
0.4175935685634613
0.37177103757858276
0.639995813369751
0.6092528700828552
0.5533494353294373
0.37229615449905396
0.4287709891796112
0.44914495944976807
0.39395081996917725
0.49017179012298584
0.53604656457901
0.3273658752441406
0.6117369532585144
0.47969210147857666
0.6472747921943665
0.5782079696655273
0.5577818155288696
0.5755965113639832
0.5220791697502136
0.28521135449409485
0.536211371421814
0.49840113520622253
0.6511884927749634
0.5453964471817017
0.5053806304931641
0.4486234188079834
0.649949312210083
0.384443998336792
0.5857225060462952
0.3942092955112457
0.4633735716342926
0.5217179656028748
0.43455633521080017
0.5886132121086121
0.4848385453224182
0.5251721739768982
0.635046660900116
0.5167185664176941
0.5034559965133667
0.5847760438919067
0.5918198823928833
0.51408851146698
0.4328405261039734
0.5431593656539917
0.6882093548774719
0.458248496055603
0.49314799904823303
0.6079496145248413
0.34157320857048035
0.512614369392395
0.4910900592803955
0.5596596002578735
0.37722113728523254
0.48718786239624023
0.4441496729850769
0.5090203285217285
0.5002639889717102
0.4321104884147644
0.672956109046936
0.3888848125934601
0.57567298412323
0.5154996514320374
0.5496528744697571
0.5409172177314758
0.5046630501747131
0.6030042171478271
0.6184691190719604
0.47749900817871094
0.4548306465148926
0.5670064687728882
0.40912896394729614
0.5451133847236633
0.5200710296630859
0.47293999791145325
0.5020017623901367
0.46239686012268066
0.4379647374153137
0.4906066656112671
0.4321017861366272
0.49260592460632324
0.4497597813606262
0.49546581506729126
0.5282542705535889
0.565813422203064
0.48062801361083984
0.4046688675880432
0.544963002204895
0.3231874108314514
0.5950356721878052
0.5513767600059509
0.4988786578178406
0.596561074256897
0.6800721287727356
0.3989417850971222
0.6576356887817383
0.5511549711227417
0.4744298458099365
0.487606942653656
0.5646227598190308
0.6045774221420288
0.5881259441375732
0.6100975275039673
0.4776189923286438
0.4188067317008972
0.5505353212356567
0.5654647350311279
0.42936044931411743
0.623898983001709
0.39543280005455017
0.5525389313697815
0.6479235291481018
0.5320490002632141
0.5647296905517578
0.41753143072128296
0.5044472813606262
0.4233057498931885
0.5903792381286621
0.4336666166782379
0.38493695855140686
0.5831687450408936
0.4728039801120758
0.5032893419265747
0.4180842339992523
0.37526559829711914
0.5276739001274109
0.4338929057121277
0.4782833755016327
0.47123512625694275
0.37282314896583557
0.4656831622123718
0.4541388750076294
0.4817239046096802
0.484785258769989
0.6306231617927551
0.43190687894821167
0.4981646239757538
0.4964832663536072
0.45903080701828003
0.5163484811782837
0.44847655296325684
0.6632413864135742
0.57346510887146
0.47068464756011963
0.6015020608901978
0.4047613739967346
0.5254637598991394
0.47450917959213257
0.5184646248817444
0.6076227426528931
0.472493052482605
0.7474946975708008
0.38085252046585083
0.5324968099594116
0.6329891085624695
0.44409435987472534
0.36352211236953735
0.4957318902015686
0.5317714810371399
0.5193549394607544
0.3652689456939697
0.5112080574035645
0.5331946015357971
0.5021046996116638
0.32516956329345703
0.4857063591480255
0.49713197350502014
0.4363062381744385
0.5999898314476013
0.5698773264884949
0.6296586394309998
0.45991674065589905
0.7084413170814514
0.42025214433670044
0.5555962324142456
0.5500602126121521
0.5678942799568176
0.40800178050994873
0.5312464237213135
0.5730345249176025
0.7753272652626038
0.40332698822021484
0.6137242317199707
0.4643620550632477
0.48167383670806885
0.5215666890144348
0.5918593406677246
0.44335031509399414
0.5579630732536316
0.5905163288116455
0.4358949661254883
0.608413577079773
0.5648484230041504
0.44356560707092285
0.6708065271377563
0.5971844792366028
0.4912203550338745
0.5422519445419312
0.41986358165740967
0.4618455767631531
0.5662599205970764
0.5411116480827332
0.4838086664676666
0.426658570766449
0.43007519841194153
0.6154685020446777
0.5010395050048828
0.51841801404953
0.613491952419281
0.5197057723999023
0.511955976486206
0.6032254695892334
0.520980954170227
0.5722900032997131
0.44370657205581665
0.4783153533935547
0.49428072571754456
0.6224703788757324
0.4404129981994629
0.438417911529541
0.415493369102478
0.6304870843887329
0.5985629558563232
0.40865182876586914
0.47484448552131653
0.5331413149833679
0.4870462417602539
0.4216006398200989
0.5277935862541199
0.5420128107070923
0.5551594495773315
0.6224274635314941
0.5935295820236206
0.4635635018348694
0.49306219816207886
0.40513908863067627
0.4982154369354248
0.5605335235595703
0.6658567786216736
0.46694496273994446
0.4587152600288391
0.5245530605316162
0.36315035820007324
0.44526803493499756
0.376065194606781
0.4881637394428253
0.455758273601532
0.506939709186554
0.30883488059043884
0.6368183493614197
0.5093590617179871
0.596238374710083
0.622302234172821
0.46820443868637085
0.5060462355613708
0.49269339442253113
0.4240153431892395
0.582763671875
0.6597762703895569
0.4108734130859375
0.4378681778907776
0.5118388533592224
0.527228593826294
0.5617694854736328
0.6203125715255737
0.38412779569625854
0.36277297139167786
0.48578494787216187
0.5674159526824951
0.5772168636322021
0.4644082486629486
0.3543638586997986
0.5705118775367737
0.41003409028053284
0.48289912939071655
0.6313474178314209
0.5175713896751404
0.5872209072113037
0.5636091232299805
0.5309360027313232
0.6695021390914917
0.46506842970848083
0.48366713523864746
0.39220568537712097
0.5450433492660522
0.5490382313728333
0.4358280897140503
0.4412181079387665
0.3555298149585724
0.5330919027328491
0.3648567199707031
0.674112856388092
0.5692964792251587
0.4158579111099243
0.48551470041275024
0.3656417727470398
0.6001156568527222
0.5457279682159424
0.4207850396633148
0.48282426595687866
0.5857716202735901
0.49414488673210144
0.634955883026123
0.45033401250839233
0.4323524534702301
0.41760319471359253
