0.39448124170303345
0.36497002840042114
0.38006168603897095
0.5513201355934143
0.4199918508529663
0.5370654463768005
0.38048356771469116
0.44283032417297363
0.4274746775627136
0.5157797932624817
0.4800271987915039
0.3862312436103821
0.430708646774292
0.34255608916282654
0.4397280812263489
0.39886102080345154
0.48212647438049316
0.34263843297958374
0.4580878019332886
0.39998507499694824
0.3977614939212799
0.43074262142181396
0.43996661901474
0.34924793243408203
0.4311051368713379
0.5078747868537903
0.6050629019737244
0.4822632670402527
0.5736339092254639
0.5992566347122192
0.5617919564247131
0.5289404988288879
0.41251254081726074
0.5001271963119507
0.4114212393760681
0.3623799681663513
0.4341217279434204
0.45154428482055664
0.5696548819541931
0.40588587522506714
0.3104410767555237
0.4315943121910095
0.5301987528800964
0.41165196895599365
0.5032828450202942
0.4418864846229553
0.47080159187316895
0.5595811009407043
0.4801846146583557
0.44907575845718384
0.30726873874664307
0.4402540922164917
0.4880210757255554
0.5308713316917419
0.29296231269836426
0.4207106828689575
0.5089050531387329
0.35184115171432495
0.5748964548110962
0.5296818614006042
0.3968021869659424
0.4454116225242615
0.4898309111595154
0.4555104970932007
0.3585625886917114
0.42491358518600464
0.4821745753288269
0.4609769582748413
0.39812833070755005
0.36958205699920654
0.36629581451416016
0.44446098804473877
0.6519714593887329
0.38711607456207275
0.5985084176063538
0.44872158765792847
0.38540929555892944
0.4719458818435669
0.3801409602165222
0.4345152974128723
0.36568284034729004
0.4339509606361389
0.4964514970779419
0.553076446056366
0.6766214370727539
0.5501901507377625
0.4882810711860657
0.4250006675720215
0.4820568561553955
0.4874011278152466
0.4345206022262573
0.5396072864532471
0.6195253729820251
0.4315020442008972
0.3663559556007385
0.31872302293777466
0.4113718271255493
0.5072471499443054
0.45520395040512085
0.36591997742652893
0.5259753465652466
0.45650357007980347
0.5907426476478577
0.43460166454315186
0.43007200956344604
0.43838560581207275
0.49238526821136475
0.4571110010147095
0.4844236373901367
0.5657350420951843
0.5279587507247925
0.5856943130493164
0.5089192986488342
0.39882412552833557
0.6101595759391785
0.5562935471534729
0.47343915700912476
0.38308119773864746
0.3881290555000305
0.6215859055519104
0.36338651180267334
0.4328145980834961
0.6533764004707336
0.45560359954833984
0.5056877136230469
0.4474645256996155
0.46095484495162964
0.3582806885242462
0.5797883868217468
0.4052560031414032
0.4331910014152527
0.411285936832428
0.4886690378189087
0.5065720081329346
0.5055862665176392
0.596610426902771
0.3863295316696167
0.6212206482887268
0.5358371734619141
0.3636873960494995
0.45056766271591187
0.5290110111236572
0.5907984972000122
0.5757365822792053
0.342151939868927
0.5446234941482544
0.4578864574432373
0.41145068407058716
0.4705958366394043
0.40518850088119507
0.4901391863822937
0.5181002616882324
0.42512187361717224
0.5513438582420349
0.3843088150024414
0.541792094707489
0.45479029417037964
0.40110960602760315
0.4758763313293457
0.47053682804107666
0.42930251359939575
0.32071658968925476
0.3864486813545227
0.39436662197113037
0.6423543095588684
0.4166909456253052
0.35566478967666626
0.4368721842765808
0.41729962825775146
0.39873528480529785
0.5338968634605408
0.3914645314216614
0.5359570384025574
0.47865617275238037
0.5580271482467651
0.6200789213180542
0.6418994665145874
0.3536476492881775
0.45578527450561523
0.5398834943771362
0.3670092225074768
0.3908519744873047
0.4529215693473816
0.21709273755550385
0.3793376684188843
0.5571446418762207
0.36280399560928345
0.5670857429504395
0.5477373003959656
0.5175269842147827
0.42562657594680786
0.34253889322280884
0.4130687713623047
0.3500971794128418
0.35769420862197876
0.5056018829345703
0.3336101174354553
0.34623008966445923
0.3840118646621704
0.6058779954910278
0.4391518235206604
0.36012834310531616
0.5844686031341553
0.38716691732406616
0.3089114725589752
0.5486504435539246
0.3543663024902344
0.30493682622909546
0.3758496046066284
0.5548654198646545
0.4347146153450012
0.5222204327583313
0.3406403064727783
0.5144413113594055
0.4978136420249939
0.479932963848114
0.4636790156364441
0.43053027987480164
0.48150938749313354
0.433590829372406
0.5353655219078064
0.3583608865737915
0.5610145926475525
0.3808390498161316
0.4935736656188965
0.4463716149330139
0.36206984519958496
0.5199291110038757
0.6708939075469971
0.4770359992980957
0.5352673530578613
0.5318373441696167
0.3898812532424927
0.4009719491004944
0.5092747211456299
0.4183562397956848
0.410420298576355
0.41025570034980774
0.5164120197296143
0.41272974014282227
0.6850493550300598
0.4876282811164856
0.4673175811767578
0.52998948097229
0.4075760245323181
0.45844918489456177
0.43728315830230713
0.39751172065734863
0.4900708794593811
0.5397736430168152
0.35046035051345825
0.4980577230453491
0.44502711296081543
0.4974263906478882
0.3367246985435486
0.4273279309272766
0.5072234272956848
0.3380817174911499
0.39432740211486816
0.41267213225364685
0.48899269104003906
0.5018976926803589
0.5096883773803711
0.5806112885475159
0.5114796757698059
0.35416486859321594
0.5370054841041565
0.3443184494972229
0.4124029874801636
0.3679273724555969
0.40873122215270996
0.4873213768005371
0.418179452419281
0.42880380153656006
0.47264981269836426
0.5413293242454529
0.4772898554801941
0.4017024040222168
0.5578392148017883
0.588411808013916
0.5357410311698914
0.422767698764801
0.3745908737182617
0.601556658744812
0.4939531087875366
0.5387244820594788
0.5141428709030151
0.504514217376709
0.49947160482406616
0.44343745708465576
0.4541669487953186
0.4735748767852783
0.39889609813690186
0.4761301875114441
0.42085087299346924
0.5835811495780945
0.5636942386627197
0.40740299224853516
0.4431079030036926
0.6213838458061218
0.4172160029411316
0.5060000419616699
0.3539159297943115
0.42404448986053467
0.5082651972770691
0.5023444294929504
0.4034205377101898
0.3765823245048523
0.42036929726600647
0.4574507474899292
0.3252996802330017
0.46806150674819946
0.42356568574905396
0.495739221572876
0.3620753288269043
0.2493046224117279
0.3981509804725647
0.518545389175415
0.35215818881988525
0.45424336194992065
0.45923376083374023
0.4433451294898987
0.48228973150253296
0.5765705704689026
0.44623851776123047
0.4563172459602356
0.4983271360397339
0.37549489736557007
0.3508070111274719
0.40285050868988037
0.5824251174926758
0.5512240529060364
0.4730796217918396
0.3664668798446655
0.5162584185600281
0.4436105489730835
0.4635172486305237
0.5519371628761292
0.5835278630256653
0.40193814039230347
0.3376525640487671
0.29040277004241943
0.4956953525543213
0.5136781930923462
0.37056517601013184
0.3473961651325226
0.5372374653816223
0.5082967877388
0.4577176570892334
0.48199164867401123
0.4685123562812805
0.3232247233390808
0.4449315071105957
0.41973161697387695
0.3015902638435364
0.32980281114578247
0.4833545684814453
0.4973829984664917
0.5263018012046814
0.6125431656837463
0.4801836609840393
0.49276918172836304
0.47533607482910156
0.34053146839141846
0.29129624366760254
0.42873960733413696
0.569990873336792
0.4991435408592224
0.4673954248428345
0.5129640102386475
0.5460515022277832
0.31507956981658936
0.4751010537147522
0.4758714437484741
0.3583134412765503
0.40598970651626587
0.4655458927154541
0.5255290865898132
0.5219013094902039
0.49597007036209106
0.5160044431686401
0.4686761498451233
0.4804905652999878
0.4826299548149109
0.4362678527832031
0.35014575719833374
0.3635929822921753
0.4927704930305481
0.5031450986862183
0.32725679874420166
0.41710224747657776
0.5326470136642456
0.4428167939186096
0.5060064196586609
0.5442566871643066
0.4371635317802429
0.6358949542045593
0.4037155508995056
0.5109570622444153
0.4718245267868042
0.44899654388427734
0.4999292492866516
0.3323185443878174
0.5436952710151672
0.39366084337234497
0.4360058307647705
0.424896776676178
0.3592618703842163
0.4630849361419678
0.21155793964862823
0.5467846989631653
0.3791441321372986
0.47369325160980225
0.4059743285179138
0.42854374647140503
0.4354264736175537
0.4824049472808838
0.2908162474632263
0.3860556483268738
0.3516942858695984
0.40844351053237915
0.4060128331184387
0.547234058380127
0.5299065709114075
0.5154790282249451
0.4171524941921234
0.4726882576942444
0.42390120029449463
0.6354994773864746
0.4737144708633423
0.45822566747665405
0.58152174949646
0.45340192317962646
0.4234933853149414
0.3967825174331665
0.41631895303726196
0.3923734426498413
0.5720730423927307
0.5161547660827637
0.41899293661117554
0.46509599685668945
0.6461611390113831
0.5428310036659241
0.37335044145584106
0.3443088233470917
0.542998731136322
0.55547696352005
0.38538140058517456
0.44907093048095703
0.39704209566116333
0.4111555218696594
0.5331928133964539
0.5102517604827881
0.4227554202079773
0.4378145933151245
0.29123589396476746
0.4118046760559082
0.4544067978858948
0.6289883852005005
0.5595102310180664
0.4525177478790283
0.4636038541793823
0.5594065189361572
0.4105224013328552
0.5197908282279968
0.47311532497406006
0.4797471761703491
0.5238065123558044
0.40855246782302856
0.5407125949859619
0.33212655782699585
0.3762762248516083
0.3724347949028015
0.5011950731277466
0.4394005537033081
0.45140671730041504
0.4396124482154846
0.3504944443702698
0.4492214322090149
0.5466556549072266
0.5062774419784546
0.4031042158603668
0.35688257217407227
0.5050114393234253
0.4158996641635895
0.52466881275177
0.42849642038345337
0.37487226724624634
0.3711492121219635
0.5143350958824158
0.28495144844055176
0.38471755385398865
0.39324238896369934
0.37245357036590576
0.4975895881652832
0.45138609409332275
0.4769837260246277
0.4234439730644226
0.3102900981903076
0.49573755264282227
0.4727674722671509
0.4050964117050171
0.6161318421363831
0.5103800296783447
0.4000629484653473
0.4230874180793762
0.37571287155151367
0.4388887286186218
0.3326300382614136
0.4810609817504883
0.3859291970729828
0.46723228693008423
0.5003544688224792
0.5137180685997009
0.3927954435348511
0.48993027210235596
0.411063015460968
0.48074018955230713
0.4683226943016052
0.2756480574607849
0.5195190906524658
0.2667824327945709
0.45236366987228394
0.41080936789512634
0.41673290729522705
0.36426258087158203
0.5285727977752686
0.4177857041358948
0.3376920819282532
0.5766759514808655
0.34362587332725525
0.4943774938583374
0.42862004041671753
0.48525381088256836
0.5185925960540771
0.46019017696380615
0.563632607460022
0.4812048077583313
0.3526606559753418
0.40878409147262573
0.5174201130867004
0.5142723917961121
0.3833492696285248
0.5231563448905945
0.5663194060325623
0.531365156173706
0.5076819062232971
0.46115726232528687
0.47093695402145386
0.5073856115341187
0.4021294116973877
0.4419381022453308
0.3653712272644043
0.605765700340271
0.5305555462837219
0.5415767431259155
0.383218377828598
0.3748490810394287
0.4205336570739746
0.42416292428970337
0.44263511896133423
0.29686155915260315
0.44398951530456543
0.467087984085083
0.320539653301239
0.5249281525611877
0.4669625163078308
0.4079258441925049
0.7144959568977356
0.38426780700683594
0.6148607134819031
0.3339506983757019
0.5223559737205505
0.468620240688324
0.37632593512535095
0.35212576389312744
0.4036065638065338
0.5814777612686157
0.4632933735847473
0.45151036977767944
0.37470507621765137
0.5486148595809937
0.5396242141723633
0.3882991671562195
0.47276562452316284
0.3883017897605896
0.4056209921836853
0.5791583061218262
0.30696725845336914
0.4991203546524048
0.4695970416069031
0.5106960535049438
0.577354907989502
0.5726656317710876
0.4916360378265381
0.5231468081474304
0.23056159913539886
0.42876699566841125
0.5042135119438171
0.4333527684211731
0.3177996873855591
0.4373399019241333
0.4551994800567627
0.5074216723442078
0.3810986876487732
0.480427086353302
0.5175507664680481
0.40691447257995605
0.504643440246582
0.6163192987442017
0.47276878356933594
0.2869018316268921
0.5178819894790649
0.4426456093788147
0.4234165847301483
0.37954604625701904
0.4593886733055115
0.45923280715942383
0.37725305557250977
0.45085060596466064
0.4904274344444275
0.545658528804779
0.3322550058364868
0.46785682439804077
0.40950554609298706
0.5203954577445984
0.456720769405365
0.3081907033920288
0.45558422803878784
0.3687805235385895
0.5274792909622192
0.5477268099784851
0.4618838429450989
0.4687633514404297
0.43933963775634766
0.2666071951389313
0.37987977266311646
0.3461066484451294
0.5653509497642517
0.351593017578125
0.6018972396850586
0.500423789024353
0.4421880841255188
0.39752137660980225
0.5220084190368652
0.4272369146347046
0.4269508719444275
0.437527060508728
0.3810625672340393
0.5333988666534424
0.36351609230041504
0.3388647139072418
0.3600439727306366
0.5309750437736511
0.5388815999031067
0.47937333583831787
0.35293740034103394
0.510857343673706
0.33085888624191284
0.388222336769104
0.4881575107574463
0.4941169023513794
0.5501667261123657
0.47444242238998413
0.44128650426864624
0.4108577072620392
0.6444619297981262
0.3856015205383301
0.5308900475502014
0.4047035872936249
0.5146028995513916
0.5084159970283508
0.44346535205841064
0.3813777565956116
0.42785078287124634
0.39277225732803345
0.4985772967338562
0.5994471907615662
0.44187819957733154
0.4572920799255371
0.5245766043663025
0.6344895958900452
0.4719392657279968
0.4063967168331146
0.5885208249092102
0.40410828590393066
0.42004793882369995
0.6025687456130981
0.398956835269928
0.4779399037361145
0.4902834892272949
0.4033072590827942
0.47178125381469727
0.47438907623291016
0.4697793126106262
0.5274608135223389
0.47879213094711304
0.619181752204895
0.3210967779159546
0.4110317826271057
0.4622320532798767
0.47912633419036865
0.4571871757507324
0.4063594937324524
0.4418126940727234
0.36706405878067017
0.350485622882843
0.4956725239753723
0.5499725341796875
0.37183308601379395
0.27071908116340637
0.6043159365653992
0.5271390676498413
0.4435703754425049
0.4861239790916443
0.4462987184524536
0.5233591198921204
0.4925875663757324
0.442105770111084
0.27794376015663147
0.40948551893234253
0.3729233145713806
0.4915846586227417
0.6047565937042236
0.38852638006210327
0.5329902172088623
0.402618944644928
0.464089035987854
0.41022032499313354
0.578336238861084
0.4926835894584656
0.4666031002998352
0.4997383952140808
0.6094127893447876
0.5191130638122559
0.43076932430267334
0.5791674256324768
0.4328256845474243
0.5765852928161621
0.4147191643714905
0.4987037181854248
0.41672927141189575
0.4377608895301819
0.401265025138855
0.4567785859107971
0.40998077392578125
0.5116217136383057
0.6322512626647949
0.35246044397354126
0.48786622285842896
0.4261017143726349
0.37654972076416016
0.41160082817077637
0.5281641483306885
0.45167839527130127
0.5089484453201294
0.7728803753852844
0.45806169509887695
0.4899357557296753
0.5161504745483398
0.443509042263031
0.41678446531295776
0.481691837310791
0.31841427087783813
0.5366038084030151
0.37902018427848816
0.3575882911682129
0.5522925853729248
0.5751609802246094
0.4884117841720581
0.5290918946266174
0.4675963521003723
0.515190839767456
0.35074126720428467
0.4795588254928589
0.3180643916130066
0.4705579876899719
0.4576111435890198
0.44119471311569214
0.40369144082069397
0.42872846126556396
0.4606872797012329
0.33975672721862793
0.2412114292383194
0.40625810623168945
0.41727885603904724
0.5943500399589539
0.5742281079292297
0.4446161985397339
0.39033424854278564
0.4827759265899658
0.6507331132888794
0.3360389769077301
0.45108556747436523
0.3832091689109802
0.39388954639434814
0.2963119149208069
0.4569092392921448
0.5246120095252991
0.2546958029270172
0.5227442979812622
0.40754467248916626
0.4615161418914795
0.39047545194625854
0.5278521776199341
0.4470231533050537
0.3899092674255371
0.3511112332344055
0.3989298343658447
0.4578985571861267
0.5752725601196289
0.4531189203262329
0.6451907157897949
0.5758218169212341
0.4259783625602722
0.44032013416290283
0.5453031659126282
0.5174708366394043
0.4707934856414795
0.4730933904647827
0.3495583236217499
0.5858209729194641
0.4793287515640259
0.31787997484207153
0.5043691992759705
0.6269252300262451
0.4812520146369934
0.428280770778656
0.3221853971481323
0.4352148175239563
0.41000163555145264
0.5236859321594238
0.733200192451477
0.5723055601119995
0.43739432096481323
0.5253689885139465
0.5032400488853455
0.5296200513839722
0.43339449167251587
0.47856616973876953
0.5748741030693054
0.43417173624038696
0.3993358612060547
0.5113244652748108
0.4303187131881714
0.5477511882781982
0.3156360983848572
0.41537126898765564
0.3509751558303833
0.5339832305908203
0.31639742851257324
0.40696221590042114
0.2885306477546692
0.38978883624076843
0.4324139952659607
0.37107232213020325
0.48632293939590454
0.5599173903465271
0.3080897331237793
0.5904317498207092
0.44827812910079956
0.51348876953125
0.38726165890693665
0.4089517593383789
0.45852112770080566
0.45855778455734253
0.4735167622566223
0.3995809555053711
0.4254651665687561
0.507759153842926
0.36545658111572266
0.6230069994926453
0.4246017038822174
0.31310760974884033
0.388404905796051
0.4871748685836792
0.42890164256095886
0.3526848554611206
0.5111827850341797
0.32513827085494995
0.1948045939207077
0.5409278273582458
0.4739571809768677
0.4741050601005554
0.5006046295166016
0.4487428069114685
0.35893064737319946
0.39230984449386597
0.48445236682891846
0.4938054084777832
0.40927255153656006
0.40989547967910767
0.5810848474502563
0.5134021043777466
0.48725074529647827
0.35383859276771545
0.4673093557357788
0.40610742568969727
0.4354128837585449
0.47376251220703125
0.38053834438323975
0.5632790923118591
0.5680843591690063
0.4351649284362793
0.4166954755783081
0.5688726305961609
0.43161076307296753
0.5580077171325684
0.4126003384590149
0.5677103400230408
0.5958616137504578
0.3745051622390747
0.4695797562599182
0.4398643374443054
0.4844658374786377
0.4442228078842163
0.529143750667572
0.426278680562973
0.44490116834640503
0.39404115080833435
0.46523892879486084
0.45785021781921387
0.4897037744522095
0.4105902314186096
0.5006605982780457
0.4741102457046509
0.2988290786743164
0.3463987410068512
0.3170661926269531
0.4446430802345276
0.33971166610717773
0.4788042902946472
0.49111807346343994
0.39696449041366577
0.5326647758483887
0.36032819747924805
0.41881054639816284
0.4674959182739258
0.5817582011222839
0.31661975383758545
0.4278416037559509
0.32073819637298584
0.3222113847732544
0.43210452795028687
0.39122483134269714
0.447074294090271
0.30437755584716797
0.49862968921661377
0.49914687871932983
0.4012131690979004
0.4988739490509033
0.5268056392669678
0.4291902184486389
0.5577062368392944
0.4342153072357178
0.37943536043167114
0.5105793476104736
0.4003508687019348
0.4098851680755615
0.4883877635002136
0.4376727342605591
0.4457549452781677
0.4626026153564453
0.6117488741874695
0.44970566034317017
0.4346740245819092
0.4368666410446167
0.38815951347351074
0.3724132180213928
0.4520335793495178
0.3870948553085327
0.5066759586334229
0.44983065128326416
0.42600613832473755
0.4252226948738098
0.5106595754623413
0.43105876445770264
0.3476153016090393
0.41937732696533203
0.537463366985321
0.37692755460739136
0.5321887731552124
0.4919164776802063
0.4938262701034546
0.4346008896827698
0.4105726480484009
0.5232759714126587
0.4638577699661255
0.4213405251502991
0.5340144634246826
0.43161457777023315
0.30619123578071594
0.44460415840148926
0.400626540184021
0.4652290940284729
0.506258487701416
0.41794419288635254
0.3738223910331726
0.4653974175453186
0.4570923447608948
0.4411727786064148
0.4735262393951416
0.39922192692756653
0.4510260224342346
0.46226149797439575
0.49506163597106934
0.5222162008285522
0.5120289921760559
0.34822171926498413
0.43319106101989746
0.4948115348815918
0.45942234992980957
0.5301130414009094
0.4766692519187927
0.5862129330635071
0.36251914501190186
0.47742486000061035
0.5255204439163208
0.4566649794578552
0.41060197353363037
0.40968066453933716
0.5440899729728699
0.4206175208091736
0.45608341693878174
0.5749683976173401
0.4485083818435669
0.5929110646247864
0.536527693271637
0.565046489238739
0.45724064111709595
0.45684701204299927
0.47175174951553345
0.46070659160614014
0.4644765257835388
0.5855984687805176
0.364746630191803
0.46369510889053345
0.4312031865119934
0.4941205382347107
0.4111917018890381
0.48205888271331787
0.6013460755348206
0.3618432879447937
0.3794887661933899
0.4352343678474426
0.3211958408355713
0.3810994029045105
0.4251471161842346
0.450133740901947
0.3600578308105469
0.43024909496307373
0.40382280945777893
0.38246995210647583
0.4197291433811188
0.3687555193901062
0.3407694697380066
0.4697309136390686
0.4637629985809326
0.5985462069511414
0.6617639660835266
0.3974781632423401
0.3744731545448303
0.35518351197242737
0.5188184380531311
0.42310822010040283
0.39947783946990967
0.5396207571029663
0.4130478501319885
0.3194241523742676
0.49463558197021484
0.47804462909698486
0.43532586097717285
0.46736985445022583
0.3929652273654938
0.47881799936294556
0.43884706497192383
0.4103755056858063
0.46794790029525757
0.5728548765182495
0.4192350506782532
0.3537903130054474
0.41350823640823364
0.5345386862754822
0.457116961479187
0.47155606746673584
0.5828641653060913
0.551122784614563
0.4198980927467346
0.3222588002681732
0.4873262643814087
0.3998568654060364
0.2769387662410736
0.4036426842212677
0.44816702604293823
0.4473336935043335
0.48115354776382446
0.3130300045013428
0.46864473819732666
0.5386306643486023
0.35254359245300293
0.37608790397644043
0.5876521468162537
0.4633800983428955
0.5041248202323914
0.4323590397834778
0.47010207176208496
0.4423031806945801
0.5725544095039368
0.5009310841560364
0.49417686462402344
0.4131983518600464
0.5308037400245667
0.570475697517395
0.5109729170799255
0.34189844131469727
0.6376438140869141
0.3741368055343628
0.454567551612854
0.34231698513031006
0.443750262260437
0.4718559980392456
0.4429868459701538
0.4840978980064392
0.4591214656829834
0.4944422245025635
0.3332420885562897
0.4795314073562622
0.4563298225402832
0.5312789082527161
0.41167718172073364
0.40418583154678345
0.3407893776893616
0.5620606541633606
0.3841583728790283
0.4927293062210083
0.38300204277038574
0.4610974192619324
0.5198531746864319
0.41748693585395813
0.44914090633392334
0.3729932904243469
0.31086045503616333
0.47074127197265625
0.38040709495544434
0.5125232338905334
0.37243103981018066
0.4305642247200012
0.3575999140739441
0.4874576926231384
0.5135055780410767
0.5215354561805725
0.43389278650283813
0.47031158208847046
0.4471168518066406
0.500394880771637
0.5929327011108398
0.523758053779602
0.4712808132171631
0.43123239278793335
0.4313070774078369
0.4290769100189209
0.5092442035675049
0.5792766213417053
0.35382962226867676
0.45366108417510986
0.4747644066810608
0.38148075342178345
0.42368340492248535
0.4299534559249878
0.3619377017021179
0.4144137501716614
0.4304638206958771
0.5286744236946106
0.5593791007995605
0.503399133682251
0.43250709772109985
0.4486827254295349
0.3481624126434326
0.3894665241241455
0.49588119983673096
0.4609115719795227
0.5984779000282288
0.3505058288574219
0.5029554963111877
0.3634856939315796
0.3899882435798645
0.4162982106208801
0.44133245944976807
0.5622645020484924
0.5101267695426941
0.4885583519935608
0.6739984154701233
0.5630665421485901
0.4037894010543823
0.30605876445770264
0.5484555959701538
0.49816834926605225
0.341896116733551
0.45443278551101685
0.46553105115890503
0.546809196472168
0.48318779468536377
0.44990217685699463
0.4480591416358948
0.45731300115585327
0.5438922643661499
0.5940803289413452
0.35855740308761597
0.44268709421157837
0.3954291343688965
0.6518449187278748
0.4250769019126892
0.44521111249923706
0.33164697885513306
0.4196707010269165
0.3951353430747986
0.6047543883323669
0.2576097249984741
0.5955922603607178
0.44412845373153687
0.39360445737838745
0.3364007771015167
0.46844738721847534
0.6046395897865295
0.41124144196510315
0.5731149315834045
0.437067449092865
0.4174535572528839
0.30578675866127014
0.42658424377441406
0.44140857458114624
0.3451120853424072
0.335785835981369
0.4117847979068756
0.36901146173477173
0.5036469101905823
0.5130656361579895
0.4320642948150635
0.5021041631698608
0.44452810287475586
0.630352258682251
0.4557380676269531
0.47160929441452026
0.2129109799861908
0.41042816638946533
0.35279136896133423
0.41580474376678467
0.5835886597633362
0.4254499673843384
0.4079906940460205
0.4125007390975952
0.4338875412940979
0.4053018093109131
0.4456278085708618
0.4888114333152771
0.29880017042160034
0.7092632055282593
0.4212644696235657
0.5125187635421753
0.435403048992157
0.4481913447380066
0.44261854887008667
0.4617999792098999
0.5312926769256592
0.5547618269920349
0.4754207730293274
0.4658147096633911
0.38776281476020813
0.5595125555992126
0.5384186506271362
0.4343583583831787
0.448716402053833
0.4171649217605591
0.46105635166168213
0.4171220064163208
0.5241394639015198
0.34047722816467285
0.3688195049762726
0.45826423168182373
0.4790427088737488
0.6015072464942932
0.5162373185157776
0.6166191697120667
0.3520963788032532
0.4761698246002197
0.41070395708084106
0.35240668058395386
0.3824871778488159
0.4670875072479248
0.35513874888420105
0.4296362102031708
0.610068142414093
0.6580127477645874
0.5618403553962708
0.4680231213569641
0.4144737720489502
0.4569184184074402
0.42418062686920166
0.4400774836540222
0.37356382608413696
0.5445612668991089
0.45190495252609253
0.36402565240859985
0.5159488916397095
0.5400643944740295
0.5730950236320496
0.5755506157875061
0.41421520709991455
0.5144397616386414
0.4974967837333679
0.5258886814117432
0.4886331558227539
0.3814482092857361
0.49748343229293823
0.35558760166168213
0.43432581424713135
0.5350452661514282
0.41012144088745117
0.5361928343772888
0.5671619176864624
0.40788060426712036
0.2898952066898346
0.5074308514595032
0.46977245807647705
0.373587429523468
0.38818514347076416
0.6210935115814209
0.568320631980896
0.34005552530288696
0.3379409909248352
0.6087749004364014
0.3837149739265442
0.3736439347267151
0.5538529753684998
0.3763418197631836
0.44622743129730225
0.33891433477401733
0.3695434629917145
0.413754940032959
0.5116183757781982
0.4888603091239929
0.2444782704114914
0.49508005380630493
0.43546760082244873
0.5190375447273254
0.4108012914657593
0.52957683801651
0.5208781361579895
0.34615033864974976
0.5607309937477112
0.5968112945556641
0.4052284359931946
0.5725113749504089
0.2848540246486664
0.5847675800323486
0.4995352625846863
0.4343525171279907
0.42302122712135315
0.5712798237800598
0.39062005281448364
0.372143030166626
0.45101189613342285
0.3895893692970276
0.5273387432098389
0.3827654719352722
0.3787707984447479
0.48493313789367676
0.4157956838607788
0.38143450021743774
0.4875415563583374
0.4608333110809326
0.3232288956642151
0.4873765707015991
0.4598701000213623
0.3743143081665039
0.3849184513092041
0.32700687646865845
0.4189390540122986
0.4537985920906067
0.4560611844062805
0.5281363725662231
0.5166611075401306
0.41813451051712036
0.36978113651275635
0.4897022843360901
0.40734559297561646
0.5118868350982666
0.5444959998130798
0.500078022480011
0.3887355327606201
0.5097790360450745
0.4069582223892212
0.5050762891769409
0.36610954999923706
0.5576701164245605
0.48406702280044556
0.4309270977973938
0.5273442268371582
0.48432886600494385
0.35862016677856445
0.4649573564529419
0.45425474643707275
0.39845287799835205
0.41911718249320984
0.49032193422317505
0.3945382237434387
0.33876553177833557
0.5186012387275696
0.40052318572998047
0.4362070560455322
0.43869251012802124
0.308460533618927
0.3939868211746216
0.498465895652771
0.4667084813117981
0.3645990490913391
0.48227614164352417
0.4902994632720947
0.45648419857025146
0.37478452920913696
0.43605130910873413
0.3152408003807068
0.4668656587600708
0.4568229913711548
0.5812277793884277
0.4731099009513855
0.4003085196018219
0.554961085319519
0.44578391313552856
0.4783579707145691
0.4540799856185913
0.39646071195602417
0.4228280186653137
0.45205193758010864
0.6103985905647278
0.3855580687522888
0.4286201000213623
0.5633020401000977
0.3971374034881592
0.3458264470100403
0.5553909540176392
0.32102224230766296
0.40906715393066406
0.48339205980300903
0.5599333643913269
0.5658929944038391
0.48762625455856323
0.44510525465011597
0.4780242443084717
0.4698812961578369
0.48826032876968384
0.4454200863838196
0.41095805168151855
0.5074613690376282
0.4572387933731079
0.3248038589954376
0.3456471860408783
0.3969658613204956
0.4303458333015442
0.4971522092819214
0.37654972076416016
0.5024768710136414
0.3551046848297119
0.4290844202041626
0.41841375827789307
0.4174729585647583
0.4819575548171997
0.4223170876502991
0.434403657913208
0.5249387621879578
0.5157263875007629
0.42675143480300903
0.38604575395584106
0.332969605922699
0.45024609565734863
0.5609627366065979
0.5215538144111633
0.44745999574661255
0.5394324660301208
0.5092264413833618
0.36807310581207275
0.5074808597564697
0.4227244257926941
0.35691145062446594
0.5234616994857788
0.43085724115371704
0.42414361238479614
0.32526037096977234
0.534044086933136
0.5787010192871094
0.47724848985671997
0.47792404890060425
0.4602930545806885
0.4106210470199585
0.5786449313163757
0.33132821321487427
0.47314274311065674
0.4526005983352661
0.3835064172744751
0.35627323389053345
0.3344900608062744
0.3846736550331116
0.4521626830101013
0.38455575704574585
0.4560720920562744
0.40029382705688477
0.4656635522842407
0.5330512523651123
0.39192166924476624
0.43158161640167236
0.4837604761123657
0.3976057767868042
0.47040992975234985
0.5276349186897278
0.49880462884902954
0.4645603895187378
0.39676666259765625
0.42318403720855713
0.5541577339172363
0.4245506525039673
0.4133414626121521
0.41749337315559387
0.4560319781303406
0.4276299476623535
0.4863503575325012
0.34678035974502563
0.500398576259613
0.4936977028846741
0.399379163980484
0.5870052576065063
0.3810077905654907
0.2472728192806244
0.4302249550819397
0.5526808500289917
0.5741773843765259
0.4849374294281006
0.35795730352401733
0.45380741357803345
0.6054035425186157
0.4468737840652466
0.43735867738723755
0.4235566258430481
0.39715826511383057
0.38007718324661255
0.44223713874816895
0.3695968985557556
0.44365519285202026
0.5566679835319519
0.38835078477859497
0.35535216331481934
0.30437755584716797
0.31920289993286133
0.5330886244773865
0.34730052947998047
0.37086963653564453
0.37818384170532227
0.3390551805496216
0.49523913860321045
0.5059363842010498
0.5286968350410461
0.45661216974258423
0.5159618854522705
0.5479500889778137
0.46930330991744995
0.5460794568061829
0.5462329387664795
0.331024706363678
0.4118141531944275
0.3004823327064514
0.6091675758361816
0.6148648262023926
0.43491339683532715
0.5548886060714722
0.4858277440071106
0.4248904585838318
0.45444566011428833
0.41990983486175537
0.35327887535095215
0.5857468843460083
0.4600655436515808
0.519219696521759
0.4659354090690613
0.4267445206642151
0.41847139596939087
0.3436230719089508
0.6312432289123535
0.5356044173240662
0.43780189752578735
0.46914392709732056
0.43176496028900146
0.48080432415008545
0.37759000062942505
0.4865680932998657
0.39412036538124084
0.4342312216758728
0.5101274251937866
0.3929572105407715
0.3871842324733734
0.36184161901474
0.4409118890762329
0.43918466567993164
0.5810953378677368
0.5378054976463318
0.4692080616950989
0.3345905840396881
0.31097203493118286
0.5391983985900879
0.3560585379600525
0.39861541986465454
0.43632805347442627
0.3612428903579712
0.4299617111682892
0.4153352379798889
0.34426501393318176
0.5777189135551453
0.4308074116706848
0.43813562393188477
0.4231874942779541
0.44028210639953613
0.5603886246681213
0.3689553737640381
0.45780491828918457
0.4059920310974121
0.41441047191619873
0.5581179857254028
0.3011282980442047
0.3277156352996826
0.4061255156993866
0.49163299798965454
0.6059241890907288
0.36576420068740845
0.4632260799407959
0.3619956970214844
0.5570849776268005
0.5097737908363342
0.4783363342285156
0.37266725301742554
0.34377169609069824
0.4321770668029785
0.4992363452911377
0.5494735240936279
0.308388888835907
0.5773265957832336
0.508018434047699
0.5573621392250061
0.4638252854347229
0.3445584774017334
0.4704092741012573
0.34044015407562256
0.4092981815338135
0.36759519577026367
0.4473755359649658
0.40858709812164307
0.398384690284729
0.36982500553131104
0.4242803454399109
0.47741442918777466
0.35438719391822815
0.5179035663604736
0.3136274814605713
0.3371344804763794
0.5399603247642517
0.6035192608833313
0.34091246128082275
0.3991027772426605
0.27763333916664124
0.48534005880355835
0.40174025297164917
0.3780971169471741
0.4187656342983246
0.5446829795837402
0.4417867660522461
0.5342599749565125
0.49288690090179443
0.586280107498169
0.397799015045166
0.47144556045532227
0.5788373947143555
0.4334055185317993
0.29037120938301086
0.5000659823417664
0.43611210584640503
0.4172475337982178
0.36475932598114014
0.5119230151176453
0.48058074712753296
0.38845565915107727
0.4855859875679016
0.41325193643569946
0.4640991687774658
0.30250900983810425
0.3837463855743408
0.369508296251297
0.40134531259536743
0.3589284420013428
0.4595682621002197
0.5234653353691101
0.4959801435470581
0.45975446701049805
0.4635353088378906
0.3458266258239746
0.5268585085868835
0.3516605794429779
0.4710206985473633
0.5211536288261414
0.3993660807609558
0.4759003520011902
0.34776490926742554
0.43144476413726807
0.4352261424064636
0.47806453704833984
0.3764035701751709
0.5123599767684937
0.473998486995697
0.3895493745803833
0.6447052955627441
0.47413235902786255
0.5052096247673035
0.4702933430671692
0.5457205176353455
0.6316673755645752
0.514695405960083
0.45650410652160645
0.3043214678764343
0.5344918966293335
0.42264342308044434
0.5093539357185364
0.46233493089675903
0.47889190912246704
0.4348248243331909
0.5984698534011841
0.41255468130111694
0.5066797137260437
0.42604339122772217
0.5963327288627625
0.47276562452316284
0.3669161796569824
0.45455729961395264
0.5151453018188477
0.5576133728027344
0.4412083625793457
0.4992256760597229
0.546968936920166
0.4619479179382324
0.5512996315956116
0.4141083359718323
0.4903528094291687
0.545367956161499
0.5691249966621399
0.4540324807167053
0.3967095911502838
0.4038223326206207
0.5642753839492798
0.597771942615509
0.5671842098236084
0.4169052839279175
0.34093624353408813
0.4012642502784729
0.4006328582763672
0.462408185005188
0.3883371949195862
0.3601384162902832
0.46907079219818115
0.5340659022331238
0.4246196746826172
0.41198909282684326
0.44032490253448486
0.2600620687007904
0.4883015751838684
0.5276784896850586
0.4277740716934204
0.3688945770263672
0.5743350386619568
0.5184825658798218
0.5092819333076477
0.4204064607620239
0.37075382471084595
0.43427592515945435
0.38671261072158813
0.5002337694168091
0.49359869956970215
0.3507198691368103
0.5372735261917114
0.39766615629196167
0.490414023399353
0.4000301957130432
0.4878075122833252
0.5180034637451172
0.4869025945663452
0.5091910362243652
0.47807812690734863
0.4560447335243225
0.41956764459609985
0.5107439160346985
0.33193105459213257
0.5482494235038757
0.40531498193740845
0.41623175144195557
0.5025030970573425
0.49096566438674927
0.48297637701034546
0.3623390197753906
0.31089717149734497
0.447440505027771
0.4162982106208801
0.37843430042266846
0.6412501931190491
0.3971480131149292
0.5108689069747925
0.5359084010124207
0.29780054092407227
0.5411978363990784
0.33704322576522827
0.4500617980957031
0.40698885917663574
0.5069859623908997
0.5128376483917236
0.5683547854423523
0.37227702140808105
0.5622254610061646
0.5142709612846375
0.45435893535614014
0.4487997889518738
0.3964689373970032
0.4816933274269104
0.4330962300300598
0.5347236394882202
0.4487749934196472
0.46860235929489136
0.48919880390167236
0.4016355276107788
0.5078199505805969
0.5152239799499512
0.4879857301712036
0.47104519605636597
0.47962868213653564
0.4023929238319397
0.5879934430122375
0.4792541265487671
0.33381766080856323
0.39213165640830994
0.5068289637565613
0.378591388463974
0.39308100938796997
0.5148739814758301
0.4031946063041687
0.4475865960121155
0.37934279441833496
0.4652335047721863
0.5213962197303772
0.3514690697193146
0.5365294218063354
0.3198244571685791
0.44106942415237427
0.5383768081665039
0.3615404963493347
0.3777775764465332
0.518596351146698
0.5594774484634399
0.5586526393890381
0.5558708906173706
0.3385237753391266
0.3961465358734131
0.4481589198112488
0.3700697422027588
0.46322178840637207
0.522597074508667
0.4304504990577698
0.43871140480041504
0.338748961687088
0.4779987335205078
0.42796868085861206
0.39727967977523804
0.41934317350387573
0.551224410533905
0.42742401361465454
0.5518908500671387
0.4477202892303467
0.4334114193916321
0.4922811985015869
0.4619372487068176
0.5358908176422119
0.4916501045227051
0.4436519742012024
0.4421464800834656
0.40323764085769653
0.47564923763275146
0.37692850828170776
0.4308457374572754
0.48680609464645386
0.5704885721206665
0.47637754678726196
0.3677646517753601
0.2997312545776367
0.33801811933517456
0.39119115471839905
0.40650057792663574
0.40547090768814087
0.4613480567932129
0.5420728325843811
0.3339102864265442
0.5324491262435913
0.5461061596870422
0.3822253346443176
0.516119122505188
0.457213819026947
0.5044125914573669
0.38399046659469604
0.5253347158432007
0.4486154317855835
0.3829755187034607
0.535801887512207
0.4538349509239197
0.4402468204498291
0.3933423161506653
0.41661444306373596
0.5680088400840759
0.4690689444541931
0.43274468183517456
0.5664373636245728
0.28869807720184326
0.35783571004867554
0.459439754486084
0.4744260907173157
0.368339478969574
0.4415246844291687
0.3864455223083496
0.4559020400047302
0.3340594172477722
0.24900303781032562
0.4090845584869385
0.3819947838783264
0.6148648262023926
0.3656119704246521
0.5730130672454834
0.36087703704833984
0.5127230882644653
0.452731192111969
0.4505375623703003
0.521761417388916
0.35552558302879333
0.4206394851207733
0.48610198497772217
0.537781298160553
0.4530404210090637
0.3704611659049988
0.46756184101104736
0.45419979095458984
0.3526296615600586
0.5164638757705688
0.5599046945571899
0.3634888529777527
0.5094941854476929
0.4616485834121704
0.46281659603118896
0.3335627317428589
0.4378640651702881
0.5241897702217102
0.43178170919418335
0.6741350889205933
0.5031816959381104
0.4806138277053833
0.32389509677886963
0.42055854201316833
0.5035809278488159
0.3873293995857239
0.41688406467437744
0.39350271224975586
0.46748536825180054
0.462640643119812
0.5738347768783569
0.38331887125968933
0.45260846614837646
0.4344913959503174
0.5747840404510498
0.3885155916213989
0.4630433917045593
0.3404172360897064
0.30059969425201416
0.4512760639190674
0.3683112859725952
0.4295641779899597
0.5395623445510864
0.6741956472396851
0.4274466037750244
0.45388007164001465
0.44920629262924194
0.35660481452941895
0.46762263774871826
0.4097192883491516
0.49818676710128784
0.49962496757507324
0.49242228269577026
0.33877068758010864
0.4383138418197632
0.35124510526657104
0.41514360904693604
0.4841552972793579
0.41065871715545654
0.4443771243095398
0.4165867567062378
0.5381661653518677
0.4434865117073059
0.6711299419403076
0.3545820713043213
0.41384005546569824
0.4156345725059509
0.4799949526786804
0.463270902633667
0.6124720573425293
0.43837660551071167
0.4811723828315735
0.47742414474487305
0.4630439281463623
0.4905167818069458
0.47712230682373047
0.43219906091690063
0.5276419520378113
0.37799352407455444
0.44602179527282715
0.5723142027854919
0.4495241045951843
0.4437466859817505
0.39552104473114014
0.6154025793075562
0.3794940412044525
0.43340814113616943
0.37476587295532227
0.41421788930892944
0.5226496458053589
0.49412262439727783
0.31532198190689087
0.5899862051010132
0.3898980915546417
0.550227701663971
0.32962071895599365
0.32193315029144287
0.46242982149124146
0.44242411851882935
0.47621017694473267
0.21824774146080017
0.523512065410614
0.5659230947494507
0.5312612652778625
0.4891723394393921
0.4645261764526367
0.4338008761405945
0.405479371547699
0.32705438137054443
0.3713863492012024
0.3866996467113495
0.42223048210144043
0.3919180631637573
0.3625859320163727
0.319917768239975
0.49207907915115356
0.417661190032959
0.3216378092765808
0.5700910091400146
0.40588003396987915
0.4456595182418823
0.41215062141418457
0.4780554175376892
0.551355242729187
0.47632765769958496
0.3718668520450592
0.4944264888763428
0.35929471254348755
0.4500232934951782
0.5871328711509705
0.37773585319519043
0.3564591109752655
0.3097613453865051
0.50743567943573
0.48701900243759155
0.658924400806427
0.3672676384449005
0.4691588282585144
0.34272176027297974
0.4147709012031555
0.48451071977615356
0.2956349849700928
0.342506468296051
0.48834866285324097
0.32636594772338867
0.5083521604537964
0.5326245427131653
0.45352762937545776
0.5183433890342712
0.41979479789733887
0.5019667744636536
0.5000444054603577
0.4584767818450928
0.4132574200630188
0.4715137481689453
0.4863269329071045
0.3733665943145752
0.6234957575798035
0.5307884216308594
0.48703819513320923
0.3958321213722229
0.5755062699317932
0.48202282190322876
0.6042227745056152
0.5160380601882935
0.427689790725708
0.36433589458465576
0.4715995192527771
0.46497076749801636
0.6105406284332275
0.5700803399085999
0.40861713886260986
0.37366920709609985
0.31154143810272217
0.3279435932636261
0.4290081262588501
0.5165796875953674
0.5967854261398315
0.47910934686660767
0.3527238965034485
0.4872111678123474
0.5234459042549133
0.40826156735420227
0.46643197536468506
0.3928332030773163
0.3239741921424866
0.3554535210132599
0.5933589935302734
0.45494019985198975
0.5681841373443604
0.4380432963371277
0.4570119380950928
0.363921582698822
0.5671277642250061
0.4671536684036255
0.5905865430831909
0.5635059475898743
0.41560736298561096
0.4852951765060425
0.29732799530029297
0.468575656414032
0.5494849681854248
0.39290544390678406
0.40331387519836426
0.616799533367157
0.38866379857063293
0.5631502866744995
0.601347804069519
0.461276650428772
0.4018554091453552
0.4292810559272766
0.5290124416351318
0.38597679138183594
0.46426552534103394
0.36634981632232666
0.46465444564819336
0.5360026955604553
0.3946578800678253
0.4321433901786804
0.5131493806838989
0.5144808888435364
0.4697244167327881
0.3165421485900879
0.44965970516204834
0.32372772693634033
0.35026466846466064
0.24454012513160706
0.4741378426551819
0.386562705039978
0.38637757301330566
0.3349711000919342
0.3435078263282776
0.4602259397506714
0.45619630813598633
0.45113056898117065
0.4822051525115967
0.4229356646537781
0.39041146636009216
0.5126793384552002
0.5801053643226624
0.3109099268913269
0.4365007281303406
0.47419339418411255
0.47117072343826294
0.5451063513755798
0.4877218008041382
0.48220837116241455
0.5990874767303467
0.4726976752281189
0.4338424801826477
0.3923737406730652
0.3384537398815155
0.42560309171676636
0.4904704689979553
0.41030725836753845
0.5372040867805481
0.4101675748825073
0.3762759566307068
0.35685694217681885
0.49709492921829224
0.3566287159919739
0.3111003041267395
0.49085402488708496
0.3529449701309204
0.620508074760437
0.5193451642990112
0.3159095048904419
0.5064905881881714
0.513615071773529
0.4556363821029663
0.3878518342971802
0.6245625019073486
0.384432315826416
0.46105480194091797
0.5147131085395813
0.42182260751724243
0.4763622283935547
0.3378596305847168
0.4549272656440735
0.38858234882354736
0.4950565695762634
0.3589959144592285
0.3100978434085846
0.4194658398628235
0.40328145027160645
0.4359862208366394
0.45424938201904297
0.4306224584579468
0.2902701497077942
0.3573841452598572
0.47517579793930054
0.4347233176231384
0.5000013113021851
0.42875051498413086
0.42638257145881653
0.39364686608314514
0.4586353898048401
0.3765353560447693
0.4566701650619507
0.5400876402854919
0.4201541543006897
0.4657779932022095
0.24808095395565033
0.3739001154899597
0.4816485047340393
0.4658152461051941
0.3675367832183838
0.3356746435165405
0.4002666473388672
0.4025263488292694
0.476375937461853
0.5757877826690674
0.47123032808303833
0.5182325839996338
0.49079185724258423
0.5497915148735046
0.3997398614883423
0.3556411862373352
0.4643394351005554
0.368691086769104
0.38859856128692627
0.5082383751869202
0.4660433530807495
0.38835597038269043
0.5498102903366089
0.4461291432380676
0.38899004459381104
0.459716260433197
0.4917294383049011
0.48839080333709717
0.28709834814071655
0.4009338617324829
0.3124001622200012
0.34906649589538574
0.5148080587387085
0.5310243964195251
0.49105846881866455
0.5237762331962585
0.4669163227081299
0.39828070998191833
0.5759698748588562
0.439367413520813
0.47043377161026
0.4797443747520447
0.4461566209793091
0.4860527515411377
0.37111496925354004
0.5085324645042419
0.44163596630096436
0.2906448245048523
0.5746946930885315
0.43153589963912964
0.545884370803833
0.5429908037185669
0.4771428108215332
0.3965933322906494
0.42191219329833984
0.39007630944252014
0.5311007499694824
0.48062294721603394
0.6051475405693054
0.4951390027999878
0.3877624273300171
0.5508024096488953
0.345966637134552
0.47867971658706665
0.5532712340354919
0.5899012684822083
0.47500079870224
0.4831848740577698
0.28479814529418945
0.4403917193412781
0.3302710950374603
0.37066683173179626
0.45921003818511963
0.4744161367416382
0.4433795213699341
0.3557626008987427
0.39650434255599976
0.3310098648071289
0.51716548204422
0.442751407623291
0.48620474338531494
0.41402649879455566
0.3185657262802124
0.4395846724510193
0.43508410453796387
0.43962931632995605
0.567988395690918
0.4145781993865967
0.4763196110725403
0.49407750368118286
0.5471030473709106
0.4377284646034241
0.3977630138397217
0.553149938583374
0.40012866258621216
0.5349414348602295
0.32823890447616577
0.47738945484161377
0.4366281032562256
0.45845186710357666
0.47586333751678467
0.5021438598632812
0.5856019258499146
0.4485129714012146
0.35361361503601074
0.4069400429725647
0.5342844128608704
0.3934894800186157
0.5280805230140686
0.3730212450027466
0.38903021812438965
0.5327515602111816
0.3605215549468994
0.6232703328132629
0.5609889626502991
0.4455273747444153
0.42153602838516235
0.4516063332557678
0.38215070962905884
0.5389990210533142
0.5164369344711304
0.4677136540412903
0.5108277797698975
0.47671210765838623
0.543886661529541
0.6277304291725159
0.3927651047706604
0.44190651178359985
0.47460806369781494
0.379705011844635
0.6044991612434387
0.5284693241119385
0.3965883255004883
0.4298173189163208
0.5733315348625183
0.3981668949127197
0.4880506992340088
0.4943803548812866
0.4404038190841675
0.34461528062820435
0.5421956181526184
0.47850751876831055
0.3828991949558258
0.39268815517425537
0.40399476885795593
0.3477737009525299
0.3551175594329834
0.4678119421005249
0.39388978481292725
0.5541635751724243
0.4441998600959778
0.5273376107215881
0.362179696559906
0.3750620484352112
0.6148104667663574
0.5176424980163574
0.48008614778518677
0.3547857403755188
0.6227301359176636
0.38254478573799133
0.4306253492832184
0.44494491815567017
0.5698673725128174
0.487571120262146
0.3934147357940674
0.4847802519798279
0.5477723479270935
0.5274924635887146
0.3955584764480591
0.4129861891269684
0.5299678444862366
0.47591209411621094
0.5566660761833191
0.42493200302124023
0.3687555193901062
0.3690587282180786
0.3893583416938782
0.45129382610321045
0.5280953645706177
0.44276607036590576
0.4678783416748047
0.41625362634658813
0.41846731305122375
0.4216844439506531
0.6327630281448364
0.4138196110725403
0.3194122910499573
0.4151766896247864
0.3571396470069885
0.5086179971694946
0.3863833546638489
0.5367447137832642
0.38734549283981323
0.4623669385910034
0.32862675189971924
0.5064888000488281
0.5469002723693848
0.4237654209136963
0.5470133423805237
0.4764860272407532
0.44347459077835083
0.410244345664978
0.35906368494033813
0.3877943754196167
0.364005982875824
0.4608200788497925
0.4681379199028015
0.2869683504104614
0.39628034830093384
0.4371318221092224
0.3319885730743408
0.4019216299057007
0.46550631523132324
0.454051673412323
0.31582534313201904
0.27274176478385925
0.481095552444458
0.4375910758972168
0.6062120795249939
0.5025724172592163
0.3252530097961426
0.4776044487953186
0.5486727356910706
0.5360820889472961
0.41125214099884033
0.3488956093788147
0.5137094855308533
0.49347198009490967
0.4954105615615845
0.4248236417770386
0.4390835762023926
0.4698045253753662
0.3465665578842163
0.5042359828948975
0.46057796478271484
0.47529298067092896
0.35080957412719727
0.47052961587905884
0.40590614080429077
0.48036253452301025
0.39601653814315796
0.36577293276786804
0.46693575382232666
0.5683503150939941
0.5101500749588013
0.4723008871078491
0.42375969886779785
0.5436265468597412
0.36454200744628906
0.3340703845024109
0.3964793086051941
0.45586347579956055
0.34327077865600586
0.2554151117801666
0.5023971199989319
0.37302064895629883
0.5062906742095947
0.41210806369781494
0.43869656324386597
0.3269250690937042
0.4909488558769226
0.3772439956665039
0.29726749658584595
0.32659125328063965
0.41842013597488403
0.3862800598144531
0.563174843788147
0.5413039922714233
0.49788856506347656
0.4327515959739685
0.47303396463394165
0.49506455659866333
0.540740966796875
0.36983805894851685
0.580852210521698
0.4300011396408081
0.4305655062198639
0.5293417572975159
0.43612992763519287
0.46322715282440186
0.32002705335617065
0.5214903354644775
0.44482845067977905
0.5292196869850159
0.34271037578582764
0.47895050048828125
0.47724097967147827
0.43950575590133667
0.5235165357589722
0.45391494035720825
0.44461649656295776
0.5212528705596924
0.48170679807662964
0.5979421138763428
0.25708258152008057
0.36041200160980225
0.6495400667190552
0.6580044627189636
0.4963275194168091
0.37735486030578613
0.46093952655792236
0.44310545921325684
0.40521368384361267
0.5369386076927185
0.4035153090953827
0.51856529712677
0.3628656268119812
0.5710257887840271
0.4784085750579834
0.5852013230323792
0.4276540279388428
0.2993531823158264
0.4905511736869812
0.3275582492351532
0.38103440403938293
0.43254780769348145
0.4013286828994751
0.47442829608917236
0.29606950283050537
0.5025189518928528
0.45966482162475586
0.38705986738204956
0.5397487282752991
0.3916577696800232
0.43198317289352417
0.39545488357543945
0.5053634643554688
0.5410163998603821
0.5397847294807434
0.542900800704956
0.5365843176841736
0.5245501399040222
0.4855632781982422
0.49732404947280884
0.5606791973114014
0.4848266839981079
0.3838406205177307
0.4111038148403168
0.5114026665687561
0.4556834101676941
0.5267328023910522
0.538609504699707
0.4251101613044739
0.5289925932884216
0.5870230793952942
0.4579450488090515
0.5355212092399597
0.3562532663345337
0.34006720781326294
0.4855843782424927
0.6068218350410461
0.34337615966796875
0.5264313817024231
0.430392324924469
0.4050753712654114
0.4295459985733032
0.4255940318107605
0.4867904782295227
0.41461700201034546
0.5447497367858887
0.6269686222076416
0.4345768690109253
0.48316842317581177
0.5287201404571533
0.4611339569091797
0.45558369159698486
0.631132185459137
0.3293918967247009
0.3831094205379486
0.4306809902191162
0.42805367708206177
0.5852980613708496
0.5307199358940125
0.5604032874107361
0.40144428610801697
0.6254866123199463
0.4606914520263672
0.47510021924972534
0.47279423475265503
0.3733949065208435
0.5179485082626343
0.32478952407836914
0.48207205533981323
0.5089372992515564
0.4499281644821167
0.5761250853538513
0.3872556686401367
0.5115844011306763
0.5017971396446228
0.4636884331703186
0.49217355251312256
0.4291904866695404
0.45809048414230347
0.5769007205963135
0.4567915201187134
0.45473843812942505
0.5080533623695374
0.6295779347419739
0.4318639039993286
0.37264567613601685
0.36067935824394226
0.5626832246780396
0.5116217136383057
0.5760847330093384
0.6000277996063232
0.3411475419998169
0.4572591185569763
0.45008450746536255
0.3193874657154083
0.42788225412368774
0.35906702280044556
0.570758581161499
0.5138230919837952
0.31827056407928467
0.35378164052963257
0.44609224796295166
0.5282377004623413
0.48666441440582275
0.43789321184158325
0.3168433904647827
0.3742341995239258
0.45073747634887695
0.4962843656539917
0.531929075717926
0.350957453250885
0.4362574815750122
0.45384109020233154
0.4800645112991333
0.45025426149368286
0.5431411862373352
0.6713770627975464
0.4839351177215576
0.5132575035095215
0.4181581735610962
0.4418724775314331
0.44816309213638306
0.4279979169368744
0.39274123311042786
0.4221261739730835
0.550179660320282
0.39315807819366455
0.5806397199630737
0.48580557107925415
0.41600775718688965
0.3632151484489441
0.5374857783317566
0.5239362716674805
0.49791526794433594
0.4377456307411194
0.34558582305908203
0.46358710527420044
0.4403308629989624
0.4352666139602661
0.5501766204833984
0.326801598072052
0.43138033151626587
0.33686453104019165
0.45610398054122925
0.5466002821922302
0.39841288328170776
0.39064842462539673
0.5904312133789062
0.3676629364490509
0.3855166435241699
0.44257110357284546
0.3990190625190735
0.34802061319351196
0.3952145278453827
0.47099560499191284
0.4118754267692566
0.37998121976852417
0.4300673007965088
0.4288475513458252
0.4377134442329407
0.479957640171051
0.44475436210632324
0.3626443147659302
0.4861330986022949
0.3652050793170929
0.5377980470657349
0.4600382447242737
0.496154248714447
0.47257959842681885
0.42833733558654785
0.4212398827075958
0.5103617310523987
0.5397292971611023
0.40592414140701294
0.43794476985931396
0.3431863784790039
0.4062489867210388
0.3188492953777313
0.47476059198379517
0.40047523379325867
0.43237829208374023
0.46832066774368286
0.4867812395095825
0.3912675380706787
0.43008166551589966
0.3796156644821167
0.42451512813568115
0.3247120976448059
0.3489028811454773
0.567294180393219
0.36807775497436523
0.43728476762771606
0.5195001363754272
0.5208209753036499
0.508536696434021
0.5135650634765625
0.6163038611412048
0.48479920625686646
0.5126392841339111
0.4971693754196167
0.39689359068870544
0.43016982078552246
0.5336939692497253
0.522937536239624
0.39541131258010864
0.4019924998283386
0.4837207794189453
0.4437488913536072
0.4883851408958435
0.4336112141609192
0.2998066842556
0.41470956802368164
0.47365039587020874
0.474673867225647
0.4364522099494934
0.3005387485027313
0.49985170364379883
0.43133920431137085
0.5238828063011169
0.43155431747436523
0.4676419496536255
0.43986451625823975
0.5649531483650208
0.4063109755516052
0.34810447692871094
0.4825650453567505
0.3563981056213379
0.3411642909049988
0.4936637878417969
0.32953158020973206
0.37877342104911804
0.46246594190597534
0.47836875915527344
0.4857834577560425
0.4907160997390747
0.4756034016609192
0.42090028524398804
0.378928542137146
0.498862624168396
0.5161861181259155
0.47677338123321533
0.5181549787521362
0.40233922004699707
0.5565232634544373
0.49394774436950684
0.5044783353805542
0.5412161946296692
0.4865001440048218
0.5660087466239929
0.3300420045852661
0.6260289549827576
0.5770480632781982
0.5421720743179321
0.393491268157959
0.5046994686126709
0.37173283100128174
0.43709391355514526
0.2949773073196411
0.45656806230545044
0.5491583943367004
0.4863503575325012
0.3448447287082672
0.39099687337875366
0.4187448024749756
0.47259873151779175
0.3594151735305786
0.4536653757095337
0.38266944885253906
0.4197190999984741
0.5774065256118774
0.45166343450546265
0.43928956985473633
0.5403318405151367
0.4264875650405884
0.42457956075668335
0.47483885288238525
0.511542558670044
0.3967384099960327
0.4839271903038025
0.40693753957748413
0.3957395553588867
0.32583916187286377
0.4262004494667053
0.46953344345092773
0.6031613945960999
0.34450533986091614
0.4153677225112915
0.34851372241973877
0.5463370084762573
0.4287260174751282
0.5551541447639465
0.24167343974113464
0.38916176557540894
0.48669058084487915
0.491690993309021
0.4653945565223694
0.4779401421546936
0.4113449454307556
0.4541133642196655
0.2990482747554779
0.6432633399963379
0.3275865316390991
0.3753514289855957
0.3908827304840088
0.5644504427909851
0.5625185966491699
0.5327442288398743
0.5486718416213989
0.48415112495422363
0.504457950592041
0.3243781328201294
0.42592746019363403
0.476518452167511
0.38377445936203003
0.5860945582389832
0.31521689891815186
0.46449577808380127
0.5252382755279541
0.3795197010040283
0.372356653213501
0.5517507791519165
0.47109460830688477
0.5238301157951355
0.4063122272491455
0.3187568187713623
0.48282891511917114
0.4259023368358612
0.4707823395729065
0.5715117454528809
0.575741171836853
0.4340478181838989
0.49103182554244995
0.4420297145843506
0.49727290868759155
0.554989218711853
0.5205431580543518
0.4291314482688904
0.4444643259048462
0.41018277406692505
0.5632875561714172
0.4352261424064636
0.5917486548423767
0.4612548351287842
0.5198600888252258
0.4783093333244324
0.4555355906486511
0.37857648730278015
0.5000829696655273
0.36533159017562866
0.45134782791137695
0.5413798093795776
0.5016409158706665
0.47778600454330444
0.3952985405921936
0.5518121719360352
0.37040627002716064
0.4169066548347473
0.32255446910858154
0.580179750919342
0.42675352096557617
0.6683781743049622
0.5102679133415222
0.4012939929962158
0.5187045335769653
0.419592022895813
0.37203162908554077
0.3097301125526428
0.4913458824157715
0.3554120659828186
0.24132072925567627
0.4234311580657959
0.3455166816711426
0.505104660987854
0.3568667769432068
0.48561471700668335
0.42737507820129395
0.5066032409667969
0.44871824979782104
0.3895740509033203
0.33016228675842285
0.3961532711982727
0.542772114276886
0.4757716655731201
0.515450656414032
0.40989989042282104
0.5204983353614807
0.43943095207214355
0.42349910736083984
0.4252241849899292
0.4282252788543701
0.3768867254257202
0.47036153078079224
0.5262333750724792
0.4151955842971802
0.4936768412590027
0.4806997776031494
0.4332190752029419
0.41413724422454834
0.6626443266868591
0.46480047702789307
0.4504889249801636
0.4193076491355896
0.4419770836830139
0.5726715922355652
0.43042439222335815
0.33929669857025146
0.43589502573013306
0.5057787299156189
0.46227115392684937
0.5188894867897034
0.3807474374771118
0.4567955732345581
0.5171297192573547
0.4481735825538635
0.33966052532196045
0.6647682785987854
0.3569108247756958
0.49988728761672974
0.45672929286956787
0.49753981828689575
0.35649818181991577
0.428867369890213
0.5513001680374146
0.4589412212371826
0.5135223865509033
0.3361979126930237
0.49038559198379517
0.4717581272125244
0.43738943338394165
0.5269855260848999
0.4637720584869385
0.5079005360603333
0.46716952323913574
0.46873676776885986
0.4407503008842468
0.338434100151062
0.40549319982528687
0.5788355469703674
0.296322226524353
0.4246692657470703
0.47411608695983887
0.42981261014938354
0.5462821125984192
0.4770355820655823
0.5353202819824219
0.43082571029663086
0.35261228680610657
0.3645781874656677
0.39844566583633423
0.5217617750167847
0.505199134349823
0.3322738707065582
0.3664047420024872
0.49114423990249634
0.4093020558357239
0.41219186782836914
0.3914082944393158
0.38228946924209595
0.4557448625564575
0.5652180910110474
0.5657221078872681
0.5405908823013306
0.369368314743042
0.5308669209480286
0.4688156247138977
0.3624454736709595
0.4227541387081146
0.4870203733444214
0.428139865398407
0.5301834344863892
0.49373680353164673
0.396683931350708
0.48513925075531006
0.49205875396728516
0.47264885902404785
0.4403039813041687
0.5084944367408752
0.5050435066223145
0.4633721709251404
0.37608659267425537
0.5849565267562866
0.44678300619125366
0.36251914501190186
0.5592777132987976
0.4619360566139221
0.4611435532569885
0.48967862129211426
0.4400026798248291
0.3286011815071106
0.36555957794189453
0.49347740411758423
0.5850245356559753
0.6287072896957397
0.49569982290267944
0.5007888078689575
0.413770854473114
0.5683417320251465
0.4894791841506958
0.4487823247909546
0.4810549020767212
0.47081393003463745
0.4941335916519165
0.4960552453994751
0.3689279556274414
0.5511583089828491
0.39212846755981445
0.37301868200302124
0.48541831970214844
0.4821772575378418
0.4425899386405945
0.458467960357666
0.43431371450424194
0.4511141777038574
0.3537343144416809
0.42561835050582886
0.4810112714767456
0.4499444365501404
0.5278019905090332
0.45139962434768677
0.4451863169670105
0.5682539343833923
0.6050777435302734
0.41169676184654236
0.4106387495994568
0.5736520886421204
0.37944066524505615
0.45649927854537964
0.38948386907577515
0.4751037359237671
0.4560503363609314
0.43587976694107056
0.45311886072158813
0.3267694115638733
0.42854660749435425
0.4184632897377014
0.32953447103500366
0.5643637180328369
0.3856319785118103
0.3853776454925537
0.5579193830490112
0.38179367780685425
0.4359169006347656
0.46283209323883057
0.5442633032798767
0.4516480565071106
0.29672759771347046
0.4257146120071411
0.5802413821220398
0.44276124238967896
0.4940524697303772
0.36617767810821533
0.45177191495895386
0.4961411952972412
0.4207354784011841
0.4243650436401367
0.35616523027420044
0.48955851793289185
0.42248213291168213
0.5158904194831848
0.5005016326904297
0.5208412408828735
0.4544476866722107
0.5072353482246399
0.4631153345108032
0.5094515681266785
0.3982672691345215
0.518473744392395
0.4099627137184143
0.45078015327453613
0.37487998604774475
0.5401915311813354
0.47467172145843506
0.37692153453826904
0.5409494042396545
0.5836402773857117
0.467604398727417
0.5569648146629333
0.4114190340042114
0.48418015241622925
0.488644540309906
0.42231911420822144
0.42237767577171326
0.4048587679862976
0.42125606536865234
0.585800051689148
0.4306957721710205
0.48567116260528564
0.4015299677848816
0.45532262325286865
0.3328312337398529
0.6710271239280701
0.5922622084617615
0.4317557215690613
0.48095524311065674
0.41213908791542053
0.48095566034317017
0.4404199719429016
0.3828422427177429
0.41321057081222534
0.40092724561691284
0.49032139778137207
0.41133108735084534
0.4220384955406189
0.5101820826530457
0.5169901251792908
0.5483295917510986
0.3343101739883423
0.5787729620933533
0.5171630382537842
0.4708021879196167
0.5305473208427429
0.40733325481414795
0.3747667074203491
0.21729692816734314
0.4699705243110657
0.49690717458724976
0.37436366081237793
0.44913291931152344
0.4797455668449402
0.4278430938720703
0.5202060341835022
0.400607168674469
0.3651600480079651
0.500444769859314
0.46449726819992065
0.47344285249710083
0.31169062852859497
0.5587897300720215
0.5109509229660034
0.34321799874305725
0.3671637177467346
0.4869426488876343
0.598238468170166
0.3264540731906891
0.5535669922828674
0.46871525049209595
0.33517831563949585
0.5516870617866516
0.5142521262168884
0.3805180788040161
0.42060381174087524
0.46881788969039917
0.2843349575996399
0.3260171413421631
0.41941124200820923
0.5844151377677917
0.5257879495620728
0.44429075717926025
0.42780888080596924
0.4118225574493408
0.4352399706840515
0.3623238205909729
0.4023042321205139
0.5533128976821899
0.5003610253334045
0.48271459341049194
0.33639228343963623
0.278438925743103
0.4326663017272949
0.35697636008262634
0.531084418296814
0.4727765917778015
0.44214749336242676
0.5527441501617432
0.48385530710220337
0.40913715958595276
0.46908873319625854
0.46214884519577026
0.4507114887237549
0.6158818006515503
0.5271809101104736
0.4866211414337158
0.5219315886497498
0.5403904914855957
0.5014361143112183
0.4701661467552185
0.5141276717185974
0.42994004487991333
0.4095079302787781
0.4602354168891907
0.38344740867614746
0.3528516888618469
0.4787914752960205
0.5247769355773926
0.45697927474975586
0.5000388026237488
0.47860413789749146
0.5133599042892456
0.6884098052978516
0.5264115333557129
0.41413599252700806
0.4559949040412903
0.5242916345596313
0.4808541536331177
0.5893388390541077
0.44809770584106445
0.4998282790184021
0.3569418489933014
0.4970986843109131
0.47211289405822754
0.47681140899658203
0.4706752300262451
0.4816816449165344
0.4406750798225403
0.3946917653083801
0.46555566787719727
0.48452526330947876
0.42525675892829895
0.19752398133277893
0.3748173713684082
0.4536137580871582
0.5322320461273193
0.4703379273414612
0.38408511877059937
0.5406533479690552
0.49294567108154297
0.28705012798309326
0.40342211723327637
0.43901127576828003
0.5119318962097168
0.40420135855674744
0.34723931550979614
0.5980014801025391
0.5456846952438354
0.48102158308029175
0.4783913493156433
0.3781135678291321
0.3900541067123413
0.5317023992538452
0.6518759727478027
0.46726304292678833
0.5426740646362305
0.48769521713256836
0.408652663230896
0.4715285301208496
0.429066002368927
0.4970247149467468
0.5094282627105713
0.4212043285369873
0.3576675057411194
0.4297218322753906
0.513399064540863
0.4685581922531128
0.5430856347084045
0.5111140608787537
0.3039722740650177
0.3735266327857971
0.5479332804679871
0.5332898497581482
0.5043641924858093
0.38512274622917175
0.3312199115753174
0.5517693161964417
0.55418461561203
0.36907991766929626
0.46947550773620605
0.5636686086654663
0.43032366037368774
0.4040144681930542
0.4602887034416199
0.46421945095062256
0.6224529147148132
0.4284549355506897
0.27851438522338867
0.3946487307548523
0.4516451954841614
0.34013545513153076
0.5415881872177124
0.4580252766609192
0.560812771320343
0.3233245015144348
0.4909241795539856
0.4782446622848511
0.5533003211021423
0.42369818687438965
0.5723714232444763
0.4582297205924988
0.5590407848358154
0.4993436932563782
0.47556132078170776
0.505885124206543
0.3562292456626892
0.4800296425819397
0.5084391832351685
0.38194727897644043
0.4252334237098694
0.5332162976264954
0.47214365005493164
0.5394583940505981
0.494351327419281
0.4943392276763916
0.5319291949272156
0.26456230878829956
0.5035222172737122
0.3777833580970764
0.42770713567733765
0.37274181842803955
0.42368412017822266
0.38514280319213867
0.45697975158691406
0.3946642279624939
0.44573110342025757
0.4686034917831421
0.41708600521087646
0.4847252368927002
0.5553406476974487
0.5304403305053711
0.48801296949386597
0.49193406105041504
0.388436496257782
0.3542482256889343
0.32817214727401733
0.43662887811660767
0.4577457308769226
0.42856669425964355
0.5675403475761414
0.4749755263328552
0.5652349591255188
0.5617677569389343
0.4062243103981018
0.44341808557510376
0.5005670189857483
0.45384544134140015
0.4503340721130371
0.4217779338359833
0.4220812916755676
0.35185468196868896
0.4858354330062866
0.548530101776123
0.45944666862487793
0.42949187755584717
0.3768576383590698
0.453943133354187
0.47999632358551025
0.4941580295562744
0.5230036377906799
0.5014305114746094
0.5242998600006104
0.6152085065841675
0.4026854634284973
0.5050045847892761
0.39266133308410645
0.3765353560447693
0.3629152774810791
0.48988550901412964
0.3517380952835083
0.5190118551254272
0.39348775148391724
0.49887794256210327
0.48811453580856323
0.43563026189804077
0.5063681602478027
0.5408475399017334
0.5964645147323608
0.40535473823547363
0.4887080192565918
0.5483688116073608
0.3691505193710327
0.48177093267440796
0.4316394329071045
0.48258012533187866
0.4531400203704834
0.40209275484085083
0.4018336534500122
0.4016125798225403
0.3629712462425232
0.4439489245414734
0.4100646376609802
0.43908047676086426
0.4827590584754944
0.4911937713623047
0.4259480834007263
0.37195438146591187
0.32810044288635254
0.4578797221183777
0.20640775561332703
0.3519645929336548
0.42924660444259644
0.4056475758552551
0.45107918977737427
0.4489316940307617
0.6345708966255188
0.4530038833618164
0.4569796323776245
0.4840390682220459
0.4809221625328064
0.2816045880317688
0.48553359508514404
0.4954570531845093
0.472436785697937
0.4272531270980835
0.3672764301300049
0.4170417785644531
0.6042579412460327
0.3075392246246338
0.5173220038414001
0.548022449016571
0.36729925870895386
0.49377894401550293
0.5045555830001831
0.45060837268829346
0.4161873459815979
0.5187968015670776
0.6356651186943054
0.4311615824699402
0.4438549876213074
0.46492165327072144
0.5501081943511963
0.559837818145752
0.469227135181427
0.4716072678565979
0.4645952582359314
0.5353090763092041
0.5159803628921509
0.49394655227661133
0.4292697310447693
0.3805153965950012
0.5518431067466736
0.4782335162162781
0.40821921825408936
0.41316288709640503
0.3711017668247223
0.443808376789093
0.3572951555252075
0.5162773728370667
0.46733397245407104
0.3522750735282898
0.42706069350242615
0.6490079164505005
0.46379172801971436
0.4284985661506653
0.4254499673843384
0.5011506676673889
0.4993382692337036
0.471147358417511
0.3087127208709717
0.3625304102897644
0.5423316955566406
0.5388128757476807
0.5056563019752502
0.5141878128051758
0.44993746280670166
0.5262885689735413
0.4998500943183899
0.4605368375778198
0.3557412028312683
0.4930771589279175
0.4032553434371948
0.5598053336143494
0.4311894178390503
0.4987812638282776
0.4083706736564636
0.41284507513046265
0.44817662239074707
0.40067076683044434
0.5357761383056641
0.48127251863479614
0.4794362187385559
0.4578220248222351
0.5398080945014954
0.3318476676940918
0.590002179145813
0.513856053352356
0.3293150067329407
0.5250719785690308
0.5832720398902893
0.46645092964172363
0.41760602593421936
0.525412917137146
0.42335236072540283
0.584624707698822
0.4217868447303772
0.5632886290550232
0.41536301374435425
0.4941031336784363
0.41788768768310547
0.4456409215927124
0.5765423774719238
0.48974478244781494
0.3576163947582245
0.4786897301673889
0.4858629107475281
0.19102710485458374
0.4233565330505371
0.41645145416259766
0.4759073257446289
0.4494950771331787
0.3081042170524597
0.4562256336212158
0.43763571977615356
0.5524152517318726
0.3866533041000366
0.49920278787612915
0.3393920660018921
0.46747028827667236
0.49302661418914795
0.41234004497528076
0.41136839985847473
0.5244216322898865
0.3733382821083069
0.3256817162036896
0.49719417095184326
0.34559935331344604
0.5981699824333191
0.3324897289276123
0.46379339694976807
0.4149112105369568
0.4787191152572632
0.3391757011413574
0.4630260467529297
0.4517178535461426
0.5721905827522278
0.5054296851158142
0.45649248361587524
0.5279352068901062
0.4710456132888794
0.3542562425136566
0.46369731426239014
0.4024890661239624
0.41672325134277344
0.5304340124130249
0.45083141326904297
0.317415326833725
0.386255145072937
0.40787768363952637
0.4701206088066101
0.48043644428253174
0.5150489211082458
0.4620656967163086
0.46116119623184204
0.40162748098373413
0.48686152696609497
0.40056082606315613
0.3929569125175476
0.5613033771514893
0.4009614586830139
0.624557375907898
0.5343068242073059
0.4525585174560547
0.42814671993255615
0.5074514150619507
0.4183405041694641
0.541460394859314
0.366592675447464
0.3996867537498474
0.4660564064979553
0.5507798194885254
0.355670690536499
0.5603205561637878
0.4035448133945465
0.45788317918777466
0.3979305624961853
0.5402024388313293
0.4614388346672058
0.3525322377681732
0.522186815738678
0.35190752148628235
0.4274750351905823
0.34951865673065186
0.4919789433479309
0.5416107177734375
0.4854181408882141
0.4187895655632019
0.35753291845321655
0.36079102754592896
0.520142138004303
0.47756725549697876
0.4603421688079834
0.37473148107528687
0.35330289602279663
0.39707279205322266
0.5546015501022339
0.489388644695282
0.5399821996688843
0.5555559396743774
0.3717655539512634
0.36529457569122314
0.5274829864501953
0.3778586983680725
0.5601649880409241
0.3589223027229309
0.2954232692718506
0.490791380405426
0.5434917211532593
0.4762237071990967
0.366577684879303
0.33449894189834595
0.5475449562072754
0.34618616104125977
0.4772242307662964
0.44271039962768555
0.3465164005756378
0.5058489441871643
0.4520929455757141
0.4465782046318054
0.4721519351005554
0.3831368684768677
0.5939196944236755
0.5939846634864807
0.3469962477684021
0.48074543476104736
0.3903622031211853
0.35410887002944946
0.46005547046661377
0.4319967031478882
0.47611701488494873
0.38389521837234497
0.6055958271026611
0.5129939317703247
0.550874650478363
0.3307914137840271
0.45457613468170166
0.44398951530456543
0.39923030138015747
0.36100322008132935
0.44106781482696533
0.43245255947113037
0.37225234508514404
0.5150097012519836
0.3555372953414917
0.39406445622444153
0.37494075298309326
0.2553313970565796
0.476457417011261
0.43692660331726074
0.4164247512817383
0.48917120695114136
0.48323673009872437
0.35645627975463867
0.5357139110565186
0.599797248840332
0.3619878888130188
0.38263827562332153
0.5323066115379333
0.6411210298538208
0.34026986360549927
0.3969816565513611
0.36182716488838196
0.43291741609573364
0.3130646347999573
0.6953786611557007
0.6651244759559631
0.36089473962783813
0.5229517221450806
0.43985503911972046
0.45776426792144775
0.2841314971446991
0.4669669270515442
0.3513283431529999
0.42429718375205994
0.40628647804260254
0.4000212550163269
0.27726495265960693
0.47325730323791504
0.4170626997947693
0.4315672516822815
0.455036461353302
0.5673653483390808
0.4299253225326538
0.5307009816169739
0.49775922298431396
0.3771718740463257
0.44128960371017456
0.44760459661483765
0.40026170015335083
0.4855020046234131
0.5776498913764954
0.4970400929450989
0.6502556800842285
0.4980672597885132
0.4376745820045471
0.4722747802734375
