0.46039682626724243
0.6618469953536987
0.47115248441696167
0.4821571111679077
0.5534135103225708
0.43860799074172974
0.3912737965583801
0.45086926221847534
0.5688667297363281
0.48172634840011597
0.5388076901435852
0.4707311987876892
0.45395201444625854
0.4121778607368469
0.6068215370178223
0.5831001996994019
0.43158918619155884
0.3879212737083435
0.5788755416870117
0.4462124705314636
0.4295254945755005
0.47511762380599976
0.5209828615188599
0.36847221851348877
0.439674973487854
0.5143929123878479
0.45517516136169434
0.5027080178260803
0.6376380920410156
0.4570554494857788
0.6312811374664307
0.6481966376304626
0.6531409025192261
0.41928791999816895
0.5286558866500854
0.36834120750427246
0.4217487573623657
0.5434404015541077
0.4720613956451416
0.5337177515029907
0.3261857032775879
0.3836231827735901
0.5476561188697815
0.6057671308517456
0.5139908790588379
0.4530925154685974
0.5195671319961548
0.553431510925293
0.4939799904823303
0.5911632776260376
0.3262861371040344
0.5698084235191345
0.39296114444732666
0.5869101285934448
0.4181203246116638
0.4235506057739258
0.5315572619438171
0.35249119997024536
0.5840837359428406
0.5522676706314087
0.456764280796051
0.4448935389518738
0.4037765860557556
0.4434221386909485
0.44366979598999023
0.4740270972251892
0.5262477397918701
0.5509009957313538
0.42175590991973877
0.4812573194503784
0.5041741728782654
0.4457840323448181
0.6754064559936523
0.42760592699050903
0.6756553649902344
0.39066600799560547
0.43101954460144043
0.5141239762306213
0.5166125297546387
0.4419565200805664
0.4837854504585266
0.46957927942276
0.5559863448143005
0.5201319456100464
0.5555166006088257
0.48469018936157227
0.48683494329452515
0.4902569055557251
0.4645075798034668
0.4765850901603699
0.5717911720275879
0.36526280641555786
0.42564040422439575
0.5362166166305542
0.3933400511741638
0.39223819971084595
0.43939417600631714
0.5896081924438477
0.4899037480354309
0.5528926849365234
0.6655962467193604
0.46058952808380127
0.47632676362991333
0.35345888137817383
0.466169536113739
0.46318238973617554
0.5401195287704468
0.3740835189819336
0.5585336685180664
0.5388668179512024
0.6276673078536987
0.48120665550231934
0.42805910110473633
0.45497894287109375
0.505972146987915
0.5254694819450378
0.3950456380844116
0.4677475094795227
0.5069333910942078
0.5634791851043701
0.3526232838630676
0.4934113025665283
0.6141818761825562
0.4917917847633362
0.4634615182876587
0.43680256605148315
0.48275405168533325
0.39064955711364746
0.6404306292533875
0.4116295576095581
0.51666259765625
0.45996391773223877
0.579098105430603
0.5308051705360413
0.423244833946228
0.5756179094314575
0.537380576133728
0.6416416764259338
0.6389329433441162
0.48362410068511963
0.5108163356781006
0.43731069564819336
0.4449542760848999
0.609764814376831
0.4042295813560486
0.5440399050712585
0.48038238286972046
0.47514015436172485
0.5464229583740234
0.46426570415496826
0.6468725800514221
0.39547884464263916
0.46451157331466675
0.4614545702934265
0.33104997873306274
0.5338097214698792
0.49494969844818115
0.4060497283935547
0.45824337005615234
0.44711995124816895
0.4620659351348877
0.3736581802368164
0.4536370635032654
0.4830610752105713
0.623917281627655
0.46849000453948975
0.4311661124229431
0.5250253677368164
0.47632789611816406
0.5029023289680481
0.5071936249732971
0.5752290487289429
0.6070085763931274
0.6245169043540955
0.603510320186615
0.5662031173706055
0.6024774312973022
0.4298774003982544
0.4972838759422302
0.45215147733688354
0.5308004021644592
0.5529922246932983
0.45170480012893677
0.4955023527145386
0.4672158360481262
0.556858479976654
0.4132990837097168
0.5144643187522888
0.538114607334137
0.42970162630081177
0.48720091581344604
0.2930827736854553
0.5082146525382996
0.45059168338775635
0.44049638509750366
0.5611952543258667
0.442599892616272
0.4002067446708679
0.36202937364578247
0.6771788001060486
0.45210254192352295
0.4072692394256592
0.5819619297981262
0.42083847522735596
0.38520169258117676
0.7426695823669434
0.4516729712486267
0.4115546941757202
0.4513244032859802
0.6225605010986328
0.38729244470596313
0.48682719469070435
0.44886356592178345
0.55792635679245
0.5506194233894348
0.38494205474853516
0.49463123083114624
0.39619559049606323
0.5905488133430481
0.42276960611343384
0.5007214546203613
0.512839674949646
0.5357729196548462
0.3620707392692566
0.4756247401237488
0.5851874947547913
0.3628261089324951
0.5813706517219543
0.6159048080444336
0.5768672823905945
0.5255256295204163
0.4422449469566345
0.5550872087478638
0.413077175617218
0.6113204956054688
0.44516700506210327
0.422544002532959
0.5020519495010376
0.5462043881416321
0.3535040020942688
0.61774742603302
0.5403172969818115
0.4062764644622803
0.4401242136955261
0.4995729923248291
0.5288262367248535
0.4255943298339844
0.4443882703781128
0.5543569922447205
0.5959075093269348
0.5674955248832703
0.42380475997924805
0.40027475357055664
0.4273949861526489
0.43184906244277954
0.47699064016342163
0.4738234281539917
0.487710177898407
0.5136333107948303
0.47685331106185913
0.4780709147453308
0.4575461745262146
0.6440746188163757
0.6204979419708252
0.5944580435752869
0.4157041311264038
0.6669105291366577
0.44925111532211304
0.5670464038848877
0.49344754219055176
0.4962305426597595
0.5654684901237488
0.4695628881454468
0.4227202534675598
0.35725927352905273
0.5865039825439453
0.39580637216567993
0.4463234543800354
0.5024023652076721
0.6713685989379883
0.5537371635437012
0.47743064165115356
0.44660067558288574
0.45070260763168335
0.5189273953437805
0.5520725250244141
0.6044656038284302
0.5276272892951965
0.6629806756973267
0.4698110818862915
0.381053626537323
0.37000012397766113
0.6113420724868774
0.6146517992019653
0.43124818801879883
0.6245021820068359
0.457530677318573
0.44699209928512573
0.4567757248878479
0.5877666473388672
0.44657260179519653
0.5404775738716125
0.37575721740722656
0.46801573038101196
0.5805022120475769
0.46716445684432983
0.40527868270874023
0.3613683581352234
0.4065784215927124
0.4613599181175232
0.5312805771827698
0.5769107937812805
0.40338289737701416
0.5199613571166992
0.2886340022087097
0.3108469247817993
0.5159408450126648
0.39011114835739136
0.5737329721450806
0.4982990622520447
0.399564266204834
0.42937415838241577
0.6393623352050781
0.47028350830078125
0.4051935076713562
0.4840661883354187
0.5642895698547363
0.4673686623573303
0.5575945377349854
0.42936575412750244
0.6594703793525696
0.4880909323692322
0.48386824131011963
0.29265356063842773
0.44320476055145264
0.4645216464996338
0.5841587781906128
0.45215868949890137
0.41930848360061646
0.5990732908248901
0.425700843334198
0.4561035633087158
0.5226470828056335
0.5132251381874084
0.4558597207069397
0.35172057151794434
0.5179967880249023
0.5529719591140747
0.4871888756752014
0.4273338317871094
0.45420151948928833
0.3651745319366455
0.4160115122795105
0.514765739440918
0.36702245473861694
0.33622926473617554
0.5084385871887207
0.4487152099609375
0.4287300705909729
0.51313316822052
0.36869901418685913
0.4181596040725708
0.5422740578651428
0.468797504901886
0.4589167833328247
0.3622363209724426
0.62469083070755
0.45893406867980957
0.5725849866867065
0.5332547426223755
0.5464076995849609
0.37771010398864746
0.47183817625045776
0.524440348148346
0.37508243322372437
0.4204190969467163
0.46506649255752563
0.5283039212226868
0.45674294233322144
0.4360845685005188
0.5281934142112732
0.41040170192718506
0.4949708580970764
0.4624757170677185
0.4241969585418701
0.3958798050880432
0.4115913510322571
0.5279402136802673
0.5310181975364685
0.41105586290359497
0.4101337790489197
0.6282305121421814
0.4220515489578247
0.5687633752822876
0.5390019416809082
0.4244721531867981
0.5432428121566772
0.46624505519866943
0.38455766439437866
0.3933885097503662
0.5885145664215088
0.4723712205886841
0.37423980236053467
0.44471216201782227
0.5052376985549927
0.5599203109741211
0.4183502197265625
0.37674492597579956
0.6013482809066772
0.5211859941482544
0.5331582427024841
0.5646857619285583
0.4987223744392395
0.510495126247406
0.4349967837333679
0.5318036079406738
0.5607138872146606
0.4022924304008484
0.4755935072898865
0.6936109066009521
0.42640531063079834
0.4771566390991211
0.521923840045929
0.5132408738136292
0.5325167179107666
0.4369903802871704
0.4539704918861389
0.43662649393081665
0.5853736996650696
0.5256632566452026
0.47318965196609497
0.5403677821159363
0.42589807510375977
0.4245532155036926
0.40787965059280396
0.500199019908905
0.5295619964599609
0.5440905094146729
0.5851315259933472
0.4927215576171875
0.5130675435066223
0.48134535551071167
0.5161617398262024
0.4231323003768921
0.5009239912033081
0.5838747024536133
0.5061478614807129
0.4180154800415039
0.4448109269142151
0.43598848581314087
0.5489794611930847
0.46823811531066895
0.4892532229423523
0.48458707332611084
0.45130276679992676
0.4458926320075989
0.4798699617385864
0.49448496103286743
0.5385634899139404
0.5123947262763977
0.4765722155570984
0.4738050699234009
0.6107131242752075
0.42022454738616943
0.5556013584136963
0.5131922960281372
0.46041667461395264
0.41763776540756226
0.413360059261322
0.4343279004096985
0.3449925184249878
0.3222958445549011
0.413427472114563
0.6301733255386353
0.4113806486129761
0.4373067617416382
0.4646129012107849
0.5539088249206543
0.510636031627655
0.49009817838668823
0.47419238090515137
0.4754810333251953
0.404418408870697
0.5698550343513489
0.4821028709411621
0.5766473412513733
0.5201122760772705
0.503848671913147
0.43391937017440796
0.4760897159576416
0.4004795551300049
0.5019814372062683
0.41203802824020386
0.4141172766685486
0.49790310859680176
0.3865317106246948
0.5689700245857239
0.4806067943572998
0.3811342120170593
0.5312564373016357
0.5466272830963135
0.5356048941612244
0.4844648241996765
0.5071549415588379
0.4756721258163452
0.2698238790035248
0.5183839201927185
0.5278170704841614
0.3856115937232971
0.531180739402771
0.48184484243392944
0.44493699073791504
0.48240524530410767
0.4506213068962097
0.531776487827301
0.6381348371505737
0.4946724772453308
0.520109236240387
0.5437086820602417
0.3370038866996765
0.4278106093406677
0.3733464479446411
0.527758002281189
0.5013927817344666
0.5866305828094482
0.5658344030380249
0.5809816122055054
0.4204106330871582
0.42081040143966675
0.5686728954315186
0.5273415446281433
0.4004160165786743
0.42977410554885864
0.6015098094940186
0.4246702194213867
0.38760823011398315
0.4539257287979126
0.505901575088501
0.4889675974845886
0.604188084602356
0.49455881118774414
0.5365737676620483
0.4300440549850464
0.4845184087753296
0.5331166982650757
0.4868646264076233
0.6467753052711487
0.4367061257362366
0.4924156069755554
0.3759711980819702
0.3936343789100647
0.4039180278778076
0.37176376581192017
0.47240525484085083
0.5660014152526855
0.5524958372116089
0.5119225382804871
0.5015230774879456
0.43245136737823486
0.45231127738952637
0.46010273694992065
0.41334962844848633
0.4668213725090027
0.5976272821426392
0.3200896978378296
0.5477520227432251
0.4870496392250061
0.5646595358848572
0.6674494743347168
0.3855006694793701
0.48753219842910767
0.3437725901603699
0.3823475241661072
0.4935649037361145
0.5215172171592712
0.3586187958717346
0.4200116991996765
0.5238304734230042
0.5442404747009277
0.44827067852020264
0.422981321811676
0.6403565406799316
0.6365335583686829
0.3668586015701294
0.5902287364006042
0.5806049108505249
0.5092896223068237
0.49282538890838623
0.3773159384727478
0.4569634795188904
0.480694055557251
0.6187362670898438
0.5771811604499817
0.5025321245193481
0.4370909333229065
0.5773196816444397
0.5236403942108154
0.37326133251190186
0.47186702489852905
0.5658297538757324
0.43288522958755493
0.5306902527809143
0.44616758823394775
0.46904194355010986
0.39917057752609253
0.532351016998291
0.5337929725646973
0.44327229261398315
0.5860061049461365
0.6244522333145142
0.4501691460609436
0.4285510182380676
0.4617300033569336
0.4945857524871826
0.4430408477783203
0.32583415508270264
0.4197056293487549
0.4605672359466553
0.43684834241867065
0.40619975328445435
0.5269603729248047
0.4798325300216675
0.36369001865386963
0.3945925831794739
0.46258437633514404
0.6501206159591675
0.5384700298309326
0.40892159938812256
0.4781026840209961
0.4717947840690613
0.5573283433914185
0.5600897669792175
0.43597716093063354
0.5684136152267456
0.486191987991333
0.3849167227745056
0.5798001885414124
0.4419311285018921
0.4413800835609436
0.4657484292984009
0.5747087001800537
0.525035560131073
0.48881781101226807
0.503406286239624
0.5926696062088013
0.4868101477622986
0.4528179168701172
0.6590813398361206
0.4558796286582947
0.4950794577598572
0.4608611464500427
0.48847025632858276
0.37820690870285034
0.4399898052215576
0.6846133470535278
0.479591965675354
0.4555949568748474
0.6039372086524963
0.345971941947937
0.4441676139831543
0.5475621223449707
0.5377887487411499
0.5856255888938904
0.6121617555618286
0.5150388479232788
0.42090147733688354
0.705756664276123
0.4626612663269043
0.6126035451889038
0.5767640471458435
0.5226631164550781
0.5091611742973328
0.4514318108558655
0.5381134748458862
0.3683914542198181
0.42126697301864624
0.5183345079421997
0.48092859983444214
0.43059635162353516
0.45964622497558594
0.5367797613143921
0.5815560221672058
0.43154340982437134
0.42268478870391846
0.4132598638534546
0.4471365213394165
0.4148435592651367
0.5898711681365967
0.4079087972640991
0.5781009197235107
0.4270089268684387
0.42732930183410645
0.5470170974731445
0.37183457612991333
0.5846738815307617
0.5946233868598938
0.4921051263809204
0.4606424570083618
0.43051373958587646
0.44109809398651123
0.34786921739578247
0.4817134737968445
0.5361656546592712
0.4162675738334656
0.3951336145401001
0.35318756103515625
0.46567875146865845
0.5928800106048584
0.6726106405258179
0.4762340784072876
0.4498525857925415
0.669413685798645
0.5032013058662415
0.48182862997055054
0.48429763317108154
0.38976824283599854
0.49842286109924316
0.4323115944862366
0.37297189235687256
0.41135597229003906
0.4308599829673767
0.5167705416679382
0.49880415201187134
0.5846521854400635
0.47259145975112915
0.5390244126319885
0.47121375799179077
0.5228925347328186
0.48812514543533325
0.4393998384475708
0.4415019750595093
0.537397027015686
0.39599597454071045
0.5213536024093628
0.4836576581001282
0.4690583348274231
0.5045390725135803
0.46176719665527344
0.4241448640823364
0.42599695920944214
0.47990745306015015
0.4410848617553711
0.43192988634109497
0.5265403389930725
0.4960201382637024
0.4536164402961731
0.5525217056274414
0.750475287437439
0.4188769459724426
0.461090624332428
0.4152612090110779
0.3756808638572693
0.5503632426261902
0.4569128751754761
0.49956125020980835
0.46669626235961914
0.6232517957687378
0.5775889754295349
0.5807582139968872
0.5517024397850037
0.49349266290664673
0.37842661142349243
0.49078691005706787
0.5545104146003723
0.4825171232223511
0.47356748580932617
0.4338892698287964
0.5447679162025452
0.5747592449188232
0.5297857522964478
0.45595163106918335
0.4792078137397766
0.5696682929992676
0.4008059501647949
0.5030022263526917
0.4887850880622864
0.46840953826904297
0.545110821723938
0.556130588054657
0.4951605200767517
0.44872283935546875
0.5068130493164062
0.3962112069129944
0.3663363456726074
0.4041200876235962
0.4775099754333496
0.662517786026001
0.5718420743942261
0.4795216917991638
0.4390920400619507
0.5409871339797974
0.6612603664398193
0.5424368381500244
0.5513027906417847
0.5855506658554077
0.35093116760253906
0.3322358727455139
0.48391300439834595
0.552182674407959
0.34145456552505493
0.4734094738960266
0.41972482204437256
0.47832590341567993
0.4552037715911865
0.642084002494812
0.5874232053756714
0.3873358964920044
0.4194037914276123
0.4618043303489685
0.6315358877182007
0.616470456123352
0.5450571179389954
0.6827938556671143
0.4711228609085083
0.37979692220687866
0.5316380262374878
0.4805605411529541
0.682410478591919
0.42541682720184326
0.39351582527160645
0.4192544221878052
0.4891088008880615
0.4091109037399292
0.41098564863204956
0.6691927313804626
0.640792965888977
0.5558125972747803
0.5444677472114563
0.43615204095840454
0.4595063328742981
0.42969971895217896
0.44248414039611816
0.5399042963981628
0.6107423305511475
0.4227933883666992
0.5791354179382324
0.5494499206542969
0.4861164093017578
0.38232141733169556
0.6078948974609375
0.4509037733078003
0.5169440507888794
0.5291523933410645
0.5047062039375305
0.4515593647956848
0.5640475749969482
0.35128068923950195
0.4155281186103821
0.5600233674049377
0.4941873550415039
0.43400418758392334
0.5213741064071655
0.5704774856567383
0.5023130774497986
0.5658174157142639
0.4008885622024536
0.4391690492630005
0.5132247805595398
0.40023714303970337
0.5493900775909424
0.445604145526886
0.5739932060241699
0.4571533799171448
0.4705796241760254
0.4698745608329773
0.38270044326782227
0.41915810108184814
0.5487648844718933
0.44121742248535156
0.4493904709815979
0.5066320300102234
0.553987979888916
0.3799251914024353
0.41059064865112305
0.3822312355041504
0.46102213859558105
0.4427151679992676
0.47083139419555664
0.5500251054763794
0.4247705936431885
0.4293851852416992
0.43887805938720703
0.4203062653541565
0.577460527420044
0.4909271001815796
0.494171679019928
0.4135536551475525
0.3526644706726074
0.41025829315185547
0.5021926164627075
0.3665692210197449
0.39693576097488403
0.5426628589630127
0.465412974357605
0.5199741721153259
0.5103623867034912
0.42085522413253784
0.5552579760551453
0.5004060864448547
0.5416014194488525
0.4499315023422241
0.5273122787475586
0.6577959656715393
0.32726889848709106
0.5284020304679871
0.5508731603622437
0.41405344009399414
0.5324869155883789
0.5381072759628296
0.48886483907699585
0.42637115716934204
0.4097791910171509
0.6045135855674744
0.5381613373756409
0.45987480878829956
0.48757457733154297
0.5702395439147949
0.4959227442741394
0.5220056176185608
0.4059138894081116
0.5668277144432068
0.5265447497367859
0.514350175857544
0.4203730821609497
0.6041017770767212
0.38718318939208984
0.32603782415390015
0.46395909786224365
0.4376966953277588
0.37142932415008545
0.33502864837646484
0.48276156187057495
0.44046276807785034
0.4724321961402893
0.5945056676864624
0.49650317430496216
0.361758828163147
0.5299738049507141
0.6619565486907959
0.3499121069908142
0.41953420639038086
0.4964364767074585
0.4888598918914795
0.4099421501159668
0.43089574575424194
0.514132022857666
0.4916524291038513
0.7118759155273438
0.4990139603614807
0.3900248408317566
0.40143460035324097
0.5396883487701416
0.5848661661148071
0.6100571155548096
0.5905988216400146
0.4875646233558655
0.4429240822792053
0.41519224643707275
0.5008947253227234
0.3739691376686096
0.4956711530685425
0.625754177570343
0.5229474902153015
0.7623240351676941
0.5204167366027832
0.5324699878692627
0.5428603291511536
0.4808412790298462
0.4052472710609436
0.45355868339538574
0.4420396089553833
0.5313306450843811
0.46471667289733887
0.5063555240631104
0.6083903312683105
0.39517998695373535
0.5144919753074646
0.5571783781051636
0.4888274669647217
0.5749399662017822
0.5651980042457581
0.5833303928375244
0.43805909156799316
0.7059119343757629
0.40064024925231934
0.4539470672607422
0.5382919311523438
0.5092352628707886
0.5690609216690063
0.5015944838523865
0.5217393636703491
0.4727879762649536
0.47023534774780273
0.42526865005493164
0.5187002420425415
0.47781115770339966
0.5913575291633606
0.3485458493232727
0.4349738359451294
0.45584022998809814
0.4776591658592224
0.5307249426841736
0.5567585825920105
0.45233142375946045
0.5064610838890076
0.42931073904037476
0.5592143535614014
0.5088094472885132
0.5394437313079834
0.5938489437103271
0.3899978995323181
0.4176878333091736
0.49554914236068726
0.5214841961860657
0.6085126399993896
0.5219269394874573
0.5166001319885254
0.39182400703430176
0.4526589512825012
0.4728441834449768
0.5667440891265869
0.5744722485542297
0.41689229011535645
0.48912811279296875
0.6096251010894775
0.581238329410553
0.6030904650688171
0.44476521015167236
0.5242838859558105
0.5818121433258057
0.4106431007385254
0.41818439960479736
0.6229544281959534
0.5185741186141968
0.5555951595306396
0.3932236433029175
0.40357452630996704
0.38067489862442017
0.45513004064559937
0.5392726063728333
0.4656856060028076
0.6694034337997437
0.4644131660461426
0.39232319593429565
0.5207011699676514
0.479678750038147
0.3911978602409363
0.399020254611969
0.5100523233413696
0.4168665409088135
0.4050235152244568
0.45332878828048706
0.3896976113319397
0.45458710193634033
0.40872007608413696
0.41772645711898804
0.5389305949211121
0.5254038572311401
0.6496385335922241
0.5708726644515991
0.41264522075653076
0.3742612600326538
0.4157991409301758
0.5737795829772949
0.37156015634536743
0.5635372400283813
0.5681828260421753
0.49026918411254883
0.3729625344276428
0.5072170495986938
0.4872037172317505
0.6861075162887573
0.5577775239944458
0.538541316986084
0.4522210359573364
0.652604341506958
0.5487802624702454
0.41162770986557007
0.568657398223877
0.43488937616348267
0.388455867767334
0.6232720017433167
0.45685040950775146
0.4425365924835205
0.4845845103263855
0.5728418827056885
0.3806581497192383
0.34406334161758423
0.4197005033493042
0.5052993297576904
0.4722665548324585
0.3860204815864563
0.4795205593109131
0.5858070850372314
0.5283609628677368
0.38832002878189087
0.47716665267944336
0.6006352305412292
0.456961989402771
0.4203304052352905
0.48938417434692383
0.5790754556655884
0.47349220514297485
0.46815693378448486
0.4801502823829651
0.4622383713722229
0.5153475999832153
0.5921142101287842
0.4706001281738281
0.45464223623275757
0.3950515389442444
0.491585910320282
0.5688673853874207
0.5579662322998047
0.3570254445075989
0.6168809533119202
0.46941596269607544
0.4780152440071106
0.3918710947036743
0.6421175003051758
0.4367152452468872
0.43952739238739014
0.5157080292701721
0.4750058054924011
0.4377555251121521
0.38170552253723145
0.5645842552185059
0.5106244087219238
0.535076379776001
0.5042203664779663
0.4200947880744934
0.46048325300216675
0.6945446729660034
0.457456111907959
0.4337620139122009
0.3917178511619568
0.44289636611938477
0.4466203451156616
0.4542087912559509
0.4154357314109802
0.4767237901687622
0.36582261323928833
0.39572852849960327
0.3670006990432739
0.46714305877685547
0.43042224645614624
0.4907533526420593
0.4776288866996765
0.5996238589286804
0.5734710693359375
0.6395537853240967
0.40736478567123413
0.4657735228538513
0.4950712323188782
0.5320019721984863
0.6654852628707886
0.5389552712440491
0.536544144153595
0.5046720504760742
0.5773038268089294
0.43490684032440186
0.47393178939819336
0.5166055560112
0.4183156490325928
0.43458235263824463
0.4397127628326416
0.5437527298927307
0.4045873284339905
0.36643195152282715
0.37698954343795776
0.4012446999549866
0.45800548791885376
0.5622855424880981
0.48783791065216064
0.5457436442375183
0.6103414297103882
0.44100475311279297
0.4029664397239685
0.4430028200149536
0.5477598309516907
0.4719289541244507
0.6298978328704834
0.35939890146255493
0.5854666233062744
0.4903026819229126
0.44253814220428467
0.3632013201713562
0.4132167100906372
0.618436336517334
0.4079967141151428
0.4628288149833679
0.5073068737983704
0.5173583030700684
0.4185084104537964
0.34306156635284424
0.6148735284805298
0.4454975128173828
0.3780215382575989
0.39665329456329346
0.43106895685195923
0.4616249203681946
0.48050457239151
0.4623637795448303
0.6561868190765381
0.4484363794326782
0.559024453163147
0.7091476917266846
0.43939435482025146
0.529234766960144
0.4025554656982422
0.6033449172973633
0.5218547582626343
0.440471887588501
0.4296032190322876
0.4792158007621765
0.5122146010398865
0.5722749829292297
0.4471213221549988
0.5813516974449158
0.5669347047805786
0.5012359619140625
0.36209821701049805
0.5192641019821167
0.40397828817367554
0.4959002137184143
0.42381834983825684
0.4092487096786499
0.4350462555885315
0.41085904836654663
0.5304734110832214
0.45259279012680054
0.47602713108062744
0.5146044492721558
0.43747085332870483
0.4855424165725708
0.46052783727645874
0.5572997331619263
0.40258312225341797
0.500832736492157
0.4122787117958069
0.608237624168396
0.48609232902526855
0.48452872037887573
0.40193110704421997
0.4788190722465515
0.5118284225463867
0.41464340686798096
0.4703821539878845
0.44888877868652344
0.5490484237670898
0.5149909853935242
0.5115305185317993
0.4377374053001404
0.4753994345664978
0.3711143136024475
0.5090081691741943
0.6790516972541809
0.4136802554130554
0.4830108880996704
0.6159342527389526
0.43403446674346924
0.6052713990211487
0.5264093279838562
0.5638190507888794
0.6274032592773438
0.5081140398979187
0.5074737071990967
0.552739143371582
0.5490671992301941
0.5372467637062073
0.34564918279647827
0.590273380279541
0.5466403365135193
0.4164712429046631
0.46356630325317383
0.5418996810913086
0.36141538619995117
0.49511802196502686
0.4855020046234131
0.5548198223114014
0.5095421671867371
0.6089337468147278
0.5816376805305481
0.5069257616996765
0.47534483671188354
0.5336138010025024
0.5558127164840698
0.4991997480392456
0.5741669535636902
0.455588698387146
0.45143061876296997
0.578773021697998
0.6548885703086853
0.5212941765785217
0.5391371250152588
0.5644543766975403
0.5431575179100037
0.4471619725227356
0.42072975635528564
0.43114882707595825
0.5228070616722107
0.3823767900466919
0.38535499572753906
0.5719318389892578
0.4815090298652649
0.4865916967391968
0.6610805988311768
0.5082418918609619
0.6928621530532837
0.4469268321990967
0.5174791216850281
0.5266558527946472
0.3782259225845337
0.6010507345199585
0.37654441595077515
0.4557151198387146
0.5909479856491089
0.389215886592865
0.5063205361366272
0.552452564239502
0.570306122303009
0.3869286775588989
0.5284755229949951
0.48535650968551636
0.31568604707717896
0.4496310353279114
0.4468737244606018
0.5351970195770264
0.42834746837615967
0.48600149154663086
0.6371052265167236
0.5526861548423767
0.36976343393325806
0.6353976726531982
0.5172785520553589
0.3727497458457947
0.45675933361053467
0.4813078045845032
0.44856584072113037
0.5900382399559021
0.5685919523239136
0.4013383388519287
0.6481189727783203
0.47824591398239136
0.49662554264068604
0.5011007785797119
0.40136533975601196
0.5877610445022583
0.4996379613876343
0.47858309745788574
0.5485906004905701
0.4603880047798157
0.5059753656387329
0.4771479368209839
0.4169195294380188
0.5456560254096985
0.4783972501754761
0.4758107662200928
0.5046583414077759
0.4493720531463623
0.4505932331085205
0.5435590147972107
0.410284161567688
0.5606039762496948
0.523077130317688
0.5234146118164062
0.5115935802459717
0.5477393865585327
0.4726686477661133
0.4481450915336609
0.5922253727912903
0.42758458852767944
0.361309289932251
0.5436882972717285
0.47795283794403076
0.5174675583839417
0.43604862689971924
0.5750829577445984
0.41690319776535034
0.6266999244689941
0.6038854122161865
0.5618350505828857
0.4910739064216614
0.5554216504096985
0.48049575090408325
0.5383847951889038
0.47360759973526
0.5368536114692688
0.5161747932434082
0.42627471685409546
0.4687514901161194
0.5687658786773682
0.5010301470756531
0.5849682092666626
0.4587421417236328
0.3678281903266907
0.3925999402999878
0.4952163100242615
0.5842828750610352
0.36264145374298096
0.41840076446533203
0.41837406158447266
0.4910981059074402
0.3896312117576599
0.4160841107368469
0.45766788721084595
0.47534018754959106
0.4069531559944153
0.40730518102645874
0.29967835545539856
0.3959426283836365
0.31417059898376465
0.5087766051292419
0.5631402730941772
0.3890727162361145
0.325721800327301
0.5397255420684814
0.5060843229293823
0.4770270586013794
0.4755624532699585
0.5340065956115723
0.3266914486885071
0.4431200623512268
0.4778430461883545
0.5215055346488953
0.4415736198425293
0.4692753553390503
0.6060298681259155
0.46461641788482666
0.6381790041923523
0.6678040623664856
0.40736091136932373
0.4732673168182373
0.4107041358947754
0.6545723080635071
0.36720800399780273
0.4862744212150574
0.48625338077545166
0.41547685861587524
0.4375755190849304
0.5616066455841064
0.42230474948883057
0.30297231674194336
0.3319142460823059
0.5221840143203735
0.599938154220581
0.46083682775497437
0.5130095481872559
0.49843186140060425
0.5215176343917847
0.49640196561813354
0.3976948857307434
0.4499167799949646
0.5203389525413513
0.4683629870414734
0.4025673270225525
0.47252094745635986
0.48677653074264526
0.5467677116394043
0.45755207538604736
0.3756808638572693
0.49868762493133545
0.34810638427734375
0.45134681463241577
0.39992034435272217
0.6526538133621216
0.40109187364578247
0.5174239873886108
0.5774961709976196
0.6729676723480225
0.4611319899559021
0.5186321139335632
0.5329501032829285
0.4190380573272705
0.515773355960846
0.48640555143356323
0.7804832458496094
0.5217306017875671
0.5661357045173645
0.47661978006362915
0.38389497995376587
0.464857816696167
0.49916142225265503
0.35217034816741943
0.49927371740341187
0.40945714712142944
0.46585512161254883
0.4066568613052368
0.447441041469574
0.592390775680542
0.36931198835372925
0.43480533361434937
0.4848487973213196
0.43672293424606323
0.564777135848999
0.41822290420532227
0.44080960750579834
0.43235278129577637
0.46107029914855957
0.5391395688056946
0.4263564944267273
0.5010458827018738
0.6179455518722534
0.49392175674438477
0.5132277607917786
0.5052967071533203
0.5232897400856018
0.5273935198783875
0.5171883702278137
0.4121614098548889
0.5040342211723328
0.3820631504058838
0.6288837790489197
0.4659386873245239
0.5118399858474731
0.48008257150650024
0.4120140075683594
0.4397539496421814
0.6486777067184448
0.4390193223953247
0.4379515051841736
0.37606972455978394
0.4761517643928528
0.5109876990318298
0.6814934611320496
0.5132201313972473
0.48609358072280884
0.6307337284088135
0.48823386430740356
0.46105021238327026
0.5018304586410522
0.40594714879989624
0.4430580735206604
0.5769528746604919
0.5941087603569031
0.48393064737319946
0.37455976009368896
0.5610532164573669
0.652041494846344
0.4458101987838745
0.4409176707267761
0.3963705897331238
0.4750063419342041
0.4990319013595581
0.37930232286453247
0.46630942821502686
0.49397575855255127
0.5982452630996704
0.4061827063560486
0.4091562032699585
0.4916524291038513
0.3430652618408203
0.61208176612854
0.39487653970718384
0.5787495374679565
0.3719903230667114
0.43566393852233887
0.4704743027687073
0.4675120711326599
0.5238528847694397
0.4682667851448059
0.47660672664642334
0.6856383085250854
0.43148142099380493
0.4566255807876587
0.5827210545539856
0.4170640707015991
0.4935685992240906
0.44941914081573486
0.525081992149353
0.471297025680542
0.40482497215270996
0.3966442346572876
0.48799043893814087
0.5989076495170593
0.5209282636642456
0.5529425144195557
0.45551884174346924
0.5475086569786072
0.5266808271408081
0.604917049407959
0.5150840282440186
0.47111451625823975
0.41461068391799927
0.47534888982772827
0.4212244153022766
0.5556090474128723
0.5469257831573486
0.4764258861541748
0.3639265298843384
0.5087964534759521
0.4030390977859497
0.5304663181304932
0.38576334714889526
0.472683310508728
0.4299370050430298
0.4639207124710083
0.4060642719268799
0.4144057035446167
0.5148941874504089
0.5468958020210266
0.5123149156570435
0.38736456632614136
0.39294523000717163
0.46781212091445923
0.41478151082992554
0.527580201625824
0.3577951192855835
0.3948814868927002
0.4825971722602844
0.39179527759552
0.4578186273574829
0.4065443277359009
0.37665408849716187
0.5324815511703491
0.5320253372192383
0.4293978214263916
0.4730696678161621
0.5775871276855469
0.5732229948043823
0.3645683526992798
0.47976231575012207
0.549534022808075
0.3720477223396301
0.554684579372406
0.33154112100601196
0.42919862270355225
0.413440465927124
0.5059027075767517
0.5835375189781189
0.5880537033081055
0.5219422578811646
0.5058477520942688
0.4432063102722168
0.6125262975692749
0.4680354595184326
0.43438249826431274
0.424640417098999
0.3768591284751892
0.5040153861045837
0.4942852258682251
0.5051756501197815
0.5788207650184631
0.42390549182891846
0.548651933670044
0.44168728590011597
0.38863086700439453
0.5597437620162964
0.3850932717323303
0.4749825596809387
0.4561948776245117
0.43773704767227173
0.4642714858055115
0.3739531636238098
0.3874891996383667
0.4097573757171631
0.5006512999534607
0.4112567901611328
0.5303762555122375
0.44523191452026367
0.5274567008018494
0.5020729303359985
0.5487692356109619
0.5762267112731934
0.5706677436828613
0.4972883462905884
0.4665762782096863
0.4636709690093994
0.41240501403808594
0.5312057733535767
0.6036341190338135
0.37008094787597656
0.5383124947547913
0.5242077708244324
0.46078383922576904
0.49002963304519653
0.4462894797325134
0.5073461532592773
0.498587965965271
0.33951014280319214
0.41291290521621704
0.4587608575820923
0.6093476414680481
0.48348820209503174
0.371915340423584
0.6831463575363159
0.4436683654785156
0.4813634753227234
0.5523770451545715
0.38486433029174805
0.37773603200912476
0.5101204514503479
0.4498588442802429
0.4539281725883484
0.4320307970046997
0.5150254368782043
0.516474723815918
0.6253474354743958
0.4870362877845764
0.43632829189300537
0.4409835934638977
0.47355616092681885
0.546174943447113
0.5465700030326843
0.5539871454238892
0.5460994243621826
0.4264432191848755
0.4350932240486145
0.4703477621078491
0.3960880637168884
0.7047404050827026
0.3949667811393738
0.5616670846939087
0.5244613885879517
0.45405906438827515
0.5731430053710938
0.614409327507019
0.5887677669525146
0.5266934633255005
0.5846479535102844
0.6264601945877075
0.5385750532150269
0.5567421317100525
0.33186036348342896
0.5817104578018188
0.42817968130111694
0.6261897087097168
0.4408496618270874
0.4424537420272827
0.42540258169174194
0.46270066499710083
0.5106215476989746
0.5918478965759277
0.48916465044021606
0.4923737049102783
0.5902287364006042
0.5308789610862732
0.46368277072906494
0.39846163988113403
0.4979611039161682
0.5498692989349365
0.4393266439437866
0.5066928863525391
0.5078616738319397
0.489160418510437
0.3903244733810425
0.4089447855949402
0.43222665786743164
0.5478902459144592
0.5756548643112183
0.4984828233718872
0.4155237674713135
0.567176103591919
0.7254271507263184
0.5145722031593323
0.436989426612854
0.4549053907394409
0.46598464250564575
0.41487783193588257
0.4718817472457886
0.5266712307929993
0.37382572889328003
0.46422821283340454
0.5813599228858948
0.47150909900665283
0.4614611864089966
0.5433470010757446
0.4337286353111267
0.5228728652000427
0.6032049655914307
0.4159086346626282
0.5100840926170349
0.53697669506073
0.5129618048667908
0.5120251774787903
0.5011594295501709
0.4266805648803711
0.5659140348434448
0.3577902913093567
0.527407169342041
0.5297262668609619
0.5452030897140503
0.5207324624061584
0.4323338270187378
0.49169427156448364
0.4923834800720215
0.45633363723754883
0.48123353719711304
0.5026978850364685
0.564571738243103
0.5022579431533813
0.5642980337142944
0.38373082876205444
0.5897839069366455
0.37426525354385376
0.6151840686798096
0.535858154296875
0.42386335134506226
0.5195066928863525
0.49629032611846924
0.5472184419631958
0.3974652886390686
0.3868137001991272
0.4254906177520752
0.3632013201713562
0.5925910472869873
0.6490811109542847
0.3917049765586853
0.49388962984085083
0.4598693251609802
0.4292922019958496
0.5976989269256592
0.3851066827774048
0.47879981994628906
0.5285438895225525
0.4956369400024414
0.517096757888794
0.38971829414367676
0.4136826992034912
0.5055493116378784
0.4788947105407715
0.3695722222328186
0.49215126037597656
0.3957967162132263
0.5187633037567139
0.46274739503860474
0.40231287479400635
0.45470571517944336
0.4982221722602844
0.448469877243042
0.45643025636672974
0.5097073912620544
0.5194911360740662
0.6529743671417236
0.4708505868911743
0.5509549975395203
0.4615858793258667
0.45354634523391724
0.4233552813529968
0.3288644552230835
0.4827917814254761
0.5747161507606506
0.5955746173858643
0.5024024844169617
0.4072355628013611
0.596916675567627
0.4573066830635071
0.4839377999305725
0.4715142250061035
0.6660772562026978
0.5123640894889832
0.37106722593307495
0.4077131152153015
0.46512484550476074
0.4246920943260193
0.31459981203079224
0.39298319816589355
0.5005728602409363
0.6346734762191772
0.6262161731719971
0.49549049139022827
0.3858003616333008
0.5430730581283569
0.47397518157958984
0.3193758726119995
0.4655470848083496
0.5533190965652466
0.40823662281036377
0.5555446147918701
0.4604993462562561
0.5277807712554932
0.4888530969619751
0.48854029178619385
0.511699378490448
0.5985631942749023
0.5372382998466492
0.615058183670044
0.5710886716842651
0.3685033321380615
0.5216096639633179
0.3715355396270752
0.46084851026535034
0.46655911207199097
0.5551409721374512
0.46748411655426025
0.4567243456840515
0.6429423689842224
0.45926326513290405
0.5210011005401611
0.5101163983345032
0.688867449760437
0.49189335107803345
0.4226589798927307
0.36718547344207764
0.3248341679573059
0.4312095046043396
0.517787754535675
0.5309298038482666
0.5023995041847229
0.4483172297477722
0.4446134567260742
0.46775496006011963
0.6536942720413208
0.45002204179763794
0.4588707685470581
0.4554519057273865
0.5749834775924683
0.5421192049980164
0.46240609884262085
0.4490635395050049
0.38380324840545654
0.46676093339920044
0.5934540033340454
0.3471948504447937
0.420465350151062
0.4518747329711914
0.698401689529419
0.5259121060371399
0.5713193416595459
0.5111656188964844
0.4510030150413513
0.49898141622543335
0.4896244406700134
0.688514232635498
0.3557606339454651
0.45245546102523804
0.47983574867248535
0.5940569639205933
0.4313804507255554
0.4994242191314697
0.3998895287513733
0.4999362826347351
0.471297025680542
0.4152870178222656
0.6590089797973633
0.5406670570373535
0.43737590312957764
0.44494885206222534
0.4298883080482483
0.49137675762176514
0.34430235624313354
0.4767211675643921
0.45749545097351074
0.6028969287872314
0.5805038213729858
0.516912043094635
0.3925594091415405
0.5718523263931274
0.38155800104141235
0.5459691286087036
0.5541530251502991
0.43599796295166016
0.5393091440200806
0.41606926918029785
0.6327164173126221
0.4462764263153076
0.5042325258255005
0.6171631813049316
0.4995335340499878
0.6517820358276367
0.5350034832954407
0.4738737940788269
0.3835827112197876
0.42577338218688965
0.4290240406990051
0.47464120388031006
0.47435659170150757
0.4351927638053894
0.49461954832077026
0.44376593828201294
0.43279409408569336
0.34747451543807983
0.49625736474990845
0.39690613746643066
0.5570697784423828
0.4570211172103882
0.4852907061576843
0.3290663957595825
0.37138038873672485
0.5359710454940796
0.3921743631362915
0.35071247816085815
0.43731439113616943
0.6118260622024536
0.477011501789093
0.6455678939819336
0.5468167662620544
0.48987269401550293
0.5331902503967285
0.40028834342956543
0.4189909100532532
0.6246767640113831
0.38142818212509155
0.43708086013793945
0.5057724118232727
0.5030214786529541
0.4555591940879822
0.5411805510520935
0.3704492449760437
0.4600600004196167
0.4426204562187195
0.4885004758834839
0.5486097931861877
0.6590147018432617
0.5899444818496704
0.47405165433883667
0.46238142251968384
0.44276535511016846
0.549591064453125
0.5854436755180359
0.5665647983551025
0.4000646471977234
0.39194536209106445
0.4018825888633728
0.4401651620864868
0.5132469534873962
0.5093130469322205
0.5758029222488403
0.5474613904953003
0.4794420599937439
0.42396706342697144
0.43368446826934814
0.5148851871490479
0.44471925497055054
0.49453598260879517
0.4746546149253845
0.5109260678291321
0.4808390140533447
0.47990649938583374
0.561203122138977
0.40136855840682983
0.3734135627746582
0.6292631030082703
0.40483349561691284
0.5281294584274292
0.3821083903312683
0.47697722911834717
0.46349990367889404
0.42533165216445923
0.5013030767440796
0.4029235243797302
0.5782321095466614
0.5629563927650452
0.49474138021469116
0.4859147071838379
0.5036094784736633
0.508662223815918
0.3714483380317688
0.4527432322502136
0.49229687452316284
0.5781631469726562
0.3899003267288208
0.6424305438995361
0.3837873935699463
0.47484326362609863
0.5203500986099243
0.6346428394317627
0.4789949059486389
0.6390810012817383
0.43704402446746826
0.40368062257766724
0.49920129776000977
0.4936482310295105
0.5616507530212402
0.47469663619995117
0.4652838706970215
0.5705865621566772
0.4188076853752136
0.4198697805404663
0.5738824605941772
0.45372122526168823
0.40895527601242065
0.35039305686950684
0.47607266902923584
0.6600616574287415
0.6738584637641907
0.4349273443222046
0.5524033308029175
0.5543984770774841
0.45796072483062744
0.6129037737846375
0.3491130471229553
0.4713771343231201
0.560758650302887
0.3763659596443176
0.4523657560348511
0.49871474504470825
0.5511442422866821
0.563193678855896
0.46229803562164307
0.5558648109436035
0.5153439044952393
0.47357243299484253
0.45043760538101196
0.4502217769622803
0.5232748985290527
0.4424424171447754
0.4856250286102295
0.44334542751312256
0.6056122183799744
0.4001498818397522
0.5507878065109253
0.40778350830078125
0.5587368011474609
0.636711597442627
0.4011493921279907
0.7046864628791809
0.5589543581008911
0.4367997646331787
0.6308585405349731
0.7104455232620239
0.3782215714454651
0.4590938687324524
0.3815818428993225
0.46972864866256714
0.4141237735748291
0.5693104863166809
0.6390929818153381
0.4532303214073181
0.4800744652748108
0.4514428377151489
0.5696049928665161
0.4454261064529419
0.4957299828529358
0.341083288192749
0.44001173973083496
0.4152798652648926
0.5220015645027161
0.4939054250717163
0.5998134613037109
0.4356066584587097
0.42039066553115845
0.41626834869384766
0.5172661542892456
0.3999987244606018
0.6917769312858582
0.5922379493713379
0.4443773627281189
0.5560649037361145
0.42486923933029175
0.4795699715614319
0.4926620125770569
0.44856035709381104
0.4520513415336609
0.6150063276290894
0.5684356093406677
0.5268038511276245
0.613436758518219
0.4353514313697815
0.35768067836761475
0.4687287211418152
0.6281310319900513
0.5172926783561707
0.6063464283943176
0.48949623107910156
0.4706323742866516
0.4100174903869629
0.3781682848930359
0.36631327867507935
0.4527803063392639
0.5603306889533997
0.5082140564918518
0.36938613653182983
0.37780725955963135
0.3873831629753113
0.392558753490448
0.3910805583000183
0.45648354291915894
0.4749717712402344
0.40689700841903687
0.3758578300476074
0.49024832248687744
0.4720659852027893
0.46041953563690186
0.5833022594451904
0.44253528118133545
0.5670303702354431
0.4082494378089905
0.3710336685180664
0.7092772126197815
0.5091526508331299
0.5505027174949646
0.4211621880531311
0.409525990486145
0.6318544149398804
0.5279551148414612
0.48150211572647095
0.5746728181838989
0.4802236557006836
0.4298238158226013
0.44727909564971924
0.47189897298812866
0.4069884419441223
0.4196922183036804
0.3225276470184326
0.3724507689476013
0.45226508378982544
0.44757115840911865
0.4639633893966675
0.5827538967132568
0.4308261275291443
0.32413530349731445
0.4578370451927185
0.3568069338798523
0.5187324285507202
0.47789615392684937
0.45974504947662354
0.4984928369522095
0.42961061000823975
0.46907442808151245
0.4484284520149231
0.5556744337081909
0.4364687204360962
0.45519763231277466
0.5252188444137573
0.4630240797996521
0.48811185359954834
0.46036678552627563
0.39558494091033936
0.39753443002700806
0.48503172397613525
0.43705040216445923
0.49869322776794434
0.3651212453842163
0.5264679193496704
0.4752310514450073
0.4162614345550537
0.4800912141799927
0.37866151332855225
0.531937837600708
0.43987685441970825
0.5005649924278259
0.51976478099823
0.503807783126831
0.48247259855270386
0.49211937189102173
0.6008296012878418
0.3655303716659546
0.503524124622345
0.44756948947906494
0.40914463996887207
0.5121931433677673
0.38539624214172363
0.4417956471443176
0.4740353226661682
0.5541334748268127
0.3722894787788391
0.45381033420562744
0.4838410019874573
0.4709094762802124
0.5340457558631897
0.5521138906478882
0.4941355586051941
0.6123907566070557
0.44967418909072876
0.5790387392044067
0.42282503843307495
0.37124937772750854
0.43503159284591675
0.4106016159057617
0.4097122550010681
0.4659324288368225
0.5660921335220337
0.4501817226409912
0.6023270487785339
0.3994694948196411
0.447174608707428
0.5033289194107056
0.42188888788223267
0.4358046054840088
0.5343494415283203
0.5047016143798828
0.4336477518081665
0.46791917085647583
0.52843177318573
0.526505708694458
0.4693514108657837
0.508842945098877
0.4789334535598755
0.4881593585014343
0.45883721113204956
0.4347413182258606
0.4717220664024353
0.5909673571586609
0.40573883056640625
0.5610997676849365
0.42793911695480347
0.42608124017715454
0.46409136056900024
0.4113602042198181
0.5019210577011108
0.49862784147262573
0.5137659907341003
0.4437560439109802
0.6952950954437256
0.4393252730369568
0.4336169958114624
0.4395371079444885
0.46098530292510986
0.4332740306854248
0.5519382953643799
0.4474918246269226
0.5082417726516724
0.5483469367027283
0.3481040596961975
0.44340306520462036
0.4214619994163513
0.675065279006958
0.3595463037490845
0.527743935585022
0.38422346115112305
0.5620267391204834
0.4009830951690674
0.516697883605957
0.518605649471283
0.6374492645263672
0.4277687668800354
0.4013410210609436
0.5377442836761475
0.4132809042930603
0.6499515175819397
0.5407330989837646
0.40038037300109863
0.47169119119644165
0.3856871724128723
0.5534756779670715
0.5303199291229248
0.49951815605163574
0.6028434038162231
0.4255693554878235
0.4330766201019287
0.5106066465377808
0.5655775666236877
0.41758036613464355
0.5235660672187805
0.5107319951057434
0.43367326259613037
0.4533461332321167
0.5000892877578735
0.42773300409317017
0.3945654630661011
0.5144808292388916
0.5994820594787598
0.591050922870636
0.45073258876800537
0.38684195280075073
0.3609856367111206
0.4705613851547241
0.46908116340637207
0.5563973188400269
0.3859556317329407
0.49049192667007446
0.508820116519928
0.606220543384552
0.5219917297363281
0.5613068342208862
0.4949726462364197
0.5961941480636597
0.5319278836250305
0.46290796995162964
0.35537660121917725
0.5544232726097107
0.5708963871002197
0.5639619827270508
0.5691202878952026
0.5114330053329468
0.4506998062133789
0.4948347210884094
0.5855681896209717
0.445570170879364
0.36652547121047974
0.4476041793823242
0.5658537745475769
0.5355858206748962
0.4990067481994629
0.39198732376098633
0.5746392607688904
0.4633805751800537
0.5688408613204956
0.43943333625793457
0.39297330379486084
0.3988088369369507
0.3900330662727356
0.6363126039505005
0.5280357599258423
0.4706546664237976
0.3405311107635498
0.4116332530975342
0.39216166734695435
0.47243303060531616
0.4652697443962097
0.5633949041366577
0.5900002717971802
0.41976869106292725
0.5370837450027466
0.44475340843200684
0.4540037512779236
0.4951325058937073
0.5069541931152344
0.3915172815322876
0.6246864199638367
0.4711630940437317
0.5124704837799072
0.6380946636199951
0.5705255270004272
0.5479375123977661
0.5226482152938843
0.6505207419395447
0.47318166494369507
0.4531330466270447
0.4355258345603943
0.4314388036727905
0.5927907824516296
0.4995601773262024
0.6171048879623413
0.5382773280143738
0.40872007608413696
0.431493878364563
0.4708358645439148
0.4547613263130188
0.5119419693946838
0.6356781125068665
0.3551245927810669
0.5077882409095764
0.37390387058258057
0.3731221556663513
0.6425521373748779
0.41587352752685547
0.34781402349472046
0.4286801218986511
0.3558225631713867
0.5645501017570496
0.432644248008728
0.5483587384223938
0.4052131175994873
0.4756126403808594
0.45719432830810547
0.5794762969017029
0.5091812610626221
0.48606932163238525
0.5936485528945923
0.5326730608940125
0.304304838180542
0.6198161244392395
0.5279767513275146
0.47306907176971436
0.4650324583053589
0.429859459400177
0.5219972133636475
0.39484626054763794
0.5208053588867188
0.49334150552749634
0.4183386564254761
0.46178770065307617
0.37652450799942017
0.5495291352272034
0.44560450315475464
0.36169660091400146
0.46613532304763794
0.4796046018600464
0.45010656118392944
0.4806671142578125
0.3236679434776306
0.571908712387085
0.5577726364135742
0.515350878238678
0.4321417808532715
0.4497941732406616
0.5706979632377625
0.5237595438957214
0.6000728011131287
0.6071816682815552
0.45561206340789795
0.4347369074821472
0.40898096561431885
0.5806645154953003
0.5386130809783936
0.5379356741905212
0.4658479690551758
0.5818876028060913
0.44194650650024414
0.536834716796875
0.5498390197753906
0.5540522336959839
0.5764235258102417
0.5154711008071899
0.40604549646377563
0.2649417519569397
0.4192187190055847
0.45855969190597534
0.44928860664367676
0.3011170029640198
0.35393261909484863
0.5347796082496643
0.408585786819458
0.44874322414398193
0.5300716161727905
0.46199697256088257
0.581001341342926
0.6053885221481323
0.4598683714866638
0.4809933304786682
0.5537305474281311
0.45935624837875366
0.2977510392665863
0.5159292221069336
0.45218104124069214
0.5831785202026367
0.6550333499908447
0.4904784560203552
0.4415399432182312
0.4667619466781616
0.478771448135376
0.4461798071861267
0.4944697618484497
0.48011213541030884
0.5998891592025757
0.4286595582962036
0.5017648935317993
0.6237562298774719
0.522172749042511
0.4902348518371582
0.43497055768966675
0.6097822189331055
0.5631927251815796
0.5378825068473816
0.41315215826034546
0.5853568315505981
0.5170133113861084
0.6464656591415405
0.38569891452789307
0.4041166305541992
0.4769100546836853
0.5582090616226196
0.43037790060043335
0.5705438256263733
0.43890440464019775
0.43251311779022217
0.5133621096611023
0.48992300033569336
0.4401974081993103
0.4325721263885498
0.4372510313987732
0.4964582324028015
0.5422857999801636
0.4952024221420288
0.5865404605865479
0.44529885053634644
0.353371798992157
0.5403385162353516
0.5166224241256714
0.40699201822280884
0.48829972743988037
0.49163490533828735
0.5755370855331421
0.4725186228752136
0.46591025590896606
0.47508615255355835
0.46018487215042114
0.5412023663520813
0.36149823665618896
0.5209625363349915
0.500617265701294
0.3657941222190857
0.6438038349151611
0.5133318901062012
0.42011457681655884
0.5889445543289185
0.5424129366874695
0.626448929309845
0.5698062777519226
0.4773743152618408
0.43734705448150635
0.4811365604400635
0.5375024080276489
0.4262853264808655
0.46411681175231934
0.48399972915649414
0.4040951728820801
0.33968478441238403
0.512551486492157
0.5560497045516968
0.5117035508155823
0.44716620445251465
0.4728861451148987
0.5115700364112854
0.5710853338241577
0.48110371828079224
0.505240261554718
0.417266309261322
0.40968263149261475
0.5729290246963501
0.41816258430480957
0.44027894735336304
0.480838418006897
0.5791286826133728
0.4569741487503052
0.47170501947402954
0.4961094856262207
0.5414981245994568
0.4786422848701477
0.48936617374420166
0.653612494468689
0.5159796476364136
0.4902670979499817
0.49883460998535156
0.5101423263549805
0.39376020431518555
0.6104157567024231
0.5044520497322083
0.47142529487609863
0.40715259313583374
0.609795093536377
0.610228955745697
0.5650098323822021
0.6061132550239563
0.47451645135879517
0.47330713272094727
0.48798006772994995
0.5053532123565674
0.6353811025619507
0.6186076402664185
0.522397518157959
0.366094708442688
0.4949972629547119
0.3972782492637634
0.5941251516342163
0.5758043527603149
0.4323923587799072
0.49452275037765503
0.6040433645248413
0.43508070707321167
0.3876863718032837
0.40677469968795776
0.5337164402008057
0.605175793170929
0.539395272731781
0.47677314281463623
0.43119919300079346
0.5354846119880676
0.45883142948150635
0.42821747064590454
0.44183850288391113
0.45689868927001953
0.5525217056274414
0.4405199885368347
0.5521472096443176
0.3484817147254944
0.5319892764091492
0.5245566964149475
0.4787922501564026
0.5391954183578491
0.4591118097305298
0.5221849083900452
0.5322054624557495
0.5095764398574829
0.4634242653846741
0.4368027448654175
0.5163536071777344
0.581663966178894
0.5099847912788391
0.6220753788948059
0.38697558641433716
0.4729061722755432
0.47041940689086914
0.5576907396316528
0.42255353927612305
0.4194965958595276
0.40137606859207153
0.47141385078430176
0.47396498918533325
0.464555025100708
0.7192952036857605
0.4208327531814575
0.5112511515617371
0.552529513835907
0.46300196647644043
0.3850014805793762
0.5118885636329651
0.5645914077758789
0.44818902015686035
0.5016173124313354
0.4761141538619995
0.41830408573150635
0.5679312944412231
0.4450538158416748
0.41317135095596313
0.623080849647522
0.5582127571105957
0.37061184644699097
0.4361684322357178
0.48157137632369995
0.737438440322876
0.4221605658531189
0.4004501700401306
0.5502374768257141
0.39834505319595337
0.5456066727638245
0.4125567674636841
0.46890270709991455
0.6281652450561523
0.3954182267189026
0.4963001012802124
0.6094545125961304
0.4800453782081604
0.4073147773742676
0.40804916620254517
0.42709118127822876
0.39927250146865845
0.5078818202018738
0.3918037414550781
0.42270147800445557
0.5860248804092407
0.533481776714325
0.4331183433532715
0.37947702407836914
0.42382287979125977
0.5449807643890381
0.4489946961402893
0.553665280342102
0.5691967010498047
0.6182506084442139
0.5097276568412781
0.689597487449646
0.5726796984672546
0.5906182527542114
0.4014435410499573
0.4210742115974426
0.5137315988540649
0.541799008846283
0.4344114661216736
0.4129446744918823
0.45433902740478516
0.39357495307922363
0.5648103356361389
0.4785723090171814
0.5660481452941895
0.4460805058479309
0.5163634419441223
0.4786452054977417
0.46688270568847656
0.45974165201187134
0.4801786541938782
0.38165825605392456
0.5423634052276611
0.6349852085113525
0.47783899307250977
0.495826780796051
0.5251669883728027
0.49784713983535767
0.4552767276763916
0.5407692193984985
0.5697256326675415
0.5239094495773315
0.572180986404419
0.47962242364883423
0.4196578860282898
0.488206148147583
0.3965080976486206
0.4945041537284851
0.3769395351409912
0.467279851436615
0.40362006425857544
0.4293323755264282
0.5004741549491882
0.34631699323654175
0.4600093364715576
0.5391432046890259
0.6223273277282715
0.42043209075927734
0.3715950846672058
0.4395238161087036
0.5735040307044983
0.4151422381401062
0.5235272645950317
0.5530595183372498
0.43155425786972046
0.5044686198234558
0.5431064963340759
0.5323500633239746
0.3742743134498596
0.5172173380851746
0.5152047872543335
0.4050484895706177
0.5618832111358643
0.4604269862174988
0.4229508638381958
0.4712073802947998
0.4264739751815796
0.44535285234451294
0.46676766872406006
0.5620255470275879
0.5201249122619629
0.43816274404525757
0.5859346389770508
0.5077884197235107
0.506536602973938
0.48327022790908813
0.4290376901626587
0.7041443586349487
0.5784916877746582
0.5933071374893188
0.6368933916091919
0.4196803569793701
0.6078354716300964
0.4474489688873291
0.6416106224060059
0.4317731261253357
0.528025209903717
0.4462466835975647
0.5432336926460266
0.41401249170303345
0.4098946452140808
0.43370771408081055
0.5397106409072876
0.4348270297050476
0.6814934611320496
0.6228569746017456
0.40831321477890015
0.49740612506866455
0.4291955232620239
0.4079884886741638
0.5162779688835144
0.3896963596343994
0.5628827214241028
0.46259933710098267
0.35910147428512573
0.4667854309082031
0.5297999978065491
0.33199161291122437
0.3821706771850586
0.44719964265823364
0.5523419380187988
0.556914210319519
0.44058525562286377
0.4178210496902466
0.44028228521347046
0.4416620135307312
0.5091872215270996
0.44948309659957886
0.49322211742401123
0.4140647053718567
0.4976962208747864
0.39159631729125977
0.5381778478622437
0.5069727301597595
0.6708762645721436
0.40525853633880615
0.565255880355835
0.4760829210281372
0.45369333028793335
0.41673046350479126
0.42976558208465576
0.5150322318077087
0.4765046238899231
0.4159419536590576
0.49983298778533936
0.49446362257003784
0.4754475951194763
0.4173527956008911
0.561977207660675
0.5008402466773987
0.5098932385444641
0.47619736194610596
0.47921222448349
0.6219662427902222
0.5313514471054077
0.4598402976989746
0.529995322227478
0.5358662009239197
0.6911517381668091
0.4342702627182007
0.4905223250389099
0.5301673412322998
0.5693045258522034
0.41152846813201904
0.4288838505744934
0.513780415058136
0.3317148685455322
0.4894949793815613
0.42079442739486694
0.6264655590057373
0.5876790285110474
0.568570077419281
0.5881361961364746
0.47897547483444214
0.47516316175460815
0.4418575167655945
0.35681337118148804
0.7073075771331787
0.40636932849884033
0.5735393762588501
0.44797104597091675
0.4396372437477112
0.4323524236679077
0.5608440637588501
0.3960880637168884
0.4614347219467163
0.4186067581176758
0.5050240755081177
0.3672061562538147
0.3667340874671936
0.37004977464675903
0.493228554725647
0.5049660205841064
0.48468273878097534
0.48003965616226196
0.5717267990112305
0.4846723675727844
0.5098667740821838
0.5286244750022888
0.5036781430244446
0.3784768581390381
0.378409743309021
0.5427666902542114
0.38667869567871094
0.6109092235565186
0.4195879101753235
0.49070924520492554
0.5492112636566162
0.5145035982131958
0.3440973162651062
0.4143625497817993
0.3741217255592346
0.3341469168663025
0.46009671688079834
0.44928330183029175
0.4234146475791931
0.668906569480896
0.38468390703201294
0.4536813497543335
0.3849155902862549
0.4956313967704773
0.557169497013092
0.33674830198287964
0.42876195907592773
0.3377739191055298
0.5456979274749756
0.5368545055389404
0.40679842233657837
0.4914708733558655
0.44548118114471436
0.4764031767845154
0.37322860956192017
0.5574360489845276
0.567656934261322
0.4677504301071167
0.478823721408844
0.5420373678207397
0.5922411680221558
0.44090402126312256
0.5235999226570129
0.511650562286377
0.39570021629333496
0.5172171592712402
0.4604231119155884
0.47914570569992065
0.3842470049858093
0.4344526529312134
0.5320832133293152
0.40257585048675537
0.49649882316589355
0.39420968294143677
0.4677836298942566
0.43673622608184814
0.42429542541503906
0.35553252696990967
0.428985595703125
0.5463269948959351
0.35844212770462036
0.4210314154624939
0.5215681195259094
0.43053334951400757
0.5546149015426636
0.4773598313331604
0.5336717963218689
0.43152081966400146
0.5131366848945618
0.6447120904922485
0.4435204863548279
0.4879765510559082
0.565649688243866
0.6142046451568604
0.42830002307891846
0.48269009590148926
0.46530139446258545
0.5211583375930786
0.5138336420059204
0.610227108001709
0.5868434309959412
0.5120018720626831
0.3712915778160095
0.4696725010871887
0.5922372937202454
0.4543813467025757
0.47110122442245483
0.3766337037086487
0.4553290009498596
0.5961946845054626
0.526588499546051
0.37844735383987427
0.39539635181427
0.5086467862129211
0.472694993019104
0.5863291025161743
0.5453274250030518
0.5110176801681519
0.3903689384460449
0.5205517411231995
0.480141818523407
0.4834781289100647
0.5763367414474487
0.5026114583015442
0.43912965059280396
0.4012841582298279
0.6910390853881836
0.5767877101898193
0.3975237011909485
0.4497416019439697
0.5278846025466919
0.5014904737472534
0.28578174114227295
0.4550575017929077
0.47533708810806274
0.5564159154891968
0.5337189435958862
0.47218412160873413
0.508838415145874
0.44363290071487427
0.5949596166610718
0.4984813332557678
0.5240310430526733
0.5541396141052246
0.4105280041694641
0.5382621884346008
0.44137758016586304
0.4851529002189636
0.6187543272972107
0.36949723958969116
0.6103807091712952
0.45504409074783325
0.47727638483047485
0.4620858430862427
0.49399054050445557
0.4682577848434448
0.341183066368103
0.4583395719528198
0.40489232540130615
0.5880787968635559
0.6025872230529785
0.5332663059234619
0.4108026623725891
0.5431145429611206
0.5223076939582825
0.5958021879196167
0.6431189775466919
0.4291306138038635
0.5399107336997986
0.5034734606742859
0.3923743963241577
0.5894328355789185
0.43685901165008545
0.398972749710083
0.5411012172698975
0.4470364451408386
0.6657678484916687
0.6372451186180115
0.48925113677978516
0.41730719804763794
0.5767302513122559
0.5828264355659485
0.45518261194229126
0.5405979156494141
0.5326985120773315
0.41967397928237915
0.5677987337112427
0.5334962606430054
0.539884626865387
0.5397940278053284
0.5279114842414856
0.5257418751716614
0.4598582983016968
0.4737677574157715
0.46238213777542114
0.47253042459487915
0.5440680980682373
0.3931123614311218
0.5209269523620605
0.5506832599639893
0.4829872250556946
0.46915704011917114
0.43908554315567017
0.5192620158195496
0.46543222665786743
0.5045083165168762
0.5502693057060242
0.4921015501022339
0.37375974655151367
0.4240275025367737
0.455485999584198
0.4910827875137329
0.46656399965286255
0.4037246108055115
0.561063289642334
0.5496011972427368
0.5215045809745789
0.4516839385032654
0.47405922412872314
0.4587275981903076
0.6291106939315796
0.4919039011001587
0.41755980253219604
0.5382940173149109
0.4205130934715271
0.3993713855743408
0.5689699649810791
0.46545612812042236
0.4227127432823181
0.576560378074646
0.45251893997192383
0.5011385679244995
0.5133776068687439
0.4465046525001526
0.4964936375617981
0.5831424593925476
0.3982919454574585
0.6892492771148682
0.579917848110199
0.4715844988822937
0.46986448764801025
0.5658421516418457
0.4579164385795593
0.533865749835968
0.38138389587402344
0.6180789470672607
0.5167428851127625
0.43345123529434204
0.3866749405860901
0.5329707860946655
0.43985486030578613
0.40521764755249023
0.5179480314254761
0.46905624866485596
0.3712354898452759
0.5140467286109924
0.3486509323120117
0.6271704435348511
0.5756144523620605
0.42079609632492065
0.4414668083190918
0.4647895097732544
0.4620667099952698
0.5813863277435303
0.4190514087677002
0.5260263681411743
0.44901442527770996
0.36496037244796753
0.4214209318161011
0.5002473592758179
0.3678545355796814
0.5550920963287354
0.45731329917907715
0.4013187885284424
0.7095321416854858
0.5737693309783936
0.49007028341293335
0.4333708882331848
0.3771933317184448
0.4184354543685913
0.5612340569496155
0.6397954225540161
0.5875093340873718
0.3922189474105835
0.5228399038314819
0.4122280478477478
0.4537769556045532
0.4321668744087219
0.38687920570373535
0.46105265617370605
0.5585227012634277
0.7373857498168945
0.4299466609954834
0.4840877652168274
0.6231405735015869
0.5406085848808289
0.3831150531768799
0.4517398476600647
0.5890682339668274
0.48120248317718506
0.39471787214279175
0.4938703775405884
0.4666261076927185
0.5563582181930542
0.6071923971176147
0.575082540512085
0.5231631398200989
0.3487669825553894
0.6145697832107544
0.39441144466400146
0.49500352144241333
0.457608699798584
0.6616436243057251
0.5586730241775513
0.4446357488632202
0.35876893997192383
0.37548965215682983
0.44202375411987305
0.4146156907081604
0.7007943391799927
0.5449199676513672
0.46653926372528076
0.456767201423645
0.46301400661468506
0.3690880537033081
0.4782787561416626
0.42082369327545166
0.5162346363067627
0.4501570463180542
0.5945687294006348
0.5763170719146729
0.5083366632461548
0.5374338030815125
0.509485125541687
0.45426666736602783
0.43109315633773804
0.5900329947471619
0.5760492086410522
0.4383692145347595
0.412291944026947
0.5494310855865479
0.4526587724685669
0.4312160611152649
0.5202314853668213
0.5676361918449402
0.48166584968566895
0.3948560953140259
0.46644335985183716
0.6137751936912537
0.47470933198928833
0.5803566575050354
0.5350416898727417
0.5823906064033508
0.6314343810081482
0.49628615379333496
0.6188246011734009
0.45542633533477783
0.417117178440094
0.41891753673553467
0.46870946884155273
0.4697309732437134
0.5681800246238708
0.5127755403518677
0.6872420310974121
0.36281198263168335
0.46409112215042114
0.36543744802474976
0.4716421961784363
0.5513403415679932
0.43119674921035767
0.5585688352584839
0.4177175760269165
0.4717453718185425
0.7165127992630005
0.4890046715736389
0.3858494162559509
0.547330915927887
0.4174441695213318
0.5393620133399963
0.4715677499771118
0.4497823715209961
0.47127944231033325
0.4182741641998291
0.4215649366378784
0.4176185131072998
0.5044651031494141
0.34593671560287476
0.4109383225440979
0.41105902194976807
0.5938045978546143
0.479769229888916
0.5793708562850952
0.5360069870948792
0.3706187605857849
0.4943971037864685
0.4168238639831543
0.5327068567276001
0.4427897334098816
0.4932814836502075
0.5142865180969238
0.4260523319244385
0.39890360832214355
0.47486501932144165
0.554943323135376
0.5564510822296143
0.39698052406311035
0.45687437057495117
0.45366793870925903
0.5184758901596069
0.5414924621582031
0.618288516998291
0.5293985605239868
0.33725786209106445
0.5108332633972168
0.5192009210586548
0.3443697690963745
0.45761096477508545
0.42981386184692383
0.4523811340332031
0.5978332757949829
0.6362513303756714
0.40705686807632446
0.38108712434768677
0.5470947623252869
0.46049660444259644
0.43139785528182983
0.5906679630279541
0.4648025631904602
0.5190252065658569
0.4964919686317444
0.3935006856918335
0.5610471963882446
0.47683000564575195
0.45586109161376953
0.5246307253837585
0.616525411605835
0.5104473829269409
0.39933347702026367
0.5002507567405701
0.4517604112625122
0.688987672328949
0.3656393885612488
0.5492556095123291
0.3659232258796692
0.5369819402694702
0.484070360660553
0.5029274821281433
0.53608638048172
0.42295920848846436
0.30359750986099243
0.5869337320327759
0.46230173110961914
0.5127256512641907
0.44697386026382446
0.4801532030105591
0.5131661295890808
0.6280530095100403
0.4037524461746216
0.5201069712638855
0.3702165484428406
0.5357423424720764
0.4978301525115967
0.5015627145767212
0.40069395303726196
0.3529653549194336
0.552639901638031
0.48173290491104126
0.5968842506408691
0.4085862636566162
0.5602735877037048
0.4462316632270813
0.45545774698257446
0.6192029118537903
0.4161730408668518
0.524681031703949
0.5933532118797302
0.5642399191856384
0.34237438440322876
0.5439636707305908
0.5245468020439148
0.5996876955032349
0.4149826169013977
0.4432907700538635
0.5082815289497375
0.5260461568832397
0.5554847121238708
0.5396474599838257
0.5117090344429016
0.47561609745025635
0.4807788133621216
0.4641609787940979
0.6388856172561646
0.4782295227050781
0.4678085446357727
0.528523325920105
0.6623890995979309
0.4624646306037903
0.40930110216140747
0.4302976131439209
0.4840485453605652
0.5086466670036316
0.44087934494018555
0.5252804756164551
0.48734617233276367
0.43048709630966187
0.4912451505661011
0.4179161787033081
0.48301857709884644
0.41699302196502686
0.3655303716659546
0.4623495936393738
0.5155558586120605
0.4664808511734009
0.46242040395736694
0.5356777906417847
0.49830877780914307
0.574244499206543
0.45423829555511475
0.515163242816925
0.46578603982925415
0.5437151193618774
0.41187936067581177
0.5087487101554871
0.5093207359313965
0.34951239824295044
0.46337246894836426
0.4502912759780884
0.528813898563385
0.37218934297561646
0.3921547532081604
0.4368112087249756
0.40460193157196045
0.5116226077079773
0.39493387937545776
0.4427669048309326
0.3860917091369629
0.5492487549781799
0.5450170636177063
0.501133143901825
0.3397107720375061
0.4035927653312683
0.4357295632362366
0.49100643396377563
0.43433213233947754
0.3556349277496338
0.4505065083503723
0.48296546936035156
0.4684087038040161
0.7034080028533936
0.575241208076477
0.48791325092315674
0.6287732720375061
0.4915451407432556
0.3685297966003418
0.4630082845687866
0.48536521196365356
0.47414934635162354
0.42759978771209717
0.3708980083465576
0.44989269971847534
0.5802742838859558
0.4182713031768799
0.5195635557174683
0.4439602494239807
0.5059393048286438
0.43684935569763184
0.39762574434280396
0.5722240209579468
0.4696781039237976
0.5618001222610474
0.458057165145874
0.5711897611618042
0.513875424861908
0.5955438017845154
0.6942065954208374
0.506990909576416
0.40018928050994873
0.5429269671440125
0.5402672290802002
0.4124446511268616
0.39698636531829834
0.5285897254943848
0.4264835715293884
0.4241010546684265
0.42819154262542725
0.47550827264785767
0.43234819173812866
0.4428597688674927
0.4433159828186035
0.3867614269256592
0.38352274894714355
0.5264171957969666
0.4468536972999573
0.43574291467666626
0.5389551520347595
0.5092918872833252
0.5023653507232666
0.416351854801178
0.44888877868652344
0.5442326068878174
0.6319482326507568
0.4907999634742737
0.43949568271636963
0.42757272720336914
0.49538654088974
0.5637127757072449
0.44682449102401733
0.5089645385742188
0.41881173849105835
0.41945016384124756
0.4015198349952698
0.4325610399246216
0.4560651183128357
0.5503867864608765
0.3930155038833618
0.48220598697662354
0.5080249309539795
0.5130741596221924
0.43970662355422974
0.3601245880126953
0.46317386627197266
0.4120658040046692
0.4954249858856201
0.5599077343940735
0.4708367586135864
0.367354154586792
0.7082535028457642
0.38944244384765625
0.7182363271713257
0.625147819519043
0.38854920864105225
0.42015355825424194
0.6670958995819092
0.5856834650039673
0.5823779106140137
0.6287964582443237
0.4945828318595886
0.53919917345047
0.4310789704322815
0.5644596815109253
0.4840025305747986
0.5609500408172607
0.4589148759841919
0.35399550199508667
0.5319663882255554
0.39820796251296997
0.43186521530151367
0.5925633907318115
0.42585355043411255
0.38543784618377686
0.6526299715042114
0.4837973117828369
0.40422219038009644
0.4393879175186157
0.3448326587677002
0.34643834829330444
0.48656582832336426
0.4289197325706482
0.46970367431640625
0.5509740710258484
0.4038461446762085
0.35451292991638184
0.544126570224762
0.366067111492157
0.5158673524856567
0.5443693399429321
0.5818008780479431
0.5684946179389954
0.4155840277671814
0.4892886281013489
0.4468923807144165
0.45493537187576294
0.4957274794578552
0.32785308361053467
0.523880660533905
0.3906171917915344
0.4075869917869568
0.535231351852417
0.48853832483291626
0.46474671363830566
0.6017028093338013
0.5538742542266846
0.4669824242591858
0.4860035181045532
0.5214652419090271
0.4005306363105774
0.4168441891670227
0.47335880994796753
0.4226134419441223
0.4138932228088379
0.528832733631134
0.4495816230773926
0.4289699196815491
0.5091541409492493
0.41412967443466187
0.4899168610572815
0.5289680361747742
0.3950929641723633
0.5364967584609985
0.3276981711387634
0.4227539896965027
0.6506783962249756
0.43381214141845703
0.5245237946510315
0.516970694065094
0.519252598285675
0.4167858362197876
0.5020611882209778
0.4537290930747986
0.4780418276786804
0.43592357635498047
0.38005948066711426
0.4807487726211548
0.6528956890106201
0.3905032277107239
0.5244902968406677
0.5023601651191711
0.48282182216644287
0.5452086329460144
0.657378077507019
0.48575180768966675
0.4029186964035034
0.5326710939407349
0.39267945289611816
0.672490119934082
0.38133329153060913
0.4510307312011719
0.6107760071754456
0.5031365156173706
0.49115270376205444
0.5952075719833374
0.5048630833625793
0.35592710971832275
0.5645574331283569
0.5179533362388611
0.5294087529182434
0.48759734630584717
0.42923998832702637
0.49521374702453613
0.4218518137931824
0.5535542964935303
0.7331132292747498
0.5353102087974548
0.46187812089920044
0.46206337213516235
0.4881002902984619
0.5199867486953735
0.45991694927215576
0.4067539572715759
0.36047589778900146
0.45175665616989136
0.4180592894554138
0.4677737355232239
0.4825440049171448
0.4934426546096802
0.40051066875457764
0.5445576310157776
0.5480037331581116
0.472606360912323
0.544439971446991
0.42063724994659424
0.4349595904350281
0.5480911135673523
0.49491363763809204
0.584052562713623
0.5878511071205139
0.4836927056312561
0.6068742871284485
0.376811683177948
0.3993813991546631
0.48513174057006836
0.5227876305580139
0.4631698727607727
0.4897761940956116
0.5412518382072449
0.3777208924293518
0.5155244469642639
0.44823670387268066
0.5369366407394409
0.35819917917251587
0.3813403844833374
0.45535796880722046
0.5303696393966675
0.4713171720504761
0.5709265470504761
0.5758440494537354
0.45329493284225464
0.35782772302627563
0.5928701162338257
0.38663673400878906
0.45707112550735474
0.5517532825469971
0.4583870768547058
0.5100222826004028
0.4868946671485901
0.4295199513435364
0.4305562973022461
0.6096434593200684
0.4323568344116211
0.4506593346595764
0.42930352687835693
0.6085284948348999
0.5440909266471863
0.40566325187683105
0.3301718235015869
0.4566959738731384
0.3224426507949829
0.61771559715271
0.4983593821525574
0.5111303329467773
0.4790458083152771
0.42728883028030396
0.49330538511276245
0.5284563302993774
0.4250640869140625
0.49127137660980225
0.5385880470275879
0.5868324041366577
0.42346644401550293
0.41090959310531616
0.37486255168914795
0.37821000814437866
0.4379362463951111
0.48046016693115234
0.6605131030082703
0.5224612355232239
0.4206426739692688
0.4788401126861572
0.38192498683929443
0.5285508036613464
0.4184836149215698
0.4797152280807495
0.4792107343673706
0.572455644607544
0.3474730849266052
0.6256710290908813
0.48062247037887573
0.6000263094902039
0.3584786653518677
