855
1611
402
5117
4921
3477
2514
3093
1974
53
3947
2742
1394
583
4040
4153
1706
3231
2367
994
3569
2309
4576
1502
2476
2344
2076
288
246
4687
283
4039
1700
3484
1890
2687
3316
4631
2834
149
1057
2097
1618
430
2271
1536
4310
264
3990
3015
2836
3951
5074
438
414
5136
2552
2955
2754
1831
57
4914
1952
373
3227
4996
749
1448
4318
1708
847
3043
2153
3053
4226
2996
1049
2752
1151
4732
3011
4434
3509
103
1403
1197
4059
4670
5076
4861
3487
1551
1871
808
1993
1583
1050
2828
108
888
2707
3239
4286
188
3187
1579
873
1937
5119
1096
533
4998
3878
4842
3825
3357
3306
2168
2466
1764
4339
5097
3684
2191
403
3425
4402
4947
2405
1714
4626
1005
1655
3693
3998
2280
4078
2518
2063
1116
2876
2715
1345
3832
290
820
1698
2945
2430
4450
2235
2624
1844
3082
229
1576
289
2178
4214
4808
1647
2659
687
2952
3381
1795
2148
712
123
1417
643
2302
3299
3468
2469
3224
32
3811
3547
247
153
5065
3291
365
2258
3686
4232
3605
3957
5152
2222
4554
2263
347
4207
2542
816
2036
1771
4595
1505
410
864
3112
689
3794
4220
2608
483
3088
4195
4278
4081
1195
4203
4613
2531
332
263
4229
352
2395
1593
691
1434
3405
2274
286
597
3203
1504
1083
1779
1429
1290
5041
397
2050
3210
5055
5029
3903
1902
1496
5148
62
2609
1419
4273
8
2474
2815
1280
3309
351
72
4793
3702
4603
340
1246
319
4466
4593
1237
3469
3402
1736
3433
3248
2617
1020
2487
2875
2559
2775
1240
4366
3359
3946
2980
4277
3604
1437
4009
472
678
850
2100
310
1173
3360
4072
509
3111
4431
3257
1233
3528
612
745
2080
4416
3358
3668
3560
2957
4709
543
4456
3733
350
3930
1601
141
1926
1026
2520
4255
2448
4181
4535
1549
2264
1227
3399
4863
4204
2607
2924
763
4722
3308
2848
4794
1517
3814
4428
1377
3133
4905
1704
2918
4526
5169
2749
3162
1351
4480
4990
4706
4098
1711
2287
1935
1739
1093
4760
3237
3929
4957
3665
1503
1599
1304
1456
2034
2757
748
3595
548
5077
181
714
4577
1907
4119
3034
2073
3543
1699
1731
511
5092
1231
1688
743
4813
4977
674
4557
4965
4222
4614
1418
4702
4022
4649
3276
4047
2820
836
952
758
2471
359
102
3927
3934
2416
2112
2341
3716
3431
598
3022
4628
2588
2833
4216
939
5167
2737
3657
1099
4048
2046
1963
2638
2799
1327
1781
1447
142
3679
3638
620
3002
1860
216
640
1914
2486
5168
3944
295
4037
4860
1803
2411
1426
1044
1087
4245
2209
3423
1037
4463
1808
1305
3064
5172
1789
545
4862
4251
3505
1846
1822
4673
5156
245
122
4049
2231
4169
4320
3198
3107
3223
1614
2549
4718
1186
3090
2948
3655
2001
322
4506
617
2505
1565
4667
173
2653
1094
1727
5068
1370
803
3518
3221
4030
4472
5093
1480
840
3497
4411
3494
3848
2954
1634
2356
1442
4316
1666
380
3424
2880
4089
144
4807
3881
3434
4396
4356
226
5178
5175
584
2281
861
2030
1740
3012
2669
1665
366
4425
1788
4359
423
874
15
3438
3836
4470
2127
4275
454
4970
891
1847
2852
690
3629
4223
4747
1089
3575
1524
3789
4570
7
390
3963
5054
3950
240
4001
3853
2223
360
1257
393
3450
983
3491
3599
4674
737
2256
1592
1586
2770
1176
4885
400
4838
4938
88
3937
2772
1198
3855
2269
3139
2477
2553
2273
2298
2804
3334
4193
3178
2723
3683
4569
1149
1817
248
1989
1423
3441
2366
1876
471
3810
4809
3833
5157
3016
1251
2962
1323
2668
3508
2289
2292
4610
843
1031
2787
3295
553
1609
2654
2810
1649
3244
1782
1492
4668
2702
382
1449
1253
1508
4953
1745
2640
1644
4616
4992
110
4471
4538
2250
4904
4486
764
2166
695
1224
4140
4243
554
972
157
2656
1874
986
1152
1922
2789
178
1355
2667
4865
447
1718
1485
5165
1313
2365
4099
250
3052
819
4407
2111
1033
2009
1582
1566
5113
529
4510
938
4727
3429
2241
4971
555
3861
1106
459
4274
2436
1775
3617
2705
927
1750
1095
25
885
4960
4508
3378
1030
1999
4179
4357
4147
69
1537
1380
549
4927
715
1652
3608
3176
4114
2979
4954
5091
776
2710
1023
3443
3253
2091
356
2114
947
2319
5050
4898
3819
3992
214
4900
636
540
4062
2215
92
837
1594
4955
2101
2677
1386
3004
4601
4338
3311
1085
4821
3971
3142
44
756
3841
3430
1126
1851
112
4607
4867
2358
1359
4690
929
2171
75
842
5085
4296
1288
2650
1007
1103
4653
982
1320
2940
550
2247
2254
4936
4615
3160
3164
2314
2107
4086
207
3105
4449
4836
36
4008
3352
4196
3697
5096
4645
921
4017
2673
3338
3628
694
592
1286
1208
3806
3393
3749
5005
3868
1307
934
3254
3691
1545
4828
670
4959
3166
3979
4347
4666
655
1765
2585
3888
669
3616
3471
3131
2057
3229
1127
912
2452
3781
4881
5033
3933
3018
1416
4832
4696
174
2042
4020
686
577
3418
85
1165
3666
3116
1910
4083
3901
2311
609
3889
3828
4956
4467
1071
3475
4695
3007
4309
2118
374
3802
594
4173
2845
2417
2283
3501
71
1278
274
3091
4816
590
2841
5078
2921
1964
2252
3648
2373
67
3298
2206
3271
1117
3649
2043
3071
1102
910
4634
3410
755
4068
2423
889
2615
3408
2297
3731
2325
481
3463
4113
4647
4978
3920
2331
3459
1883
844
3172
3973
1298
386
3898
2605
3755
3350
4903
2697
3882
3622
5018
1978
2236
2339
658
2704
5111
406
4043
4928
2478
4815
1617
892
565
1684
4700
571
1814
4629
4759
2295
2868
2696
3524
4365
5089
4650
4077
2785
1602
3180
370
1014
2907
4127
759
2622
4046
4314
1172
2375
2854
3331
1561
3908
2581
433
703
3624
1859
47
4441
299
731
3965
3396
4259
394
2512
2889
2936
4187
3816
4419
1135
1632
4890
5139
1260
2929
1210
1826
1368
828
2434
4892
3799
2144
4568
2137
2750
4299
930
2374
2068
58
3129
3586
2334
1737
4292
3830
3849
2370
4442
1265
2995
1053
1258
1215
3511
1134
3632
1694
2792
515
4712
4856
342
270
2899
1499
217
212
5126
1929
1444
4864
2229
2801
330
1034
4985
2930
1144
4410
3526
2633
5084
3955
1326
1712
1507
343
3956
1136
3195
3320
4547
809
5059
3460
1410
2103
4343
498
2011
4739
33
2698
1747
2074
2837
1743
129
3728
2040
1913
2003
4197
2163
1798
1909
4317
2591
2900
3010
1001
2530
3346
4909
4757
2389
1511
3390
3365
3247
326
2662
4775
468
1441
349
1934
4118
680
4026
3827
3780
4665
4112
962
541
2678
3040
4835
2387
720
4770
5080
2884
4333
621
4969
4116
464
1235
2850
4901
2245
316
1889
3967
1058
3458
3095
3121
3428
1321
517
2769
1428
2228
2578
1374
2719
3132
28
74
158
4135
298
5170
4373
1886
1068
4803
2394
2534
4400
463
3857
2913
3035
4192
3023
1435
5069
1988
4800
3676
4730
1938
4260
2886
4038
2908
169
1915
150
4899
3297
2115
4524
4060
1509
1466
1397
2835
605
1067
1660
2442
2598
3206
3745
5180
4482
2072
4162
1400
2154
1270
2308
1591
802
2579
3398
4868
1607
3197
3824
3796
1405
5098
5142
2577
4032
1918
2402
4065
305
3565
1748
579
1979
257
4054
4475
3939
4640
3542
50
2488
681
3148
4019
1977
2855
24
259
1691
121
4651
1006
4088
183
4484
3097
3437
1598
3710
3559
1468
4238
1862
4528
4337
3372
3130
3496
3585
396
1949
22
4830
4151
1225
794
392
2494
1670
3689
1161
3635
2763
4715
4756
1728
460
3225
866
5160
3589
4876
3893
4221
111
1818
3102
727
3370
5145
1362
3570
4257
387
2895
1702
265
923
4307
4930
3664
2121
599
1945
4916
1912
653
1192
3155
3426
3286
1785
4758
5042
40
711
3128
884
4594
4093
1879
4558
2199
4213
696
4246
136
5120
2461
1578
4908
1379
3096
4503
2129
915
2267
3919
106
4353
2555
5189
2685
4293
1080
4145
2426
4692
1613
2307
4332
1389
1199
1877
2981
159
2240
2796
4031
4504
3127
4766
3412
2145
5143
1845
489
1898
193
4786
585
10
906
148
1892
2260
3839
2290
4271
905
4478
5066
1519
2216
677
3103
632
2902
3795
311
2437
1923
3319
2830
1245
3328
3218
3262
1216
2732
3245
1626
848
1767
5046
3588
4248
39
735
383
1350
4773
1187
4012
5034
3935
1482
361
2634
1247
4902
3366
1884
449
3263
1002
2699
3479
2566
4041
631
3387
4639
2858
3894
3800
593
2522
3439
2964
4247
2910
1274
3859
1600
3322
4725
1967
648
1425
321
2185
1052
3729
443
762
1092
1768
4180
4855
4121
21
4940
120
3866
4633
567
1811
3972
2721
3220
478
2548
1787
1072
4280
5067
134
2249
3061
3994
4726
1340
2798
1855
1550
527
331
180
1813
2503
4564
1277
3041
1074
4999
2197
4211
4141
2359
4128
267
1939
1506
4387
3714
4728
5035
3892
2413
4810
896
2523
1624
4907
1924
4761
2851
890
4873
988
2963
3626
4253
4974
5147
2618
700
880
940
198
4327
2066
3767
2282
2860
4315
473
2007
2746
3808
2238
2008
451
3725
2973
1297
2045
3427
3578
2649
3047
152
627
1011
1491
1220
3062
4952
945
1189
4224
622
5154
3813
4765
3075
236
1674
2408
990
3880
1042
4149
26
2496
4866
4896
1881
1302
4783
1352
2108
4272
778
1849
4368
4069
4630
2688
1373
3388
777
941
4819
4502
2044
4016
3329
2031
2071
3480
4618
4523
3653
5021
3317
1018
27
4355
1730
3337
2285
3681
0
2453
4553
2450
4950
1168
5086
2053
505
3321
813
2083
882
2722
243
1557
2093
304
3694
1283
2596
4833
3355
2543
1263
1897
911
167
3500
3685
2291
4714
4883
2321
761
3562
708
736
1735
2379
1464
718
4376
2242
4124
1113
215
3485
2006
1463
1472
315
4044
2323
628
139
1341
312
3318
879
1654
3273
251
4580
2628
407
4846
2312
613
485
734
5047
3371
4586
2095
3738
2614
1723
2257
1294
328
4385
4382
1056
1885
3292
1948
176
4395
4194
4560
3940
2133
4036
4920
3415
5122
3161
741
5061
2788
3268
2102
3265
4716
1985
441
1546
3036
462
372
5049
5032
587
2781
5109
4946
1572
3732
4159
4498
3529
3305
4457
4165
185
591
3759
664
3576
3288
4189
3074
4168
4381
1776
435
48
2793
227
4542
2720
275
1941
4417
665
2310
4447
3966
1497
4378
194
2120
4130
4588
3902
1643
115
2403
2279
4375
3801
4597
903
4051
5064
2942
3706
2726
2401
4986
4619
2340
1029
1130
1019
3574
1109
314
1905
697
1870
2610
3639
4080
3580
4237
2104
3917
3788
4394
3646
4023
4397
2526
4632
3911
981
4519
3671
3869
4561
4109
2364
2497
2587
3063
4424
113
4599
1543
780
3612
3625
2627
2521
1498
4235
2784
4182
4997
3400
4913
2067
418
4941
4291
3411
1266
3145
91
2414
479
2658
3395
1467
1510
1526
371
2741
614
2054
1213
3269
3173
1553
810
4284
3279
898
1709
339
3916
1185
398
4392
3961
2665
3084
2460
3515
917
2516
4932
297
268
3377
1842
1983
693
4942
948
3539
3782
2293
3754
313
1162
2519
4053
269
1212
4741
4464
3783
3761
3467
955
3682
49
354
2743
5026
1925
4209
730
3048
4549
2173
3862
4546
145
1
845
2338
3817
556
2819
1850
3181
3970
2089
100
516
4066
3835
3661
3214
4288
692
558
3874
3100
3353
3895
625
965
2233
1207
2113
3623
1732
3764
3089
3493
1667
5023
3658
2691
4906
4944
73
2826
2037
2646
1264
5082
2847
1415
1105
2576
3829
5116
2130
3534
1541
1453
1079
2748
629
1812
2329
381
3216
496
779
1038
5185
1201
338
4258
2447
1303
3928
3275
5150
1249
3610
3109
4926
3673
2305
2468
1904
2620
46
3456
3252
1404
3904
1255
184
1804
1360
1086
1376
4328
1462
4311
4035
4872
1880
2642
3455
1796
1178
2630
17
2135
4461
3049
5181
4657
277
1928
1562
4989
3698
3752
4384
221
3707
4559
3115
4644
3907
1273
4787
3776
1391
3975
1615
1960
1461
428
5192
2676
1017
4361
3021
306
2024
2187
4705
1337
2641
1269
1328
3527
1556
2333
3976
2969
5048
1697
568
476
796
5132
2058
3270
4839
4884
871
465
611
4329
1236
1203
2318
1097
76
5149
128
2857
3134
644
2407
3313
3045
589
2758
4481
2755
228
4391
2829
493
3435
976
1580
287
1755
2337
5135
389
1763
490
773
1009
5163
4745
1193
78
2623
2925
3158
3630
1454
439
2680
3516
1452
1807
3149
63
4443
1427
3914
742
3583
2879
3557
3315
426
3403
3915
1729
834
2545
2905
2903
3144
2606
4888
1132
3464
2225
4638
107
3822
369
1608
4369
3909
2716
484
4254
3039
2771
1234
2987
1530
1641
3483
3995
2124
5031
5028
1672
4403
140
2217
2467
239
3936
2863
1563
4444
3938
3912
4623
1159
432
4095
442
607
3779
909
1209
1228
4336
788
3083
1473
4367
1309
1903
2983
2663
353
378
1533
534
4591
4435
719
4404
2404
3184
1158
683
3996
4847
1770
5057
4004
3154
868
4834
2506
4710
4922
461
5003
2997
3926
4500
3619
4172
4219
3568
4406
2019
999
4924
4845
4326
4520
1756
2890
3778
1343
35
520
2458
3406
2320
3384
3750
187
1560
203
3712
458
3006
2381
5038
987
2164
1746
367
1873
3489
2284
1004
3361
2348
2992
324
821
2529
4002
1110
2844
654
4643
807
615
3614
2583
2767
42
4505
2202
1520
2220
1412
1866
4279
1896
4190
2018
2092
376
1177
5104
1669
2859
1514
3715
2894
3050
1805
494
1382
2251
5002
399
1459
11
4210
230
1800
4991
3013
1390
799
4348
1486
2189
1552
4217
3551
2259
2927
4462
1411
4573
3066
578
893
3821
3422
3945
3593
3055
3592
2778
1710
1701
3332
491
4129
4390
3887
4370
2021
1627
3029
469
2840
191
5188
4393
2415
1241
1656
1741
4322
5124
5075
5020
3771
2463
2629
4966
5070
765
503
3999
1490
2517
1194
3918
4073
2977
679
4100
926
4889
754
706
1032
1299
1671
2224
1777
2272
2989
5099
792
2012
2392
2110
637
368
1022
931
5083
2725
818
5128
4606
3258
1894
2736
2611
546
1064
1458
205
1354
2661
2528
785
4886
2574
3941
2672
3070
1987
231
1713
3290
4304
1630
4436
1406
2418
3856
3520
602
3545
4005
4829
1175
2196
2005
3896
1595
1098
1051
1027
2142
1196
519
278
1238
1204
849
824
1317
3179
4354
3997
3699
557
2972
2510
4574
2968
1487
3167
3958
4430
1957
2377
1392
2138
4415
531
2266
4877
482
2561
3504
3256
3235
3549
601
5115
2253
3566
552
219
3774
2149
422
1121
1751
132
4104
4256
3032
4733
4688
619
4148
2527
4244
604
4267
416
725
4581
2920
2874
2533
2991
1749
2396
4252
1289
3773
309
685
4880
4379
14
3243
4993
1046
1780
2052
1035
2270
3834
1836
3809
1916
3931
1830
2714
1882
1650
4487
1108
2139
2671
4707
935
2361
4802
5010
5000
3906
3571
3379
5107
1637
5131
3207
3877
4517
4231
2084
1692
3454
4266
1539
2978
3404
3541
3241
2096
2380
1268
4250
4122
4494
3704
1143
3466
1325
3852
1992
409
1522
3613
1356
4166
3656
3250
4686
3886
3897
325
2909
4458
4749
2856
3611
1455
1567
2594
4161
4622
3535
4101
1766
3336
2409
684
2186
4984
4980
588
1319
444
877
1357
170
4684
596
1381
5060
5121
1047
630
4612
2823
282
1333
3259
1676
973
958
2059
1651
4627
4699
2883
4386
4704
254
1738
3282
1867
2234
4055
1107
1414
2400
4824
3807
4753
526
436
3621
4620
5182
3727
3386
3670
2990
421
858
429
2016
1476
3879
704
963
2540
4460
344
1259
2541
276
3123
1589
2432
3135
3587
1742
1869
293
1371
2812
3442
5158
3106
3058
4596
4858
1100
4825
56
4621
3758
3842
1606
2412
2639
5174
738
5014
1439
30
2949
1825
3401
163
5062
2998
156
2317
31
2360
3213
2532
4024
4174
3503
2094
1638
1432
3017
2246
3932
3182
3240
2507
1335
4058
4075
544
3785
2498
2
2525
4681
4578
1612
3690
2499
453
425
450
3217
2077
2098
3143
2562
641
4125
800
3188
4401
3024
2117
838
1658
2619
4294
1577
3603
3473
3757
1190
2419
2885
2684
1375
676
61
2572
3204
5043
3046
904
1790
4063
1142
3550
5052
4056
2882
424
1488
2328
3680
1534
2718
4527
138
969
5173
109
997
3558
23
95
168
2010
2032
4582
733
2805
1815
2177
272
5190
172
3667
60
1399
3312
80
1927
3591
4423
445
3554
2445
4750
4857
237
3081
177
1284
726
4822
3481
4351
1315
2088
1104
626
4477
4236
4167
3815
1271
4479
2877
3864
3633
829
1272
913
881
3867
4711
475
4011
1911
99
3985
1521
2939
1301
1330
2184
4198
3885
1677
5153
4823
3447
752
1932
3003
43
2383
5030
974
4154
1183
4831
2535
2994
3964
3347
4427
209
1628
3641
1431
2865
4943
1683
3169
4689
2355
3792
2140
3026
1662
2275
4923
334
3647
2800
2655
4358
3200
1285
3277
171
3382
1182
1575
4321
346
507
856
3982
2429
2604
1040
51
3544
1523
1784
3634
4085
244
867
1947
2740
1338
486
2897
506
1703
1942
4412
1590
961
2210
3194
4374
2765
1138
456
3858
4782
5040
222
649
1131
1385
4534
993
3044
3289
1725
3333
1413
83
2322
2439
1091
1544
4676
530
208
3631
2384
2589
3674
4671
2170
1041
2051
781
2179
957
3954
3340
1128
3323
413
4894
1000
3114
4414
2473
618
2509
1762
1821
3196
210
2644
3737
2028
4656
4552
192
1364
4652
2827
702
5179
1188
3865
84
2126
41
1758
3208
3537
4084
3351
2791
1010
2821
652
942
2647
4740
3838
4137
3414
3640
2727
52
2134
2794
4371
1088
1744
978
3159
1832
79
4648
3513
750
1465
3341
1119
2501
4949
661
3845
1367
4951
38
4388
2776
4421
5004
1054
1008
1112
817
1690
4853
771
2119
4764
4915
535
4680
271
294
1962
1995
862
2862
291
4163
551
1393
1084
3989
5024
2643
3980
1569
1239
4964
1229
4200
1535
3008
2221
411
4111
5183
1043
186
791
5134
3860
4981
782
2637
2600
3094
2567
448
81
2446
281
1146
2421
1891
5127
2603
1760
4840
3098
1791
710
970
1070
4092
1402
4409
5187
2664
4532
1587
4076
20
2582
4157
405
1809
2226
45
3660
4342
2843
566
2218
900
3590
5013
4871
2682
2230
2369
2711
234
3020
1025
2818
2176
865
4429
2182
233
647
2350
1171
1073
2345
2934
4678
3650
1163
1501
3364
4028
1774
4882
2248
4082
4805
2406
4677
4399
2304
4852
1653
1705
2268
1443
518
522
4788
4600
2354
59
806
4850
3470
4290
4518
1244
1408
2465
4483
82
70
532
363
3193
218
2550
2277
37
3151
3805
2346
355
2313
4617
1346
2636
5027
575
4446
3741
1395
4096
2316
4015
561
3555
3708
4771
1973
1157
1640
2159
2335
4331
1584
4205
2822
1961
323
1532
3042
4590
4812
5155
1513
1036
1206
1474
3523
3846
2211
5102
2984
542
5112
3564
1111
1440
4302
2330
3654
1232
4781
2438
336
3751
147
1657
1140
3168
3700
1133
2866
1525
166
2208
883
1174
4372
1966
2906
2390
1230
4683
5063
4895
96
