3
4
5
9
16
34
54
55
64
66
77
94
98
114
116
117
119
125
126
127
130
133
137
143
146
154
160
161
164
189
190
197
200
201
202
206
223
224
225
232
235
241
242
249
253
255
260
262
280
285
301
302
320
327
335
337
341
345
357
362
364
375
379
384
385
388
391
395
404
412
417
419
455
466
467
470
474
477
488
492
499
502
504
510
512
513
523
524
525
536
537
539
559
562
563
569
574
580
595
600
603
606
608
616
623
635
638
645
646
659
663
666
667
671
673
675
688
698
699
709
713
716
717
722
723
728
732
740
753
760
766
768
769
770
774
775
784
793
797
804
814
815
822
823
825
827
830
832
846
851
853
854
860
863
870
872
876
878
894
895
899
901
914
918
919
922
924
928
943
946
950
951
953
954
956
959
966
971
975
980
984
989
991
992
995
1012
1015
1016
1021
1028
1045
1059
1060
1062
1063
1065
1066
1069
1076
1077
1081
1082
1118
1120
1122
1139
1141
1145
1147
1148
1150
1154
1155
1156
1160
1166
1167
1169
1184
1191
1202
1205
1214
1217
1218
1243
1248
1250
1252
1254
1256
1267
1275
1276
1279
1282
1291
1296
1300
1306
1308
1311
1312
1314
1318
1324
1329
1331
1332
1342
1348
1353
1358
1363
1365
1369
1384
1387
1388
1396
1409
1445
1460
1470
1478
1481
1484
1493
1495
1500
1516
1527
1528
1529
1531
1540
1542
1555
1568
1570
1571
1573
1574
1581
1585
1597
1603
1604
1605
1619
1625
1631
1633
1635
1636
1639
1645
1646
1648
1663
1664
1668
1673
1678
1679
1680
1682
1685
1686
1687
1693
1696
1707
1715
1719
1722
1724
1733
1734
1753
1757
1759
1761
1792
1794
1802
1806
1810
1816
1819
1823
1824
1827
1828
1834
1838
1841
1843
1848
1852
1853
1854
1856
1857
1863
1865
1887
1895
1899
1901
1906
1908
1917
1920
1930
1931
1944
1955
1958
1959
1968
1969
1970
1975
1976
1981
1982
1984
1986
1990
1994
1996
1997
1998
2000
2017
2026
2027
2035
2038
2039
2041
2047
2048
2049
2055
2056
2060
2061
2062
2065
2070
2075
2079
2081
2082
2105
2106
2116
2122
2125
2128
2136
2141
2143
2150
2151
2152
2156
2158
2160
2161
2165
2180
2188
2190
2192
2193
2198
2200
2203
2204
2205
2214
2219
2237
2243
2255
2261
2262
2265
2278
2286
2294
2296
2300
2324
2326
2327
2332
2336
2343
2349
2362
2363
2368
2371
2376
2385
2386
2391
2393
2397
2427
2433
2435
2443
2444
2449
2454
2455
2472
2479
2482
2485
2489
2490
2491
2502
2504
2508
2511
2524
2537
2538
2539
2546
2551
2556
2557
2558
2560
2563
2565
2568
2573
2590
2593
2595
2597
2599
2612
2613
2616
2621
2625
2626
2635
2645
2660
2674
2675
2679
2681
2690
2693
2695
2701
2703
2708
2709
2712
2713
2717
2724
2729
2730
2731
2733
2734
2735
2738
2739
2744
2745
2747
2756
2761
2762
2766
2768
2773
2774
2777
2779
2782
2783
2786
2790
2797
2806
2808
2811
2814
2816
2824
2831
2832
2838
2839
2849
2853
2861
2869
2870
2871
2872
2878
2888
2891
2896
2898
2901
2904
2911
2912
2914
2919
2923
2928
2931
2933
2935
2938
2947
2950
2956
2958
2959
2961
2965
2967
2975
2976
2982
2993
2999
3005
3009
3019
3030
3031
3037
3051
3054
3056
3057
3059
3060
3067
3068
3069
3072
3073
3079
3086
3087
3092
3099
3104
3108
3110
3117
3118
3120
3122
3124
3136
3140
3141
3146
3147
3152
3156
3157
3170
3171
3175
3177
3183
3186
3190
3191
3202
3205
3212
3219
3222
3228
3234
3236
3242
3251
3255
3261
3266
3267
3272
3278
3280
3281
3283
3284
3287
3293
3294
3300
3301
3302
3304
3310
3314
3324
3325
3327
3330
3335
3342
3343
3345
3348
3354
3356
3367
3368
3369
3373
3374
3376
3385
3389
3391
3394
3397
3417
3419
3420
3421
3432
3436
3440
3444
3445
3446
3448
3449
3451
3452
3457
3461
3462
3465
3472
3474
3476
3486
3490
3495
3498
3502
3506
3507
3510
3512
3514
3517
3522
3530
3531
3533
3546
3556
3561
3572
3577
3579
3581
3582
3584
3594
3596
3597
3600
3602
3627
3636
3637
3643
3644
3645
3672
3675
3677
3687
3695
3696
3701
3709
3713
3719
3723
3730
3735
3736
3743
3744
3746
3748
3756
3762
3763
3766
3769
3772
3775
3777
3791
3797
3798
3812
3818
3823
3840
3843
3847
3850
3851
3854
3863
3876
3884
3890
3900
3913
3923
3925
3943
3952
3953
3962
3969
3974
3981
3983
3987
3991
3993
4000
4007
4014
4018
4021
4027
4029
4033
4042
4045
4057
4061
4064
4067
4070
4079
4090
4097
4106
4107
4115
4117
4120
4123
4131
4132
4134
4136
4138
4142
4143
4146
4150
4156
4158
4164
4170
4171
4175
4178
4185
4186
4188
4191
4199
4202
4206
4208
4212
4218
4225
4227
4234
4249
4261
4264
4268
4269
4276
4282
4285
4287
4289
4297
4298
4300
4312
4313
4324
4330
4341
4344
4360
4363
4364
4380
4389
4413
4422
4426
4432
4433
4452
4455
4465
4468
4469
4474
4485
4488
4491
4492
4493
4495
4496
4499
4501
4507
4514
4515
4521
4525
4530
4533
4536
4537
4540
4541
4543
4544
4548
4550
4551
4555
4563
4565
4566
4567
4571
4575
4583
4592
4598
4605
4608
4611
4625
4636
4641
4642
4646
4658
4659
4662
4663
4669
4675
4682
4685
4693
4694
4698
4703
4713
4720
4721
4723
4724
4729
4735
4736
4737
4744
4746
4748
4752
4754
4763
4768
4772
4777
4778
4779
4780
4789
4791
4797
4798
4799
4811
4814
4817
4820
4826
4837
4841
4843
4848
4851
4854
4859
4869
4870
4874
4875
4879
4887
4891
4893
4910
4911
4912
4917
4925
4929
4931
4933
4963
4967
4968
4972
4975
4983
4994
4995
5006
5008
5011
5017
5025
5039
5045
5051
5053
5056
5058
5072
5081
5087
5090
5094
5103
5114
5118
5123
5125
5129
5137
5138
5140
5141
5144
5146
5151
5161
5162
5171
5176
5177
5184
5186
5191
