0.4938271939754486
0.43357181549072266
0.584169328212738
0.4330461025238037
0.7969721555709839
0.5829908847808838
0.4572758674621582
0.5662157535552979
0.7103688716888428
0.7203668355941772
0.13367906212806702
0.7079604268074036
0.48663783073425293
0.6965867280960083
0.5482028126716614
0.7362658977508545
0.5865923166275024
0.35481953620910645
0.713695764541626
0.4340052902698517
0.5984827876091003
0.4102158546447754
0.5372414588928223
0.8118982315063477
0.3717554211616516
0.41775786876678467
0.7716082334518433
0.7236379384994507
0.560742199420929
0.7337583303451538
0.8001112341880798
0.6398201584815979
0.5625121593475342
0.5229602456092834
0.6216084957122803
0.5551692843437195
0.7840008735656738
0.25254830718040466
0.6828678250312805
0.6442383527755737
0.3134366571903229
0.8092736005783081
0.46300965547561646
0.38963383436203003
0.6603537797927856
0.5084340572357178
0.445566862821579
0.5303464531898499
0.7049514055252075
0.5611779689788818
0.49895328283309937
0.6363171935081482
0.5931248664855957
0.5615044236183167
0.29934239387512207
0.4855078458786011
0.5479226112365723
0.4038376808166504
0.5952054858207703
0.6692763566970825
0.6703211665153503
0.6115707755088806
0.8376401662826538
0.6388188600540161
0.6612544655799866
0.8377193212509155
0.5379546284675598
0.6989820003509521
0.5490379333496094
0.7737215757369995
0.6407603025436401
0.447040319442749
0.4315590262413025
0.725990355014801
0.3690564036369324
0.3582051992416382
0.6493139863014221
0.42180734872817993
0.64012211561203
0.6219070553779602
0.6201803684234619
0.7016229629516602
0.6750086545944214
0.7255029678344727
0.6047293543815613
0.6976910829544067
0.6700211763381958
0.6662037968635559
0.46987128257751465
0.7653653621673584
0.23213382065296173
0.6691890954971313
0.3037745952606201
0.6635705232620239
0.35581278800964355
0.7422083616256714
0.6453913450241089
0.1795155555009842
0.780361533164978
0.5490165948867798
0.36089348793029785
0.6568282246589661
0.374592661857605
0.690852701663971
0.4472900629043579
0.698095440864563
0.6476751565933228
0.7029491066932678
0.43284377455711365
0.669912576675415
0.7175032496452332
0.232835590839386
0.7151657342910767
0.5358401536941528
0.3971594274044037
0.8109986186027527
0.6917662024497986
0.5615226626396179
0.70801842212677
0.4667573571205139
0.6585078239440918
0.6275332570075989
0.5118160843849182
0.6056423187255859
0.605089008808136
0.7272429466247559
0.5337112545967102
0.49165773391723633
0.5591249465942383
0.5497684478759766
0.6642670631408691
0.4829471707344055
0.6308995485305786
0.6236245036125183
0.7453534007072449
0.700151801109314
0.3084827959537506
0.6446680426597595
0.6599764823913574
0.8344411849975586
0.2830832600593567
0.7943344116210938
0.7636650800704956
0.6062209010124207
0.461395263671875
0.8145275115966797
0.7343750596046448
-0.02065439522266388
0.6926501393318176
0.7525174617767334
0.6844285726547241
0.578249454498291
0.613207221031189
0.6131119132041931
0.776397705078125
0.7444181442260742
0.7683563232421875
0.4776652753353119
0.13492263853549957
0.6125473976135254
0.8642148971557617
0.5987261533737183
0.591949462890625
0.7087249755859375
0.7046414017677307
0.5300928354263306
0.8578026294708252
0.5005078911781311
0.7026351690292358
0.5012145042419434
0.6993116140365601
0.8274611234664917
0.49834614992141724
0.19119015336036682
0.6595801711082458
0.8236937522888184
0.43663862347602844
0.5792338848114014
0.5689990520477295
0.8810268640518188
0.7341991662979126
0.44756627082824707
0.6674705743789673
0.3242020606994629
0.5700661540031433
0.854893684387207
0.6772986054420471
0.6619303226470947
0.45128482580184937
0.7552522420883179
0.41821977496147156
0.34932008385658264
0.4230461120605469
0.6242321133613586
0.6953878402709961
0.4263187348842621
0.7289748191833496
0.6941031217575073
0.479247510433197
0.5753309726715088
0.8157789707183838
0.3890942931175232
0.5422865152359009
0.3258451521396637
0.6830456852912903
0.546812891960144
0.18373563885688782
0.6179648637771606
0.6181547045707703
0.4821956753730774
0.42015379667282104
0.6108768582344055
0.7086879014968872
0.4819827675819397
0.7173254489898682
0.08427801728248596
0.4916718006134033
0.7762006521224976
0.4024426341056824
0.1549539864063263
0.6143421530723572
0.6920134425163269
0.5927351713180542
0.3914809823036194
0.27824294567108154
0.4681263566017151
0.7051091194152832
0.49940454959869385
0.617510974407196
0.482844740152359
0.7886292934417725
0.5608572959899902
0.558423638343811
0.3734506070613861
0.27443742752075195
0.6403026580810547
0.6107358932495117
0.6627815961837769
0.6550344228744507
0.5684421062469482
0.4443282186985016
0.5629598498344421
0.5658538937568665
0.3793010711669922
0.5722794532775879
0.8520265817642212
0.37479931116104126
0.612019419670105
0.7408904433250427
0.5964663028717041
0.6698177456855774
0.48873278498649597
0.742133378982544
0.2792215347290039
0.6418819427490234
0.6684103012084961
0.5655051469802856
0.3965350389480591
0.18037766218185425
0.6050671935081482
0.5579941868782043
0.3805747926235199
0.38251006603240967
0.5021110773086548
0.5667439699172974
0.7238925099372864
0.5616786479949951
0.6961904764175415
0.6186313629150391
0.1523839682340622
0.767204999923706
0.7369866371154785
0.4893162250518799
0.730742335319519
0.5874319076538086
0.45077186822891235
0.6961922645568848
0.6946163773536682
0.856121301651001
0.28218045830726624
0.6921682357788086
0.7735272645950317
0.4161234498023987
0.6502482891082764
0.27999264001846313
0.6532219052314758
0.6592233777046204
0.7276297807693481
0.543744683265686
0.5320131182670593
0.7586952447891235
0.676224946975708
0.6579785346984863
0.6196846961975098
0.5004048347473145
0.5999256372451782
0.23309877514839172
0.9123480319976807
0.08094149082899094
0.5912377238273621
0.7007502317428589
0.8651701211929321
0.6365554332733154
0.4165726900100708
0.8389654159545898
0.40641897916793823
0.709129810333252
0.6462823152542114
0.6808019876480103
0.6018067598342896
0.8055685758590698
0.7225351333618164
0.6263291239738464
0.7135511040687561
0.2553117573261261
0.1875743269920349
0.5575365424156189
0.38585761189460754
0.3025556206703186
0.6699733734130859
0.44088539481163025
0.28386765718460083
0.6955612897872925
0.6933056116104126
0.7335851788520813
0.8264217376708984
0.5550971031188965
0.45131397247314453
0.7539571523666382
0.3961119055747986
0.43357813358306885
0.12407021224498749
0.7127986550331116
0.7831210494041443
0.8009239435195923
0.6554423570632935
0.734330415725708
0.6623950600624084
0.6044566631317139
0.650555431842804
0.6217961311340332
0.6385459899902344
0.33084845542907715
0.7132909893989563
0.7286907434463501
0.42451995611190796
0.6757590770721436
0.5566454529762268
0.6628504991531372
0.6873456239700317
0.8237300515174866
0.29819726943969727
0.771088719367981
0.8069024682044983
0.24958117306232452
0.8201145529747009
0.712539792060852
0.6782719492912292
0.7951145172119141
0.4223681390285492
0.6343976259231567
0.13641980290412903
0.6517796516418457
0.3713013827800751
0.6965810060501099
0.3829079270362854
0.6511101126670837
0.7963284850120544
0.8574795126914978
0.757573127746582
0.1441633105278015
0.5308682322502136
0.712587296962738
0.6849952936172485
0.6166298389434814
0.7072439193725586
0.8603872656822205
0.5810105204582214
0.38995087146759033
0.6103229522705078
0.6331223249435425
0.6036828756332397
0.3952305316925049
0.721471905708313
0.6145115494728088
0.57454514503479
0.7994602918624878
0.7024200558662415
0.30571940541267395
0.6121879816055298
0.4267081320285797
0.8640186786651611
0.619350790977478
0.6147887110710144
0.5236427783966064
0.77918541431427
0.8052651882171631
0.7555825710296631
0.6627641916275024
0.5135828256607056
0.5047154426574707
0.6127307415008545
0.6477007865905762
0.8557933568954468
0.7204515337944031
0.6327853202819824
0.6620145440101624
0.577282190322876
0.7000445127487183
0.3241567611694336
0.7472593188285828
0.7327593564987183
0.7210179567337036
0.6351584196090698
0.5541015267372131
0.6380701661109924
0.7007640600204468
0.6939666271209717
0.22976964712142944
0.5450863242149353
0.28387922048568726
0.7219903469085693
0.580710768699646
0.6259734630584717
0.5931003093719482
0.603888750076294
0.6542192101478577
0.5461733341217041
0.7362322211265564
0.31708595156669617
0.26581263542175293
0.7228086590766907
0.549357533454895
0.7266155481338501
0.7230115532875061
0.7987861633300781
0.6837201118469238
0.5576955080032349
0.7081003189086914
0.5971769094467163
0.6127985119819641
0.6491711735725403
0.7470254898071289
0.4891754984855652
0.5934685468673706
0.45972776412963867
0.673138439655304
0.7776716947555542
0.4038439989089966
0.30713021755218506
0.6549727320671082
0.6738370656967163
0.4338538944721222
0.3579884171485901
0.5841545462608337
0.4536017179489136
0.8253227472305298
0.6751199960708618
0.2183135449886322
0.5729165077209473
0.44743096828460693
0.5972352623939514
0.6528817415237427
0.6280144453048706
0.490873247385025
0.1892269253730774
0.6891225576400757
0.7654855847358704
0.5405142307281494
0.4408651888370514
0.7272870540618896
0.536696195602417
0.636210560798645
0.5497845411300659
0.743128776550293
0.24585023522377014
0.5611960887908936
0.6637588739395142
0.735456109046936
0.565459132194519
0.7474458813667297
0.3084220290184021
0.7606495022773743
0.6983924508094788
0.6578497886657715
0.3138660490512848
0.7534414529800415
0.643659234046936
0.33577239513397217
0.7361899614334106
0.7021265029907227
0.6337054967880249
0.7820773124694824
0.618121862411499
0.5449926257133484
0.8121538162231445
0.7186137437820435
0.6552952527999878
0.6525452136993408
0.9100367426872253
0.8439408540725708
0.3605102300643921
0.8499341011047363
0.6036584377288818
0.35251182317733765
0.6800127029418945
0.3266463577747345
0.9049310684204102
0.5508863925933838
0.6020715832710266
0.4825185537338257
0.6992411613464355
0.5612465143203735
0.6461291313171387
0.3009730577468872
0.47653353214263916
0.626276969909668
0.5324729681015015
0.5992216467857361
0.6619626879692078
0.7288400530815125
0.5915664434432983
0.5777544975280762
0.605130672454834
0.7307437658309937
0.8097310662269592
0.903160572052002
0.8066196441650391
0.4917491674423218
0.626672089099884
0.7451224327087402
0.5936392545700073
0.3481818735599518
0.367141991853714
0.4496142268180847
0.5654062032699585
0.7881683111190796
0.44702234864234924
0.5714980363845825
0.7860536575317383
0.6487537026405334
0.6582016348838806
0.03614073246717453
0.16550180315971375
0.9250648617744446
0.6286537647247314
0.6985905766487122
0.535265326499939
0.466380774974823
0.8508102297782898
0.7074909210205078
0.7152590751647949
0.7902408838272095
0.6406854391098022
0.6641457080841064
0.39707034826278687
0.8018680214881897
0.6808221340179443
0.46266812086105347
0.58082115650177
0.1135200783610344
0.7100133895874023
0.6651989221572876
0.6200321912765503
0.6652640104293823
0.7883192300796509
0.27773380279541016
0.6258885860443115
0.09605777263641357
0.7969728708267212
0.8231422901153564
0.5486581325531006
0.4995691776275635
0.7358060479164124
0.7648885250091553
0.7047797441482544
0.7841376066207886
0.5722323060035706
0.400920569896698
0.5534326434135437
0.5967155694961548
0.5510823130607605
0.1130400151014328
0.30973225831985474
0.4288704991340637
0.7261950969696045
0.6735517382621765
0.5520650744438171
0.556368887424469
0.8195016384124756
0.8138009309768677
0.7739410400390625
0.6372259259223938
0.5288316607475281
0.2900286316871643
0.35129204392433167
0.7212387323379517
0.4164658784866333
0.3151097595691681
0.7313487529754639
0.649391770362854
0.5997254848480225
0.7679468393325806
0.5783647894859314
0.513335108757019
0.6306830644607544
0.7176528573036194
0.5416715145111084
0.4603995084762573
0.4881107211112976
0.9255772829055786
0.6056705713272095
0.6436918377876282
0.6777750253677368
0.3262665867805481
0.7644369602203369
0.6350381374359131
0.6432421803474426
0.5350097417831421
0.4448118805885315
0.34138959646224976
0.6367406249046326
0.6071263551712036
0.33533692359924316
0.764999270439148
0.5614969730377197
0.63138347864151
0.645684003829956
0.527324914932251
0.8531944751739502
0.7211114764213562
0.6727564334869385
0.8298087120056152
0.6972460746765137
0.49937406182289124
0.7817674875259399
0.7298272848129272
0.7079827785491943
0.4444217085838318
0.7404964566230774
0.4708792269229889
0.5335757732391357
0.5860381126403809
0.6191380023956299
0.3466739058494568
0.571506142616272
0.5981831550598145
0.7841376066207886
0.7437559366226196
0.5281695127487183
0.5529676079750061
0.5383758544921875
0.6925001740455627
0.6022771000862122
0.34996628761291504
0.5767892599105835
0.6070910096168518
0.5791845321655273
0.5721451640129089
0.23693689703941345
0.7325445413589478
0.5482867360115051
0.501947283744812
0.2685003876686096
0.8152927756309509
0.4500204622745514
0.2907523810863495
0.5554472804069519
0.19252067804336548
0.6940275430679321
0.5887979865074158
0.713851809501648
0.8922561407089233
0.8387517333030701
0.6323556303977966
0.7628128528594971
0.212832972407341
0.6071599721908569
0.17705343663692474
0.21466299891471863
0.7313849925994873
0.7807252407073975
0.7009996175765991
0.5570199489593506
0.22569607198238373
0.6893750429153442
0.606161892414093
0.6126949787139893
0.691979706287384
0.6218092441558838
0.7282569408416748
0.6446616649627686
0.4476691484451294
0.6211211681365967
0.7416530847549438
0.6361297965049744
0.6275239586830139
0.5614174604415894
0.5486412644386292
0.347273588180542
0.5862035751342773
0.31880441308021545
0.7526014447212219
0.35405927896499634
0.1737712174654007
0.13046856224536896
0.5944237112998962
0.4001252055168152
0.44780027866363525
0.7372143864631653
0.25341933965682983
0.05076815187931061
0.528089165687561
0.17267641425132751
0.660076379776001
0.8379603028297424
0.37084048986434937
0.17880502343177795
0.8101274371147156
0.4898020029067993
0.5623108744621277
0.34538039565086365
0.7257428169250488
0.4554104804992676
0.4240921437740326
0.5705316662788391
0.7958871126174927
0.5717962384223938
0.3508903384208679
0.48551076650619507
0.6653000116348267
0.5376310348510742
0.8166161179542542
0.6190135478973389
0.47240445017814636
0.6488413214683533
0.6448349952697754
0.56890869140625
0.5757443904876709
0.13701869547367096
0.43374305963516235
0.5444514155387878
0.5725930333137512
0.7342645525932312
0.2708324193954468
0.553453803062439
0.7501085996627808
0.6525965332984924
0.47637009620666504
0.28972411155700684
0.415885865688324
0.255656898021698
0.5256898999214172
0.5755258798599243
0.3774062693119049
0.5926268100738525
0.5638953447341919
0.49501752853393555
0.6275836229324341
0.7237551212310791
0.6670231223106384
0.5936492085456848
0.6142686009407043
0.13627122342586517
0.30831870436668396
0.6191377639770508
0.6899996995925903
0.6109607815742493
0.6482449173927307
0.06550833582878113
0.6128467917442322
0.19257885217666626
0.6469021439552307
0.5717865824699402
0.7351844310760498
0.2017381489276886
0.5765329599380493
0.5841388702392578
0.6048511266708374
0.8245804309844971
0.6206464767456055
0.5501200556755066
0.7936040759086609
0.4453081488609314
0.5996037125587463
0.22587892413139343
0.5818570852279663
0.7138118743896484
0.8742450475692749
0.7430597543716431
0.24640116095542908
0.26344871520996094
0.6755803823471069
0.7231167554855347
0.20244739949703217
0.38144534826278687
0.6310874223709106
0.7419021725654602
0.7520118951797485
0.4898841381072998
0.661999523639679
0.6511711478233337
0.7179023623466492
0.7342544794082642
0.12101083993911743
0.41333937644958496
0.10337209701538086
0.3847038745880127
0.4830458164215088
0.7903344035148621
0.8176361322402954
0.6041163206100464
0.25982213020324707
0.5748368501663208
0.678682804107666
0.32918769121170044
0.6670817136764526
0.17923766374588013
0.6268825531005859
0.39110565185546875
0.7098431587219238
0.5830637216567993
0.8364332914352417
0.5820453763008118
0.668838620185852
0.6700021624565125
0.676355242729187
0.6795517802238464
0.7331806421279907
0.722989022731781
-0.03829076886177063
0.5020819306373596
0.8042290210723877
0.6919008493423462
0.7590628862380981
0.5102194547653198
0.7886452674865723
0.4517468810081482
0.48580965399742126
0.3784933090209961
0.36610421538352966
0.5923952460289001
0.6510094404220581
0.11680907011032104
0.6063270568847656
0.6344188451766968
0.6752278804779053
0.7380694150924683
0.8367270231246948
0.5402705669403076
0.25565409660339355
0.3119926452636719
0.252633273601532
0.70426344871521
0.5576051473617554
0.06519956141710281
0.275200217962265
0.699447751045227
0.1752435863018036
0.6735195517539978
0.7353072762489319
0.47287219762802124
0.7490309476852417
0.6389322876930237
0.7589203119277954
0.26785755157470703
0.5560413002967834
0.7719683647155762
0.8035731315612793
0.544548511505127
0.14254890382289886
0.7414956092834473
0.5650054216384888
0.498806893825531
0.7538620233535767
0.6485076546669006
0.6836370229721069
0.3312215805053711
0.2280067354440689
0.6625196933746338
0.3514237403869629
0.5308523178100586
0.7245455980300903
0.6504092812538147
0.5670280456542969
0.5075711011886597
0.7163587212562561
0.20927780866622925
0.44667482376098633
0.7644134163856506
0.5138654708862305
0.828425407409668
0.7454221248626709
0.8691585063934326
0.8493989706039429
0.8023660182952881
0.3783920407295227
0.7092882990837097
0.46130841970443726
0.4904381036758423
0.2829282879829407
0.19518056511878967
0.29759421944618225
0.6845889687538147
0.7637325525283813
0.5917311310768127
0.5227867960929871
0.604972779750824
0.6174230575561523
0.24136579036712646
0.5556641221046448
0.7272473573684692
0.6549256443977356
0.9112012386322021
0.5477259159088135
0.808588445186615
0.3693118989467621
0.7000770568847656
0.8093200325965881
0.6516944766044617
0.6713114976882935
0.6094106435775757
0.7429175972938538
0.7962983846664429
0.5243468880653381
0.34734639525413513
0.8221023082733154
0.7268229126930237
0.7760934829711914
0.814570426940918
0.5106730461120605
0.7325644493103027
0.400267630815506
0.2664605677127838
0.27704477310180664
0.4841509461402893
0.7400025129318237
0.7172492146492004
0.13029146194458008
0.6616123914718628
0.38304802775382996
0.44183969497680664
0.30616360902786255
0.6687790751457214
0.7941679954528809
0.661507785320282
0.5145780444145203
0.6474348306655884
0.5933817625045776
0.20675423741340637
0.7426471710205078
0.567388653755188
0.6933845281600952
0.5826029181480408
0.5786479711532593
0.7298469543457031
0.7729788422584534
0.3219549357891083
0.4699209928512573
0.717802107334137
0.4885441064834595
0.7890071868896484
0.33091413974761963
0.5168039798736572
0.31563588976860046
0.6273362636566162
0.21039463579654694
0.4256131052970886
0.20759430527687073
0.7949179410934448
0.5482867360115051
0.7059091329574585
0.6091107726097107
0.6438720226287842
0.731952965259552
0.5240920186042786
0.20512259006500244
0.2290937602519989
0.8231455087661743
0.8750020861625671
0.2651233375072479
0.6029815673828125
0.31708037853240967
0.5717566609382629
0.42831724882125854
0.470841646194458
0.6808483600616455
0.5171370506286621
0.7009764909744263
0.5890318751335144
-0.03712241351604462
0.6819710731506348
0.37642306089401245
0.63359534740448
0.07546842098236084
0.8281222581863403
0.667992353439331
0.5753231048583984
0.7368662357330322
0.3111156225204468
0.7557429671287537
0.6136128902435303
0.36531752347946167
0.6963993310928345
0.5962663292884827
0.41776540875434875
0.8007095456123352
0.6868578791618347
0.7314510345458984
0.5200192928314209
0.6427327990531921
0.6841884851455688
0.8155279159545898
0.6633566617965698
0.7687880992889404
0.7997967004776001
0.6169095039367676
0.8230859041213989
0.5265583395957947
0.7280240058898926
0.6390854716300964
0.616863489151001
0.5761047005653381
0.6311441659927368
0.7345870733261108
0.6090078353881836
0.6831427216529846
0.664103627204895
0.28066354990005493
0.6747203469276428
0.8176078796386719
0.19101354479789734
0.8086267709732056
0.4315202236175537
0.6102602481842041
0.6252977848052979
0.2280067354440689
0.7747747898101807
0.4073953926563263
0.3908262252807617
0.7493221163749695
0.041334375739097595
0.4687788188457489
0.6808035969734192
0.5628558397293091
0.7835532426834106
0.6065766215324402
0.6505394577980042
0.4910237193107605
0.5155192613601685
0.291736364364624
0.6094522476196289
0.3865182101726532
0.7053848505020142
0.7580283880233765
0.6741544008255005
0.4284667372703552
0.664115846157074
0.4909333884716034
0.7589028477668762
0.708027720451355
0.8414973020553589
0.7676210403442383
0.5252975821495056
0.19301021099090576
0.729448139667511
0.7262618541717529
0.6870930194854736
0.2212759107351303
0.7288485765457153
0.6552478075027466
0.5658596158027649
0.5477783679962158
0.4693705141544342
0.6766355037689209
0.10201022028923035
0.8279452323913574
0.7027376890182495
0.7332699298858643
0.6771281957626343
0.42033690214157104
0.7228168249130249
0.3514064848423004
0.697502851486206
0.6957694292068481
0.507341742515564
0.9048923254013062
0.18832799792289734
0.7106958031654358
0.5757842063903809
0.737548828125
0.7693055272102356
0.39713603258132935
0.5970903038978577
0.7113431692123413
0.6076928973197937
0.6985803842544556
0.35366010665893555
0.6006532907485962
0.6970047950744629
0.5445224046707153
0.5279242992401123
0.3721134066581726
0.748658299446106
0.7866246700286865
0.40169835090637207
0.5449701547622681
0.7666669487953186
0.6252632141113281
0.8793792724609375
0.2885846197605133
0.7425546646118164
0.7283585071563721
0.7179015278816223
0.38585084676742554
0.31798043847084045
0.5881385803222656
0.7790307998657227
0.6821378469467163
0.6482803821563721
0.6763631105422974
0.5435658693313599
0.654151439666748
0.5012682676315308
0.6401076316833496
0.6950801610946655
0.7154257893562317
0.6899174451828003
0.7560176253318787
0.6499744653701782
0.4629099369049072
0.7903352975845337
0.43339937925338745
0.6717140674591064
0.5944032073020935
0.6857833862304688
0.5480455160140991
0.3171567916870117
0.7891538143157959
0.7091034054756165
0.7647739052772522
0.6903597116470337
0.7264672517776489
0.41997987031936646
0.6161952018737793
0.6680788993835449
0.7145130634307861
0.7724581956863403
0.5027123093605042
0.7533987760543823
0.7363742589950562
0.7607709169387817
0.30671900510787964
0.41446447372436523
0.48005515336990356
0.5703758001327515
0.6063956022262573
0.7593985199928284
0.5956857800483704
0.7205662131309509
0.49274373054504395
0.7945483326911926
0.6111741065979004
0.4849865436553955
0.6669365167617798
0.7383029460906982
0.5514260530471802
0.7258627414703369
0.302849143743515
0.6422192454338074
0.6295382976531982
0.1181926280260086
0.4642977714538574
0.4413873553276062
0.4487237334251404
0.6624448895454407
0.8161181807518005
0.5249427556991577
0.6381654143333435
0.38633790612220764
0.8723692893981934
0.6998794674873352
0.28174829483032227
0.665826141834259
0.5501376390457153
0.329770565032959
0.688020646572113
0.615135908126831
0.4229746162891388
0.4008276164531708
0.7031183838844299
0.627159059047699
0.6797683238983154
0.7120060920715332
0.06913720071315765
0.5618557929992676
0.6929819583892822
0.7894810438156128
0.4880126714706421
0.7469934225082397
0.6905307769775391
0.5597624182701111
0.787067174911499
0.5149279236793518
0.6557278633117676
0.5689501166343689
0.8184674382209778
0.6846309900283813
0.7182542681694031
0.899316668510437
0.061086833477020264
0.753741979598999
0.4806043803691864
0.7084507942199707
0.6051847338676453
0.7631115913391113
0.6029114723205566
0.6062788963317871
0.49761322140693665
0.3057108521461487
0.6991772651672363
0.5716118216514587
0.769827127456665
0.8834840655326843
0.4762823283672333
0.6373265981674194
0.5086783170700073
0.8338520526885986
0.642520010471344
0.6202101111412048
0.6757121086120605
0.6778930425643921
0.3540252149105072
0.5159237384796143
0.24827975034713745
0.523447573184967
0.6911167502403259
0.7794578671455383
0.5830193161964417
0.7072465419769287
0.8227084875106812
0.5124015808105469
0.6278923749923706
0.6873642802238464
0.5158532857894897
0.6090449094772339
0.6983686685562134
0.8734074831008911
0.20904222130775452
0.3922114670276642
0.6352716684341431
0.7896556854248047
0.5842956304550171
0.3183276057243347
0.7186623215675354
0.19104348123073578
0.4106309413909912
0.5722501277923584
0.3394879102706909
0.7775307297706604
0.7201894521713257
0.7812803387641907
0.8854182362556458
0.0618734210729599
0.7958480715751648
0.7318748235702515
0.4938455820083618
0.6424137353897095
0.23876500129699707
0.7130895853042603
0.5925819873809814
0.8073370456695557
0.6974986791610718
0.7656163573265076
0.05819641053676605
0.43248051404953003
0.5498804450035095
0.3019253611564636
0.634691596031189
0.14995603263378143
0.8240008354187012
0.44435691833496094
0.7701010704040527
0.6288909912109375
0.7660878896713257
0.4288031756877899
0.5639084577560425
0.7030372619628906
0.13817241787910461
0.11570124328136444
0.6642307043075562
0.09989865124225616
0.8230815529823303
0.2680457830429077
0.7724132537841797
0.6688086986541748
0.663625955581665
0.6325821280479431
0.7292166948318481
0.4841163158416748
0.8776038885116577
0.6079801917076111
0.6381453275680542
0.5547457933425903
0.5857204794883728
0.6987580060958862
0.777978241443634
0.5802043676376343
0.6804567575454712
0.0856986865401268
0.6133306622505188
0.8058416843414307
0.7385330200195312
0.03353848308324814
0.6605328917503357
0.21065707504749298
0.3801727294921875
0.3651779294013977
0.692857027053833
0.4120556116104126
0.5319260358810425
0.5490634441375732
0.5345160365104675
0.7782683372497559
0.18725575506687164
0.6871394515037537
0.5136963129043579
0.6987317800521851
0.937022864818573
0.7025941610336304
0.6902973651885986
0.435832142829895
0.5207602381706238
0.8187448978424072
0.7290289402008057
0.6854934096336365
0.5301858186721802
0.49196815490722656
0.804993748664856
0.7261856198310852
0.39268946647644043
0.6841220855712891
0.49796414375305176
0.12041845917701721
0.7600627541542053
0.7583129405975342
0.5993667840957642
0.5959847569465637
0.7707295417785645
0.5144017338752747
0.6998147368431091
0.5682055950164795
0.5104047060012817
0.875321626663208
0.39179670810699463
0.7100996971130371
0.5756109356880188
0.6785028576850891
0.765427827835083
0.6843083500862122
0.22152802348136902
0.5148731470108032
0.7938815355300903
0.8412207961082458
0.45732808113098145
0.6702176332473755
0.7474411725997925
0.6889737844467163
0.833950400352478
0.6800386905670166
0.5815151929855347
0.7445498108863831
0.6519323587417603
0.46776747703552246
0.7105246186256409
0.22590044140815735
0.8324564695358276
0.6329851150512695
0.6696246266365051
0.6872339248657227
0.5375770926475525
0.3606448471546173
0.6287599802017212
0.654624879360199
0.5140041708946228
0.38792192935943604
0.6202408075332642
0.7599873542785645
0.14946135878562927
0.7155812978744507
0.09422749280929565
0.7448803186416626
0.21812397241592407
0.8333162069320679
0.8286535739898682
0.5980187654495239
0.09283040463924408
0.4975219964981079
0.6872426867485046
0.8726596832275391
0.6547785997390747
0.7203206419944763
0.5513783693313599
0.6674066781997681
0.6179348826408386
0.059331491589546204
0.42704296112060547
0.586850106716156
0.734748363494873
0.7837154865264893
0.6993953585624695
0.5057947635650635
0.15454646944999695
0.8658624887466431
0.5611035227775574
0.6630613207817078
0.5024266242980957
0.002295970916748047
0.6973843574523926
0.49335891008377075
0.7172586917877197
0.6199353337287903
0.4932195544242859
0.8276054859161377
0.7176918983459473
0.6829785704612732
0.543018639087677
0.22165080904960632
0.872971773147583
0.648379921913147
0.5688949823379517
0.37563639879226685
0.5932344198226929
0.3403325378894806
0.7526792287826538
0.6682379245758057
0.5817804336547852
0.5731722116470337
0.6970310211181641
0.5005707740783691
0.3022822439670563
0.6716940402984619
0.03452827036380768
0.7682693004608154
0.5984702110290527
0.6055775880813599
0.7266188263893127
0.7588680982589722
0.5795611143112183
0.6955707669258118
0.4770588278770447
0.3412824869155884
0.4123910665512085
0.3813992440700531
0.603996992111206
0.6229408979415894
0.6732082366943359
0.5251753330230713
0.3418201804161072
0.5039988160133362
0.25743865966796875
0.7636067271232605
0.6436864733695984
0.6360121369361877
0.690071702003479
0.7108809947967529
0.6141356229782104
0.6243000030517578
0.5207285284996033
0.594294548034668
0.46839746832847595
0.5623914003372192
0.6435803174972534
0.5900846123695374
0.822352945804596
0.16873063147068024
0.5257655382156372
0.6420968770980835
0.7720407247543335
0.6224562525749207
0.547401487827301
0.4594457447528839
0.8233952522277832
0.6006478071212769
0.8195786476135254
0.19201326370239258
0.697548508644104
0.6446021795272827
0.46050703525543213
0.6870726346969604
0.7292172312736511
0.045331478118896484
0.8113188743591309
0.6813183426856995
0.657829999923706
0.6610584259033203
0.7693004012107849
0.7110389471054077
0.3477092981338501
0.7619158029556274
0.6739721298217773
0.532188355922699
0.914840579032898
0.7757965326309204
0.2796058654785156
0.5097919702529907
0.10583852231502533
0.47960925102233887
0.4210013151168823
0.7930200099945068
0.7063124179840088
0.5892730951309204
0.3609606623649597
0.42846179008483887
0.7472759485244751
0.47552239894866943
0.6242074966430664
0.462382972240448
0.5578159689903259
0.7060878276824951
0.712913990020752
0.7037242650985718
0.8030089139938354
0.8383958339691162
0.6615176200866699
0.7780755758285522
0.6553037166595459
0.49330365657806396
0.6231345534324646
0.4798012971878052
0.6958309412002563
0.288654088973999
0.5772982239723206
0.3070606589317322
0.6155698299407959
0.6644237041473389
0.47405707836151123
0.6845216751098633
0.5676931142807007
0.6316719055175781
0.7262611389160156
0.7294614911079407
0.14268413186073303
0.7017418146133423
0.5648921728134155
0.22239822149276733
0.658993124961853
0.7518618106842041
0.2944687604904175
0.6977419257164001
0.7082371711730957
0.6439794301986694
0.16015776991844177
0.6519383788108826
0.6065099835395813
0.6402333378791809
0.6353784799575806
0.8489115834236145
0.6993066072463989
0.8594274520874023
0.5894997715950012
0.4790753722190857
0.45840984582901
0.5855229496955872
0.7198067903518677
0.7777685523033142
0.6318984031677246
0.6507356762886047
0.6164932250976562
0.4822225868701935
0.5428256392478943
0.527499258518219
0.6829307079315186
0.7641966342926025
0.721336841583252
0.21333321928977966
0.5647315382957458
0.7301470041275024
0.6549730896949768
0.6679210662841797
0.9452627897262573
0.5775015354156494
0.42046767473220825
0.6569774150848389
0.6794765591621399
0.7040208578109741
0.815459132194519
0.3654661476612091
0.4412539601325989
0.61185622215271
0.7815927267074585
0.2388383448123932
0.7053999900817871
0.7572250962257385
0.8516024351119995
0.6712589859962463
0.6000149250030518
0.43694454431533813
0.7266604900360107
0.5454649329185486
0.3955869674682617
0.16488347947597504
0.5259349346160889
0.7987661957740784
0.5558567047119141
0.3118111491203308
0.3610898554325104
0.7607916593551636
0.719204306602478
0.6439976096153259
0.5715655088424683
0.6547527313232422
0.5633888244628906
0.6387838125228882
0.7656642198562622
0.6906360983848572
0.24671491980552673
0.7086267471313477
0.7505687475204468
0.414633184671402
0.492348313331604
0.6798161268234253
0.7329607009887695
0.3323383927345276
0.19248180091381073
0.36054372787475586
0.4943060278892517
0.7379039525985718
0.7339816093444824
0.7575143575668335
0.830551028251648
0.6917955279350281
0.6863265037536621
0.6794370412826538
0.18350762128829956
0.6852439045906067
0.8794499039649963
0.6736297607421875
0.5421921610832214
0.639297604560852
0.6007974147796631
0.6793248653411865
0.7382969856262207
0.7364743947982788
0.3924296796321869
0.7037371397018433
0.6311784982681274
0.6518366932868958
0.5654001235961914
0.6148988008499146
0.6866933107376099
0.7386579513549805
0.7763869762420654
0.693416953086853
0.8220335841178894
0.4338327646255493
0.6899816989898682
0.45915162563323975
0.5115728378295898
0.6812235116958618
0.6364659667015076
0.8068623542785645
0.6082146763801575
0.5743384957313538
0.6579613089561462
0.2189798206090927
0.4816589951515198
0.6709262132644653
0.3503827750682831
0.31494659185409546
0.37854820489883423
-0.0017645955085754395
0.6538673043251038
0.44773003458976746
0.7049242258071899
0.7037205696105957
0.2621811032295227
0.6563422083854675
0.4918859601020813
0.6596473455429077
0.5077207684516907
0.6316860914230347
0.7085316181182861
0.6443290710449219
0.48617857694625854
0.6766875982284546
0.0622614324092865
0.620937168598175
0.6612513065338135
0.5742585062980652
0.43432191014289856
0.7566201686859131
0.8685595989227295
0.5922008156776428
0.5813296437263489
0.19391196966171265
0.34453830122947693
0.5306599140167236
0.6624351739883423
0.6898584365844727
0.6340121030807495
0.7125576734542847
0.2778751850128174
0.6220186948776245
0.5802696943283081
0.564372718334198
0.5399242639541626
0.6695551872253418
0.7214173674583435
0.9286565780639648
0.11866751313209534
0.14040443301200867
-0.014873087406158447
0.6744832992553711
0.5947757959365845
0.8758828639984131
0.692249059677124
0.6608180403709412
0.6692989468574524
0.7883327007293701
0.6811240911483765
0.6742299199104309
0.4738503098487854
0.7383953928947449
0.2484245002269745
0.6351385116577148
0.45107167959213257
0.6200548410415649
0.6199467182159424
0.35093915462493896
0.7543767094612122
0.5982575416564941
0.5947736501693726
0.6830737590789795
0.6007207036018372
0.751559317111969
0.7391788959503174
0.592033326625824
0.3419029116630554
0.6577809453010559
0.7906363010406494
0.7587776780128479
0.7365500330924988
0.3557039499282837
0.6080197095870972
0.48111486434936523
0.42657747864723206
0.6659398078918457
0.6699920296669006
0.606449544429779
0.7517058253288269
0.6253705024719238
0.6560736894607544
0.26149994134902954
0.6299067735671997
0.5140041708946228
0.7287502288818359
0.40143290162086487
0.7097822427749634
0.8034267425537109
0.4451889395713806
0.3658537268638611
0.6743228435516357
0.6148166060447693
0.6143897175788879
0.6654432415962219
0.847909688949585
0.7077131271362305
0.7856110334396362
0.5857605934143066
0.80853670835495
0.2889431118965149
0.7780447006225586
0.6436282396316528
0.416428804397583
0.36375850439071655
0.7128455638885498
0.5549797415733337
0.7139047980308533
0.25098276138305664
0.791556179523468
0.3380734622478485
0.6075733304023743
0.8828104734420776
-0.07700815796852112
0.26412928104400635
0.6085204482078552
0.7956952452659607
0.4602165222167969
0.5758471488952637
0.13838617503643036
0.7172340154647827
0.3109434247016907
0.6751130819320679
0.6663911938667297
0.7274624705314636
0.7502812743186951
0.6568469405174255
0.5358845591545105
0.47799089550971985
0.7025673985481262
0.7562911510467529
0.7483866810798645
0.10417553782463074
0.5506591200828552
0.76319420337677
0.7180932760238647
0.1604556441307068
0.6125457882881165
0.7396212816238403
0.7549675703048706
0.7541450262069702
0.6534397006034851
0.6169887781143188
0.5372251868247986
0.7760935425758362
0.6090059280395508
0.9089497327804565
0.5321974754333496
0.763534426689148
0.6402127742767334
0.14623770117759705
0.6558760404586792
0.6859779357910156
0.14022405445575714
0.7872884273529053
0.5389013290405273
0.5660945773124695
0.6393876075744629
0.6508438587188721
0.726305365562439
0.482918381690979
0.6332558393478394
0.603590726852417
0.5665135383605957
0.3220084607601166
0.4814527630805969
0.7400681972503662
0.6431835293769836
0.6591999530792236
0.6312541365623474
0.7229002714157104
0.4007743299007416
0.7690577507019043
0.8367143273353577
0.7827519178390503
0.6416348218917847
0.43668490648269653
0.6967965960502625
0.526317298412323
0.7306676506996155
0.5308147668838501
0.3754960000514984
0.51117342710495
0.07340733706951141
0.6882294416427612
0.670661449432373
0.6712731122970581
0.6446810960769653
0.6429501175880432
0.6081258654594421
0.38521063327789307
0.6500981450080872
0.723391056060791
0.8466604948043823
0.37667402625083923
0.44345295429229736
0.4167574346065521
0.38819360733032227
0.690933108329773
0.6923773884773254
0.6193839907646179
0.44190144538879395
0.44599616527557373
0.33883941173553467
0.5350996851921082
0.5831363201141357
0.8499166965484619
0.6891539096832275
0.5862075090408325
0.5425478219985962
0.3147033154964447
0.6700929999351501
0.6218468546867371
0.4613216519355774
0.24562448263168335
0.7243090867996216
0.45977869629859924
0.8276572227478027
0.631802499294281
0.4131776690483093
0.6146591901779175
0.38973456621170044
0.701040506362915
0.5895854830741882
0.6981990337371826
0.7701495289802551
0.6340699195861816
0.7521020174026489
0.7956597805023193
0.3246932923793793
0.45156195759773254
0.5513723492622375
0.40597280859947205
0.7376814484596252
0.46635353565216064
0.13263708353042603
0.32955607771873474
0.7342691421508789
0.6778317093849182
0.5899118781089783
0.8241130113601685
0.4770679175853729
0.4546355903148651
0.8641160726547241
0.6786458492279053
0.7018090486526489
0.36914384365081787
0.6659712195396423
0.5718967318534851
0.5053118467330933
0.7550805807113647
0.5500508546829224
0.6189059019088745
0.6894234418869019
0.5967578291893005
0.671772837638855
0.643843412399292
0.6270530223846436
0.5608599185943604
0.7365323305130005
0.6260986328125
0.45896923542022705
0.7048294544219971
0.3649060130119324
0.06350349634885788
0.4970041513442993
0.9298282861709595
0.6549851894378662
0.5818679928779602
0.333230197429657
0.742323637008667
0.8700985908508301
0.7453881502151489
0.4547191262245178
0.7363578081130981
0.4876851439476013
0.6280403137207031
0.6861833930015564
0.6094188690185547
0.8844524621963501
0.6168094873428345
0.6769751310348511
0.7975826263427734
0.7585186958312988
0.7757129073143005
0.34161174297332764
0.6664650440216064
0.6185792684555054
0.42384231090545654
0.8806864023208618
0.47584617137908936
0.48406440019607544
0.23121225833892822
0.6926993131637573
0.6666630506515503
0.8979169130325317
0.5109325647354126
0.7174049019813538
0.5253950953483582
0.5568268299102783
0.33823445439338684
0.858126163482666
0.7299734354019165
0.5411669611930847
0.4448484480381012
0.5467657446861267
0.642784595489502
0.266554594039917
0.6237173080444336
0.740714967250824
0.6918193697929382
0.7427561283111572
0.5021947026252747
0.20646992325782776
0.7515075206756592
0.33213359117507935
0.3354220390319824
0.7902188301086426
0.24264778196811676
0.5934732556343079
0.7094430327415466
0.7329145669937134
0.7442373037338257
0.2622278928756714
0.31228673458099365
0.6648343205451965
0.7276671528816223
0.4644320607185364
0.6231960654258728
0.7471342086791992
0.7907998561859131
0.5876433253288269
0.38452327251434326
0.5970674157142639
0.16227422654628754
0.5956820845603943
0.8887896537780762
0.8633882403373718
0.5680979490280151
0.2272753119468689
0.40202605724334717
0.11766137182712555
0.3104175329208374
0.7453622817993164
0.6604002714157104
0.44008222222328186
0.12036687135696411
0.41966426372528076
0.7355574369430542
0.78236985206604
0.8345299959182739
0.6259287595748901
0.742416262626648
0.3916381001472473
0.7646459341049194
0.7008651494979858
0.6671151518821716
0.7067050337791443
0.5757765769958496
0.12768511474132538
0.8047534227371216
0.25993016362190247
0.6149582266807556
0.71926349401474
0.6363317966461182
0.6529422402381897
0.5099421739578247
0.6470974087715149
0.8212530612945557
0.7982209324836731
0.29265153408050537
0.6728427410125732
0.7820209264755249
0.8282265663146973
0.5165977478027344
0.6328037977218628
0.4606369733810425
0.2432406097650528
0.6196416616439819
0.810165286064148
0.6416526436805725
0.7093483209609985
0.25219836831092834
0.7117879390716553
0.39340895414352417
0.410020112991333
0.5432380437850952
0.21691788733005524
0.5503227710723877
0.28931567072868347
0.2033342868089676
0.3769012987613678
0.7492530345916748
0.8229061365127563
0.5958762168884277
0.43685072660446167
0.2141343057155609
0.8307986259460449
0.5081872940063477
0.6518757343292236
0.6988528966903687
0.26067444682121277
0.6449622511863708
0.6241598725318909
0.33114418387413025
0.790431022644043
0.7259314656257629
0.5668047070503235
0.3286047577857971
0.5370352268218994
0.6181958317756653
0.7954639196395874
0.5432108044624329
0.3402356803417206
0.7531927227973938
0.4581887722015381
0.5962271690368652
0.612018883228302
0.7535204887390137
0.26916268467903137
0.6876139044761658
0.614040732383728
0.3801368474960327
0.6649829149246216
0.3787435293197632
0.8167898654937744
0.4962729811668396
0.6532001495361328
0.46210527420043945
0.7155424356460571
0.421182245016098
0.5456135272979736
0.4966828227043152
0.7231806516647339
0.7168596982955933
0.6914130449295044
0.5570164918899536
0.16626609861850739
0.6248800158500671
0.21964146196842194
0.6515214443206787
0.6817973852157593
0.8006094694137573
0.6500020027160645
0.6948714256286621
0.6286113858222961
0.5747432112693787
0.6185829639434814
0.2526184320449829
0.5215904116630554
0.7008864283561707
0.5671496391296387
0.38167792558670044
0.7522037029266357
0.756646990776062
0.6753729581832886
0.7367039322853088
0.5718731880187988
0.15341806411743164
0.6723592281341553
0.4767872095108032
0.3324868083000183
0.259843111038208
0.28442174196243286
0.7360516786575317
0.7299232482910156
0.6674774289131165
0.6791579723358154
0.7004833817481995
0.6831018924713135
0.7797626852989197
0.2147885262966156
0.5404679179191589
0.49684053659439087
0.712271511554718
0.5955540537834167
0.7190866470336914
0.7355287075042725
0.5726443529129028
0.7353178262710571
0.8698457479476929
0.4423164427280426
0.6827281713485718
0.7174356579780579
0.7153246402740479
0.6144019365310669
0.6011090874671936
0.7938334941864014
0.41489332914352417
0.6084556579589844
0.1504608690738678
0.7661421298980713
0.7511220574378967
0.7176368236541748
0.23902571201324463
0.7040486335754395
0.36723101139068604
0.5891496539115906
0.5965040922164917
0.5012040138244629
0.6149991750717163
0.467323362827301
-0.01026897132396698
0.15409612655639648
0.5766611695289612
0.08814054727554321
0.7055926322937012
0.25556960701942444
0.740410566329956
0.6176901459693909
0.6743395328521729
0.44442152976989746
0.7290265560150146
0.7317096590995789
0.4629465341567993
0.6820195913314819
0.5590792298316956
0.4692274332046509
0.7615546584129333
0.762405276298523
0.33131375908851624
0.7613274455070496
0.5236427783966064
0.6203044652938843
0.8683092594146729
0.541721761226654
0.6219738125801086
0.8452319502830505
0.6709924340248108
0.7715710401535034
0.23435693979263306
0.19968673586845398
0.6112154126167297
0.5415794253349304
0.4280100464820862
0.665458083152771
0.6075241565704346
0.5491948127746582
0.5890524387359619
0.7565754652023315
0.6387375593185425
0.24928885698318481
0.7408802509307861
0.7143301367759705
0.7161693572998047
0.323266863822937
0.5851072072982788
0.7244434952735901
0.4167194068431854
0.544440746307373
0.10323724150657654
0.691908061504364
0.3961992859840393
0.3166472315788269
0.7713067531585693
0.6611580848693848
0.6809171438217163
0.702704668045044
0.6432493329048157
-0.029511839151382446
0.7018750905990601
0.3845437169075012
0.7328715324401855
0.7656666040420532
0.7309039235115051
0.6025217175483704
0.6639903783798218
0.43246227502822876
0.6263391971588135
0.794013500213623
0.41305744647979736
0.7912309169769287
0.6546000242233276
0.2750154435634613
0.5448094010353088
0.6982333660125732
0.2949610948562622
0.2358771711587906
0.82780921459198
0.7327154278755188
0.3971928358078003
0.5999581813812256
0.6734911203384399
0.6868575811386108
0.7466456890106201
0.5304515957832336
0.39218783378601074
0.6270297765731812
0.5032027959823608
0.6613039374351501
0.5839519500732422
0.7847524881362915
0.6386157870292664
0.6340485215187073
0.7063623666763306
0.5926238894462585
0.37328633666038513
0.6823632717132568
0.6764411926269531
0.6985548734664917
0.21464048326015472
0.6753263473510742
0.3217327296733856
0.7962003350257874
0.5764045119285583
0.5727290511131287
0.7295445203781128
0.47021353244781494
0.53194260597229
0.4483114778995514
0.699047863483429
0.10137832164764404
0.6613378524780273
0.6160163283348083
0.5407829284667969
0.13230609893798828
0.5369771718978882
0.7358742952346802
0.6826775074005127
0.47420936822891235
0.6454776525497437
0.6675047874450684
0.7354637980461121
0.5245208144187927
0.5180976986885071
0.1857815384864807
0.4051423668861389
0.8659470677375793
0.44278573989868164
0.7696149945259094
0.6841431856155396
0.6861440539360046
0.6731082201004028
-0.024601653218269348
0.345455139875412
0.5711537599563599
0.21355092525482178
0.7819777131080627
0.7380950450897217
0.45950499176979065
0.6868777275085449
0.11663862317800522
0.5987515449523926
0.1637229025363922
0.2156982719898224
0.7161368727684021
0.6163913607597351
0.1645815223455429
0.7588095664978027
0.13359223306179047
0.636033296585083
0.6011916399002075
0.11107466369867325
0.42051732540130615
0.524057924747467
0.3281431794166565
0.6777613759040833
0.8003249764442444
0.6082888841629028
0.6980865001678467
0.660358726978302
0.745587944984436
0.7234117984771729
0.12138983607292175
0.7247966527938843
0.6285303235054016
0.6921233534812927
0.769282341003418
0.6600427031517029
0.673672080039978
0.6908168792724609
0.7760430574417114
0.39371803402900696
0.5025454759597778
0.2482394427061081
0.27789604663848877
0.5610171556472778
0.6943753361701965
0.6442515254020691
0.739454984664917
0.3219958543777466
0.5277024507522583
0.530517578125
0.7452110648155212
0.460517019033432
0.6338143944740295
0.7280270457267761
0.3021230697631836
0.7620298862457275
0.29074519872665405
0.6131568551063538
0.5203857421875
0.563158392906189
0.6818190813064575
0.7560136318206787
0.7507847547531128
0.7057228684425354
0.6065174341201782
0.6596183180809021
0.6995795369148254
0.5138571262359619
0.3673168122768402
0.539007306098938
0.6619826555252075
0.3642204701900482
0.7127704620361328
0.8598881959915161
0.7634472250938416
0.2586209774017334
0.49456626176834106
0.551504373550415
0.3209376037120819
0.699379563331604
0.732510507106781
0.3864844739437103
0.6328966617584229
0.7342091798782349
0.6531960964202881
0.4673158526420593
0.6630738377571106
0.3918544054031372
0.7605465650558472
0.6410567760467529
0.27950239181518555
0.5051974058151245
0.26241105794906616
0.33254098892211914
0.3317645788192749
0.13672949373722076
0.1959114819765091
0.6410119533538818
0.45513108372688293
0.41321903467178345
0.592556357383728
0.6625612378120422
0.3420213758945465
0.588985800743103
0.6868568658828735
0.5542936325073242
0.6624323129653931
0.6137120723724365
0.45144808292388916
0.689079999923706
0.442770779132843
0.7220538258552551
0.30079007148742676
0.3813384175300598
0.6168938875198364
0.7135413885116577
0.7569929361343384
0.4098981022834778
0.7712012529373169
0.25770026445388794
0.573369562625885
0.5966238975524902
0.628149688243866
0.3475196659564972
0.731630802154541
0.6624979376792908
0.7446422576904297
0.717235267162323
0.6390208005905151
0.5615614652633667
0.604206919670105
0.4700109362602234
0.7825207114219666
0.8074324727058411
0.29636406898498535
0.5036227703094482
0.5039975643157959
0.30112704634666443
0.6627192497253418
0.5048104524612427
0.76743483543396
0.7001075744628906
0.4282463788986206
0.7734306454658508
0.5693985223770142
0.5406587719917297
0.5865600109100342
0.6503492593765259
0.6894375085830688
0.6380096673965454
0.5868843793869019
0.634251594543457
0.7205396890640259
0.46850115060806274
0.8366221785545349
0.5059636831283569
0.5932221412658691
0.7124497890472412
0.4932403862476349
0.5837548971176147
0.8144254684448242
0.284416139125824
0.7362534999847412
0.5739889740943909
0.8538398742675781
0.7456054091453552
0.643619179725647
0.7066985368728638
0.6285742521286011
0.19601477682590485
0.4934808015823364
0.716419517993927
0.6606101989746094
0.2646828889846802
0.681527316570282
0.6498610973358154
0.6669490337371826
0.4177555441856384
0.48953777551651
0.7258749008178711
0.6685253381729126
0.4743911325931549
0.307534396648407
0.8308640718460083
0.33946073055267334
0.6160553693771362
0.5061914920806885
0.3990069031715393
0.6250331997871399
0.7273159623146057
0.16138815879821777
0.32661867141723633
0.5712502002716064
0.7185084223747253
0.333687424659729
0.5860143899917603
0.6595006585121155
0.6878697872161865
0.7026766538619995
0.6861385703086853
0.5368332862854004
0.32635438442230225
0.5386224985122681
0.468422532081604
0.7808207273483276
0.6803127527236938
0.24960854649543762
0.5265267491340637
0.7345696091651917
0.7411710023880005
-0.02093181014060974
0.8046649694442749
0.6586752533912659
0.6715214848518372
0.6977725028991699
0.43529844284057617
0.6197426319122314
0.6073694229125977
0.3029078245162964
0.6520785093307495
0.566240131855011
0.7218113541603088
0.5764400959014893
0.1711919605731964
0.7123442888259888
0.5107002258300781
0.6572803854942322
0.782988965511322
0.7923409938812256
0.6133606433868408
0.8311253190040588
0.7440755367279053
0.6087658405303955
0.7444518804550171
0.881214439868927
0.7158358097076416
0.21952292323112488
0.29138824343681335
0.8049539923667908
0.8073784112930298
0.7528534531593323
0.6148654222488403
0.4917237162590027
0.49324241280555725
0.5978853106498718
0.67702317237854
0.24860963225364685
0.8312777876853943
0.6742238998413086
0.7717353105545044
0.7944058179855347
0.7334796190261841
0.5744916200637817
0.5597147345542908
0.7642595767974854
0.5453933477401733
0.3184505105018616
0.6487298011779785
0.6859786510467529
0.9123480319976807
0.5772552490234375
0.39937567710876465
0.6196213960647583
0.5719143152236938
0.6509300470352173
0.7790342569351196
0.47775018215179443
0.5408327579498291
0.3305642306804657
0.7465077638626099
0.7443692684173584
0.47018638253211975
0.7397645711898804
0.6262403726577759
0.4955345094203949
0.6780844926834106
0.695146918296814
0.24279344081878662
0.20827548205852509
0.3841547667980194
0.686160147190094
0.5682985186576843
0.8084149360656738
0.4062541127204895
0.721851646900177
0.730309247970581
0.4673158526420593
0.6942336559295654
0.37415003776550293
0.6476501226425171
0.739708662033081
0.32166993618011475
0.545270562171936
0.6933797597885132
0.43236294388771057
0.47794878482818604
0.6229594349861145
0.6926652193069458
0.16332006454467773
0.9168498516082764
0.6255345344543457
0.37262269854545593
0.6997586488723755
0.6938463449478149
0.31456494331359863
0.5971591472625732
0.19649313390254974
0.3950725793838501
0.5360963344573975
0.8940884470939636
0.5349007248878479
0.7520360350608826
0.7207664251327515
0.8077360391616821
0.5992021560668945
0.6141119003295898
0.6082496643066406
0.7111505270004272
0.6299316883087158
0.5679991245269775
0.8175534009933472
0.35963547229766846
0.6777546405792236
0.6581740379333496
0.22708506882190704
0.40672802925109863
0.3631906509399414
0.47493356466293335
0.25275900959968567
0.6709092259407043
0.6777613759040833
0.07556648552417755
0.6235237121582031
0.6753078103065491
0.6135166883468628
0.5907105803489685
0.48052188754081726
0.28823232650756836
0.5756316184997559
0.3250828683376312
0.5161316394805908
0.6431902647018433
0.33482956886291504
0.7370112538337708
0.09397753328084946
0.7796908020973206
0.7036148905754089
0.7316206097602844
0.6440730094909668
0.4737410545349121
0.7187526226043701
0.7145596742630005
0.5382852554321289
0.6365060210227966
0.7626715898513794
0.2634642422199249
0.5966052412986755
0.7537809014320374
0.46552079916000366
0.42331331968307495
0.6133300065994263
0.6953257322311401
0.7027022242546082
0.684734046459198
0.5702873468399048
0.7278332710266113
0.6831109523773193
0.6253206729888916
0.5435591340065002
0.7089382410049438
0.6741470694541931
0.5228806138038635
0.6707066297531128
0.3391484320163727
0.2877587080001831
0.6401715278625488
0.673041582107544
0.7853613495826721
0.717802107334137
0.6033180952072144
0.7055151462554932
0.527931809425354
0.683391809463501
0.4189205765724182
0.5866678357124329
0.787139892578125
0.5962508916854858
0.6688665151596069
0.8085194826126099
0.8036825656890869
0.8647737503051758
0.4589695930480957
0.5907859802246094
0.2112317830324173
0.10328301042318344
0.6244977116584778
0.6025773882865906
0.5856155157089233
0.6322290301322937
0.6336119771003723
0.0562373548746109
0.5733399987220764
0.24485263228416443
0.4107162356376648
0.38314688205718994
0.5725876092910767
0.7707218527793884
0.4700867533683777
0.7638469934463501
0.6239588260650635
0.1570366770029068
0.4101310074329376
0.44199785590171814
0.4384762644767761
0.7635956406593323
0.6361988186836243
0.5401986241340637
0.2713516056537628
0.5428756475448608
0.6677407026290894
0.9217483997344971
0.5823798179626465
0.7941026091575623
0.6332700848579407
0.7041119337081909
0.5771664977073669
0.6605857610702515
0.5376179218292236
0.2722826600074768
0.6269062757492065
0.660377562046051
0.36058127880096436
0.7378883361816406
0.712973952293396
0.5571272969245911
0.5888487100601196
0.2590677738189697
0.7390942573547363
0.762412428855896
0.8781721591949463
0.6919567584991455
0.694731593132019
0.4546993672847748
0.7629511952400208
0.13181953132152557
0.5794177055358887
0.6062982082366943
0.773854672908783
0.49497100710868835
0.6748920679092407
0.651073157787323
0.6268402338027954
0.42702093720436096
0.09816023707389832
0.25110018253326416
0.7185119390487671
0.8203747272491455
0.6610432267189026
0.32116734981536865
0.5091773271560669
0.7468477487564087
0.5578587055206299
0.7843341827392578
0.20439966022968292
0.3820804953575134
0.6998951435089111
0.4725525975227356
0.8887434005737305
0.657081663608551
0.7880007028579712
0.700348436832428
0.46052151918411255
0.6810914278030396
0.4139181971549988
0.3386658728122711
0.7587502002716064
0.3808535635471344
0.5901488661766052
0.7426375150680542
0.40582525730133057
0.4431878328323364
0.6846771240234375
0.7494531869888306
0.2872624397277832
0.47898542881011963
0.10884396731853485
0.5469061732292175
0.736159086227417
0.3844977021217346
0.4443173408508301
0.8001696467399597
0.581375241279602
0.749740719795227
0.7084742784500122
0.559433102607727
0.4057339131832123
0.6962969303131104
0.7011137008666992
0.6183845400810242
0.45354288816452026
0.7186039090156555
0.10384398698806763
0.7974780797958374
0.5392142534255981
0.7377524375915527
0.7751166820526123
0.6335179209709167
0.31983813643455505
0.18566125631332397
0.5072363018989563
0.5108758211135864
0.8277066946029663
0.7350820302963257
0.5390309691429138
0.5094258785247803
0.7170590162277222
0.5824792981147766
0.19750374555587769
0.7325421571731567
0.7003729939460754
0.4932919442653656
0.6827710270881653
0.7416993379592896
0.4054781198501587
0.5947802066802979
0.4746279716491699
0.5096726417541504
0.08823380619287491
0.3072996735572815
0.6196733713150024
0.5228744745254517
0.6274325847625732
0.2506771683692932
0.6247982978820801
0.6102975606918335
0.7292501926422119
0.7542672157287598
0.5006678104400635
0.23133929073810577
0.8021470308303833
0.772467315196991
0.6337911486625671
0.6442021727561951
0.7419248819351196
0.6649217009544373
0.7724401354789734
0.40529197454452515
0.8293927907943726
0.6763075590133667
0.25981441140174866
0.2421015501022339
0.7666439414024353
0.6865525245666504
0.6348406076431274
0.9546951651573181
0.6975160837173462
0.44795331358909607
0.7535606622695923
0.610672116279602
0.7013059854507446
0.6651017665863037
0.7381352782249451
0.6125341653823853
0.7273963689804077
0.625901460647583
0.49075472354888916
0.5437808036804199
0.6740175485610962
0.8951570391654968
0.5625941753387451
0.5095624327659607
0.7996357679367065
0.37310272455215454
0.6637246608734131
0.6797131299972534
0.6827910542488098
0.37461668252944946
-0.004589289426803589
0.739142656326294
0.7352732419967651
0.7882109880447388
0.8034893274307251
0.6752144694328308
0.3705584406852722
0.6585503816604614
0.6630414724349976
0.7909777760505676
0.6246975660324097
0.41348540782928467
0.6000843048095703
0.12425628304481506
0.6927706599235535
0.5034443736076355
0.5152102708816528
0.11480345577001572
0.466543585062027
0.8061789274215698
0.7687137126922607
0.7813898324966431
0.7120800018310547
0.6736390590667725
0.7374973297119141
0.6886796355247498
0.65374356508255
0.42724448442459106
0.7606115937232971
0.46672385931015015
0.7912824153900146
0.32403045892715454
0.33167850971221924
0.7193942070007324
0.6126382350921631
0.3753300607204437
0.709018349647522
0.5893986821174622
0.6652565002441406
0.5268516540527344
0.7124232053756714
0.7788116931915283
0.698217511177063
0.1467459350824356
0.5029366612434387
0.4556105434894562
0.7062404155731201
0.53794264793396
0.3171744644641876
0.7511526942253113
0.20951247215270996
0.661085307598114
0.3967072367668152
0.5221555829048157
0.6004314422607422
0.6505095362663269
0.6187152862548828
0.4714752733707428
0.20222288370132446
0.28645026683807373
0.7117271423339844
0.5526366233825684
0.39826565980911255
0.6490802764892578
0.8662901520729065
0.08035647869110107
0.6794455051422119
0.5653733015060425
0.5265834331512451
0.7250921726226807
0.6550287008285522
0.6198658347129822
0.63704514503479
0.6451408863067627
0.30061841011047363
0.14503100514411926
0.7862128019332886
0.38182705640792847
0.729354739189148
0.7367265224456787
0.8370349407196045
0.6289064884185791
0.606287956237793
0.6856883764266968
0.7230136394500732
0.5928419828414917
0.37970292568206787
0.6974813938140869
0.6605699062347412
0.7089296579360962
0.7650948166847229
0.6903766393661499
0.3766077160835266
0.470878541469574
0.681695282459259
0.3660823702812195
0.5176147222518921
0.6570563316345215
0.6166417598724365
0.5934045910835266
0.7243978977203369
0.6455116271972656
0.722753643989563
0.715964674949646
0.5263429880142212
0.678747296333313
0.29753971099853516
0.7550240755081177
0.6412110328674316
0.28183335065841675
0.7169427871704102
0.6326216459274292
0.5502345561981201
0.7724977731704712
0.7472759485244751
0.8204951286315918
0.7072057127952576
0.8006085157394409
0.48891305923461914
0.2830806374549866
0.4103928208351135
0.7706456184387207
0.8025833368301392
0.6859877109527588
0.4504889249801636
0.584746778011322
0.132247194647789
0.6185932755470276
0.6568171977996826
0.3699641525745392
0.3322433829307556
0.6626640558242798
0.7775911688804626
0.7423359155654907
0.8825855255126953
0.665492057800293
0.6576169729232788
0.4653517007827759
0.8129178881645203
0.7860229015350342
0.6508244872093201
0.7478337287902832
0.579148530960083
0.28724053502082825
0.5252333879470825
0.5232130289077759
0.3849247395992279
0.5662202835083008
0.8156453371047974
0.07321663200855255
0.8162007331848145
0.6234534978866577
0.6735384464263916
0.8994414806365967
0.6823885440826416
0.6111961603164673
0.6336873173713684
0.6538165807723999
0.5943859219551086
0.32476329803466797
0.6630884408950806
0.3750702142715454
0.15757326781749725
0.5441758632659912
0.30968400835990906
0.7641513347625732
0.634514331817627
0.2697904109954834
0.7681787610054016
0.49091219902038574
0.4930538535118103
0.8275877237319946
0.6811658143997192
0.43408870697021484
0.7551836967468262
0.6534990072250366
0.6726988554000854
0.4099506139755249
0.46447762846946716
0.631973922252655
0.5148849487304688
0.854830265045166
0.6211116909980774
0.5535739064216614
0.6191462278366089
0.4107555150985718
0.771497905254364
0.6925183534622192
0.5579028129577637
0.702574610710144
0.5131615400314331
0.32704824209213257
0.7093148231506348
0.4791527986526489
0.43884947896003723
0.5307657718658447
0.5575697422027588
0.8243659734725952
0.7065141797065735
0.6884440183639526
0.046884775161743164
0.35464125871658325
0.298902690410614
0.711233377456665
0.2005382776260376
0.6023067235946655
0.8053563833236694
0.36572587490081787
0.7771972417831421
0.368688702583313
0.5303429365158081
0.26080355048179626
0.6015688180923462
0.6196660995483398
0.30447638034820557
0.5586286187171936
0.18581807613372803
0.7676313519477844
0.6338188052177429
0.12766945362091064
0.7294870615005493
0.5837538838386536
0.6144624352455139
0.46910807490348816
0.9457025527954102
0.8247156143188477
0.13059374690055847
0.7175455093383789
0.549178957939148
0.5354809165000916
0.4065508544445038
0.6593968868255615
0.8004539608955383
0.5914348363876343
0.5676231980323792
0.5602608919143677
0.6838369965553284
0.6410278081893921
0.7498579025268555
0.3167893886566162
0.6491137146949768
0.8033347129821777
0.5129557847976685
0.7330261468887329
0.7649427652359009
0.8275591135025024
0.6652913093566895
0.6513317823410034
0.6447823643684387
0.6349972486495972
0.8580187559127808
0.6919136047363281
0.5271782875061035
0.5248435735702515
0.6957870125770569
0.4013957381248474
0.7108056545257568
0.7652050256729126
0.6153514385223389
0.5661026835441589
0.16301757097244263
0.5786334276199341
0.5002231597900391
0.6901919841766357
0.703541100025177
0.7334177494049072
0.6776818037033081
0.6582720875740051
0.6741626262664795
0.528051495552063
0.24704208970069885
0.6761304140090942
0.6560635566711426
0.31031662225723267
0.8607964515686035
0.22508706152439117
0.5894014835357666
0.6246098279953003
0.7259249091148376
0.4370865225791931
0.11691722273826599
0.326900839805603
0.553853452205658
0.814426064491272
0.9270743131637573
0.6979624032974243
0.44869112968444824
0.6275109052658081
0.31514227390289307
0.8037872314453125
0.5366827845573425
0.723669171333313
0.7185114622116089
0.5987292528152466
0.5534825325012207
0.633197546005249
0.8512088656425476
0.3871072828769684
0.48051607608795166
0.4064061939716339
0.6720106601715088
0.05826987326145172
0.6747363805770874
0.9572986364364624
0.6249648928642273
0.668542742729187
0.03231826424598694
0.6203211545944214
0.7370849847793579
0.7209344506263733
0.6978930830955505
0.23297840356826782
0.5823901891708374
0.49474459886550903
0.7048240900039673
0.6875516772270203
0.6673404574394226
0.7047528028488159
0.5861383080482483
0.5857769846916199
0.5424720048904419
0.6468456983566284
0.808390736579895
0.6005616784095764
0.37877631187438965
0.6030969619750977
0.8994950652122498
0.6409786343574524
0.7876139283180237
0.5643541812896729
0.6451319456100464
0.6493945121765137
0.5319749116897583
0.20367509126663208
0.7129502296447754
0.6086708307266235
0.773914098739624
0.05424623191356659
0.6771608591079712
0.4376598000526428
0.33614879846572876
0.46708041429519653
0.6938943862915039
0.6932776570320129
0.37332165241241455
0.31754329800605774
0.921096920967102
0.6114683747291565
0.7895750403404236
0.5179727077484131
0.44590920209884644
0.6970316171646118
0.6521323919296265
0.3441736698150635
0.7211452722549438
0.6899563670158386
0.4146069288253784
0.7375749945640564
0.6744838953018188
0.621713399887085
0.6961859464645386
0.7260280251502991
0.7839405536651611
0.5241866111755371
0.6395874619483948
0.5456787347793579
0.7914050221443176
0.6438708305358887
0.5161895155906677
0.5440683364868164
0.7854405641555786
0.6687484383583069
0.7367728352546692
0.617725133895874
0.6669593453407288
0.42751094698905945
0.692277193069458
0.5418961048126221
0.531644880771637
0.6511779427528381
0.36647456884384155
0.566678524017334
0.6900510787963867
0.5407049655914307
0.6515493988990784
0.6015415191650391
0.5093944072723389
0.7466225028038025
0.4501822590827942
0.8960431814193726
0.6803140640258789
0.6280405521392822
0.5239993333816528
0.4516053795814514
0.7259021997451782
0.6613686680793762
0.43213799595832825
0.48354971408843994
0.7957955598831177
0.4969633221626282
0.5329232215881348
0.1900574415922165
0.6520555019378662
0.5059109330177307
0.4969121813774109
0.09460528194904327
0.34956902265548706
0.4935270845890045
0.6179337501525879
0.30914318561553955
0.7193041443824768
0.632571816444397
0.7074363827705383
0.22710773348808289
0.732063889503479
0.6924778819084167
0.4055131673812866
0.7282763719558716
0.20766645669937134
0.896141767501831
0.6968363523483276
0.7576516270637512
0.793328046798706
0.43551623821258545
0.7390367388725281
0.6675031185150146
0.28768065571784973
0.7019273638725281
0.35357901453971863
0.6134059429168701
0.705620527267456
0.7197232246398926
0.6760377883911133
0.653905987739563
0.6663263440132141
0.7676013112068176
0.7003374099731445
0.43833139538764954
0.5078095197677612
0.32746610045433044
0.6554704904556274
0.46501147747039795
0.3662945628166199
0.7308090925216675
0.7676617503166199
0.8254894614219666
0.8453248143196106
0.5837199687957764
0.6312500238418579
0.7937994003295898
0.7741796970367432
0.7560393810272217
0.717616081237793
0.7394567728042603
0.6964545845985413
0.5573078393936157
0.2710953950881958
0.7700722813606262
0.8004395365715027
0.6759995222091675
0.5957822203636169
0.5723702311515808
0.18519124388694763
0.554244339466095
0.4315503239631653
0.7395844459533691
0.5199824571609497
0.8088154792785645
0.5899913907051086
0.5709502100944519
0.4673158526420593
0.45834699273109436
0.5776491761207581
0.7516496181488037
0.45579931139945984
0.17326360940933228
0.6576106548309326
0.6354138851165771
0.5669668912887573
0.5514075756072998
0.7948262095451355
0.562058687210083
0.7783597707748413
0.29306966066360474
0.6371041536331177
0.4886482357978821
0.46048790216445923
0.6359638571739197
0.6913342475891113
0.9452731609344482
0.6760731935501099
0.6190122961997986
0.7392539978027344
0.7445241808891296
0.8271958827972412
0.6145046949386597
0.7541311979293823
0.7411869764328003
0.35369473695755005
0.6909406781196594
0.034485504031181335
0.22980991005897522
0.5982547998428345
0.3442404866218567
0.30621546506881714
0.7241083979606628
0.7061671614646912
0.6651740670204163
0.5550534725189209
0.19084598124027252
0.6769939064979553
0.6220089197158813
0.7937885522842407
0.5101640820503235
0.486538827419281
0.20974496006965637
0.40053457021713257
0.678303599357605
0.6859667897224426
0.6879192590713501
0.742962658405304
0.69179767370224
0.7419072389602661
0.6791588068008423
0.5647619962692261
0.5836966633796692
0.21224895119667053
0.7159374356269836
0.587552547454834
0.7106019854545593
0.35643085837364197
0.7271171808242798
0.6393054723739624
0.6137274503707886
0.4409850537776947
0.250783234834671
0.4866814911365509
0.6428104639053345
0.5576368570327759
0.9067336916923523
0.6975103616714478
0.6430515050888062
0.6730543375015259
0.5278909206390381
0.6792166233062744
0.35157471895217896
0.7574762105941772
0.6176273226737976
0.20260001718997955
0.09511362761259079
0.6054983139038086
0.5722689032554626
0.5250229835510254
0.7879814505577087
0.6892334818840027
0.7207547426223755
0.325106143951416
0.30735278129577637
0.6065766215324402
0.7583134174346924
0.7025330662727356
0.4121387302875519
0.5161680579185486
0.4785240888595581
0.6867189407348633
0.6320666670799255
0.8226295709609985
0.05692564696073532
0.7896215915679932
0.6015558242797852
0.6402873992919922
0.7115333080291748
0.7751439809799194
0.3935214877128601
0.6378933191299438
0.5705475807189941
0.7445158362388611
0.6788061857223511
0.8860854506492615
0.33247432112693787
0.643690824508667
0.4301396608352661
0.7288542985916138
0.8629199862480164
0.343258798122406
0.36198100447654724
0.8213574886322021
0.26475954055786133
0.1323871612548828
0.3833165764808655
0.5812013149261475
0.6589315533638
0.5635020732879639
0.5170975923538208
0.8047603368759155
0.771683394908905
0.5063420534133911
0.7237921953201294
0.48185503482818604
0.7736492156982422
0.74039626121521
0.5142020583152771
0.4243348240852356
0.36079320311546326
0.8049324750900269
0.5778526663780212
0.7386999130249023
0.5103455185890198
0.6209536790847778
0.7134023904800415
0.47433364391326904
0.627153217792511
0.7419424057006836
0.6980865001678467
0.6039041876792908
0.6340185403823853
0.8203747272491455
0.6967939734458923
0.36706292629241943
0.6236653327941895
0.6817777156829834
0.5094625353813171
0.5858866572380066
0.7554470300674438
0.5656741857528687
0.35569024085998535
0.29165852069854736
0.7495070695877075
0.5204191207885742
0.6087667942047119
0.5623738169670105
0.4001259207725525
0.5809775590896606
0.631824254989624
0.5910154581069946
0.23613974452018738
0.6745198965072632
0.9651955366134644
0.20220497250556946
0.6953388452529907
0.6741409301757812
0.7904377579689026
0.7947273254394531
0.32878756523132324
0.7144672870635986
0.7177827954292297
0.20694026350975037
0.7604442834854126
0.4382888674736023
0.624825119972229
0.7471646070480347
0.7813605666160583
0.6484214067459106
0.6747932434082031
0.7942047119140625
0.2745630443096161
0.5836185216903687
0.7543017864227295
0.7566031813621521
0.8516064286231995
0.7433508038520813
0.755427360534668
0.5867407321929932
0.7170879244804382
0.8219259977340698
0.7881675362586975
0.8320978879928589
0.664726972579956
0.5712587833404541
0.762407660484314
0.6409882307052612
0.5447340607643127
0.650959312915802
0.3665418028831482
0.6730250120162964
0.7439947724342346
0.2897615432739258
0.5660452842712402
0.6849492788314819
0.6549009680747986
0.4092048108577728
0.7446293830871582
0.5653975009918213
0.694409966468811
0.4664224684238434
0.6059529781341553
0.6269767880439758
0.5305142998695374
0.5807898044586182
0.6087532043457031
0.5860725045204163
0.8034577369689941
0.4472562372684479
0.582278847694397
0.7550182342529297
0.37818533182144165
0.8185024857521057
0.5291893482208252
0.19333529472351074
0.42764541506767273
0.5487450361251831
0.6119434833526611
0.6636912822723389
0.7143794298171997
0.7421896457672119
0.5408468246459961
0.6113859415054321
0.5269641876220703
0.8275835514068604
0.679546594619751
0.6733372807502747
0.6585772037506104
0.7886223793029785
0.5761585831642151
0.5851318836212158
0.16852015256881714
0.44077083468437195
0.8664237260818481
0.41578319668769836
0.7189072966575623
0.7772290110588074
0.5448563694953918
0.6965739727020264
0.6670159697532654
0.7613198757171631
0.6658610105514526
0.6347712278366089
0.7525511980056763
0.6351503729820251
0.5064572691917419
0.034526415169239044
0.3894237279891968
0.7539158463478088
0.5310649871826172
0.7342325448989868
0.6212542057037354
0.7308781147003174
0.7229577302932739
0.6648577451705933
0.7605485916137695
0.7845208644866943
0.688717246055603
0.5733500719070435
0.32187512516975403
0.7289730906486511
0.45161008834838867
0.5174644589424133
0.8142464756965637
0.6751368641853333
0.5555905699729919
0.7908203601837158
-0.007938206195831299
0.7304916381835938
0.5525805354118347
0.5502668619155884
0.534369707107544
0.6268844604492188
0.6690583229064941
0.7598548531532288
0.16771583259105682
0.3135487735271454
0.6913166642189026
0.4384366273880005
0.5549063682556152
0.6402220129966736
0.4473140835762024
0.6538803577423096
0.6408984661102295
0.7744454145431519
0.7477136850357056
0.6406221389770508
0.6073049902915955
0.6367406249046326
0.747504472732544
0.418203204870224
0.6826425790786743
0.5013730525970459
0.7255931496620178
0.6583650708198547
0.779024064540863
0.39151421189308167
0.725455641746521
0.668509840965271
0.7874904274940491
0.3614962100982666
0.6915577054023743
0.731576681137085
0.6850232481956482
0.6902045607566833
0.3064229488372803
0.5949814319610596
0.5578292012214661
0.6657360196113586
0.5258243083953857
0.23977437615394592
0.6400174498558044
0.5214257836341858
0.7325977087020874
0.6899538636207581
0.7512759566307068
0.6424933671951294
0.5154320001602173
0.5871880054473877
0.6664251685142517
0.47963863611221313
0.8060218095779419
0.6699600219726562
0.7381342649459839
0.64697265625
0.12783530354499817
0.46208715438842773
0.07019110769033432
0.6918038129806519
0.660214900970459
0.49946916103363037
0.6932002902030945
0.09921573847532272
0.7268054485321045
0.716335117816925
0.6262741684913635
0.3207762837409973
0.4643644094467163
0.5230594873428345
0.8216728568077087
0.6005231738090515
0.8640340566635132
0.5501487255096436
0.7175678014755249
0.0674787163734436
0.6663618087768555
0.5785374641418457
0.317430317401886
0.6839132308959961
0.751272439956665
0.7037280201911926
0.4607893228530884
0.27188676595687866
0.30735278129577637
0.7786056995391846
0.749096155166626
0.6218739151954651
0.6541725397109985
0.7626692652702332
0.7355858087539673
0.6254943609237671
0.6437355875968933
0.5914884805679321
0.7507666349411011
0.750487208366394
0.8399953842163086
0.7287284135818481
0.7195717692375183
0.7617979049682617
0.7543262243270874
0.6147761940956116
0.29450345039367676
0.6155675649642944
0.6803877353668213
0.6692733764648438
0.5710729360580444
0.7646511197090149
0.4726579189300537
0.6960458159446716
0.5313817262649536
0.5977535247802734
0.21393781900405884
0.4685400724411011
0.7295533418655396
0.003896087408065796
0.8380300998687744
0.5722401142120361
0.32082197070121765
0.6218142509460449
0.6888951063156128
0.13024936616420746
0.8687072992324829
0.6541988849639893
0.7487930059432983
0.7891463041305542
0.44931185245513916
0.5164256691932678
0.7760021686553955
0.524922251701355
0.5966576933860779
0.6588054895401001
0.6432607769966125
0.5182346105575562
0.674087643623352
0.1740010529756546
0.7037931680679321
0.7006365060806274
0.454864501953125
0.48692670464515686
0.7054785490036011
0.6097620725631714
0.6612716317176819
0.40550029277801514
0.6231587529182434
0.4841001629829407
0.45823830366134644
0.4963940382003784
0.6496298909187317
0.7883453369140625
0.5373608469963074
0.5442478656768799
0.5749329924583435
0.7546257376670837
0.489899218082428
0.7112566232681274
0.28908851742744446
0.7246479988098145
0.441398561000824
0.63994961977005
0.5538247227668762
0.596846342086792
0.6552255153656006
0.6485621929168701
0.7527307271957397
0.25294917821884155
0.5066601037979126
0.5662181973457336
0.5895088911056519
0.7933719158172607
0.7878520488739014
0.3787565529346466
0.6217939853668213
0.28178828954696655
0.5995237827301025
0.7757093906402588
0.7503535747528076
0.6804046630859375
0.6943606734275818
0.688998818397522
0.8396991491317749
0.7199245095252991
0.462121844291687
0.5366808176040649
0.6239525675773621
0.7177831530570984
0.6716203689575195
0.6689291596412659
0.21662503480911255
0.43686288595199585
0.7116425037384033
0.7323589324951172
0.44312089681625366
0.15529827773571014
0.5165248513221741
0.5865274667739868
0.17345842719078064
0.6830636858940125
0.696053683757782
0.8407866954803467
0.37475717067718506
0.4119056165218353
0.6268961429595947
0.6000139713287354
0.6630165576934814
0.39962029457092285
0.6447448134422302
0.731576681137085
0.6018639802932739
0.7793360948562622
0.5405853390693665
0.5726484656333923
0.7141363024711609
0.01696665585041046
0.6534572839736938
0.5742032527923584
0.7013146877288818
0.4462588429450989
0.7046799063682556
0.5264356136322021
0.3577301800251007
0.7936951518058777
0.6831381320953369
0.6556642651557922
0.9169008731842041
0.6358397603034973
0.5794199109077454
0.49703773856163025
0.682919979095459
0.32555800676345825
0.6013259887695312
0.5720500946044922
0.7218519449234009
0.6353169679641724
0.6205530166625977
0.6596992611885071
0.713434636592865
0.36348000168800354
0.7125948667526245
0.7233740091323853
0.7650974988937378
0.3987513780593872
0.6700887680053711
0.5175360441207886
0.2451564371585846
0.7271835803985596
0.792327880859375
0.7494306564331055
0.4095926284790039
0.3719359040260315
0.596073567867279
0.6878626346588135
0.6781566739082336
0.5704854726791382
0.8102434873580933
0.5897820591926575
0.623306155204773
0.8064373731613159
0.6921098232269287
0.6703445315361023
0.43776533007621765
0.7425122261047363
0.5635136961936951
0.8120566606521606
0.5910333395004272
0.5256403684616089
0.7007901668548584
0.33462291955947876
0.723873496055603
0.8330014944076538
0.5622662305831909
0.5443260669708252
0.7411947250366211
0.6150854825973511
0.6360524892807007
0.6636782288551331
0.46022865176200867
0.5180995464324951
