0.5921599864959717
0.5909531116485596
0.5895260572433472
0.6892536282539368
0.8595845699310303
0.6180681586265564
0.4590649902820587
0.4654572010040283
0.7388880252838135
0.7767755389213562
0.18086892366409302
0.7443504333496094
0.5501168966293335
0.7394561767578125
0.3604978024959564
0.829588770866394
0.5788570642471313
0.5189511179924011
0.7526406645774841
0.4491334855556488
0.7118790149688721
0.4285910427570343
0.5971615314483643
0.8214013576507568
0.30330005288124084
0.48868170380592346
0.9399757981300354
0.5949926972389221
0.5671367049217224
0.7373939752578735
0.8126041889190674
0.6189591884613037
0.6594467163085938
0.6020410060882568
0.5690371990203857
0.574835479259491
0.7569571137428284
0.17184221744537354
0.6128143072128296
0.6472982168197632
0.48406845331192017
0.8419398665428162
0.35167956352233887
0.5018337368965149
0.7046270966529846
0.5896492004394531
0.5969344973564148
0.5315818786621094
0.7206088900566101
0.6631392240524292
0.5247927308082581
0.6754695773124695
0.6141656637191772
0.567252516746521
0.14014598727226257
0.5083897113800049
0.6002041101455688
0.3459530770778656
0.5391891002655029
0.6839187741279602
0.722312331199646
0.6098248958587646
0.9082411527633667
0.6062209606170654
0.7245464324951172
0.8532720804214478
0.6427159309387207
0.7210592031478882
0.5165923833847046
0.7136783599853516
0.7139781713485718
0.4793514609336853
0.4877711236476898
0.8652684688568115
0.5111674666404724
0.5054205656051636
0.6911771893501282
0.38180455565452576
0.5732333660125732
0.6580842733383179
0.678207278251648
0.7471743822097778
0.5837124586105347
0.7615833282470703
0.6580570340156555
0.7744223475456238
0.7398058176040649
0.7820069789886475
0.5183475613594055
0.8334066867828369
0.19823995232582092
0.7287775278091431
0.44445523619651794
0.686319887638092
0.5397912859916687
0.800227165222168
0.6187419891357422
0.2898011803627014
0.7720193862915039
0.6034328937530518
0.3761696517467499
0.7789329290390015
0.6061345934867859
0.6503161787986755
0.4495772421360016
0.7015221118927002
0.6521337032318115
0.6941306591033936
0.460805207490921
0.7208290100097656
0.8230822086334229
0.1156173050403595
0.6886758804321289
0.646233320236206
0.3188258707523346
0.844841718673706
0.7450814247131348
0.5825966596603394
0.6530623435974121
0.3372376263141632
0.5837416648864746
0.7039402723312378
0.611158013343811
0.5641778707504272
0.6889570355415344
0.7694420218467712
0.5372759699821472
0.4781555235385895
0.6906604766845703
0.6411806344985962
0.7372937202453613
0.5345333218574524
0.7684148550033569
0.676098108291626
0.8418525457382202
0.6088710427284241
0.3920742869377136
0.664543092250824
0.716178297996521
0.9230808615684509
0.4975760877132416
0.7838625907897949
0.8551437854766846
0.6590608358383179
0.5257160067558289
0.8556221723556519
0.6810981035232544
0.04264765977859497
0.7146925330162048
0.7842423915863037
0.6480279564857483
0.6752437353134155
0.6790680885314941
0.7131752967834473
0.761080801486969
0.8491602540016174
0.8294528722763062
0.6424871683120728
0.050491515547037125
0.550667941570282
0.9869306087493896
0.7504750490188599
0.46912238001823425
0.7104325294494629
0.7624130249023438
0.6085101366043091
0.9803149700164795
0.5281452536582947
0.7788647413253784
0.4214889705181122
0.7967632412910461
0.8397567272186279
0.37976977229118347
0.16709768772125244
0.6973090171813965
0.8906998634338379
0.6169756054878235
0.5039816498756409
0.5661176443099976
0.9150156378746033
0.8040710687637329
0.5107313394546509
0.752996563911438
0.45143190026283264
0.6047114133834839
0.8792397975921631
0.8018049001693726
0.8007796406745911
0.20161080360412598
0.7980068325996399
0.5807489156723022
0.5895802974700928
0.38354548811912537
0.744705319404602
0.7207768559455872
0.46849071979522705
0.7429928779602051
0.6784887313842773
0.4508763253688812
0.6333309412002563
0.9204636812210083
0.3090117871761322
0.522391676902771
0.28748655319213867
0.6974382996559143
0.5316786170005798
0.37890201807022095
0.6708879470825195
0.6905447244644165
0.5597845911979675
0.31817206740379333
0.5607637763023376
0.7980570793151855
0.4555473029613495
0.6959423422813416
0.13399727642536163
0.6077626943588257
0.7922608256340027
0.5067729949951172
0.40584632754325867
0.6073450446128845
0.7297618389129639
0.5597541332244873
0.6572058200836182
0.22586274147033691
0.444958359003067
0.8095588088035583
0.5535772442817688
0.44667062163352966
0.3820151388645172
0.8548105359077454
0.5835549831390381
0.6961377263069153
0.3555646538734436
0.06611865013837814
0.5980826616287231
0.3688372075557709
0.6862236261367798
0.6947102546691895
0.5794011354446411
0.42089149355888367
0.5499905347824097
0.5536398887634277
0.3931659758090973
0.7244324684143066
0.9071307182312012
0.41959723830223083
0.5009978413581848
0.7800151705741882
0.6496983766555786
0.6731747984886169
0.3652805984020233
0.7218238115310669
0.3921414315700531
0.6997827291488647
0.7427597045898438
0.6161922216415405
0.596899151802063
0.16850122809410095
0.5107070803642273
0.3985382914543152
0.4535573124885559
0.319271981716156
0.5745114088058472
0.5425196886062622
0.7237334251403809
0.5127711892127991
0.7669414281845093
0.6352238655090332
0.3026357889175415
0.8283151984214783
0.787891685962677
0.5164183974266052
0.8303247094154358
0.6349412798881531
0.5492673516273499
0.7180549502372742
0.7282688021659851
0.9461473226547241
0.33698418736457825
0.6274572610855103
0.7993640303611755
0.4709256589412689
0.7910586595535278
0.4988178610801697
0.5201850533485413
0.8277608156204224
0.652763843536377
0.5461118817329407
0.321368545293808
0.7228807806968689
0.7416918277740479
0.6418087482452393
0.7629653215408325
0.6227294206619263
0.661415696144104
0.4058256447315216
0.9738482236862183
0.007653824985027313
0.49951568245887756
0.733049213886261
0.9250924587249756
0.6509125828742981
0.5510380864143372
0.8802796006202698
0.5028718709945679
0.7102054357528687
0.614754855632782
0.818356990814209
0.4718797504901886
0.8055355548858643
0.7495526075363159
0.5770723819732666
0.6814526319503784
0.44172146916389465
0.2513505816459656
0.43193894624710083
0.5653865337371826
0.19817891716957092
0.7491807341575623
0.4686525762081146
0.2960911989212036
0.6606653332710266
0.6555559039115906
0.6954935789108276
0.647570788860321
0.5945289134979248
0.6304727792739868
0.7278957366943359
0.3004429340362549
0.4990508258342743
0.11081644892692566
0.802496612071991
0.8478120565414429
0.9863638877868652
0.5698233842849731
0.6792261600494385
0.6920318603515625
0.7354059219360352
0.719630241394043
0.6509960889816284
0.7245762348175049
0.533364474773407
0.8548879027366638
0.7325431108474731
0.39986640214920044
0.7104146480560303
0.6321970224380493
0.6581141352653503
0.7467496395111084
0.8815526962280273
0.5431846380233765
0.7897346019744873
0.9395489692687988
0.23983028531074524
0.9591512680053711
0.6628437638282776
0.7180444002151489
0.7483166456222534
0.4067220985889435
0.7690392732620239
0.1287478506565094
0.5238880515098572
0.6532003283500671
0.8220259547233582
0.5101191997528076
0.6838611364364624
0.9458596110343933
0.8104348182678223
0.7776133418083191
0.35103726387023926
0.5037398338317871
0.6782968640327454
0.7007619142532349
0.6543619632720947
0.7945678234100342
0.9060475826263428
0.6021877527236938
0.3939230740070343
0.6348994374275208
0.69317626953125
0.770960807800293
0.4130876958370209
0.8824849128723145
0.6681041717529297
0.659537672996521
0.7059832811355591
0.7416625618934631
0.5346745848655701
0.6948012113571167
0.3572888672351837
0.772585391998291
0.6833919882774353
0.6577606201171875
0.5663299560546875
0.8048601150512695
0.6330923438072205
0.8598820567131042
0.6296428442001343
0.6147111654281616
0.5332257747650146
0.54664146900177
0.6078091859817505
0.9375972747802734
0.7770438194274902
0.7522680163383484
0.7110504508018494
0.5885859727859497
0.7538479566574097
0.26328739523887634
0.7008360624313354
0.6256599426269531
0.6891182065010071
0.6972297430038452
0.5025853514671326
0.5702765583992004
0.7737371325492859
0.7874835729598999
0.29855620861053467
0.5821794271469116
0.4317362606525421
0.8197031617164612
0.5885673761367798
0.6851635575294495
0.6634223461151123
0.6237433552742004
0.788851261138916
0.6305606365203857
0.6785914897918701
0.4424076974391937
0.2616744637489319
0.7606886625289917
0.5858081579208374
0.6743016242980957
0.6489509344100952
0.7798296213150024
0.7679610252380371
0.5377770662307739
0.5988385677337646
0.5857626795768738
0.6943325996398926
0.7858096957206726
0.794684886932373
0.5592530965805054
0.7105660438537598
0.4832293391227722
0.7554479837417603
0.7669340372085571
0.38036850094795227
0.340358167886734
0.7989118695259094
0.6991108059883118
0.4080832898616791
0.3231118321418762
0.5676910877227783
0.5632497072219849
0.853135347366333
0.7282829880714417
0.4089004397392273
0.6155851483345032
0.5927845239639282
0.5676926970481873
0.6642902493476868
0.7100239992141724
0.606852114200592
0.18197354674339294
0.5945824384689331
0.8179388642311096
0.6378141045570374
0.6622533798217773
0.7884634733200073
0.6544421911239624
0.5358465313911438
0.7203425168991089
0.7158764600753784
0.10864400118589401
0.427828848361969
0.7401076555252075
0.751613199710846
0.4728172719478607
0.8002046346664429
0.1475929170846939
0.7293130159378052
0.7624585628509521
0.715990424156189
0.28674551844596863
0.9590450525283813
0.7271487712860107
0.181438609957695
0.7948713302612305
0.7452084422111511
0.6693642139434814
0.7422784566879272
0.49538764357566833
0.633476197719574
0.8414561152458191
0.7372457385063171
0.7919055223464966
0.6159154176712036
1.0568764209747314
0.8653333783149719
0.5371696352958679
0.8165436387062073
0.663756251335144
0.5559632182121277
0.8388938903808594
0.37879568338394165
1.0480724573135376
0.6658309698104858
0.6626459360122681
0.5976324677467346
0.7387056350708008
0.6210081577301025
0.7406487464904785
0.4021466076374054
0.47714415192604065
0.754115104675293
0.598909318447113
0.5191236734390259
0.602645993232727
0.7370880842208862
0.7319218516349792
0.42661216855049133
0.47466132044792175
0.7306363582611084
0.8558717370033264
0.9061053991317749
0.8677684664726257
0.5777627229690552
0.6807388067245483
0.7866858243942261
0.6622738838195801
0.5269069671630859
0.4439445436000824
0.5293331146240234
0.4516665041446686
0.8018831610679626
0.6242511868476868
0.6783097982406616
0.7773135900497437
0.678443968296051
0.580664873123169
0.08059412986040115
0.09893053770065308
0.9110094308853149
0.6095743775367737
0.7062492370605469
0.3529975712299347
0.5156493186950684
0.8913549184799194
0.6603325605392456
0.5697627663612366
0.7825286388397217
0.9030013084411621
0.7211823463439941
0.4878697693347931
0.909846842288971
0.7417525053024292
0.4491303563117981
0.6887226700782776
0.27002400159835815
0.7504538893699646
0.6244920492172241
0.7053556442260742
0.5743927955627441
0.7634044289588928
0.5244842767715454
0.6639568209648132
0.05120640993118286
0.7856228351593018
0.8957784175872803
0.5928714275360107
0.44631683826446533
0.9355093240737915
0.7644712924957275
0.7314561605453491
0.8244208097457886
0.5875986218452454
0.3407979905605316
0.6592280864715576
0.5370481014251709
0.7170657515525818
0.1259625256061554
0.3922097682952881
0.41528016328811646
0.7512577772140503
0.7492494583129883
0.7409933805465698
0.5676842331886292
0.8622247576713562
0.8590378165245056
0.7692587971687317
0.6164548397064209
0.598796010017395
0.3021676540374756
0.5244268774986267
0.7800946235656738
0.43970781564712524
0.31957289576530457
0.7299243211746216
0.7036889791488647
0.6176221370697021
0.8358949422836304
0.6722791194915771
0.598722517490387
0.7032682299613953
0.7368807196617126
0.6763607263565063
0.4647863209247589
0.52531898021698
0.9514892101287842
0.6930471658706665
0.7988513708114624
0.5533807277679443
0.45753172039985657
0.7781845331192017
0.6051903963088989
0.64390629529953
0.47618111968040466
0.5458624958992004
0.4384464919567108
0.5599714517593384
0.5779302716255188
0.38285619020462036
0.819491982460022
0.7254944443702698
0.7984622120857239
0.6244035959243774
0.6289917826652527
0.9848385453224182
0.7631403207778931
0.6675466299057007
0.9350181818008423
0.6829131841659546
0.6088659763336182
0.7718527317047119
0.7687608003616333
0.7624263763427734
0.5742817521095276
0.8008359670639038
0.6279104948043823
0.5008288025856018
0.5690157413482666
0.4002785086631775
0.3337192237377167
0.538161039352417
0.676025390625
0.8244208097457886
0.7130941152572632
0.5954956412315369
0.5735371708869934
0.5774219632148743
0.7250849604606628
0.6538882851600647
0.3640415072441101
0.551060676574707
0.7616041898727417
0.603705644607544
0.8387861251831055
0.3034577965736389
0.7867192029953003
0.6597775220870972
0.4775443375110626
0.12898573279380798
0.9390179514884949
0.4586058557033539
0.29663705825805664
0.7279955148696899
0.2594474256038666
0.7175180912017822
0.6190252304077148
0.7170392870903015
0.9867401719093323
0.7719610929489136
0.7008404731750488
0.7988802194595337
0.47517910599708557
0.6981632113456726
0.18812295794487
0.27434074878692627
0.8649346232414246
0.7128824591636658
0.7610966563224792
0.4899965822696686
0.2523910105228424
0.7388094067573547
0.7852556109428406
0.6814508438110352
0.7060346603393555
0.6266883611679077
0.7949434518814087
0.5839632153511047
0.5388059020042419
0.7472057342529297
0.710826575756073
0.5864933729171753
0.6768642663955688
0.47010132670402527
0.6641865968704224
0.5672749876976013
0.7097912430763245
0.3900901973247528
0.8067425489425659
0.21864476799964905
0.16955813765525818
0.1353784203529358
0.6365348100662231
0.3685000240802765
0.5421696901321411
0.7794284820556641
0.577619731426239
0.13639679551124573
0.40516018867492676
0.15270158648490906
0.7503708600997925
0.716423749923706
0.35842156410217285
0.26147013902664185
0.7548935413360596
0.40677931904792786
0.6836301684379578
0.3079318702220917
0.7286513447761536
0.5750137567520142
0.48121869564056396
0.372663289308548
0.90791916847229
0.6521394848823547
0.47759220004081726
0.3454202115535736
0.6528592705726624
0.5030362010002136
0.8681880235671997
0.6387710571289062
0.6062108874320984
0.5478640198707581
0.6611260175704956
0.6474809646606445
0.5631861090660095
0.17185714840888977
0.46785768866539
0.5867791771888733
0.6351803541183472
0.5599180459976196
0.5354226231575012
0.5769789218902588
0.656371533870697
0.7341359853744507
0.5138850212097168
0.4195551872253418
0.5877862572669983
0.14609022438526154
0.5393747091293335
0.5517544150352478
0.49056941270828247
0.6894290447235107
0.5970759987831116
0.5101813077926636
0.5998313426971436
0.6191157698631287
0.7117671966552734
0.7600323557853699
0.6832520961761475
0.2693498134613037
0.46837690472602844
0.6405085325241089
0.766266942024231
0.5251045227050781
0.5115129947662354
0.13845553994178772
0.588814377784729
0.4159957468509674
0.628591001033783
0.6133188605308533
0.748428225517273
0.20494866371154785
0.5787039995193481
0.5939614772796631
0.6884850859642029
0.8770171999931335
0.71415114402771
0.6281602382659912
0.7630833387374878
0.4416903555393219
0.6683958768844604
0.3207889199256897
0.5778689384460449
0.8131755590438843
0.9772664308547974
0.7698732614517212
0.297853946685791
0.3803122937679291
0.595738410949707
0.794701874256134
0.37915685772895813
0.40875256061553955
0.7293211221694946
0.7392575740814209
0.8141477108001709
0.4552907943725586
0.6244441866874695
0.5668295621871948
0.7358589768409729
0.7133841514587402
0.2931559085845947
0.3501967787742615
0.22139164805412292
0.5588690638542175
0.6483517289161682
0.9100438356399536
0.9309024810791016
0.6505234241485596
0.3154410123825073
0.5207938551902771
0.6791038513183594
0.35294273495674133
0.6982747316360474
0.30182433128356934
0.6334946751594543
0.34988072514533997
0.8431824445724487
0.5420968532562256
0.8684701919555664
0.6243656873703003
0.7479265928268433
0.7627920508384705
0.7202869653701782
0.6255388259887695
0.7590140104293823
0.8325624465942383
0.051025405526161194
0.4591280221939087
0.8184775114059448
0.6277914047241211
0.7371673583984375
0.5056591629981995
0.8574389219284058
0.34223487973213196
0.39051419496536255
0.3958412706851959
0.3574768900871277
0.4714597761631012
0.5583365559577942
0.12411718815565109
0.6758750081062317
0.80070960521698
0.7417542934417725
0.6610467433929443
0.8672869801521301
0.5768457651138306
0.32198843359947205
0.35854771733283997
0.39829927682876587
0.749915599822998
0.5382368564605713
0.053643837571144104
0.3382437527179718
0.6700262427330017
0.35726943612098694
0.6630710363388062
0.8586856126785278
0.48523929715156555
0.8446462154388428
0.6035515069961548
0.760192334651947
0.5438673496246338
0.5518839955329895
0.902367889881134
0.8879449963569641
0.5693185925483704
0.3318706750869751
0.7073483467102051
0.724901020526886
0.4553677439689636
0.768871545791626
0.6230552792549133
0.6356070041656494
0.22337999939918518
0.2069198191165924
0.7059890031814575
0.3662881851196289
0.5278521180152893
0.6848599910736084
0.7623329162597656
0.454242080450058
0.6923942565917969
0.6841881275177002
0.2925136685371399
0.49065694212913513
0.8256749510765076
0.6263610124588013
0.885577380657196
0.6043727397918701
0.8576090931892395
0.9389661550521851
0.8175482153892517
0.619735836982727
0.7230441570281982
0.43940261006355286
0.5832033157348633
0.5521973967552185
0.3222682774066925
0.41543909907341003
0.6693451404571533
0.8256173133850098
0.6627472043037415
0.6057934761047363
0.7122292518615723
0.631017804145813
0.2396036684513092
0.4977547824382782
0.7363331317901611
0.691397488117218
1.015632152557373
0.590783417224884
0.929124116897583
0.2363540530204773
0.8451476097106934
0.9828718900680542
0.694773256778717
0.6335198879241943
0.6369913220405579
0.7839365005493164
0.923409640789032
0.42001649737358093
0.4703831970691681
0.8449356555938721
0.6101728677749634
0.7884876728057861
1.0069564580917358
0.6679832339286804
0.7249882221221924
0.43484726548194885
0.4405208230018616
0.3708137571811676
0.4454980194568634
0.542874813079834
0.8008090257644653
0.16713565587997437
0.6172986030578613
0.6323902010917664
0.6175704002380371
0.16668447852134705
0.6715140342712402
0.6337614059448242
0.7121953368186951
0.46603041887283325
0.6261556148529053
0.6759135723114014
0.3060533404350281
0.663130521774292
0.684188187122345
0.7393739223480225
0.572192370891571
0.5967242121696472
0.7188445329666138
0.7444010972976685
0.43861836194992065
0.7510582208633423
0.8036696314811707
0.5643303990364075
0.9010505676269531
0.2873997688293457
0.6689157485961914
0.5834497213363647
0.7291958332061768
0.28114739060401917
0.6054034233093262
0.25243398547172546
0.7193173170089722
0.6597775220870972
0.8501905798912048
0.6604436635971069
0.7160100936889648
0.7684032917022705
0.5559340119361877
0.2858867645263672
0.11354576051235199
0.9208815097808838
0.8288218379020691
0.37207189202308655
0.6548616290092468
0.22859862446784973
0.8046029210090637
0.44489699602127075
0.40202462673187256
0.8057538270950317
0.5083482265472412
0.7473828792572021
0.6432409286499023
0.06917129456996918
0.781720757484436
0.41333016753196716
0.7252988815307617
0.09400005638599396
0.8345506191253662
0.7093374729156494
0.646155834197998
0.7258769273757935
0.37702134251594543
0.7469197511672974
0.5362222194671631
0.3595423400402069
0.8260418176651001
0.5851913094520569
0.4814979135990143
0.8541375994682312
0.7080286741256714
0.6314080953598022
0.5742738842964172
0.671958327293396
0.793592631816864
0.8217997550964355
0.6507550477981567
0.8204084038734436
0.8155271410942078
0.6128354072570801
0.9035242795944214
0.609669029712677
0.6935754418373108
0.7204288244247437
0.7509862184524536
0.6514779329299927
0.6273055672645569
0.780911386013031
0.5995868444442749
0.8503231406211853
0.6497111320495605
0.285205602645874
0.7832213640213013
0.8171366453170776
0.16105926036834717
0.8298934102058411
0.42110517621040344
0.7538418173789978
0.7713223695755005
0.2069198191165924
0.7005071640014648
0.6902344226837158
0.457842618227005
0.7985284328460693
-0.0006433054804801941
0.5765591263771057
0.6347114443778992
0.608848512172699
0.8736205101013184
0.708388090133667
0.7024679183959961
0.5191986560821533
0.5579633712768555
0.2980174720287323
0.5418177843093872
0.2866694927215576
0.8137245178222656
0.7828311324119568
0.6396790742874146
0.5735779404640198
0.6331697702407837
0.5496240854263306
0.7558861374855042
0.8104208707809448
0.8191058039665222
0.891303300857544
0.5103610754013062
0.2547050416469574
0.9234429597854614
0.823922872543335
0.6764856576919556
0.3261355459690094
0.7563931941986084
0.8028906583786011
0.5907533168792725
0.664114236831665
0.43961185216903687
0.7515377402305603
0.19383001327514648
0.8649115562438965
0.7908003330230713
0.8876029849052429
0.7940523624420166
0.38301610946655273
0.8321130275726318
0.5631464719772339
0.764619767665863
0.6988974809646606
0.47609004378318787
0.9399822950363159
0.3438023030757904
0.7368298172950745
0.6073828935623169
0.7750517129898071
0.8665265440940857
0.4613640606403351
0.6910645961761475
0.7782939672470093
0.6266307234764099
0.5970008373260498
0.43444815278053284
0.6218973398208618
0.7354116439819336
0.37870097160339355
0.7437236309051514
0.35592010617256165
0.708609938621521
0.6999280452728271
0.5709116458892822
0.6125503778457642
0.7683548927307129
0.5613694787025452
0.9535608291625977
0.2208181917667389
0.8225737810134888
0.6686885952949524
0.7311256527900696
0.6063967347145081
0.25233060121536255
0.6211915612220764
0.856120228767395
0.5977895259857178
0.6507580280303955
0.7213996648788452
0.6694287657737732
0.7387979030609131
0.5071432590484619
0.6562005281448364
0.6657540202140808
0.7609466314315796
0.7413092851638794
0.8395794630050659
0.6810204386711121
0.4593765437602997
0.8022956848144531
0.6689386367797852
0.5782727599143982
0.40444543957710266
0.7391648292541504
0.5433093309402466
0.423219233751297
0.7481025457382202
0.7998428344726562
0.855459451675415
0.7232671976089478
0.7830265760421753
0.3583509027957916
0.5154840350151062
0.6483743786811829
0.6769537329673767
0.7759827971458435
0.47978225350379944
0.7518939971923828
0.7153836488723755
0.7149657011032104
0.38597235083580017
0.518486499786377
0.5286320447921753
0.6315888166427612
0.6916137337684631
0.8578691482543945
0.6547696590423584
0.7373812198638916
0.43758830428123474
0.6730413436889648
0.7425934076309204
0.5586307644844055
0.6823079586029053
0.8336464166641235
0.5405445694923401
0.7140253186225891
0.2081877887248993
0.8168810606002808
0.5610799193382263
0.1675398200750351
0.3841678500175476
0.3612379729747772
0.43930238485336304
0.6861037611961365
0.7626083493232727
0.599051833152771
0.5820001363754272
0.4291439652442932
0.958111047744751
0.7584173083305359
0.14303642511367798
0.7187732458114624
0.7740456461906433
0.47083580493927
0.726608157157898
0.5484166741371155
0.4116235673427582
0.2858476936817169
0.7487411499023438
0.5700296759605408
0.6672875881195068
0.7511770725250244
0.15597251057624817
0.6423392295837402
0.7389675974845886
0.8067638874053955
0.6642645597457886
0.6978397369384766
0.7270325422286987
0.47292956709861755
0.8713898062705994
0.5461728572845459
0.6542150974273682
0.5535759329795837
0.9320871829986572
0.6463122367858887
0.6983569860458374
0.9464161396026611
0.04575083777308464
0.7659050226211548
0.5238052606582642
0.7698646783828735
0.6100506782531738
0.872413694858551
0.5955897569656372
0.6140797734260559
0.5302547812461853
0.28861352801322937
0.7738130688667297
0.49723681807518005
0.724386990070343
0.9290468692779541
0.448914498090744
0.6494258046150208
0.6018285751342773
0.8550165891647339
0.5855361819267273
0.5536867380142212
0.7370762825012207
0.6257442235946655
0.4750785231590271
0.5665450692176819
0.41692548990249634
0.5630504488945007
0.725584089756012
0.8329445719718933
0.6977933645248413
0.6783467531204224
0.8644087314605713
0.5461254715919495
0.6246002912521362
0.7867050170898438
0.5640656352043152
0.7048368453979492
0.7556442022323608
0.9785243272781372
0.27232441306114197
0.37511882185935974
0.7085102200508118
0.8980393409729004
0.5124650001525879
0.2386379837989807
0.7550286650657654
0.28361448645591736
0.5418137311935425
0.5773748159408569
0.37151622772216797
0.7828404903411865
0.8430415391921997
0.8615089654922485
0.8182663917541504
0.11336909979581833
0.761614978313446
0.7320905327796936
0.5986341834068298
0.6909561157226562
0.1715013086795807
0.7855640649795532
0.47468599677085876
0.8086720705032349
0.7696568965911865
0.7344139814376831
0.04866136237978935
0.6033967733383179
0.5648254752159119
0.2222815752029419
0.5863760709762573
0.22686630487442017
0.8143710494041443
0.462278813123703
0.8424103260040283
0.6713963150978088
0.8621518611907959
0.42620259523391724
0.6405947208404541
0.7332027554512024
0.3018782138824463
0.08128456026315689
0.6899764537811279
0.217943012714386
0.8291374444961548
0.23924076557159424
0.7761125564575195
0.6607614755630493
0.6876104474067688
0.5457854866981506
0.7902947664260864
0.5735714435577393
0.8793936371803284
0.5481306314468384
0.7092731595039368
0.7277470827102661
0.6605058908462524
0.7705842852592468
0.7485259175300598
0.6735118627548218
0.680263876914978
-0.0035126805305480957
0.7369428873062134
0.7481943368911743
0.6490933895111084
-0.043134428560733795
0.8505861759185791
0.334862619638443
0.3478780686855316
0.37060174345970154
0.8602824807167053
0.34350845217704773
0.47448232769966125
0.48250362277030945
0.4178698658943176
0.8015036582946777
0.2679860591888428
0.6908280849456787
0.573431134223938
0.8160209655761719
0.9439162015914917
0.608928382396698
0.8072634935379028
0.6052596569061279
0.3697826564311981
0.8373509645462036
0.8303676843643188
0.7584743499755859
0.45793047547340393
0.39787009358406067
0.9165633916854858
0.7313013076782227
0.3392654359340668
0.7634512186050415
0.5538191199302673
0.05192774534225464
0.7888673543930054
0.8597925901412964
0.7472383379936218
0.5234524607658386
0.737183153629303
0.5608256459236145
0.62665855884552
0.5897889137268066
0.4414999485015869
0.8761424422264099
0.31379789113998413
0.718299388885498
0.5380105376243591
0.7607354521751404
0.7456749677658081
0.8174505829811096
0.39968007802963257
0.5873245000839233
0.776000440120697
0.9084560871124268
0.5268558859825134
0.69698166847229
0.7299971580505371
0.8378241062164307
0.84862220287323
0.6370760202407837
0.710408627986908
0.7703715562820435
0.5694248676300049
0.6047765016555786
0.7175021767616272
0.23282712697982788
0.907558798789978
0.6499334573745728
0.6938916444778442
0.654643177986145
0.5365909934043884
0.3913678824901581
0.5834211111068726
0.6079816818237305
0.5038352608680725
0.46277114748954773
0.642283022403717
0.6877345442771912
0.1997162103652954
0.7893855571746826
0.11479149758815765
0.7942144274711609
0.3501920998096466
0.929375171661377
0.8935592174530029
0.697845458984375
0.2718709707260132
0.45503753423690796
0.5750564336776733
0.9046550989151001
0.7716153860092163
0.7418509125709534
0.6936990022659302
0.5709336996078491
0.6415882110595703
0.18479755520820618
0.5232725143432617
0.48642051219940186
0.7851849794387817
0.7889690399169922
0.6847301721572876
0.5068365335464478
0.18183541297912598
0.8279848694801331
0.6214889287948608
0.6217491626739502
0.6155112981796265
0.038520097732543945
0.7937155961990356
0.5371814966201782
0.6158158779144287
0.6439158916473389
0.5695465803146362
0.8425135612487793
0.7753932476043701
0.7935441732406616
0.5940067172050476
0.1550661325454712
0.8847478628158569
0.7269018888473511
0.5228436589241028
0.3251628875732422
0.5716446042060852
0.40619245171546936
0.7383258938789368
0.7041748762130737
0.7880258560180664
0.3845548927783966
0.8216593265533447
0.5850343108177185
0.4232458770275116
0.6370024085044861
0.08251871913671494
0.9164711833000183
0.6248679161071777
0.5483188629150391
0.7861793041229248
0.6635581851005554
0.5620177388191223
0.7513307929039001
0.5943100452423096
0.35083380341529846
0.4143177568912506
0.3641471564769745
0.5477131009101868
0.6423176527023315
0.5480238199234009
0.591231107711792
0.3378237187862396
0.4600522816181183
0.2774117887020111
0.8419060707092285
0.7629400491714478
0.6291069984436035
0.6709316968917847
0.7936645150184631
0.6356278657913208
0.6008284091949463
0.6083053350448608
0.6054971218109131
0.344044953584671
0.5854698419570923
0.5506051182746887
0.5939514636993408
0.8554019927978516
0.22118926048278809
0.46378955245018005
0.5225420594215393
0.8313549160957336
0.5828752517700195
0.7115740776062012
0.5635786652565002
0.8883821964263916
0.7431915998458862
0.9194101691246033
0.4109901487827301
0.7110016345977783
0.6894967555999756
0.43088796734809875
0.6891863942146301
0.66451096534729
0.10218922793865204
0.9140477180480957
0.7044119834899902
0.6450281739234924
0.6615214347839355
0.7985159158706665
0.8005218505859375
0.5279593467712402
0.9156754016876221
0.6399648785591125
0.5806483030319214
0.9278261661529541
0.8024753332138062
0.2581495940685272
0.5985743999481201
0.18032577633857727
0.5215916633605957
0.45685526728630066
0.7979565858840942
0.6430725455284119
0.5513932704925537
0.2397468388080597
0.4803147614002228
0.8027737140655518
0.6430768966674805
0.7505661845207214
0.5730820298194885
0.4613465666770935
0.6405622959136963
0.700294017791748
0.6875311732292175
0.8136774301528931
0.9214083552360535
0.6171314716339111
0.832112193107605
0.5767358541488647
0.5914100408554077
0.5813862085342407
0.5609021186828613
0.6437647938728333
0.3138068616390228
0.6741886138916016
0.3434551954269409
0.5561257600784302
0.6220812797546387
0.4667830765247345
0.8280284404754639
0.7060340642929077
0.6504546403884888
0.813858151435852
0.7988512516021729
0.22574099898338318
0.7462961673736572
0.598274827003479
0.41445815563201904
0.524660587310791
0.7996594309806824
0.3923354148864746
0.787031888961792
0.7081067562103271
0.6645256876945496
0.37074941396713257
0.6972723007202148
0.684882640838623
0.676246166229248
0.7780370116233826
0.9392223358154297
0.6821048259735107
0.8459527492523193
0.5764356255531311
0.5322206020355225
0.514173150062561
0.7075093984603882
0.6949514746665955
0.7606246471405029
0.5875117778778076
0.8062639832496643
0.6431512236595154
0.46720996499061584
0.5491957664489746
0.39399808645248413
0.7002955079078674
0.8077443838119507
0.761516809463501
0.2995534837245941
0.5783207416534424
0.8893990516662598
0.6827518939971924
0.7009732127189636
0.964324951171875
0.6220808029174805
0.2559559643268585
0.6381008625030518
0.6566034555435181
0.6484938859939575
0.8517247438430786
0.35119935870170593
0.5430994033813477
0.7239758372306824
0.8075569868087769
0.24753639101982117
0.6828616857528687
0.7883034348487854
0.882805585861206
0.6667674779891968
0.64975905418396
0.4461168348789215
0.7596015334129333
0.5169413685798645
0.34714275598526
-0.05904697626829147
0.42773762345314026
0.7868775129318237
0.6285398602485657
0.27061471343040466
0.5746825337409973
0.8542290925979614
0.7378044128417969
0.7316981554031372
0.7560909390449524
0.5902829766273499
0.29431143403053284
0.49508777260780334
0.799627423286438
0.7380245923995972
0.42313045263290405
0.785633385181427
0.8229443430900574
0.32119110226631165
0.5915259122848511
0.7519599199295044
0.74158775806427
0.4993242919445038
0.2151532769203186
0.5151647329330444
0.5520111918449402
0.6972421407699585
0.7916368246078491
0.8186728954315186
0.90733802318573
0.554414689540863
0.733917236328125
0.6822389364242554
0.48261165618896484
0.8043449521064758
0.8924083709716797
0.8022384643554688
0.7815594673156738
0.628664493560791
0.6742277145385742
0.7645390033721924
0.6950736045837402
0.8181309700012207
0.5711125135421753
0.5622976422309875
0.6377514004707336
0.638099193572998
0.6920310258865356
0.650875449180603
0.8053280711174011
0.7852367162704468
0.8038234710693359
0.7154203057289124
0.86613929271698
0.4204276502132416
0.6622143983840942
0.5133010149002075
0.41815975308418274
0.7229710817337036
0.6399495601654053
0.9386452436447144
0.6946845054626465
0.6504788398742676
0.8107302784919739
0.31236571073532104
0.6506052613258362
0.6962255835533142
0.5607428550720215
0.2694189250469208
0.44369375705718994
0.04326002299785614
0.6871322393417358
0.4571395814418793
0.757394552230835
0.7796114683151245
0.15488708019256592
0.6056736707687378
0.5105059146881104
0.7122557163238525
0.6638613939285278
0.6004031896591187
0.6747030019760132
0.6266793608665466
0.32362687587738037
0.7104636430740356
0.05275905877351761
0.7306362390518188
0.8876709938049316
0.6267661452293396
0.48291176557540894
0.8198791742324829
0.81419837474823
0.6047466397285461
0.6060163974761963
0.24497970938682556
0.3467983305454254
0.38976022601127625
0.6449978947639465
0.7468081712722778
0.690906286239624
0.7370858788490295
0.4066915214061737
0.6483728289604187
0.6670657396316528
0.6466232538223267
0.5635032057762146
0.7395106554031372
0.7572508454322815
0.9278782606124878
0.0952870324254036
0.19817590713500977
0.05077479034662247
0.4665640890598297
0.6566225290298462
0.8987328410148621
0.744415819644928
0.681709885597229
0.5712621212005615
0.7589764595031738
0.6852254867553711
0.6111630201339722
0.551419198513031
0.5681907534599304
0.4147643744945526
0.6558005213737488
0.5330330729484558
0.6208385229110718
0.6494497060775757
0.4128713607788086
0.8806385397911072
0.6916064620018005
0.6263145208358765
0.7829313278198242
0.6228302717208862
0.7685902118682861
0.7158044576644897
0.6440442204475403
0.2719585597515106
0.659430980682373
0.855491578578949
0.6788877844810486
0.7772859334945679
0.49807220697402954
0.6485113501548767
0.5161274671554565
0.5530193448066711
0.7809625267982483
0.6699345707893372
0.7140640616416931
0.7783560752868652
0.6306293606758118
0.5996822118759155
0.24972322583198547
0.5458459258079529
0.5038352608680725
0.7774626016616821
0.5189350247383118
0.647271990776062
0.8637346625328064
0.4789333939552307
0.7309890985488892
0.6521668434143066
0.6480913162231445
0.728090226650238
0.6119859218597412
0.8611452579498291
0.6950420141220093
0.8226184844970703
0.6370761394500732
0.8321832418441772
0.3288459777832031
0.8642476797103882
0.5950401425361633
0.577968418598175
0.5233372449874878
0.9189935922622681
0.6038476228713989
0.8559738993644714
0.38506338000297546
0.8286116719245911
0.3056487441062927
0.6965405941009521
0.8452551364898682
0.03588492423295975
0.38026395440101624
0.7005448937416077
0.7487650513648987
0.5714905261993408
0.6981015205383301
0.30856528878211975
0.7352958917617798
0.3985406458377838
0.8053200244903564
0.7035765647888184
0.6946718692779541
0.8029813170433044
0.5911861658096313
0.7928730249404907
0.5865217447280884
0.7525900602340698
0.7631790637969971
0.8105415105819702
0.18088853359222412
0.6784095764160156
0.8235510587692261
0.7224172353744507
0.19996508955955505
0.6794365644454956
0.7565469145774841
0.802932858467102
0.8816392421722412
0.6987591981887817
0.5907613039016724
0.5048701763153076
0.8271045684814453
0.8052740097045898
0.9174349308013916
0.49778154492378235
0.7193288803100586
0.7472845315933228
0.20318415760993958
0.6884233951568604
0.8074397444725037
0.21920987963676453
0.7799777984619141
0.48976990580558777
0.6437299251556396
0.6372833847999573
0.5353478193283081
0.7299245595932007
0.6356522440910339
0.6246083378791809
0.6582903861999512
0.5932112336158752
0.3327201306819916
0.6660722494125366
0.8138025999069214
0.7615453600883484
0.7287607789039612
0.6938064098358154
0.7389237284660339
0.49352481961250305
0.7554468512535095
0.8752409219741821
0.8608841896057129
0.6636346578598022
0.5209302306175232
0.7874149084091187
0.5547518134117126
0.7700108289718628
0.5776870846748352
0.3041362464427948
0.5972214937210083
0.3423656225204468
0.7359880208969116
0.7253513336181641
0.7582780122756958
0.6491488814353943
0.549373984336853
0.5753638744354248
0.35391920804977417
0.6856666803359985
0.6878535747528076
0.883163332939148
0.4183211028575897
0.47517839074134827
0.44401636719703674
0.41100916266441345
0.8725453615188599
0.6543232202529907
0.6233823895454407
0.6125343441963196
0.41109541058540344
0.39037641882896423
0.5922681093215942
0.6873115301132202
0.920090913772583
0.6965842843055725
0.43322858214378357
0.4426747262477875
0.39761510491371155
0.6907474994659424
0.6088132262229919
0.43584951758384705
0.40077587962150574
0.768572211265564
0.47234463691711426
0.8340811729431152
0.7388763427734375
0.36420732736587524
0.7197034358978271
0.42240825295448303
0.605692982673645
0.640678882598877
0.6271684169769287
0.9045352935791016
0.7329962253570557
0.7428252696990967
0.9813215732574463
0.3365563154220581
0.2852841913700104
0.6700505614280701
0.5244651436805725
0.7742636799812317
0.5674071907997131
0.09875266999006271
0.4119409918785095
0.7161155343055725
0.6920589208602905
0.687889575958252
0.8885791301727295
0.42329999804496765
0.4463515281677246
0.9051122665405273
0.7356265187263489
0.739170491695404
0.32451507449150085
0.7469879984855652
0.6185460090637207
0.6222041845321655
0.8027223348617554
0.7168792486190796
0.5328397750854492
0.727435827255249
0.39887377619743347
0.7074311971664429
0.676876425743103
0.7143863439559937
0.6680154800415039
0.7685534954071045
0.7858723998069763
0.5295906066894531
0.6499402523040771
0.3293934166431427
0.11013151705265045
0.6323724389076233
0.9901713132858276
0.5687364339828491
0.6569191217422485
0.3149131238460541
0.6980140209197998
0.8551194667816162
0.7663944959640503
0.46214479207992554
0.6113158464431763
0.39673057198524475
0.4306129515171051
0.8302120566368103
0.6196767091751099
0.896010160446167
0.6632398366928101
0.7941099405288696
0.7847356796264648
0.8437070846557617
0.8779317140579224
0.40762200951576233
0.6777059435844421
0.7228802442550659
0.6065111756324768
0.8940722346305847
0.616828978061676
0.6726285219192505
0.32480213046073914
0.6203649640083313
0.6436476707458496
0.9419747591018677
0.5939565896987915
0.7634006142616272
0.5801697373390198
0.4984385073184967
0.3005068004131317
0.9293793439865112
0.7302990555763245
0.6006911993026733
0.576024055480957
0.7274994254112244
0.6772866249084473
0.3832748830318451
0.6344853639602661
0.6722760200500488
0.8128745555877686
0.722112238407135
0.5993162989616394
0.2740725874900818
0.7896438837051392
0.46363818645477295
0.360971063375473
0.852803111076355
0.3644639551639557
0.5721243619918823
0.7541879415512085
0.8273403644561768
0.7077226638793945
0.4638999402523041
0.5232034921646118
0.7073273658752441
0.7838289737701416
0.5736873745918274
0.7013081312179565
0.7170655727386475
0.8579040765762329
0.5551040172576904
0.2928904592990875
0.6244328618049622
0.13475224375724792
0.5305734872817993
0.9786599278450012
0.8474847078323364
0.6841486096382141
0.3460213243961334
0.6676361560821533
0.18441453576087952
0.47297221422195435
0.8639293909072876
0.6448715925216675
0.44956451654434204
0.05061265081167221
0.5168867111206055
0.8534407615661621
0.819271445274353
0.9433092474937439
0.5539991855621338
0.8682865500450134
0.5137075185775757
0.9248079061508179
0.6928917169570923
0.5823664665222168
0.7563902139663696
0.5717995166778564
0.20884820818901062
0.8811273574829102
0.3986760079860687
0.6142984628677368
0.8067262172698975
0.5856623649597168
0.6968648433685303
0.7048821449279785
0.7453829050064087
0.872420608997345
0.8002536296844482
0.2683286666870117
0.6557579040527344
0.807889461517334
0.798649251461029
0.7196038961410522
0.6761720776557922
0.3103832006454468
0.4363427460193634
0.7084006071090698
0.932327389717102
0.5136882662773132
0.667048990726471
0.29620078206062317
0.8438571095466614
0.42530426383018494
0.35319599509239197
0.5875439047813416
0.14942651987075806
0.5318353176116943
0.24006682634353638
0.1705659180879593
0.5970708727836609
0.7873392105102539
0.914438009262085
0.5716811418533325
0.5589132905006409
0.4367062449455261
0.8586395382881165
0.5939517021179199
0.7399163246154785
0.7415277361869812
0.25562596321105957
0.6647616624832153
0.4468793570995331
0.31574925780296326
0.8387159109115601
0.7516055107116699
0.6478515863418579
0.33007749915122986
0.6080802083015442
0.8192462921142578
0.7375926971435547
0.5572282075881958
0.3675517141819
0.7091379761695862
0.3334703743457794
0.727514386177063
0.7241605520248413
0.8766666650772095
0.6768642663955688
0.6816765069961548
0.7311878204345703
0.5429862141609192
0.6613675951957703
0.5363993048667908
0.8777199983596802
0.4980211555957794
0.7153396606445312
0.6415622234344482
0.6446605920791626
0.3425663709640503
0.6138256192207336
0.5436110496520996
0.7111209630966187
0.7291879653930664
0.7960541844367981
0.5937201976776123
0.27947118878364563
0.5903404355049133
0.04285217821598053
0.6116336584091187
0.7478702068328857
0.8269236087799072
0.6909151077270508
0.6909085512161255
0.6470909118652344
0.7539693117141724
0.5345265865325928
0.33021318912506104
0.41401270031929016
0.7789748907089233
0.3650399148464203
0.46011725068092346
0.8440853953361511
0.7673488855361938
0.680480420589447
0.7586538791656494
0.7332770824432373
0.1012987270951271
0.683283805847168
0.47882208228111267
0.48037591576576233
0.35963860154151917
0.19622117280960083
0.7371645569801331
0.7244563102722168
0.7386300563812256
0.8236254453659058
0.7875401377677917
0.5707706212997437
0.8732285499572754
0.1123960018157959
0.5614058971405029
0.5165449380874634
0.7562061548233032
0.5757336616516113
0.7318115234375
0.6573357582092285
0.614720344543457
0.8972364664077759
0.8752985596656799
0.5254696607589722
0.7273436784744263
0.7226222157478333
0.725649893283844
0.6459662914276123
0.48729726672172546
0.7929786443710327
0.44158923625946045
0.6840376257896423
0.2481996715068817
0.7953736782073975
0.8119518756866455
0.683024525642395
0.46376433968544006
0.7403470277786255
0.233778715133667
0.6468711495399475
0.6344946622848511
0.6485003232955933
0.688310980796814
0.46334654092788696
0.030802041292190552
0.2183127999305725
0.6842200756072998
0.11480125039815903
0.6456149816513062
0.46048834919929504
0.7883604168891907
0.524377703666687
0.63422691822052
0.5341402888298035
0.8695498108863831
0.8182254433631897
0.48864760994911194
0.7406604290008545
0.5661031603813171
0.5607014894485474
0.7223924398422241
0.734321653842926
0.5543625950813293
0.7940936088562012
0.5663299560546875
0.7437682151794434
0.9641789197921753
0.7421018481254578
0.648043155670166
0.846023440361023
0.6204269528388977
0.8070732355117798
0.22419530153274536
0.3515675961971283
0.5850286483764648
0.5249555110931396
0.4975796043872833
0.8001506328582764
0.679361879825592
0.7256211042404175
0.6619452238082886
0.7745068073272705
0.6876242160797119
0.24754396080970764
0.8018116354942322
0.721787691116333
0.6882758140563965
0.3959190845489502
0.7005581259727478
0.7343687415122986
0.4493926167488098
0.7268873453140259
0.11175554245710373
0.7012299299240112
0.6143360137939453
0.35376933217048645
0.8429794311523438
0.6550830006599426
0.6881003379821777
0.8028342723846436
0.739108145236969
0.04058393836021423
0.7728548049926758
0.3580765128135681
0.7419110536575317
0.8102836012840271
0.8821089267730713
0.7158035039901733
0.6890048980712891
0.33281463384628296
0.6790615320205688
0.7632266283035278
0.46249374747276306
0.7414290904998779
0.6441289186477661
0.3083263039588928
0.5652849674224854
0.7184216976165771
0.5104347467422485
0.1695421040058136
0.8697865009307861
0.6963966488838196
0.41591259837150574
0.6135554313659668
0.66620934009552
0.815463662147522
0.8667827248573303
0.6415683627128601
0.5603563189506531
0.7025109529495239
0.6427956819534302
0.7574567794799805
0.4948635399341583
0.9120622873306274
0.6085789203643799
0.7118543982505798
0.6135046482086182
0.6704784035682678
0.4268704950809479
0.6855649948120117
0.6820336580276489
0.7774771451950073
0.36186888813972473
0.8222483992576599
0.3510430157184601
0.8038924932479858
0.40351781249046326
0.606903612613678
0.8338105082511902
0.4859945476055145
0.6636292934417725
0.5464061498641968
0.7846572399139404
0.0884452536702156
0.5654604434967041
0.6120859384536743
0.6484211683273315
0.14018866419792175
0.6340526342391968
0.6537765264511108
0.6803433299064636
0.6655526161193848
0.6462545394897461
0.5571667551994324
0.7816109657287598
0.5349961519241333
0.5599490404129028
0.2908000349998474
0.46984004974365234
0.8830917477607727
0.45582258701324463
0.6386266946792603
0.674843430519104
0.6826426982879639
0.6933315992355347
0.04359026253223419
0.31206780672073364
0.6407818794250488
0.2750886380672455
0.8933519721031189
0.7866522073745728
0.6370580196380615
0.7607301473617554
0.1700490415096283
0.5452242493629456
0.16911843419075012
0.46814486384391785
0.7394149899482727
0.592307448387146
0.05881413817405701
0.7303820848464966
0.15814435482025146
0.7843419313430786
0.6201807856559753
0.24263256788253784
0.5142856240272522
0.5805718898773193
0.48206841945648193
0.6944969892501831
0.7506460547447205
0.7326667308807373
0.6209338903427124
0.7560654282569885
0.7183684706687927
0.7942622303962708
0.008502587676048279
0.7988364696502686
0.5465307235717773
0.7183773517608643
0.7167551517486572
0.6317843198776245
0.7183632254600525
0.7139260768890381
0.9302623867988586
0.6322394609451294
0.4224800169467926
0.4142857491970062
0.3506046235561371
0.5222541689872742
0.6782969832420349
0.590112030506134
0.7747443914413452
0.48131272196769714
0.7341253757476807
0.4051172435283661
0.7864713668823242
0.31560656428337097
0.47347891330718994
0.7943595051765442
0.20748746395111084
0.8295387029647827
0.14616724848747253
0.5778599977493286
0.505591869354248
0.5968220233917236
0.6706603169441223
0.7935916185379028
0.81472247838974
0.719338059425354
0.5225256085395813
0.6221414804458618
0.7029224634170532
0.5416087508201599
0.4513339698314667
0.5960197448730469
0.6855624914169312
0.5362657904624939
0.7975061535835266
0.8722461462020874
0.7673892378807068
0.366402268409729
0.5255247354507446
0.395792692899704
0.4871865212917328
0.733058512210846
0.7716400623321533
0.4536132514476776
0.6124245524406433
0.7370635271072388
0.7710312604904175
0.5556314587593079
0.5386152267456055
0.42733505368232727
0.8457331657409668
0.6442753672599792
0.0573442280292511
0.5996113419532776
0.44852688908576965
0.432238906621933
0.5180146098136902
0.181769460439682
0.22855988144874573
0.6783305406570435
0.5257184505462646
0.4428814947605133
0.5730961561203003
0.7159841060638428
0.5781062841415405
0.5748022794723511
0.6865419745445251
0.5607370138168335
0.509513795375824
0.7081472277641296
0.46443071961402893
0.7553009986877441
0.6654767990112305
0.7559704184532166
0.4387613832950592
0.41133710741996765
0.6107366681098938
0.6667822003364563
0.5318784117698669
0.5886135101318359
0.7178311347961426
0.35256215929985046
0.49670106172561646
0.39639320969581604
0.6126431822776794
0.39406320452690125
0.7938873767852783
0.7327767610549927
0.7739997506141663
0.7285256385803223
0.6251641511917114
0.7055866718292236
0.5394994616508484
0.35131770372390747
0.7681373357772827
0.8705892562866211
0.402505487203598
0.5343663692474365
0.32424429059028625
0.34206610918045044
0.6782468557357788
0.4415481984615326
0.8837478160858154
0.6111742854118347
0.5976434350013733
0.8822735548019409
0.7032778263092041
0.5107153058052063
0.566342830657959
0.6428602933883667
0.8142681121826172
0.7645919919013977
0.6462929844856262
0.6165748834609985
0.7421137094497681
0.44352006912231445
1.0453054904937744
0.47624966502189636
0.5524110794067383
0.8153215646743774
0.6008852124214172
0.7458169460296631
0.8632978796958923
0.27672916650772095
0.7522473335266113
0.5009721517562866
0.8218098878860474
0.8116857409477234
0.5884773135185242
0.7621825337409973
0.4400351941585541
0.25606468319892883
0.4846349358558655
0.696865439414978
0.6402014493942261
0.2919847071170807
0.7874372005462646
0.6549673676490784
0.8400018811225891
0.5163322687149048
0.6009016633033752
0.7881433963775635
0.6551545262336731
0.5717096328735352
0.5058170557022095
0.920796275138855
0.4637632668018341
0.7076104283332825
0.49516561627388
0.5313498377799988
0.697554349899292
0.7366112470626831
0.10618934035301208
0.48364487290382385
0.48856544494628906
0.6931029558181763
0.5356451272964478
0.5284479260444641
0.766425609588623
0.760712742805481
0.8185187578201294
0.7843058109283447
0.5820300579071045
0.3809005320072174
0.5867353677749634
0.6737843155860901
0.8606513142585754
0.7644931077957153
0.24657580256462097
0.3152654469013214
0.8487188220024109
0.7130961418151855
0.044734977185726166
0.7989258766174316
0.682822585105896
0.6691280603408813
0.7444900870323181
0.5987199544906616
0.6838313341140747
0.6446976661682129
0.38894709944725037
0.6623294353485107
0.6469160914421082
0.8000379800796509
0.6731188893318176
0.4049738347530365
0.7068954706192017
0.5820084810256958
0.7293164134025574
0.8274823427200317
0.7967350482940674
0.570254921913147
0.9133176803588867
0.7699474096298218
0.664098858833313
0.8878040313720703
0.885009765625
0.8066625595092773
0.3267867863178253
0.3889393210411072
0.8232245445251465
0.84117591381073
0.780303955078125
0.6034579277038574
0.6149911284446716
0.565585196018219
0.7143350839614868
0.6166112422943115
0.30009955167770386
0.9675261974334717
0.7430154085159302
0.7823860049247742
0.8880875706672668
0.8017563819885254
0.6956897974014282
0.4872433841228485
0.907132625579834
0.5573747158050537
0.4350261390209198
0.7567931413650513
0.8341115713119507
0.9738482236862183
0.46328434348106384
0.3265796899795532
0.705383837223053
0.6807190179824829
0.6850237250328064
0.72967129945755
0.6044397354125977
0.5347281098365784
0.40307602286338806
0.6794166564941406
0.7772469520568848
0.6240662932395935
0.7267559170722961
0.7272453308105469
0.41635075211524963
0.7212446331977844
0.6050323247909546
0.12233960628509521
0.19478163123130798
0.32444456219673157
0.7575669288635254
0.511925995349884
0.9164053797721863
0.43893706798553467
0.8077635765075684
0.8410288691520691
0.5556314587593079
0.6664976477622986
0.3510405123233795
0.6802422404289246
0.6912267208099365
0.3962072730064392
0.523981511592865
0.7303147315979004
0.5142822265625
0.6098058223724365
0.6478275060653687
0.5359629988670349
0.325551301240921
0.9789950251579285
0.5771247148513794
0.5607450604438782
0.7950722575187683
0.7516428232192993
0.37356579303741455
0.6726187467575073
0.3254540264606476
0.5155772566795349
0.536980390548706
0.9694213271141052
0.6703330278396606
0.7300009727478027
0.7937209010124207
0.9023075699806213
0.640364408493042
0.6702452898025513
0.6225172877311707
0.8243091702461243
0.6871780157089233
0.5265586376190186
0.8147739768028259
0.23235872387886047
0.8088735938072205
0.7733487486839294
0.1226784884929657
0.44070833921432495
0.48985186219215393
0.5630690455436707
0.4305252730846405
0.7237767577171326
0.6944969892501831
0.1511073112487793
0.6751450300216675
0.7254848480224609
0.5636321306228638
0.6811491250991821
0.5255541205406189
0.30881884694099426
0.6234681606292725
0.3907291889190674
0.620352029800415
0.6479870676994324
0.38599827885627747
0.7981762886047363
0.06789017468690872
0.7924240827560425
0.7081649303436279
0.8545209169387817
0.6625862121582031
0.6694749593734741
0.7711803913116455
0.7989214062690735
0.4883120357990265
0.8341425657272339
0.8146522641181946
0.34408918023109436
0.6912440061569214
0.7613171339035034
0.5079383850097656
0.6494449377059937
0.5749266743659973
0.8064167499542236
0.6557039618492126
0.5864732265472412
0.6374607086181641
0.6723309755325317
0.7074284553527832
0.568882942199707
0.544635534286499
0.7903586030006409
0.6418502926826477
0.684407114982605
0.612646222114563
0.39082229137420654
0.1343240886926651
0.7483535408973694
0.6315640211105347
0.7993009090423584
0.8036696314811707
0.6012534499168396
0.7240471839904785
0.5767795443534851
0.6653655767440796
0.5997297167778015
0.6687393188476562
0.8575168251991272
0.5683790445327759
0.7173027992248535
0.8318214416503906
0.8770715594291687
0.898209273815155
0.3121807873249054
0.7897777557373047
0.12976080179214478
0.06876868009567261
0.6097383499145508
0.7416397929191589
0.5732229948043823
0.6321909427642822
0.7275263071060181
0.19475436210632324
0.6456050872802734
0.31390416622161865
0.55077064037323
0.49695131182670593
0.5153239369392395
0.8558333516120911
0.6156320571899414
0.6563553214073181
0.6633256077766418
0.14316591620445251
0.5212433934211731
0.5008423328399658
0.4198305308818817
0.8700979948043823
0.7073289752006531
0.6236149668693542
0.4009646773338318
0.5062469244003296
0.73856121301651
1.1043078899383545
0.5863748788833618
0.7818279266357422
0.5909489989280701
0.6537354588508606
0.46080347895622253
0.6493598818778992
0.36117181181907654
0.3159258961677551
0.5350467562675476
0.7141269445419312
0.5144497156143188
0.7818375825881958
0.60390305519104
0.46296384930610657
0.6641417741775513
0.50070720911026
0.8618531227111816
0.8045151829719543
0.9489213824272156
0.7429267764091492
0.6460133790969849
0.46577295660972595
0.8647124767303467
0.08496861159801483
0.6470965147018433
0.6111140251159668
0.7211609482765198
0.743303120136261
0.7640714645385742
0.5733687877655029
0.7268451452255249
0.5568587183952332
0.16345950961112976
0.2579191327095032
0.7717177867889404
0.8235481977462769
0.7218942046165466
0.5377373099327087
0.6062175035476685
0.679720938205719
0.6871134042739868
0.9167575836181641
0.3593240976333618
0.5606227517127991
0.613007128238678
0.33014947175979614
0.9663328528404236
0.7124086022377014
0.9224883317947388
0.7815636396408081
0.5675033926963806
0.6620581150054932
0.27529656887054443
0.36641842126846313
0.7195780277252197
0.47927096486091614
0.5830589532852173
0.7585240602493286
0.6125226020812988
0.25978392362594604
0.46530023217201233
0.8281736969947815
0.4448947608470917
0.5396238565444946
0.1437564641237259
0.6162295341491699
0.7719537019729614
0.582937479019165
0.6363543272018433
0.7340897917747498
0.5753191709518433
0.7247198820114136
0.7357645034790039
0.6180258393287659
0.3659885823726654
0.7923075556755066
0.6266624927520752
0.6287581920623779
0.2678492069244385
0.7262762188911438
0.15119290351867676
0.9162442684173584
0.45468446612358093
0.7775548696517944
0.8066500425338745
0.6329161524772644
0.3851507306098938
0.30459174513816833
0.5458337664604187
0.6466720700263977
0.8225491046905518
0.8176552057266235
0.49086588621139526
0.5840960741043091
0.6792014837265015
0.7311379313468933
0.3657083809375763
0.7081161141395569
0.691068172454834
0.35632601380348206
0.8416635990142822
0.7897989749908447
0.5184855461120605
0.6174287796020508
0.41177061200141907
0.5609862804412842
0.08635854721069336
0.17473509907722473
0.7079215049743652
0.5490966439247131
0.7075011730194092
0.25386083126068115
0.7592511177062988
0.4653179943561554
0.8182693719863892
0.7658036351203918
0.5813851356506348
0.25983119010925293
0.8606233596801758
0.8705133199691772
0.7401039600372314
0.6900569200515747
0.8427513837814331
0.7301356196403503
0.7000697255134583
0.3515782356262207
0.8145772218704224
0.6762595176696777
0.35044437646865845
0.2219604253768921
0.849396824836731
0.7583340406417847
0.6727014183998108
0.9855835437774658
0.6705464124679565
0.3428078293800354
0.7463420033454895
0.5169876217842102
0.6188703775405884
0.6900304555892944
0.8472026586532593
0.6274265646934509
0.8573586344718933
0.704352855682373
0.5051316618919373
0.543237030506134
0.5884424448013306
0.9567713737487793
0.635888934135437
0.4910803437232971
0.8360878825187683
0.5248993635177612
0.6418536901473999
0.705254077911377
0.7931905388832092
0.429813414812088
0.057190828025341034
0.7815598845481873
0.7999197840690613
0.733323872089386
0.7392674684524536
0.8053436279296875
0.42210468649864197
0.725927472114563
0.7226401567459106
0.8736695051193237
0.6315947771072388
0.38399365544319153
0.5277820825576782
0.29121318459510803
0.7889934778213501
0.6463161706924438
0.44869258999824524
-0.005224160850048065
0.5922128558158875
0.9686481952667236
0.6825771927833557
0.8619872331619263
0.7881692051887512
0.66095370054245
0.7757980227470398
0.8096088767051697
0.6988711357116699
0.36163851618766785
0.8245705366134644
0.3991795480251312
0.9232975244522095
0.17612174153327942
0.34166812896728516
0.7825119495391846
0.6494876146316528
0.35593727231025696
0.7757031321525574
0.7256145477294922
0.7176492214202881
0.48010188341140747
0.6618388891220093
0.9222656488418579
0.7827692627906799
0.07753103971481323
0.4647228419780731
0.5363929867744446
0.779754638671875
0.6387572884559631
0.5030776262283325
0.8786158561706543
0.26355987787246704
0.7002835273742676
0.6201701760292053
0.3824792504310608
0.5299950242042542
0.7303019762039185
0.5628977417945862
0.453687459230423
0.29932671785354614
0.17831525206565857
0.7480292320251465
0.39492085576057434
0.3025512993335724
0.608318567276001
0.8441156148910522
0.04845094680786133
0.6027995944023132
0.6109315752983093
0.6213027238845825
0.8554108738899231
0.5813031196594238
0.6258079409599304
0.6080938577651978
0.7203571200370789
0.33937665820121765
0.1293778121471405
0.8462062478065491
0.4474167823791504
0.8276015520095825
0.82740318775177
0.7845412492752075
0.5377793908119202
0.5819838643074036
0.81490159034729
0.755805253982544
0.6030793190002441
0.5184168815612793
0.6752820014953613
0.8197845220565796
0.7699524164199829
0.8311055898666382
0.6765807867050171
0.5167182087898254
0.6417733430862427
0.6233727335929871
0.5731063485145569
0.28480952978134155
0.7031271457672119
0.33453211188316345
0.5435901284217834
0.7882058620452881
0.6969382762908936
0.8573402762413025
0.8367916345596313
0.7424749135971069
0.7247235774993896
0.28670522570610046
0.7528901100158691
0.6369819641113281
0.46550431847572327
0.761640191078186
0.8008474111557007
0.6743217706680298
0.7545267343521118
0.8027737140655518
0.8907224535942078
0.7223191261291504
0.8858120441436768
0.5206335186958313
0.2947312891483307
0.6195265054702759
0.7613092660903931
0.8060773611068726
0.7269589900970459
0.5712121725082397
0.49566254019737244
0.39281854033470154
0.7107641100883484
0.6943302750587463
0.5722527503967285
0.3082312345504761
0.5844628810882568
0.782383918762207
0.7647850513458252
1.0071197748184204
0.510344922542572
0.7544068098068237
0.5098284482955933
0.7362461686134338
0.8019148111343384
0.6288394331932068
0.8011679649353027
0.6029008626937866
0.36076101660728455
0.5822229981422424
0.7394228577613831
0.5321948528289795
0.5679556131362915
0.9307465553283691
0.15760454535484314
0.873247504234314
0.6556461453437805
0.5444908142089844
1.0212846994400024
0.7300677299499512
0.5761574506759644
0.5358572006225586
0.5605725049972534
0.6384799480438232
0.3022709786891937
0.6879867315292358
0.5187442302703857
0.3338349163532257
0.4946359097957611
0.28234395384788513
0.844366192817688
0.6189326047897339
0.2979574203491211
0.8066760897636414
0.49760904908180237
0.6358588933944702
0.7631705403327942
0.5855423212051392
0.5424396991729736
0.7962827682495117
0.803314208984375
0.5715850591659546
0.34538111090660095
0.6698741912841797
0.6098856925964355
0.5287491679191589
0.8098278045654297
0.6820054650306702
0.6524252891540527
0.7055473327636719
0.5356326103210449
0.7705624103546143
0.713446855545044
0.5794593095779419
0.7996063232421875
0.6400141716003418
0.4537257254123688
0.8130249977111816
0.45915648341178894
0.41248634457588196
0.6312046051025391
0.7163264155387878
0.9762132167816162
0.7344143390655518
0.6018433570861816
0.06537726521492004
0.545198917388916
0.3368752598762512
0.7017242908477783
0.22003468871116638
0.6511788368225098
0.9092364311218262
0.5203922390937805
0.814816951751709
0.4686049818992615
0.6426635980606079
0.457579106092453
0.6032061576843262
0.7272998094558716
0.34331589937210083
0.5835020542144775
0.23788294196128845
0.7065304517745972
0.7243905663490295
0.12820233404636383
0.7360044717788696
0.6151366233825684
0.7220226526260376
0.5846054553985596
0.9636186361312866
0.8892983198165894
0.16252166032791138
0.6839392781257629
0.4777481257915497
0.48460713028907776
0.4229224622249603
0.6639899015426636
0.7483350038528442
0.5561785101890564
0.48893222212791443
0.5913525819778442
0.6574555039405823
0.7075533866882324
0.7383177280426025
0.4424035847187042
0.7700494527816772
0.8010575175285339
0.584631085395813
0.7277311086654663
0.7652291059494019
0.9119272232055664
0.7874915599822998
0.6247577667236328
0.6988632678985596
0.6851131319999695
0.9708309173583984
0.7154331207275391
0.6813250184059143
0.5763801336288452
0.8241292238235474
0.4835105836391449
0.7403923273086548
0.9315476417541504
0.49640265107154846
0.5887681245803833
0.10087790340185165
0.7028212547302246
0.5910080671310425
0.8303760886192322
0.6708813905715942
0.7365423440933228
0.7983288764953613
0.7628557085990906
0.6543401479721069
0.29699474573135376
0.33104100823402405
0.5905147194862366
0.5951295495033264
0.3708735704421997
0.8506714105606079
0.24310141801834106
0.7371572256088257
0.6131798028945923
0.8229465484619141
0.5724126696586609
0.17166748642921448
0.19397693872451782
0.7500917315483093
0.8915740847587585
0.9953835010528564
0.7102462649345398
0.5077837109565735
0.6701213121414185
0.4269905686378479
0.7486944198608398
0.6890671253204346
0.7370138168334961
0.7830885648727417
0.6387091875076294
0.5735523104667664
0.6784894466400146
0.9965004920959473
0.3107976019382477
0.49835577607154846
0.6146621704101562
0.7437326908111572
0.0558457151055336
0.6576546430587769
1.07501220703125
0.6644037961959839
0.7032979726791382
0.122317835688591
0.6073852777481079
0.6981127858161926
0.6191604137420654
0.7261089086532593
0.15210843086242676
0.6844037175178528
0.3243462145328522
0.7499942183494568
0.7717784643173218
0.7057653665542603
0.7214531898498535
0.6917496919631958
0.5950083136558533
0.6643656492233276
0.7657812833786011
0.864538311958313
0.6383184194564819
0.6623555421829224
0.668952465057373
0.8150502443313599
0.7031848430633545
0.8023830652236938
0.5675841569900513
0.5882887244224548
0.7101078629493713
0.724331259727478
0.28362852334976196
0.7483055591583252
0.7193200588226318
0.864022970199585
0.008354142308235168
0.7948304414749146
0.5734367966651917
0.3463405966758728
0.4515092968940735
0.8438171148300171
0.7674657106399536
0.42824360728263855
0.24873346090316772
0.9661256074905396
0.7315988540649414
0.9268035888671875
0.4657321870326996
0.4011574685573578
0.8301500678062439
0.705973744392395
0.4507124125957489
0.8019143342971802
0.7858399152755737
0.43217626214027405
0.790880560874939
0.7070227265357971
0.6119017601013184
0.7611693739891052
0.7614737749099731
0.8546508550643921
0.5808365941047668
0.7960764169692993
0.5472553968429565
0.8257126808166504
0.709665834903717
0.5720477104187012
0.6488687992095947
0.7822035551071167
0.740562915802002
0.7418695688247681
0.5400298833847046
0.6211495399475098
0.26386186480522156
0.7313190698623657
0.595660388469696
0.5078830122947693
0.7447928190231323
0.35994505882263184
0.43612539768218994
0.8801375031471252
0.6800341606140137
0.7322108745574951
0.6392973065376282
0.6115450263023376
0.8181086182594299
0.5620781183242798
1.0229456424713135
0.8087860345840454
0.6311291456222534
0.5749326348304749
0.5295032858848572
0.7117565870285034
0.721226692199707
0.5159374475479126
0.5348509550094604
0.8862081170082092
0.5621260404586792
0.6055757999420166
0.22533902525901794
0.8495669364929199
0.4603361189365387
0.46641939878463745
0.13822618126869202
0.4790767729282379
0.5638368725776672
0.6486523151397705
0.2525775730609894
0.6872338056564331
0.7659912109375
0.6912318468093872
0.25825321674346924
0.8571796417236328
0.707945704460144
0.45962682366371155
0.7592951059341431
0.21722900867462158
0.9924911856651306
0.7497889995574951
0.8353129625320435
0.8560745716094971
0.46473947167396545
0.8189933896064758
0.7298179864883423
0.19311097264289856
0.7922145128250122
0.5065209865570068
0.6316295266151428
0.73340904712677
0.7032831907272339
0.7797809839248657
0.6024094223976135
0.7831299304962158
0.8614261150360107
0.7210389971733093
0.42021483182907104
0.591568112373352
0.48389536142349243
0.7105095386505127
0.3296906054019928
0.4415024518966675
0.8207358121871948
0.7677055597305298
0.9094186425209045
0.9736100435256958
0.5598922371864319
0.6122742891311646
0.7927172183990479
0.7884974479675293
0.824073076248169
0.7332553863525391
0.715601921081543
0.77076256275177
0.5353642702102661
0.31665486097335815
0.787868082523346
0.7633380889892578
0.718975305557251
0.6292125582695007
0.7440009117126465
0.144976407289505
0.6853705644607544
0.4616221487522125
0.8756453990936279
0.6434171199798584
0.8812556266784668
0.5839455127716064
0.6190189719200134
0.5556314587593079
0.4078080952167511
0.6776071190834045
0.7383478879928589
0.40884944796562195
0.11989203095436096
0.5091387629508972
0.6500129103660583
0.696758508682251
0.6139276027679443
0.7805991172790527
0.5654608011245728
0.8066192865371704
0.258155882358551
0.7500623464584351
0.559230387210846
0.5512387752532959
0.6495254039764404
0.6691014170646667
0.9220229387283325
0.4284474551677704
0.6314157247543335
0.7685182094573975
0.8236675262451172
0.8166975975036621
0.5983269214630127
0.8875119686126709
0.7805253267288208
0.48656633496284485
0.6795123219490051
0.0920652374625206
0.3970966339111328
0.756447434425354
0.3810833692550659
0.5291240215301514
0.8043963313102722
0.7738662958145142
0.6514357924461365
0.4368683099746704
0.21778032183647156
0.6288908123970032
0.7115826606750488
0.8750370144844055
0.7470916509628296
0.5346435308456421
0.401806116104126
0.37862882018089294
0.6676371097564697
0.6514826416969299
0.797266960144043
0.8488557934761047
0.6708215475082397
0.7126002907752991
0.7186139822006226
0.6127952337265015
0.47410228848457336
0.3463211953639984
0.707561731338501
0.6720668077468872
0.8641432523727417
0.4176667630672455
0.8628457188606262
0.7484840154647827
0.6245361566543579
0.3931712806224823
0.20166635513305664
0.6931346654891968
0.776282012462616
0.5514795184135437
0.8526914119720459
0.7189642190933228
0.7464386224746704
0.7065731287002563
0.3087746500968933
0.602755606174469
0.3822028934955597
0.8413019180297852
0.8496123552322388
0.2755238115787506
0.30133309960365295
0.7817071676254272
0.6240665316581726
0.5640965104103088
0.77032071352005
0.6685000061988831
0.7531875967979431
0.39527174830436707
0.3414744734764099
0.708388090133667
0.8687792420387268
0.6481049656867981
0.29814502596855164
0.4970093369483948
0.42465969920158386
0.8778185844421387
0.6289030313491821
0.8369430303573608
-0.002581179141998291
0.7490875720977783
0.6049560308456421
0.7014604210853577
0.6235313415527344
0.7954269051551819
0.5241774320602417
0.6653190851211548
0.710559606552124
0.847679853439331
0.6383581161499023
0.810935914516449
0.2802259027957916
0.7893964052200317
0.4951898753643036
0.7345794439315796
0.9555681347846985
0.294157475233078
0.36296769976615906
0.8723621964454651
0.5311093330383301
0.14138498902320862
0.30779075622558594
0.707801103591919
0.6451804637908936
0.4973665475845337
0.6666917204856873
0.9710367918014526
0.7922401428222656
0.4323682188987732
0.7377432584762573
0.5774601697921753
0.800089955329895
0.7875691652297974
0.4761577546596527
0.5047891139984131
0.5156007409095764
0.8975601196289062
0.5399705171585083
0.8106302618980408
0.688818633556366
0.5217653512954712
0.7955799698829651
0.5679240822792053
0.6732960939407349
0.8371754288673401
0.6560142636299133
0.7093038558959961
0.7905533313751221
0.8235481977462769
0.6744437217712402
0.5360281467437744
0.5618348121643066
0.6185838580131531
0.48297569155693054
0.511720597743988
0.8237886428833008
0.6491812467575073
0.5197229981422424
0.32967695593833923
0.7657673358917236
0.7126764059066772
0.6965251564979553
0.6103423237800598
0.46234196424484253
0.5021940469741821
0.5635012984275818
0.5936256647109985
0.2022322118282318
0.7568386197090149
0.9846934676170349
0.42601755261421204
0.6524828672409058
0.7116641402244568
0.8703032732009888
0.8819970488548279
0.3971952497959137
0.8127340078353882
0.7068980932235718
0.04633099585771561
0.7368745803833008
0.5012930035591125
0.6653003096580505
0.6739996671676636
0.7261077165603638
0.6440528035163879
0.5796220302581787
0.841202974319458
0.18999814987182617
0.6248747706413269
0.8055785894393921
0.8892582058906555
0.9076175689697266
0.8736414313316345
0.7781466841697693
0.6870205402374268
0.8309997916221619
0.862673282623291
0.8090876936912537
0.8704724311828613
0.7298997640609741
0.7279483079910278
0.8789224624633789
0.7066476345062256
0.5140379667282104
0.6333684325218201
0.6077035069465637
0.7543411254882812
0.8895986080169678
0.3605944514274597
0.7309632301330566
0.6762921810150146
0.593451738357544
0.4828414022922516
0.8110992312431335
0.7246338725090027
0.7875142097473145
0.3764192759990692
0.565360426902771
0.6188934445381165
0.5191922187805176
0.5736573338508606
0.6634464263916016
0.5185340642929077
0.8468443155288696
0.5756217241287231
0.5400488972663879
0.706037163734436
0.35343635082244873
0.9528165459632874
0.5682782530784607
0.3515207767486572
0.46709778904914856
0.5077657699584961
0.5460595488548279
0.7048330307006836
0.7988272905349731
0.8074657917022705
0.547098696231842
0.7287298440933228
0.4461992084980011
0.968155562877655
0.6639465093612671
0.6571266651153564
0.6328716278076172
0.930656909942627
0.6742728352546692
0.6836192011833191
0.2945765256881714
0.44683775305747986
0.8811866044998169
0.49839019775390625
0.7589194774627686
0.7278838753700256
0.47015050053596497
0.7494684457778931
0.6287779808044434
0.6468622088432312
0.7200126051902771
0.5654151439666748
0.8143519163131714
0.6619042754173279
0.4658879041671753
0.061012785881757736
0.38883376121520996
0.8715596199035645
0.5871467590332031
0.8514848947525024
0.6114946007728577
0.7312535643577576
0.8013624548912048
0.7168221473693848
0.7171375155448914
0.7362229824066162
0.7021819949150085
0.699013888835907
0.4140309989452362
0.8302233219146729
0.3748513460159302
0.5405636429786682
0.8744894862174988
0.5754657983779907
0.3899862468242645
0.8317813277244568
-0.00208146870136261
0.9028067588806152
0.6583682894706726
0.4918794333934784
0.4744777977466583
0.8049849271774292
0.7313801050186157
0.7742717862129211
0.1314123570919037
0.47513118386268616
0.7101505994796753
0.4535053074359894
0.633765697479248
0.40981540083885193
0.3888911306858063
0.7664902210235596
0.7061185836791992
0.8611223697662354
0.8024947643280029
0.642509400844574
0.6912503242492676
0.5599714517593384
0.7455832958221436
0.5169605612754822
0.7159650325775146
0.2551608383655548
0.661522626876831
0.6652191877365112
0.9237180948257446
0.5156118869781494
0.6073125600814819
0.739823579788208
0.8197858333587646
0.5367728471755981
0.8279315233230591
0.7959548234939575
0.7438281774520874
0.7953455448150635
0.3974604904651642
0.5843831300735474
0.6041884422302246
0.7458726763725281
0.5825302004814148
0.1525469273328781
0.7253527045249939
0.6168985366821289
0.729723334312439
0.699482262134552
0.6524986028671265
0.6076174378395081
0.7051695585250854
0.5624712109565735
0.6369836330413818
0.5953894853591919
0.8635228872299194
0.6854711771011353
0.8116685152053833
0.5707746148109436
0.11096372455358505
0.4037945568561554
0.06083463877439499
0.7559596300125122
0.7690309286117554
0.5143858194351196
0.717769980430603
0.2536205053329468
0.7907813191413879
0.7673779726028442
0.5413883924484253
0.32180145382881165
0.5565931797027588
0.4123530387878418
0.9159402251243591
0.611082136631012
1.0166839361190796
0.6008396744728088
0.7957673072814941
0.029911521822214127
0.7091763615608215
0.6319282650947571
0.36469703912734985
0.7573978900909424
0.7440711259841919
0.6834206581115723
0.6352970600128174
0.22941908240318298
0.3414744734764099
0.7891350984573364
0.7248009443283081
0.6127678155899048
0.7841029167175293
0.8745646476745605
0.8204903602600098
0.6639297008514404
0.5645163059234619
0.5817118883132935
0.7904058694839478
0.7647411823272705
0.8973214626312256
0.7192330360412598
0.6331468820571899
0.9067835211753845
0.6587467193603516
0.7562955617904663
0.0724385678768158
0.5687277317047119
0.6166217923164368
0.7367494106292725
0.6449968814849854
0.8531658053398132
0.6280474066734314
0.6652997732162476
0.6678931713104248
0.5189228653907776
0.29984065890312195
0.6951068043708801
0.699613630771637
0.08349498361349106
0.8876193761825562
0.5089989304542542
0.2299259603023529
0.7586315274238586
0.7143628597259521
0.2881067097187042
0.9408948421478271
0.7271393537521362
0.7564808130264282
0.8139060139656067
0.28654801845550537
0.5357058644294739
0.8775800466537476
0.5831442475318909
0.7616780996322632
0.6542723178863525
0.7321270108222961
0.5997483730316162
0.5862612724304199
0.32942289113998413
0.7321324348449707
0.7253162860870361
0.5775157809257507
0.30304649472236633
0.7947232723236084
0.5995972156524658
0.7034739255905151
0.5137723088264465
0.655078649520874
0.4499511420726776
0.42313769459724426
0.5901991128921509
0.48707595467567444
0.8398997187614441
0.6839561462402344
0.652106761932373
0.6278448104858398
0.760947585105896
0.5785664319992065
0.7329452633857727
0.3370606005191803
0.7291890978813171
0.3845391571521759
0.778798520565033
0.649010181427002
0.6033700704574585
0.8216572999954224
0.6455826759338379
0.867313802242279
0.41662684082984924
0.5149069428443909
0.6660560965538025
0.5947900414466858
0.8179035186767578
0.8342769145965576
0.3805708587169647
0.6270332932472229
0.39447203278541565
0.6516712307929993
0.835716187953949
0.7723463177680969
0.6441341042518616
0.8062223196029663
0.7827030420303345
0.9310668706893921
0.6781926155090332
0.6121103763580322
0.6150268316268921
0.7230756282806396
0.7043632864952087
0.6274606585502625
0.72066330909729
0.2033223807811737
0.39752396941185
0.6768836975097656
0.8914633989334106
0.5428875088691711
0.41273942589759827
0.4815754294395447
0.5517891049385071
0.2233227789402008
0.8086590766906738
0.7437534332275391
0.8419467210769653
0.2692186236381531
0.6299405097961426
0.6801865100860596
0.6710942387580872
0.6839977502822876
0.48554256558418274
0.676129162311554
0.7608627676963806
0.749355673789978
0.8219365477561951
0.509124755859375
0.5493837594985962
0.648621141910553
0.13454437255859375
0.7660800814628601
0.4244443476200104
0.7354444861412048
0.5220416784286499
0.7312951683998108
0.6128065586090088
0.39647039771080017
0.77585768699646
0.7378828525543213
0.6431839466094971
0.9322542548179626
0.7313477396965027
0.6222003698348999
0.5247893333435059
0.7497968077659607
0.4861866235733032
0.6076053977012634
0.6554346084594727
0.8419661521911621
0.5889691114425659
0.7295145392417908
0.6609812378883362
0.7194019556045532
0.5790991187095642
0.7986112833023071
0.7136000990867615
0.826839804649353
0.4117445647716522
0.6928634643554688
0.5144038796424866
0.15569576621055603
0.7271633148193359
0.9052863121032715
0.8339889049530029
0.5657275319099426
0.5853469371795654
0.580558717250824
0.7657039165496826
0.7339649200439453
0.6543072462081909
0.8767623901367188
0.7251594662666321
0.588658332824707
0.864809513092041
0.7412911057472229
0.7228447198867798
0.4937705397605896
0.7255202531814575
0.5971410870552063
0.8346281051635742
0.6271692514419556
0.4378642439842224
0.6886173486709595
0.5267141461372375
0.7547925710678101
0.9253066778182983
0.5563814640045166
0.6737533807754517
0.7065348029136658
0.6200481653213501
0.636227011680603
0.6030087471008301
0.47586002945899963
0.5298129916191101
