0.4226160943508148
0.10740354657173157
0.4371451735496521
0.33281344175338745
0.5211827754974365
0.6921374797821045
0.361373633146286
0.3916306495666504
0.5108696222305298
0.5896642208099365
0.16968965530395508
0.6558778882026672
0.32634615898132324
0.5881109833717346
0.49362462759017944
0.509588360786438
0.6731237769126892
0.2694447338581085
0.33927953243255615
0.24508845806121826
0.30429282784461975
0.6524448990821838
0.3385099470615387
0.5896754264831543
0.3345940411090851
0.33786532282829285
0.6804600954055786
0.6741834282875061
0.33180758357048035
0.5123729109764099
0.2929132878780365
0.4744052290916443
0.531842052936554
0.4804316461086273
0.4775238335132599
0.2517334222793579
0.5413569808006287
0.1038009449839592
0.28470927476882935
0.390232115983963
0.05715829133987427
0.547739565372467
0.08437143266201019
0.41560450196266174
0.5036873817443848
0.39282023906707764
0.21882937848567963
0.41726091504096985
0.47492265701293945
0.2372877299785614
0.3105590045452118
0.5147604942321777
0.4567567706108093
0.6857353448867798
0.4022970497608185
0.22019191086292267
0.4337212145328522
0.46856626868247986
0.5746053457260132
0.3052316904067993
0.5150166153907776
0.6431211829185486
0.4523985981941223
0.28029802441596985
0.2181480973958969
0.8283014297485352
0.3664655387401581
0.553572952747345
0.23485833406448364
0.7157926559448242
0.6395748853683472
0.31755226850509644
0.3084479868412018
0.626496434211731
0.657727837562561
0.18727819621562958
0.3571150302886963
0.31171736121177673
0.6118906140327454
0.3328935503959656
0.5558081269264221
0.5999584794044495
0.46191951632499695
0.3920464813709259
0.26487815380096436
0.33516794443130493
0.36115944385528564
0.4373347759246826
0.3561612665653229
0.25380071997642517
0.5124190449714661
0.3557475805282593
0.34489524364471436
0.8074651956558228
0.14867714047431946
0.7793774604797363
0.3030472993850708
0.0709218755364418
0.511536717414856
0.2643056809902191
0.31660744547843933
0.6589623093605042
0.3870683014392853
0.4553917646408081
0.3504200577735901
0.577062726020813
0.4303323030471802
0.7108812928199768
0.2572270929813385
0.5814249515533447
0.4341673254966736
0.0458090677857399
0.5988313555717468
0.26080694794654846
0.1730707436800003
0.5695749521255493
0.5911216735839844
0.47459957003593445
0.30132442712783813
0.5423786640167236
0.5943517088890076
0.1957138627767563
0.4223140776157379
0.5998358130455017
0.567632257938385
0.40108710527420044
0.353363960981369
0.4630340039730072
0.16629919409751892
0.44326329231262207
0.5824933648109436
0.09136686474084854
0.3646969795227051
0.12649373710155487
0.44813525676727295
0.29186657071113586
0.12405819445848465
0.5113692283630371
0.3857615888118744
0.5290964245796204
0.13907214999198914
0.5681890249252319
0.5116164088249207
0.3645728826522827
0.6239542365074158
0.5877271890640259
0.509546160697937
0.07946483045816422
0.5958316326141357
0.5330191254615784
0.45928069949150085
0.5462677478790283
0.19397281110286713
0.5440487861633301
0.24657337367534637
0.690048098564148
0.46145549416542053
0.34779080748558044
0.09216325730085373
0.6274453401565552
0.6349453926086426
0.1332302838563919
0.39190468192100525
0.4372403919696808
0.3359031081199646
0.37834635376930237
0.5907825231552124
0.2010473906993866
0.4700465798377991
0.3527860641479492
0.49064382910728455
0.5693811178207397
0.5013696551322937
0.38639581203460693
0.5762795209884644
0.7149645686149597
0.25391262769699097
0.194878488779068
0.1537674516439438
0.631635308265686
0.23454254865646362
0.07679878175258636
0.5357427597045898
0.2991050183773041
0.41650423407554626
0.5440084338188171
0.44525963068008423
0.27499833703041077
0.37241631746292114
0.49868181347846985
0.6096066236495972
0.36277449131011963
0.40961506962776184
0.2948184311389923
0.47985416650772095
0.3480012118816376
0.35902854800224304
0.47013020515441895
0.44388219714164734
0.6336449980735779
0.6409217715263367
0.4469847083091736
0.13839313387870789
0.0775875672698021
0.6892452836036682
0.35006585717201233
0.09660843759775162
0.1489250659942627
0.45063161849975586
0.16144739091396332
0.3318933844566345
0.6787742376327515
0.5831236243247986
0.27423909306526184
0.41590672731399536
0.2684105336666107
0.5210794806480408
0.31536826491355896
0.3613671660423279
0.11753329634666443
0.35135385394096375
0.5545100569725037
0.3668566644191742
0.2779553234577179
0.15669555962085724
0.6434780359268188
0.35769012570381165
0.5005841851234436
0.4373548924922943
0.21170099079608917
0.4120299816131592
0.19084352254867554
0.47667965292930603
0.19933418929576874
0.4332900941371918
0.8061845302581787
0.5414309501647949
0.6579684615135193
0.35021165013313293
0.44122305512428284
0.18571385741233826
0.5662098526954651
0.5099056959152222
0.17218850553035736
0.17996247112751007
0.5745692253112793
0.07712741941213608
0.36237776279449463
0.5275839567184448
0.3369622528553009
0.10081569105386734
0.4260537326335907
0.6575036644935608
0.12195122987031937
0.5987679362297058
0.46776634454727173
0.1891782432794571
0.3796037435531616
0.49873486161231995
0.44210705161094666
0.23135460913181305
0.41874295473098755
0.565627932548523
0.20917049050331116
0.5477688312530518
0.38128405809402466
0.4580933749675751
0.7849821448326111
0.6847579479217529
0.4415154755115509
0.5968384146690369
0.7514539361000061
0.5237223505973816
0.2694630026817322
0.45756271481513977
0.3031567633152008
0.5351734161376953
0.6420571804046631
0.5925778746604919
0.3918038010597229
0.5302515029907227
0.5071756839752197
0.5438794493675232
0.33051934838294983
0.31233975291252136
0.36343681812286377
0.4890590012073517
0.2645409405231476
0.4100785553455353
0.5893090963363647
0.48833122849464417
0.26803848147392273
0.16691893339157104
0.3731139898300171
0.47867831587791443
0.569371223449707
0.12056685239076614
0.685081958770752
0.12044816464185715
0.49734780192375183
0.573754608631134
0.6560705900192261
0.4011513292789459
0.4466649889945984
0.6562168598175049
0.2253676950931549
0.2739485502243042
0.6522338390350342
0.46645453572273254
0.22242046892642975
0.7704800367355347
0.4732776880264282
0.3957732617855072
0.6188639402389526
0.4702429175376892
0.0525059700012207
0.3861837685108185
0.31673747301101685
0.0616719126701355
0.4277229607105255
0.4198600947856903
0.49909064173698425
0.3404006063938141
0.2686581313610077
0.38330894708633423
0.3468100130558014
0.398855060338974
0.3765563368797302
0.4887860119342804
0.3758850693702698
0.5787349343299866
0.38884812593460083
0.5462889075279236
0.3885995149612427
0.6021785736083984
0.455441951751709
0.16629256308078766
0.06584411859512329
0.7200491428375244
0.5047776699066162
0.2572300136089325
0.17162467539310455
0.4448452889919281
0.5809538960456848
0.5438863039016724
0.13031283020973206
0.36657366156578064
0.12252920120954514
0.574790358543396
0.5738329887390137
0.347531259059906
0.42202961444854736
0.46219420433044434
0.7305527925491333
0.26537609100341797
0.5320644378662109
0.4588160514831543
0.4998566210269928
0.613520622253418
0.30545321106910706
0.5167039632797241
0.040331967175006866
0.19424931704998016
0.3334234952926636
0.6071196794509888
0.49736782908439636
0.3934110105037689
0.7840708494186401
0.6994123458862305
0.6717737317085266
0.2127002477645874
0.696141242980957
0.21823184192180634
0.2267247885465622
0.07570888102054596
0.44550275802612305
0.5122414231300354
0.33687296509742737
0.16362859308719635
0.5687533020973206
0.5471774339675903
0.6117507815361023
0.20430372655391693
0.447086364030838
0.4727269113063812
0.3487597107887268
0.428984671831131
0.5550355315208435
0.09320817142724991
0.5085170865058899
0.5653616786003113
0.31966432929039
0.40206941962242126
0.5762087106704712
0.5643535852432251
0.5668002963066101
0.2707861065864563
0.502288818359375
0.5072983503341675
0.4625406563282013
0.5169129967689514
0.5973038673400879
0.5066786408424377
0.6826315522193909
0.34689921140670776
0.2889961302280426
0.6192556023597717
0.2797068655490875
0.5916695594787598
0.3600362539291382
0.5911369323730469
0.463457852602005
0.3725840747356415
0.3241765797138214
0.5559103488922119
0.2786150872707367
0.4822721481323242
0.532072901725769
0.21153099834918976
0.37307778000831604
0.14905069768428802
0.5861183404922485
0.16743358969688416
0.5607455372810364
0.1488451361656189
0.5034712553024292
0.38027533888816833
0.5276005864143372
0.6369300484657288
0.47606420516967773
0.4340927004814148
0.6204033493995667
0.3593829870223999
0.5765722990036011
0.3919141888618469
0.5422638058662415
0.390087753534317
0.36131179332733154
0.5317662954330444
0.49143701791763306
0.7417489290237427
0.54979407787323
0.4983591139316559
0.49924710392951965
0.7228677868843079
0.3154682517051697
0.5657154321670532
0.5033813714981079
0.17950867116451263
0.4000144898891449
0.41469618678092957
0.3051310181617737
0.6569522619247437
0.12325457483530045
0.40166717767715454
0.3080553710460663
0.7063440680503845
0.5264474153518677
0.3228851854801178
0.17725509405136108
0.3588407635688782
0.17627237737178802
0.33014944195747375
0.5059380531311035
0.24814976751804352
0.16957640647888184
0.5653723478317261
0.18207301199436188
0.35361796617507935
0.3232819139957428
0.42729923129081726
0.3383101224899292
0.4764437675476074
0.16400299966335297
0.5833269357681274
0.26725438237190247
0.15133093297481537
0.33810868859291077
0.7678883671760559
0.5782178044319153
0.26889967918395996
0.14081308245658875
0.20804663002490997
0.7407735586166382
0.21654199063777924
0.5346375703811646
0.656297504901886
0.25491759181022644
0.4638746380805969
0.5515482425689697
0.39468711614608765
0.5880645513534546
0.6273322105407715
0.5100826621055603
0.5513838529586792
0.6432111263275146
0.6214531660079956
0.2499171942472458
0.6033457517623901
0.4599100947380066
0.602698802947998
0.10960059612989426
0.4928489923477173
0.6311026811599731
0.5014227628707886
0.3110698461532593
0.2590542733669281
0.5693479776382446
0.29172924160957336
0.4968908727169037
0.5080282688140869
0.3746846914291382
0.42814022302627563
0.1913319230079651
0.33091890811920166
0.4356437623500824
0.5415907502174377
0.13064105808734894
0.48641178011894226
0.5929271578788757
0.5489414930343628
0.6586941480636597
0.6162092089653015
0.13677310943603516
0.6005407571792603
0.46079495549201965
0.711261510848999
0.670142412185669
0.4100080132484436
0.6589625477790833
0.8188836574554443
0.6296005845069885
0.2017420083284378
0.08299703896045685
0.438751220703125
0.1970689296722412
0.21440216898918152
0.45079857110977173
0.5199356079101562
0.3480852544307709
0.6192520260810852
0.520549476146698
0.1391298472881317
0.09230048209428787
0.489883154630661
0.5216180086135864
0.5572640299797058
0.014040814712643623
0.13566206395626068
0.5777230262756348
0.6704468727111816
0.7301365733146667
0.38777047395706177
0.48497897386550903
0.4051744043827057
0.2956985831260681
0.3226189911365509
0.5743879675865173
0.10971648246049881
0.12145490199327469
0.478864461183548
0.30478179454803467
0.46521562337875366
0.6068076491355896
0.5098984241485596
0.5171407461166382
0.5898489356040955
0.4406508207321167
0.36560311913490295
0.7965289354324341
0.7478545904159546
0.7086501121520996
0.5051098465919495
0.38119181990623474
0.5280361771583557
0.24933253228664398
0.4705509841442108
0.6655305624008179
0.34398552775382996
0.20080655813217163
0.5259314179420471
0.375131756067276
0.08981463313102722
0.1477721482515335
0.4871348440647125
0.11025144904851913
0.3652231693267822
0.2755044996738434
0.33470863103866577
0.5087118148803711
0.6027901768684387
0.3636966347694397
0.2535366117954254
0.5039384961128235
0.1781679093837738
0.6743999719619751
0.41950252652168274
0.40550702810287476
0.40732231736183167
0.40850383043289185
0.4370701313018799
0.6115564107894897
0.3423302173614502
0.11402076482772827
0.31946322321891785
0.6949601173400879
0.4963661730289459
0.27854079008102417
0.29272812604904175
0.109580397605896
0.8075896501541138
0.20751656591892242
0.42499956488609314
0.32592737674713135
0.13393376767635345
0.23756814002990723
0.25229451060295105
0.5730207562446594
0.5252596735954285
0.21515166759490967
0.299672394990921
0.32011911273002625
0.5017991065979004
0.08532349765300751
0.5825371146202087
0.4820714294910431
0.5476840138435364
0.2721022963523865
0.5951229333877563
0.5520330667495728
0.5455932021141052
0.6346834897994995
0.44096264243125916
0.6268681883811951
0.3856869041919708
0.6668447256088257
0.27487993240356445
0.2907228171825409
0.3003155291080475
0.38714441657066345
0.7047140002250671
0.39464157819747925
0.5237202644348145
0.551417350769043
0.2027241289615631
0.5571421384811401
0.6582558751106262
0.4705509841442108
0.5072518587112427
0.297406941652298
0.3065665364265442
0.33893781900405884
0.6708303689956665
0.4617531895637512
0.30315229296684265
0.31074604392051697
0.4442073106765747
0.25642573833465576
0.2810482382774353
0.16539861261844635
0.38373836874961853
0.31907570362091064
-0.01849159598350525
0.08441430330276489
0.5105128288269043
0.5077796578407288
0.2822820842266083
0.5897622108459473
0.1298697292804718
0.5203850269317627
0.5447593331336975
0.5960444211959839
0.5735598206520081
0.5251807570457458
0.5122790336608887
0.5245001912117004
0.24272780120372772
0.6886599063873291
0.19721730053424835
0.3736117482185364
0.3812302350997925
0.504745602607727
0.49837085604667664
0.311896413564682
0.48867499828338623
0.33422422409057617
0.19155320525169373
0.6275102496147156
0.3369692265987396
0.47893232107162476
0.3642849028110504
0.7787996530532837
0.17784924805164337
0.5841076374053955
0.6566441059112549
0.5236978530883789
0.46770089864730835
0.39393922686576843
0.15648368000984192
0.42329511046409607
0.7323036193847656
0.44390901923179626
0.4539140462875366
0.11588727682828903
0.3407335579395294
0.11179579794406891
0.5333254337310791
0.5554097890853882
0.470559686422348
0.5850129127502441
0.37800174951553345
0.06210964173078537
0.48718705773353577
0.17479434609413147
0.3729187548160553
0.5707510709762573
0.4049530625343323
0.12626706063747406
0.35581719875335693
0.036609187722206116
0.2979886531829834
0.25485068559646606
0.5456112623214722
0.27618056535720825
0.33470427989959717
0.6428938508033752
0.46456581354141235
0.5902240872383118
0.19570304453372955
0.4768390953540802
0.2896652817726135
0.32658088207244873
0.7212476134300232
0.4856289327144623
0.1710055023431778
0.17879781126976013
0.22868779301643372
0.3481728732585907
0.29591143131256104
0.3046113848686218
0.7341549396514893
0.21423856914043427
0.6457274556159973
0.546520471572876
0.22325535118579865
0.6372485160827637
0.6191508173942566
0.5920165181159973
0.44012579321861267
0.16436640918254852
0.2407604604959488
0.316696435213089
0.30368107557296753
0.7026820182800293
0.1526602804660797
0.2727998197078705
0.29426512122154236
0.4883773624897003
0.331454873085022
0.47764626145362854
0.28955337405204773
0.39661160111427307
0.42153480648994446
0.08902999758720398
0.1801987588405609
0.5187276005744934
0.44316941499710083
0.3622029721736908
0.5310368537902832
0.17624802887439728
0.4790557622909546
0.11495222896337509
0.3708125352859497
0.7360513806343079
0.6213673949241638
0.4750638008117676
0.24317817389965057
0.3118230104446411
0.4399428963661194
0.4560888707637787
0.6346520185470581
0.20502237975597382
0.28229331970214844
0.14523328840732574
0.46785470843315125
0.36649417877197266
0.20779143273830414
0.4217563271522522
0.5749772787094116
0.46326786279678345
0.23459036648273468
0.1986112892627716
0.4795081913471222
0.3837275207042694
0.0893486961722374
0.2626674175262451
0.3510255217552185
0.720008373260498
0.5110533237457275
0.5996198058128357
0.328553169965744
0.30849939584732056
0.5503108501434326
0.37046492099761963
0.19482159614562988
0.0955183133482933
0.10125386714935303
0.4671732783317566
0.20381374657154083
0.2509348690509796
0.4893133342266083
0.31157010793685913
0.5034679174423218
0.19488899409770966
0.4471675455570221
0.42042964696884155
0.2642793357372284
0.07447078824043274
0.4618835151195526
0.06707091629505157
0.26570090651512146
0.48146018385887146
0.6131265759468079
0.11688942462205887
0.6234341859817505
0.7043246626853943
0.4446750283241272
0.4795207381248474
0.552107572555542
0.5109241604804993
0.17588528990745544
0.6580363512039185
0.464860737323761
0.523098349571228
0.5709924697875977
0.4801022410392761
0.7048634886741638
0.16119064390659332
0.307891845703125
0.3640454411506653
0.10332553088665009
0.3238126337528229
0.48330456018447876
0.33031708002090454
0.23334643244743347
0.90923011302948
0.363083153963089
0.4106518030166626
0.5470847487449646
0.4851548969745636
0.3485824763774872
0.491852730512619
0.20176224410533905
0.4232184886932373
0.26913830637931824
0.12300699204206467
0.46341684460639954
0.5328609943389893
0.24625055491924286
0.6892496347427368
0.6237707734107971
0.5948271155357361
0.3729283809661865
0.2743779122829437
0.6817680597305298
0.15097209811210632
0.44557780027389526
0.38169729709625244
0.4979601204395294
0.5414282083511353
0.27118656039237976
0.46897345781326294
0.7024526000022888
0.4922601878643036
0.3970141112804413
0.1915854513645172
0.3721546530723572
0.2469683438539505
0.41559094190597534
0.22029490768909454
0.18856841325759888
0.163874089717865
0.292843222618103
0.1454858034849167
0.5006787776947021
0.39256158471107483
0.31570014357566833
0.09789874404668808
0.4857475161552429
0.43889501690864563
0.5882662534713745
0.5181642174720764
0.5108774900436401
0.4393298923969269
0.7416217923164368
0.5922606587409973
0.4161362051963806
0.5953282117843628
0.44688013195991516
0.42730435729026794
0.16597779095172882
0.17620210349559784
0.21846607327461243
0.43382003903388977
0.5602502822875977
0.5209405422210693
0.6080372333526611
0.14414630830287933
0.49349138140678406
0.03882818669080734
0.35196852684020996
0.27792781591415405
0.551028847694397
0.43189534544944763
0.4061185121536255
0.6511311531066895
0.4855993688106537
0.40353965759277344
0.4851531684398651
0.4533809423446655
0.4794374108314514
0.12142076343297958
0.5114752650260925
0.5932292938232422
0.21680472791194916
0.2047753632068634
0.5910695791244507
0.3839608132839203
0.40175580978393555
0.5319734215736389
0.2261756956577301
0.6132467985153198
0.1829003244638443
0.29221898317337036
0.09250686317682266
0.14609357714653015
0.3104536533355713
0.3548617660999298
0.08392076194286346
0.5375263690948486
0.4571431577205658
0.6341269612312317
0.5974022150039673
0.2718678116798401
0.8044986724853516
0.4924793839454651
0.646074652671814
0.6116284132003784
0.573032021522522
0.16049447655677795
0.5425443649291992
0.3066621422767639
0.30779460072517395
0.39816945791244507
0.7817813158035278
0.6270223259925842
0.43735918402671814
0.37455305457115173
0.1444399058818817
0.5424545407295227
0.4200666844844818
0.7385729551315308
0.6163321733474731
0.38400959968566895
0.13431181013584137
0.4021160304546356
0.310226708650589
0.584553599357605
0.2162919044494629
0.6497018337249756
0.31907570362091064
0.34407496452331543
0.5584964752197266
0.16663694381713867
0.5247606039047241
0.45423558354377747
0.08589134365320206
0.14718171954154968
0.6089479923248291
0.5573290586471558
0.18764077126979828
0.43744078278541565
0.1323218047618866
0.22275441884994507
0.34162425994873047
0.19480584561824799
0.46561992168426514
0.6008695960044861
0.3698272109031677
0.2443305104970932
0.07462155073881149
0.407545804977417
0.1267518252134323
0.48802101612091064
0.14268799126148224
0.5578761100769043
0.49548372626304626
0.13206122815608978
0.46671631932258606
0.2751320004463196
0.5715619325637817
0.7151212096214294
0.18235230445861816
0.575253963470459
0.5270007848739624
0.371641606092453
0.7199373245239258
0.4437318742275238
0.5693842768669128
0.09056767076253891
0.7034203410148621
0.31683626770973206
0.659246563911438
0.14857080578804016
0.3609616756439209
0.34509116411209106
0.1712915003299713
0.6229946613311768
0.44441819190979004
0.3370680809020996
0.538547933101654
0.4251677691936493
0.23904506862163544
0.32381299138069153
0.6251770853996277
0.28180766105651855
0.5618381500244141
0.174785777926445
0.5169223546981812
0.34988662600517273
0.40893563628196716
0.0922766849398613
0.4112991988658905
0.5097280144691467
0.37203145027160645
0.49290063977241516
0.41559094190597534
0.5074652433395386
0.17770226299762726
0.09321308881044388
0.39560991525650024
0.1905239373445511
0.47836029529571533
0.7068637013435364
0.41303524374961853
0.6216009855270386
0.5848615765571594
0.5121584534645081
0.6993955373764038
0.5679035186767578
0.538335382938385
0.42185068130493164
0.28520911931991577
0.4237804114818573
0.22280533611774445
0.32765814661979675
0.4863509237766266
0.3886949121952057
0.24099083244800568
0.7276001572608948
0.43055957555770874
0.5935437679290771
0.5395786762237549
0.7264848947525024
0.14338630437850952
0.6867700219154358
0.3453357219696045
0.4792889952659607
0.13617269694805145
0.3739529252052307
0.6449741125106812
0.31343236565589905
0.5489311218261719
0.5284360647201538
0.6092071533203125
0.1731736809015274
0.6473493576049805
0.5620599985122681
0.25291353464126587
0.4004008173942566
0.19315432012081146
0.4908028542995453
0.5445290803909302
0.30740612745285034
0.7055773735046387
0.2883140444755554
0.5962641835212708
0.22729410231113434
0.691337525844574
0.2700780928134918
0.42648032307624817
0.4264477491378784
0.10153266042470932
0.3849579393863678
0.3622257113456726
0.2794121503829956
0.5741402506828308
0.3844358026981354
0.39829221367836
0.6895914077758789
0.6156648993492126
0.4555513560771942
0.6804526448249817
0.6088769435882568
0.7473146319389343
0.3859933316707611
0.35170987248420715
0.6061821579933167
0.47698333859443665
0.5843566060066223
0.05307336151599884
0.4198276400566101
0.3617696464061737
0.42342397570610046
0.37696877121925354
0.1538068801164627
0.43347322940826416
0.43102169036865234
0.6542896032333374
0.08276838809251785
0.5913320183753967
0.5891171097755432
0.25038498640060425
0.21561239659786224
0.23103320598602295
0.5309941172599792
0.43069812655448914
0.7357255220413208
0.478344589471817
0.2537841200828552
0.2746361792087555
0.7934842109680176
0.17297615110874176
0.44580313563346863
0.291585236787796
0.3815043568611145
0.6975069046020508
0.37817761301994324
0.5777116417884827
0.6995306611061096
0.7269558906555176
0.16631630063056946
0.48151734471321106
0.5056811571121216
0.7999169826507568
0.44294339418411255
0.7360538244247437
0.36681872606277466
0.41489923000335693
0.6001878976821899
0.2580815255641937
0.46998757123947144
0.367444783449173
0.27475836873054504
0.3187720775604248
0.2109367698431015
0.15551437437534332
0.5206467509269714
0.3006460964679718
0.5220681428909302
0.48029443621635437
0.42217403650283813
0.46802932024002075
0.2557423710823059
0.394758939743042
0.43934670090675354
0.47724804282188416
0.5914544463157654
0.27111318707466125
0.313577264547348
0.7286275625228882
0.28009942173957825
0.2964913547039032
0.4684128761291504
0.5057767629623413
0.14593961834907532
0.6153255701065063
0.38426172733306885
0.5707285404205322
0.568892240524292
0.6201209425926208
0.47217047214508057
0.34292152523994446
0.273084431886673
0.20071101188659668
0.38388124108314514
0.4530406892299652
0.5983740091323853
0.5075786113739014
0.5512979030609131
0.26853418350219727
0.5431545376777649
0.09616273641586304
0.6290790438652039
0.07736247777938843
0.43262961506843567
0.5181530714035034
0.22913901507854462
0.08559569716453552
0.40464577078819275
0.32283756136894226
0.2824680507183075
0.4386533796787262
0.1691812425851822
0.2558315396308899
0.6348286867141724
0.6495686173439026
0.5648590326309204
0.3756909966468811
0.5329753160476685
0.3499605655670166
0.39106670022010803
0.4864369034767151
0.39337804913520813
0.5536841154098511
0.7379377484321594
0.330093115568161
0.30578434467315674
0.48905202746391296
0.1243341788649559
0.5475361943244934
0.39092200994491577
0.5674231648445129
0.6592075824737549
0.5759996175765991
0.5332397222518921
0.612872838973999
0.4266805350780487
0.45747292041778564
0.20300301909446716
0.43732377886772156
0.43575379252433777
0.1351613849401474
0.48560938239097595
0.08589618653059006
0.379242479801178
0.4093517065048218
0.4493688941001892
0.37540021538734436
0.5151567459106445
0.7078969478607178
0.4174082279205322
0.7232480645179749
0.47896403074264526
0.2485782951116562
0.313821941614151
0.47087404131889343
0.7059760689735413
0.30867666006088257
0.1711283177137375
0.6504477858543396
0.19922594726085663
0.38936203718185425
0.172906756401062
0.25071731209754944
0.225746750831604
0.1904425173997879
0.3710166811943054
0.17187349498271942
0.6286665797233582
0.6242368817329407
0.5995787382125854
0.5742087364196777
0.08496831357479095
0.28597912192344666
0.591224193572998
0.43966448307037354
0.2933885455131531
0.18930138647556305
0.5302270650863647
0.4248952865600586
0.4298252761363983
0.688233494758606
0.568882167339325
0.07948489487171173
0.31160426139831543
0.5734449028968811
0.2783799171447754
0.594992995262146
0.3424440920352936
0.2760579586029053
0.4226725697517395
0.6159449219703674
0.19780510663986206
0.6629953384399414
0.4724180996417999
0.0748753622174263
0.45578017830848694
0.18368370831012726
0.0777212604880333
0.41618579626083374
0.11777959018945694
0.48511868715286255
0.547300398349762
0.3752707839012146
0.5303636789321899
0.3877684772014618
0.09452193230390549
0.4464012086391449
0.49769827723503113
0.625133752822876
0.46231701970100403
0.6394677758216858
0.6899397969245911
0.545307457447052
0.4581933617591858
0.5793650150299072
0.42098763585090637
0.2822282016277313
0.04057203233242035
0.24541351199150085
0.5696577429771423
0.39203909039497375
0.14391951262950897
0.19313529133796692
0.04645214229822159
0.6011188626289368
0.16015081107616425
0.4910639226436615
0.3772074282169342
0.41253939270973206
0.7250216603279114
0.21811582148075104
0.46323880553245544
0.08222923427820206
0.4029710292816162
0.49363070726394653
0.34855684638023376
0.6690838932991028
0.5128397345542908
0.4443484842777252
0.3018270432949066
0.3991454243659973
0.5910245180130005
0.4572855234146118
0.4133039712905884
0.4896637201309204
0.3836134672164917
0.8585970401763916
0.571264922618866
0.2150743156671524
0.36500993371009827
0.3102458417415619
0.08326905965805054
0.5583056211471558
0.3660143315792084
0.2075548619031906
0.46435049176216125
0.37862271070480347
0.07418222725391388
0.3945295810699463
0.2398543506860733
0.5628963708877563
0.5022153258323669
0.30661702156066895
0.31134045124053955
0.6680286526679993
0.39901235699653625
0.3973845839500427
0.6239402890205383
0.42787685990333557
0.5504108667373657
0.5093837976455688
0.35219866037368774
0.3753346800804138
0.3700905740261078
0.4063831865787506
0.3879634737968445
0.5941027402877808
0.331346720457077
0.5771907567977905
0.510545015335083
0.46039196848869324
0.12561023235321045
0.599831223487854
0.12690187990665436
0.6350275278091431
0.553438127040863
0.4464303255081177
0.5817868709564209
0.6651172041893005
0.6023850440979004
0.24853827059268951
0.3635810911655426
0.7068151235580444
0.35910508036613464
0.370157390832901
0.5377663373947144
0.03202896565198898
0.4331571161746979
0.10227129608392715
0.5906254053115845
0.11729387193918228
0.6457722187042236
0.4818764925003052
0.43953949213027954
0.18224652111530304
0.2691463828086853
0.3243086040019989
0.5393508672714233
0.3596377968788147
0.47966164350509644
0.3929938077926636
0.30024030804634094
0.6823635101318359
0.11339282244443893
0.30687496066093445
0.6203582286834717
0.3204127550125122
0.4355010688304901
0.10001056641340256
0.140880286693573
0.11103099584579468
0.5947922468185425
0.493888258934021
0.14192913472652435
0.4556405246257782
0.14171254634857178
0.6190229058265686
0.18697881698608398
0.29172471165657043
0.5696172118186951
0.4237453043460846
0.48107147216796875
0.5963001251220703
0.17551752924919128
0.34107598662376404
0.3711293935775757
0.585677444934845
0.1820163130760193
0.7467936277389526
0.5809885263442993
0.43626174330711365
0.2188999205827713
0.5719234347343445
0.7312251329421997
0.2610788941383362
0.7554564476013184
0.4889470636844635
0.43400484323501587
0.38072341680526733
0.6874620318412781
0.059585630893707275
0.4706166684627533
0.22733108699321747
0.6022441387176514
0.5216984748840332
0.26645323634147644
0.5784977078437805
0.5065637826919556
0.12200062721967697
0.40907517075538635
0.4238990843296051
0.4349854290485382
0.35106295347213745
0.730294406414032
0.5579758882522583
0.46562954783439636
0.5524125099182129
0.2545282542705536
0.4194919764995575
0.639112651348114
0.6622151732444763
0.6491179466247559
0.5846439599990845
0.4071773886680603
0.6501462459564209
0.7128375768661499
0.6015729904174805
0.3954103887081146
0.14137239754199982
0.3655843436717987
0.5981734395027161
0.22789067029953003
0.4426669776439667
0.37282881140708923
0.11617176234722137
0.6644947528839111
0.4884288012981415
0.5171619057655334
0.37770792841911316
0.3143559694290161
0.38135576248168945
0.6904175877571106
0.49291864037513733
0.2064981907606125
0.5045172572135925
0.25274261832237244
0.3987385630607605
0.39565160870552063
0.18080027401447296
0.1951139271259308
0.6492647528648376
0.6636799573898315
0.44037899374961853
0.4502696692943573
0.5496414303779602
0.5404560565948486
0.29599449038505554
0.5199480652809143
0.3437385857105255
0.5311177372932434
0.5538704991340637
0.5161885619163513
0.35609540343284607
0.2766045928001404
0.18786878883838654
0.44925379753112793
0.383606880903244
0.40947508811950684
0.680726170539856
0.4420527219772339
0.5209330916404724
0.32184597849845886
0.8005563020706177
0.17585530877113342
0.5882058143615723
0.249814972281456
0.33109337091445923
0.18130387365818024
0.2346569001674652
0.5326383113861084
0.5411053895950317
0.5580790042877197
0.4849344789981842
0.5582420825958252
0.3569510877132416
0.46315258741378784
0.12461844831705093
0.6031861901283264
0.8742674589157104
0.26698264479637146
0.3971262574195862
0.0847247838973999
0.4539744257926941
0.32546597719192505
0.2632632851600647
0.2795969843864441
0.5049318671226501
0.5654841065406799
0.3874059021472931
0.7824881076812744
0.1576816290616989
0.7425374984741211
0.472669780254364
0.2495444267988205
0.379679799079895
0.4632130265235901
0.1975148767232895
0.5000174045562744
0.47092241048812866
0.6820703744888306
0.13093890249729156
0.43948933482170105
0.34170007705688477
0.38341718912124634
0.24895693361759186
0.45076021552085876
0.7561010122299194
0.3636223375797272
0.601929247379303
0.2950202524662018
0.12381266802549362
0.5311042666435242
0.24406500160694122
0.47850510478019714
0.6151216626167297
0.7373851537704468
0.5673953890800476
0.4047457277774811
0.4149480164051056
0.6571459174156189
0.5472824573516846
0.35538554191589355
0.4963226616382599
0.34977272152900696
0.21243824064731598
0.3866705596446991
0.2100687325000763
0.6862908005714417
0.5131120681762695
0.4066367447376251
0.44207507371902466
0.5344919562339783
0.6559618711471558
0.5512444376945496
0.5921874642372131
0.4245496094226837
0.43301087617874146
0.2025744616985321
0.3278232514858246
0.23643945157527924
0.37058037519454956
0.6080836057662964
0.6806235909461975
0.4219762980937958
0.45784637331962585
0.4556182622909546
0.42868563532829285
0.34581196308135986
0.3740833103656769
0.3137865662574768
0.15515528619289398
0.6290842890739441
0.5536956787109375
0.3644832968711853
0.16532322764396667
0.5686213970184326
0.5864067673683167
0.493815541267395
0.413435161113739
0.41049933433532715
0.3770902454853058
0.524039089679718
0.6652424931526184
0.3943023681640625
0.2538183927536011
0.4247545301914215
0.5774651765823364
0.10115537792444229
0.3783804178237915
0.3990791440010071
0.5326058268547058
0.08244812488555908
0.38306787610054016
0.170920267701149
0.3512185215950012
0.12409757822751999
0.5494241714477539
0.4953025281429291
0.47037675976753235
0.5687694549560547
0.47696223855018616
0.3082721531391144
0.205487921833992
0.25049591064453125
0.6366744637489319
0.24531173706054688
0.23629659414291382
0.22995908558368683
0.17780302464962006
0.4300774335861206
0.5620138049125671
0.5334377288818359
0.3084135055541992
0.32271167635917664
0.4197101891040802
0.5662140846252441
0.5861093997955322
0.38072237372398376
0.5824753642082214
0.34336748719215393
0.6144992709159851
0.4142473638057709
0.47980204224586487
0.5258557796478271
0.30511510372161865
0.34717950224876404
0.5074583292007446
0.25514671206474304
0.5594978332519531
0.4854147434234619
0.27686363458633423
0.10992152243852615
0.49832281470298767
0.176946759223938
0.4778970181941986
0.10910574346780777
0.33413591980934143
0.309101402759552
0.5634459257125854
0.08248588442802429
0.44117599725723267
0.5203186273574829
0.2015409767627716
0.3780078589916229
0.5344766974449158
0.4731191396713257
0.4091396629810333
0.6118513345718384
0.599016547203064
0.49765077233314514
0.5607825517654419
0.44076231122016907
0.41021573543548584
0.5154067277908325
0.25219962000846863
0.21633648872375488
0.6025190353393555
0.6369323134422302
0.15225593745708466
0.49955710768699646
0.5229371190071106
0.28018781542778015
0.1178969293832779
0.0678413137793541
0.46635693311691284
0.29548004269599915
0.3693449795246124
0.46681442856788635
0.3794977366924286
0.3566950857639313
0.10471588373184204
0.5394032001495361
0.4838578999042511
0.7560775279998779
0.28048625588417053
0.19060279428958893
0.31882205605506897
0.5890547633171082
0.16001228988170624
0.14024734497070312
0.17988283932209015
0.7121214866638184
0.17630942165851593
0.5569015145301819
0.31925493478775024
0.5418225526809692
0.619218111038208
0.571267306804657
0.3381184935569763
0.4579966366291046
0.3076768219470978
0.590359628200531
0.20268084108829498
0.3420720100402832
0.35367125272750854
0.4910094738006592
0.44814425706863403
0.4785137176513672
0.6034553050994873
0.2789846658706665
0.40278539061546326
0.2948262393474579
0.5129621624946594
0.47082287073135376
0.25047340989112854
0.5052450895309448
0.40223798155784607
0.367393434047699
0.3703935444355011
0.526745080947876
0.5125519633293152
0.1994834691286087
0.1994054615497589
0.48575669527053833
0.1104285791516304
0.37768593430519104
0.3261278569698334
0.7016937136650085
0.2044239640235901
0.36818912625312805
0.5366201400756836
0.3525388538837433
0.44867727160453796
0.7068151235580444
0.5518912672996521
0.3085639476776123
0.6819661855697632
0.578419029712677
0.37846115231513977
0.22133637964725494
0.12402724474668503
0.2464556246995926
0.23710928857326508
0.2849351763725281
0.6113921999931335
0.5195140838623047
0.42466437816619873
0.5396149754524231
0.6104991436004639
0.3725295662879944
0.6067473292350769
0.4665186107158661
0.5456318855285645
0.12014617770910263
0.31721827387809753
0.30039793252944946
0.31974464654922485
0.31322258710861206
0.6930824518203735
0.5107723474502563
0.20417514443397522
0.5280735492706299
0.041804052889347076
0.15314850211143494
0.436046302318573
0.5272806286811829
0.37806013226509094
0.38899919390678406
0.35358113050460815
0.6361615657806396
0.5369956493377686
0.4058542549610138
0.4186174273490906
0.5691357851028442
0.47697508335113525
0.38188230991363525
0.6535744071006775
0.1239706352353096
0.35474473237991333
0.40804538130760193
0.5047739148139954
0.18731127679347992
0.4206148684024811
0.6267430186271667
0.3683835566043854
0.5975950956344604
0.3935256898403168
0.3691957890987396
0.3732587397098541
0.49685052037239075
0.2760782241821289
0.47345975041389465
0.4632442891597748
0.6793886423110962
0.3695385158061981
0.6676609516143799
0.17411279678344727
0.4377908408641815
0.21907247602939606
0.13558444380760193
0.2452823370695114
0.49493059515953064
0.30038079619407654
0.774002730846405
0.3557929992675781
0.25964075326919556
0.6451043486595154
0.5823144316673279
0.546431303024292
0.35950717329978943
0.47535744309425354
0.6722080707550049
0.15187086164951324
0.3151243329048157
0.17791494727134705
0.48758432269096375
0.6299459934234619
0.4661625623703003
0.42829200625419617
0.6093290448188782
0.2178165316581726
0.24150365591049194
0.6490135788917542
0.595314621925354
0.26418593525886536
0.3274967670440674
0.3814851641654968
0.0895894467830658
0.40187719464302063
0.29608312249183655
0.4219803512096405
0.05518788844347
0.10932578891515732
0.5958626866340637
0.6109684109687805
0.46890881657600403
0.3373452425003052
0.44299647212028503
0.5077313780784607
0.14152853190898895
0.22676591575145721
0.5632588267326355
0.6285523176193237
0.21808192133903503
0.39393696188926697
0.1310737282037735
0.2734948694705963
0.21496161818504333
0.7341886162757874
0.6314626932144165
0.3181702196598053
0.292675644159317
0.3639361262321472
0.175309419631958
0.21607789397239685
0.4998173415660858
0.5291162729263306
0.6025148630142212
0.3939436674118042
0.07609338313341141
0.3085891008377075
0.14362315833568573
0.053893983364105225
0.19137203693389893
0.21248909831047058
0.5914610028266907
0.7218718528747559
0.6123858690261841
0.6731460690498352
0.6681832671165466
0.032749906182289124
0.529513418674469
0.4794018268585205
0.517856776714325
0.605194091796875
0.29382047057151794
0.6623862385749817
0.6059524416923523
0.44749715924263
0.6314535737037659
0.6951411962509155
0.44435593485832214
0.3280545771121979
0.4381696879863739
0.10893908143043518
0.3306688666343689
0.7611596584320068
0.35945045948028564
0.2828601896762848
0.5934587121009827
0.3802924156188965
0.2833779454231262
0.5930488109588623
0.6469078063964844
0.6037508845329285
0.45533061027526855
0.4927840232849121
0.3729001581668854
0.23537951707839966
0.8328477144241333
0.4552358388900757
0.7821314334869385
0.477982759475708
0.5224907994270325
0.3971882164478302
0.4274679720401764
0.5732150673866272
0.3105922341346741
0.45612096786499023
0.5986713171005249
0.14908750355243683
0.36143991351127625
0.4503287672996521
0.2414635270833969
0.5792761445045471
0.6598844528198242
0.460722953081131
0.4100158214569092
0.6460728645324707
0.6951481103897095
0.42991524934768677
0.5743743181228638
0.4718412160873413
0.6741642355918884
0.18838733434677124
0.22910168766975403
0.3537804186344147
0.5793443322181702
0.6322028040885925
0.3965999484062195
0.4939904808998108
0.4592425525188446
0.3924456834793091
0.4447147250175476
0.12401721626520157
0.478011816740036
0.45348525047302246
0.3058130443096161
0.3774747848510742
0.3241255581378937
0.6594525575637817
0.18865910172462463
0.5149660110473633
0.46376121044158936
0.4410133957862854
0.2391783446073532
0.34540867805480957
0.6577333807945251
0.4485727846622467
0.61408531665802
0.5469850897789001
0.6313101053237915
0.4325806200504303
0.3344949781894684
0.27393612265586853
0.6341454386711121
0.1682502180337906
0.2118331640958786
0.5734941363334656
0.38518229126930237
0.3154386281967163
0.30803826451301575
0.1746663749217987
0.23950974643230438
0.30871084332466125
0.06374190002679825
0.516180157661438
0.27025917172431946
0.3340248167514801
0.3074007034301758
0.6661356687545776
0.22497443854808807
0.24028463661670685
0.29096606373786926
0.6308001279830933
0.3503199815750122
0.24581561982631683
0.24480406939983368
0.5229992866516113
0.4165707528591156
0.569843053817749
0.30079999566078186
0.29059556126594543
0.12681390345096588
0.5560318827629089
0.5766364932060242
0.33052489161491394
0.3919766843318939
0.2571055591106415
0.2777467668056488
0.08752615749835968
0.29010599851608276
0.215240016579628
0.39043113589286804
0.4376161992549896
0.15914204716682434
0.1296749711036682
0.7254058718681335
0.4283786714076996
0.4644434154033661
0.2406032234430313
0.4502749443054199
0.5660960078239441
0.6669813394546509
0.21597802639007568
0.7343615889549255
0.6766252517700195
0.23945283889770508
0.15782873332500458
0.560502827167511
0.06272520124912262
0.4543992578983307
0.23037052154541016
0.5907270312309265
0.23748210072517395
0.29625383019447327
0.24792622029781342
0.5987410545349121
0.1787395477294922
0.1837902069091797
0.5915529131889343
0.25266972184181213
0.711650013923645
0.33149468898773193
0.3647875487804413
0.46133527159690857
0.3761914074420929
0.45250022411346436
0.6245923042297363
0.2914498746395111
0.4958658516407013
0.46259814500808716
0.22922049462795258
0.46857666969299316
0.412572979927063
0.5478028655052185
0.12179062515497208
0.45489686727523804
0.24929191172122955
0.12753623723983765
0.4117388129234314
0.5683531761169434
0.6188840866088867
0.31837955117225647
0.23567873239517212
0.1326049566268921
0.6554610133171082
0.6015178561210632
0.2516927421092987
0.5914262533187866
0.1048521026968956
0.43947845697402954
0.5855145454406738
0.5260478258132935
0.36352258920669556
0.1117580309510231
0.49875155091285706
0.3423651456832886
0.3243969976902008
0.33776602149009705
0.6425370573997498
0.44850099086761475
0.11289595067501068
0.4732690751552582
0.14543724060058594
0.47178730368614197
0.4736573398113251
0.7683913707733154
0.23695111274719238
0.47560691833496094
0.24316619336605072
0.391563355922699
0.4853338301181793
0.1064193993806839
0.28030839562416077
0.5619688034057617
0.24518774449825287
0.23029227554798126
0.2915594279766083
0.5193819403648376
0.3370322585105896
0.5474092960357666
0.5179219245910645
0.6467558741569519
0.552914559841156
0.25827696919441223
0.49274787306785583
0.4150944948196411
0.10075738281011581
0.33710747957229614
0.6027495861053467
0.318613201379776
0.49069708585739136
0.5818196535110474
0.41526105999946594
0.5463662147521973
0.5139647126197815
0.17646673321723938
0.4209727942943573
0.3065257668495178
0.31062301993370056
0.32201072573661804
0.6053574085235596
0.4821794629096985
0.4164276421070099
0.4126330614089966
0.4542814791202545
0.10695403814315796
0.4221979081630707
0.11643753945827484
0.18489105999469757
0.3501165807247162
0.29993999004364014
0.4386627674102783
0.5418004393577576
0.2566724121570587
0.5391952991485596
0.39586809277534485
0.685421884059906
0.6148775219917297
0.28719910979270935
0.331845223903656
0.28803783655166626
0.4360002875328064
0.38729190826416016
0.4656910300254822
0.3859529495239258
0.5384678244590759
0.6028420329093933
0.5983349680900574
0.22028762102127075
0.6879346370697021
0.2941715717315674
0.7179237604141235
0.23072677850723267
0.6442503929138184
0.6821630001068115
0.44474536180496216
0.24855588376522064
0.10446534305810928
0.4732385277748108
0.7113622426986694
0.3905239701271057
0.236118346452713
0.5086410045623779
0.11224816739559174
0.25828486680984497
0.17575226724147797
0.3887787163257599
0.2747443616390228
0.42268505692481995
0.21766717731952667
0.07322888821363449
0.7441976070404053
0.08911613374948502
0.277243047952652
0.23622554540634155
0.3610961437225342
0.5128692388534546
0.3466794490814209
0.1315806359052658
0.5214072465896606
0.3227612376213074
0.23280590772628784
0.605837345123291
0.4147983193397522
0.2768540382385254
0.7228172421455383
0.2657196819782257
0.46515077352523804
0.7018094062805176
0.5643535852432251
0.2131652981042862
0.7277839183807373
0.3612021803855896
0.762635350227356
0.569050669670105
0.3840533494949341
0.3773217797279358
0.5393755435943604
0.1034020408987999
0.3470670282840729
0.41768744587898254
0.1804402470588684
0.4662074148654938
0.49587109684944153
0.31145790219306946
0.5910327434539795
0.5424417853355408
0.15714387595653534
0.13007491827011108
0.6731137633323669
0.3870609402656555
0.5389240980148315
0.1568082720041275
0.35608863830566406
0.5946158170700073
0.40470215678215027
0.46851056814193726
0.08023258298635483
0.6207027435302734
0.36312296986579895
0.5539689064025879
0.5430804491043091
0.1643647700548172
0.5740946531295776
0.5768377184867859
0.46135449409484863
0.1649625301361084
0.5810311436653137
0.10435594618320465
0.7600173950195312
0.46713313460350037
0.6187970042228699
0.3289118707180023
0.3079681098461151
0.47157618403434753
0.6008034944534302
0.3363356292247772
0.12760035693645477
0.615999698638916
0.4100005030632019
0.3739306926727295
0.4078196585178375
0.2616661787033081
0.08816175907850266
0.2936915457248688
0.5177195072174072
0.4231240451335907
0.4254719018936157
0.7275755405426025
0.2838403880596161
0.333149790763855
0.372265100479126
0.17979274690151215
0.23236244916915894
0.5662311315536499
0.4025055468082428
0.5064492225646973
0.4221716821193695
0.474941611289978
0.6084543466567993
0.4932653307914734
0.3731521964073181
0.10235334932804108
0.22922618687152863
0.5421945452690125
0.43022942543029785
0.7003909349441528
0.07436809688806534
0.4916344881057739
0.3959207832813263
0.44083112478256226
0.3717372715473175
0.3979873061180115
0.5460009574890137
0.1204509511590004
0.626090407371521
0.21189646422863007
0.2900196611881256
0.10284356772899628
0.33906298875808716
0.42519688606262207
0.693498432636261
0.37457984685897827
0.3564707040786743
0.38749340176582336
0.23791609704494476
0.15859244763851166
0.34696468710899353
0.3504491150379181
0.6001755595207214
0.4488796889781952
0.39129725098609924
0.1087011769413948
0.4755658507347107
0.3957182466983795
0.5856767892837524
0.51987224817276
0.34886372089385986
0.8694190382957458
0.5864093899726868
0.06942441314458847
0.1594427078962326
0.14734013378620148
0.14607958495616913
0.6211839914321899
0.4255105257034302
0.29378700256347656
0.6025025248527527
0.08422424644231796
0.32880884408950806
0.525120735168457
0.16799195110797882
0.7010093927383423
0.5733195543289185
0.10265442728996277
0.6423099040985107
0.2893659770488739
0.13418257236480713
0.19151650369167328
0.34175804257392883
0.13665930926799774
0.29994767904281616
0.378380686044693
0.679070234298706
0.49865642189979553
0.36391565203666687
0.5410434007644653
0.26116055250167847
0.46403834223747253
0.6238516569137573
0.2998179793357849
0.4924449622631073
0.1612279862165451
0.6014670729637146
0.8226004242897034
0.5138303637504578
0.6726205945014954
0.4034026563167572
0.47328126430511475
0.3316846191883087
0.7375345230102539
0.21000604331493378
0.1116471141576767
0.23006899654865265
0.5532037019729614
0.7185574173927307
0.3311549127101898
0.3955819010734558
0.6308245062828064
0.4203972816467285
0.5100741386413574
0.4441485106945038
0.5913164019584656
0.542794942855835
0.3764888346195221
0.39658257365226746
0.20230698585510254
0.5946786403656006
0.23623059689998627
0.2723113000392914
0.5244668126106262
0.6812329292297363
0.5594256520271301
0.5501984357833862
0.5753955245018005
0.608290433883667
0.6659592986106873
0.4466189444065094
0.5324024558067322
0.5338773131370544
0.6329089999198914
0.32913124561309814
0.5917589664459229
0.7610328793525696
0.3022024631500244
0.3840826749801636
0.49843570590019226
0.4832378327846527
0.3581032156944275
0.15825437009334564
0.4401676058769226
0.44368690252304077
0.47669216990470886
0.41291293501853943
0.660740315914154
0.5049591064453125
0.15354430675506592
0.23340150713920593
0.4251929521560669
0.2465750128030777
0.2762545645236969
0.32303664088249207
0.18011270463466644
-0.002972980961203575
0.1373855620622635
0.3360481560230255
0.315730482339859
0.318943589925766
0.29232528805732727
0.12304211407899857
0.3073005974292755
0.24513395130634308
0.521174430847168
0.4177255630493164
0.26593276858329773
0.08344040811061859
0.3292143642902374
0.458756685256958
0.4509548842906952
0.8016480803489685
0.23909369111061096
0.6088593006134033
0.47681137919425964
0.24822978675365448
0.6702917218208313
0.589824914932251
0.7467796802520752
0.15272009372711182
0.5271511077880859
0.285526841878891
0.24852333962917328
0.30531641840934753
0.46001771092414856
0.24064524471759796
0.6554380655288696
0.670182466506958
0.4347434937953949
0.5409735441207886
0.5592198371887207
0.49407148361206055
0.5142446756362915
0.4314470887184143
0.5095595121383667
0.6509209871292114
0.0757734477519989
0.1771438866853714
0.5888590216636658
0.20478899776935577
0.4784089922904968
0.7185888886451721
0.5629558563232422
0.2505524158477783
0.22985176742076874
0.495444655418396
0.6786360740661621
0.759645938873291
0.13818858563899994
0.4305688142776489
0.7526991367340088
0.3926425278186798
0.515740692615509
0.3108093738555908
0.43261685967445374
0.27702853083610535
0.2965259253978729
0.19690047204494476
0.45184609293937683
0.5892354249954224
0.5012961030006409
0.46736592054367065
0.75752192735672
0.198171928524971
0.5068830847740173
0.23393136262893677
0.6832054853439331
0.479021281003952
0.42313337326049805
0.3719537556171417
0.4731764793395996
0.4445416033267975
0.1800866723060608
0.6808685064315796
0.5683572888374329
0.04655060917139053
0.5152341723442078
0.47152426838874817
0.26584556698799133
0.5472606420516968
0.3228780925273895
0.6507434844970703
0.45455580949783325
0.21144890785217285
0.3823796510696411
0.42185530066490173
0.3852443993091583
0.20689018070697784
0.11450067907571793
0.11409280449151993
0.6629563570022583
0.6157371997833252
0.18794254958629608
0.7116997838020325
0.5537011027336121
0.6057002544403076
0.6805516481399536
0.4023784101009369
0.5477451086044312
0.6397587060928345
0.6348068714141846
0.47996455430984497
0.10927135497331619
0.27519041299819946
0.43750008940696716
0.41504064202308655
0.6519148349761963
0.20154264569282532
0.4076426029205322
0.15844151377677917
0.5090394616127014
0.24531853199005127
0.11076253652572632
1.011177659034729
0.4605153501033783
0.4908566176891327
0.719704806804657
0.2782531678676605
0.6462584733963013
0.5810818672180176
0.07543882727622986
0.3521097004413605
0.1787610799074173
0.5253927707672119
0.5967634320259094
0.09578568488359451
0.6508102416992188
0.2267921268939972
0.37341323494911194
0.6849143505096436
0.2565843462944031
0.42703184485435486
0.6004045605659485
0.26251456141471863
0.3597387969493866
0.7596414685249329
0.3065457046031952
0.5614410042762756
0.10634157806634903
0.2662631571292877
0.6113338470458984
0.5451995730400085
0.6244785189628601
0.5704439878463745
0.43541276454925537
0.5963796973228455
0.31085532903671265
0.6523571610450745
0.4377726912498474
0.5508031845092773
0.44739049673080444
0.5590170621871948
0.4771842062473297
0.38878610730171204
0.5194337368011475
0.32406845688819885
0.767177164554596
0.3541816473007202
0.07592969387769699
0.5184144973754883
0.46654340624809265
0.685081958770752
0.43141406774520874
0.6398633122444153
0.6681721806526184
0.16554206609725952
0.632826030254364
0.6312602758407593
0.4383656978607178
0.3094300329685211
0.08557992428541183
0.38851362466812134
0.9227732419967651
0.2379634827375412
0.33789119124412537
0.627219021320343
0.12411650270223618
0.5501328706741333
0.6106052398681641
0.1286689192056656
0.5698599815368652
0.414031445980072
0.6189592480659485
0.42864128947257996
0.6375062465667725
0.41671428084373474
0.21274739503860474
0.6751771569252014
0.5049591064453125
0.31710824370384216
0.22819925844669342
0.14314201474189758
0.4978698790073395
0.15013553202152252
0.3604375720024109
0.45255982875823975
0.3292115032672882
0.4664786756038666
0.37815892696380615
0.29349642992019653
0.0069733113050460815
0.5876262187957764
0.4401077330112457
0.14973659813404083
0.48734959959983826
0.5469043850898743
0.31546810269355774
0.5193575620651245
0.1062142476439476
0.23501592874526978
0.32013198733329773
0.47715234756469727
0.14508773386478424
0.3459849953651428
0.7236377000808716
0.637434184551239
0.17149458825588226
0.23519767820835114
0.537778913974762
0.23854778707027435
0.3974214792251587
0.7324087023735046
0.512645959854126
0.5016217827796936
0.5339053273200989
0.3059621751308441
0.5770466327667236
0.26009902358055115
0.0605568066239357
0.2965782880783081
0.2659209072589874
0.4422774016857147
0.679070234298706
0.16817165911197662
0.5589038133621216
0.3327583372592926
0.3945045471191406
0.41855722665786743
0.25063520669937134
0.33923810720443726
0.22670210897922516
0.1772700548171997
0.04577796161174774
0.33902060985565186
0.45680156350135803
0.5959532260894775
0.2296627312898636
0.3685244917869568
0.35547879338264465
0.5622477531433105
0.19172322750091553
0.24343807995319366
0.43770092725753784
0.6380933523178101
0.646104097366333
0.14600785076618195
0.49223247170448303
0.16811630129814148
0.6253464221954346
0.3836326599121094
0.412043958902359
0.2537846863269806
0.3085765540599823
0.5818140506744385
0.5263399481773376
0.6384972929954529
0.18736271560192108
0.8034424185752869
0.336140513420105
0.5280764698982239
0.4447301924228668
0.6297467947006226
0.698211133480072
0.31206390261650085
0.41702648997306824
0.5488460063934326
0.12294640392065048
0.5442526340484619
0.5423765182495117
0.47234174609184265
0.5424545407295227
0.5407716631889343
0.5918576121330261
0.27716124057769775
0.7134056687355042
0.29576849937438965
0.4257565438747406
0.6354212760925293
0.27387094497680664
0.29962873458862305
0.4816253185272217
0.28727713227272034
0.4741145074367523
0.37160125374794006
0.6302556395530701
0.23954448103904724
0.33956336975097656
0.48785436153411865
0.16339610517024994
0.3899828791618347
0.6991842985153198
0.518053412437439
0.17479771375656128
0.5017305612564087
0.35970261693000793
0.1336659938097
0.10890727490186691
0.2483837753534317
0.5645983219146729
0.23978622257709503
0.423319548368454
0.5731821656227112
0.14611411094665527
0.11020802706480026
0.20911851525306702
0.4073158800601959
0.4914810359477997
0.31156718730926514
0.36541464924812317
0.2938990592956543
0.476043701171875
0.5566035509109497
0.4880549907684326
0.6781060099601746
0.6893935203552246
0.5253329277038574
0.5985804200172424
0.21710911393165588
0.1689460575580597
0.6072073578834534
0.4213493764400482
0.09187925606966019
0.3162102699279785
0.12425591796636581
0.6517258882522583
0.3779065012931824
0.6069352030754089
0.239944726228714
0.32912737131118774
0.600606381893158
0.43773922324180603
0.7663156390190125
0.3544554114341736
0.4580172300338745
0.7375022768974304
0.4656764566898346
0.1488451212644577
0.2358880192041397
0.24708743393421173
0.34714779257774353
0.233811154961586
0.6057453155517578
0.48293349146842957
0.38681694865226746
0.5582805275917053
0.1631762981414795
0.06475106626749039
0.5073500275611877
0.38437965512275696
0.4685620963573456
0.22831004858016968
0.5404753088951111
0.8742849230766296
0.6019092202186584
0.37480872869491577
0.1736506074666977
0.17780683934688568
0.36414238810539246
0.30145063996315
0.7394794821739197
0.20783118903636932
0.6358727216720581
0.5013217926025391
0.191262885928154
0.5807473063468933
0.24640418589115143
0.25332218408584595
0.28900542855262756
0.49253010749816895
0.47224536538124084
0.44743913412094116
0.36402884125709534
0.3896155059337616
0.4163574278354645
0.7817753553390503
0.16780725121498108
0.6790071725845337
0.5109623074531555
0.10545677691698074
0.2909470498561859
0.29531601071357727
0.3419707715511322
0.5484975576400757
0.35120633244514465
0.16652661561965942
0.2618499994277954
0.38836869597435
0.3774573504924774
0.6863265037536621
0.4170461595058441
0.802671492099762
0.28675907850265503
0.4999212324619293
0.41440296173095703
0.5991252064704895
0.4127570688724518
0.5257747769355774
0.4747825264930725
0.6773333549499512
0.31652507185935974
0.22148922085762024
0.24636276066303253
0.7476643323898315
0.4515872597694397
0.3417825996875763
0.45735591650009155
0.15288639068603516
0.534907341003418
0.17895302176475525
0.08623351156711578
0.38888970017433167
0.439470112323761
0.26431044936180115
0.28021422028541565
0.4262166917324066
0.23529596626758575
0.6036971807479858
0.402321994304657
0.289589524269104
0.3855828046798706
0.30657148361206055
0.516879677772522
0.3862098455429077
0.5547339916229248
0.14302347600460052
0.23373126983642578
0.46842148900032043
0.25780338048934937
0.4172924757003784
0.33584630489349365
0.6380139589309692
0.4752376973628998
0.4086095988750458
0.547188401222229
0.3494061529636383
0.9473491907119751
0.3977862596511841
0.8765799403190613
0.604369580745697
0.356899231672287
0.5055844783782959
0.13818907737731934
0.19727681577205658
0.3411268889904022
0.6308470964431763
0.33858370780944824
0.8441524505615234
0.1584596186876297
0.4186457693576813
0.4591623544692993
0.6303532123565674
0.502549409866333
0.7161297798156738
0.6442492604255676
0.5865983963012695
0.5096961259841919
0.41072729229927063
0.5045656561851501
0.5120673775672913
0.5413576364517212
0.6636345386505127
0.5435271263122559
0.655616044998169
0.6739280819892883
0.7713660001754761
0.2814341187477112
0.389394611120224
0.3560488820075989
0.3394292891025543
0.04279601573944092
0.6411247253417969
0.6730048656463623
0.3080635964870453
0.498944491147995
0.4464571177959442
0.12184297293424606
0.35109764337539673
0.2608863115310669
0.5940700173377991
0.33793115615844727
0.3772076666355133
0.46373698115348816
0.21705155074596405
0.5121257305145264
0.5517778992652893
0.1546459048986435
0.08423533290624619
0.13292744755744934
0.3501726984977722
0.5767596960067749
0.5983988642692566
0.4330426752567291
0.19436568021774292
0.5335184931755066
0.5941540002822876
0.6229619383811951
0.26578888297080994
0.3493383526802063
0.365889310836792
0.6562293171882629
0.5641827583312988
0.5045807361602783
0.3193967342376709
0.49513646960258484
0.3627948760986328
0.11851634830236435
0.3960416913032532
0.5031450986862183
0.49482062458992004
0.4220314919948578
0.682296097278595
0.17622222006320953
0.17579303681850433
0.5353186726570129
0.49788644909858704
0.5191628932952881
0.3358965218067169
0.2302793711423874
0.5565496683120728
0.08099808543920517
0.4594394862651825
0.43626898527145386
0.19271504878997803
0.45522788166999817
0.5128344297409058
0.1799968183040619
0.3523726761341095
0.3423745036125183
-0.033496156334877014
0.5063091516494751
0.5431572198867798
0.49756672978401184
0.41159045696258545
0.3180285394191742
0.13456173241138458
0.2824832797050476
0.3213860094547272
0.24662555754184723
0.3990626633167267
0.6447432637214661
0.1386885643005371
0.577739953994751
0.6615011692047119
0.3768543601036072
0.12502750754356384
0.6371335983276367
0.47445008158683777
0.4708018898963928
0.6438924670219421
0.3913799822330475
0.4339258372783661
0.5573702454566956
0.4675149917602539
0.544388473033905
0.22202038764953613
0.10922305285930634
0.584149956703186
0.6413706541061401
0.6172066926956177
0.4675862789154053
0.5428565144538879
0.0981450304389
0.2224099487066269
0.4385128617286682
0.16668446362018585
0.31613993644714355
0.2828672528266907
0.38612860441207886
0.4892033040523529
0.6398288011550903
0.3945002257823944
0.1756293624639511
0.4227631986141205
0.24344152212142944
0.4994034469127655
0.06508250534534454
0.5445343255996704
0.3928602635860443
0.12486424297094345
0.5893255472183228
0.4845219552516937
0.35267379879951477
0.35395359992980957
0.8005563020706177
0.4843229651451111
0.2780438959598541
0.512751579284668
0.2649615705013275
0.23272795975208282
0.3686619699001312
0.4417082667350769
0.5822327136993408
0.2502029240131378
0.41394564509391785
0.40651217103004456
0.06508616358041763
0.5382400751113892
0.5888539552688599
0.5329118967056274
0.45246708393096924
0.5848612785339355
0.4639354646205902
0.3862108886241913
0.6842050552368164
0.30371353030204773
0.4573850631713867
0.29142680764198303
0.6723452806472778
0.5573413372039795
0.23446890711784363
0.4408359229564667
0.327851802110672
0.40105733275413513
0.29349562525749207
0.25501230359077454
0.21573075652122498
0.33003267645835876
0.6918796300888062
0.24041050672531128
0.39089661836624146
0.5641379952430725
0.4051535129547119
0.7379704713821411
0.5146012902259827
0.27303460240364075
0.7490946054458618
0.7549058794975281
0.6085740923881531
0.17890813946723938
0.19477328658103943
0.22022786736488342
0.06206474453210831
0.12231699377298355
0.5425653457641602
0.33217549324035645
0.3909359574317932
0.2972069978713989
0.5330315828323364
0.43255460262298584
0.28447434306144714
0.6839620471000671
0.47029486298561096
0.05053996294736862
0.5164936184883118
0.7094351053237915
0.7510475516319275
0.46602392196655273
0.257082462310791
0.2796703279018402
0.21755094826221466
0.5051543712615967
0.6206676363945007
0.6732005476951599
0.09586859494447708
0.44629937410354614
0.3714103400707245
0.4755982756614685
0.16841046512126923
0.44787055253982544
0.3478628396987915
0.32482656836509705
0.37740179896354675
0.43084436655044556
0.37817665934562683
0.16899797320365906
0.3656739592552185
0.5509179830551147
0.6476238965988159
0.4897378385066986
0.22554552555084229
0.2983003854751587
0.38747814297676086
0.5210382342338562
0.2823265790939331
0.2736978530883789
0.4885323941707611
0.37774455547332764
0.4235785901546478
0.3934173285961151
0.27784261107444763
0.2784069776535034
0.31154581904411316
0.5739360451698303
0.08000844717025757
0.5413970351219177
0.23128296434879303
0.6468954086303711
0.5108093023300171
0.21695686876773834
0.42550593614578247
0.5466212034225464
0.5126946568489075
0.42586609721183777
0.5606140494346619
0.6411324739456177
0.14043718576431274
0.39359867572784424
0.3675135374069214
0.34038183093070984
0.3387807011604309
0.5435270071029663
0.5616018772125244
0.4418799877166748
0.15258371829986572
0.3232279121875763
0.2885332405567169
0.551958441734314
0.3511839509010315
0.2951086163520813
0.45562416315078735
0.3655264675617218
0.3743307292461395
0.4642868936061859
0.6938478946685791
0.44065985083580017
0.5969641804695129
0.3530517816543579
0.35265448689460754
0.5787930488586426
0.7452753782272339
0.7773041725158691
0.2808783948421478
0.41910186409950256
0.46479421854019165
0.35074102878570557
0.48679018020629883
0.676383912563324
0.21613207459449768
0.2805153429508209
0.11215439438819885
0.45755234360694885
0.3504897356033325
0.3161674439907074
0.569672167301178
0.3272545635700226
0.5755083560943604
0.3158591389656067
0.4007473587989807
0.2457759529352188
0.3861795961856842
0.6737249493598938
0.5055176615715027
0.36519646644592285
0.6858481764793396
0.2136377990245819
0.24940867722034454
0.5506950616836548
0.4735282361507416
0.16216281056404114
0.14353355765342712
0.3867132067680359
0.20234449207782745
0.47671759128570557
0.7077927589416504
0.4628185033798218
0.5534088611602783
0.38331711292266846
0.17180025577545166
0.6882814764976501
0.7091021537780762
0.44331878423690796
0.5344775915145874
0.3259669840335846
0.23710401356220245
0.3595138490200043
0.46500369906425476
0.10926417261362076
0.1517065316438675
0.2962299883365631
0.24253979325294495
0.1273079663515091
0.44733551144599915
0.5142568945884705
0.21898150444030762
0.4825412631034851
0.08576628565788269
0.2997807562351227
0.2845677435398102
0.3727586567401886
0.36751943826675415
0.3405041992664337
0.5843619108200073
0.28860563039779663
0.3957698941230774
0.4538699686527252
0.509864330291748
0.4691961705684662
0.33049479126930237
0.45943087339401245
0.573152482509613
0.4867970049381256
0.5945912599563599
0.4617380201816559
0.3852446377277374
0.3176345229148865
0.31160885095596313
0.48006176948547363
0.7555479407310486
0.39798060059547424
0.5529316663742065
0.5516480803489685
0.4397672116756439
0.25517553091049194
0.5618404150009155
0.14628680050373077
0.5083144903182983
0.1911395937204361
0.6089360117912292
0.5252707600593567
0.3032384514808655
0.07246380299329758
0.4905855357646942
0.48741090297698975
0.32883790135383606
0.13934899866580963
0.5557517409324646
0.267090380191803
0.6492293477058411
0.5417947769165039
0.4123308062553406
0.6367958784103394
0.620969295501709
0.29042577743530273
0.3906865417957306
0.5377125144004822
0.25997868180274963
0.578826904296875
0.41804933547973633
0.7652796506881714
0.3835633397102356
0.5288282036781311
0.6472877860069275
0.12329349666833878
0.4369550943374634
0.2955601215362549
0.6498590707778931
0.7112022042274475
0.3563946485519409
0.3531562387943268
0.5136643648147583
0.4681941866874695
0.4337610602378845
0.12165708094835281
0.13912685215473175
0.30995896458625793
0.3153163194656372
0.07637674361467361
0.4851093888282776
0.3521738052368164
0.2223188877105713
0.40551701188087463
0.5672292113304138
0.4391215741634369
0.5381690263748169
0.4207717478275299
0.5907426476478577
0.5330675840377808
0.17737632989883423
0.5771602988243103
0.36124104261398315
0.39771538972854614
0.49712738394737244
0.3043392598628998
0.5653476119041443
0.5530786514282227
0.2561204433441162
0.5701837539672852
0.39856186509132385
0.3224546015262604
0.5055597424507141
0.07231565564870834
0.4371812045574188
0.5414732694625854
0.18818454444408417
0.42998364567756653
0.35724425315856934
0.37992069125175476
0.48586657643318176
0.21915203332901
0.5502863526344299
0.48853158950805664
0.4775587320327759
0.040828391909599304
0.4305558204650879
0.5391036868095398
0.49323776364326477
0.27344822883605957
0.07660738378763199
0.544864296913147
0.6633057594299316
0.8268706798553467
0.5016571879386902
0.30992674827575684
0.39489492774009705
0.5791881084442139
0.19886137545108795
0.5414307713508606
0.39277756214141846
0.4605954587459564
0.5865710973739624
0.5082218647003174
0.3087174892425537
0.45348790287971497
0.5077639818191528
0.3886341154575348
0.6357499361038208
0.5313866138458252
0.5617102384567261
0.2954958975315094
0.3070840835571289
0.3527355492115021
0.5104805827140808
0.21451759338378906
0.2726241946220398
0.6117071509361267
0.6416409015655518
0.31086012721061707
0.14065605401992798
0.40183568000793457
0.6661460995674133
0.460489958524704
0.6012749671936035
0.7763210535049438
0.4451976716518402
0.09827271848917007
0.2425900101661682
0.7314227223396301
0.23403501510620117
0.23662002384662628
0.24089135229587555
0.4566018283367157
0.24199934303760529
0.34871235489845276
0.5314624309539795
0.6175944805145264
0.36567503213882446
0.5780655145645142
0.11547371000051498
0.4078945219516754
0.5049591064453125
0.22543203830718994
0.5277149081230164
0.681982159614563
0.10060557723045349
0.34775131940841675
0.14165516197681427
0.7825546860694885
0.16047053039073944
0.5239847898483276
0.5000659227371216
0.35922643542289734
0.4776732921600342
0.40144240856170654
0.43765801191329956
0.4427446722984314
0.3237606883049011
0.615967869758606
0.6939201951026917
0.7148348093032837
0.4561176300048828
0.6953355073928833
0.6093673706054688
0.44377851486206055
0.4548270106315613
0.3594576418399811
0.4582946002483368
0.5784264802932739
0.08547154068946838
0.4935554563999176
0.05379475653171539
0.12124725431203842
0.13284067809581757
0.2053983509540558
0.26809388399124146
0.2601631283760071
0.39847055077552795
0.7298070788383484
0.5557800531387329
0.13514350354671478
0.6197351217269897
0.4277837574481964
0.5340067148208618
0.23158930242061615
0.22345294058322906
0.24456049501895905
0.5348345637321472
0.20380038022994995
0.45667874813079834
0.5133090615272522
0.7364627718925476
0.45713376998901367
0.5323606729507446
0.3342803120613098
0.5692538022994995
0.5279378294944763
0.4090098440647125
0.40309780836105347
0.6659057140350342
0.7131465673446655
0.08994648605585098
0.6717198491096497
0.40824905037879944
0.4111403822898865
0.42951908707618713
0.0884028747677803
0.6407726407051086
0.576181173324585
0.26167064905166626
0.5833230018615723
0.29658788442611694
0.44052863121032715
0.4211050271987915
0.46905356645584106
0.5576089024543762
0.3253510296344757
0.6416386961936951
0.15019626915454865
0.536963939666748
0.34101831912994385
0.5067245364189148
0.3830324113368988
0.7067862153053284
0.5871158838272095
0.485477089881897
0.22126224637031555
0.26122868061065674
0.3360336124897003
0.5848615765571594
0.6615111827850342
0.6090946197509766
0.43461382389068604
0.48194602131843567
0.38730886578559875
0.2955162227153778
0.5448208451271057
0.5405709743499756
0.13630005717277527
0.7188670039176941
0.50910484790802
0.3026573359966278
0.6546453237533569
0.47344934940338135
0.1874861717224121
0.5486267805099487
0.5313754081726074
0.37759798765182495
0.5131080746650696
0.5432377457618713
0.4654126465320587
0.1740685999393463
0.5847368836402893
0.46474596858024597
0.594790518283844
0.33482444286346436
0.0777466669678688
0.5972188711166382
0.23331326246261597
0.05509001761674881
0.22939397394657135
0.5264652967453003
0.3304903209209442
0.49079450964927673
0.36764752864837646
0.6539188623428345
0.47031018137931824
0.24234668910503387
0.5732784271240234
0.2459125965833664
0.3151516616344452
0.4959329068660736
0.6379014253616333
0.12828321754932404
0.2773433327674866
0.5123801827430725
0.18506960570812225
0.3872820734977722
0.4346938729286194
0.2909758985042572
0.6832705140113831
0.18289847671985626
0.18431580066680908
0.5809204578399658
0.6709438562393188
0.47948789596557617
0.5407977104187012
0.38437965512275696
0.29571783542633057
0.564329206943512
0.094762422144413
0.5412653684616089
0.42166218161582947
0.6202832460403442
0.42966562509536743
0.3032156825065613
0.3382990062236786
0.13004837930202484
0.11919006705284119
0.4995096027851105
0.24779735505580902
0.4326639175415039
0.2670093774795532
0.3587716221809387
0.36720380187034607
0.29346582293510437
0.17381422221660614
0.7650898098945618
0.5018839836120605
0.1579374372959137
0.7802733778953552
0.488400936126709
0.6443912982940674
0.43174293637275696
0.1653190404176712
0.6174985766410828
0.31555843353271484
0.11080126464366913
0.4523417055606842
0.06964177638292313
0.36143746972084045
0.49620965123176575
0.7677674293518066
0.29884159564971924
0.6716063022613525
0.4287986755371094
0.08399925380945206
0.5337026715278625
0.38787704706192017
0.4170795679092407
0.43378403782844543
0.45385119318962097
0.5867812037467957
0.6342461705207825
0.472472220659256
0.5238140821456909
0.38733190298080444
0.6190924644470215
0.24006950855255127
0.33141449093818665
0.6034332513809204
0.5687238574028015
0.2173803448677063
0.09856132417917252
0.2228281944990158
0.4213924705982208
0.6137301921844482
0.3013465404510498
0.20413483679294586
0.23924614489078522
0.6530665159225464
0.4243432879447937
0.5733232498168945
0.4737281799316406
0.5927878022193909
0.15146967768669128
0.32780447602272034
0.5025846362113953
0.1282333880662918
0.3827803432941437
0.7767635583877563
0.556763231754303
0.5478662252426147
0.47378429770469666
0.4485875070095062
0.26626497507095337
0.08830458670854568
0.5388835072517395
0.41900134086608887
0.3373962938785553
0.4015786051750183
0.3996759057044983
0.1392723023891449
0.5015481114387512
0.4049343466758728
0.588923990726471
0.12182442098855972
0.6371221542358398
0.2482900172472
0.680038332939148
0.5000730752944946
0.2716025412082672
0.6355622410774231
0.5245768427848816
0.6133180856704712
0.6227308511734009
0.04417019337415695
0.5561461448669434
0.5500595569610596
0.13684095442295074
0.5548862814903259
0.5234193801879883
0.4341205656528473
0.43488797545433044
0.2491455227136612
0.5413109064102173
0.4882838726043701
0.10336177051067352
0.4119700491428375
0.6804136633872986
0.2701883912086487
0.09677667915821075
0.24465183913707733
0.4604109823703766
0.37125667929649353
0.32390308380126953
0.5154393315315247
0.5107041597366333
0.4084269106388092
0.512427568435669
0.652763307094574
0.11980210989713669
0.44933924078941345
0.5489983558654785
0.24920915067195892
0.7155052423477173
0.20101915299892426
0.6918398141860962
0.6994252800941467
0.1328066736459732
0.33083704113960266
0.3807380795478821
0.09775279462337494
0.3401573598384857
0.3125670552253723
0.32295894622802734
0.5844275951385498
0.18703719973564148
0.16636638343334198
0.6210083961486816
0.3178214430809021
0.2844242453575134
0.5311334133148193
0.48270347714424133
0.3217865228652954
0.39295896887779236
0.23873133957386017
0.4800928235054016
0.4610328674316406
0.4765333831310272
0.3053703010082245
0.6469069123268127
0.4340340495109558
0.32011911273002625
0.5181838274002075
0.25258028507232666
0.4899234473705292
0.4078095257282257
0.6892563700675964
0.5773662328720093
0.6950442790985107
0.07156796753406525
0.6902974247932434
0.7313411235809326
0.6629486680030823
0.17932160198688507
0.29123279452323914
0.4357493817806244
0.5042188167572021
0.2377566248178482
0.07340320199728012
0.5836895704269409
0.09617350995540619
0.650103747844696
0.6401680707931519
0.21290571987628937
0.3230022192001343
0.2955770492553711
0.6048749089241028
0.4029806852340698
0.4085129499435425
0.547007143497467
0.4065271019935608
0.46432092785835266
0.4584743082523346
0.11848949640989304
0.5703155994415283
0.2361787110567093
0.33903446793556213
0.3452810049057007
0.11367759108543396
0.5426173210144043
0.0986858382821083
0.3669174611568451
0.3966403007507324
0.4427372217178345
0.1904297024011612
0.5594690442085266
0.6535660028457642
0.6877028942108154
0.3880011737346649
0.5165882110595703
0.27454841136932373
0.10546991974115372
0.26981320977211
0.3807637691497803
0.44307124614715576
0.6610814332962036
0.5677582621574402
0.129278764128685
0.218559131026268
0.12237159162759781
0.30637264251708984
0.6413367986679077
0.5238429307937622
0.7649105191230774
0.23363123834133148
0.5781859159469604
0.3360336124897003
0.6101081371307373
0.5172954201698303
0.32627278566360474
0.23441559076309204
0.5153915882110596
0.4644344449043274
0.30811983346939087
0.30071985721588135
0.4843578040599823
0.5648743510246277
0.4748557507991791
0.6459651589393616
0.6315476894378662
0.5012593269348145
0.3408322036266327
0.5530012845993042
0.3010830581188202
0.17515894770622253
0.30100664496421814
0.6833120584487915
0.5890225768089294
0.517288327217102
0.6461710929870605
0.6115930080413818
0.5189611315727234
0.3791294991970062
0.2935131788253784
0.12064925581216812
0.30917876958847046
0.6133256554603577
0.050728216767311096
0.6913320422172546
0.33393293619155884
0.14896944165229797
0.49187934398651123
0.32660531997680664
0.10074508935213089
0.598034679889679
0.19746677577495575
0.609906017780304
0.3836880624294281
0.24319082498550415
0.7460625171661377
0.6303306221961975
0.49744197726249695
0.4577222466468811
0.3190023601055145
0.25068917870521545
0.4959504306316376
0.511290967464447
0.3596271574497223
0.6837303042411804
0.2927829921245575
0.6371970176696777
0.4063996970653534
0.6328486800193787
0.47316861152648926
0.38628870248794556
0.1729753464460373
0.6103269457817078
0.46019038558006287
0.6663956046104431
0.23388099670410156
0.5681990385055542
0.6241140961647034
0.5578212738037109
0.30143028497695923
0.5884231328964233
0.20409218966960907
0.47855234146118164
0.513255774974823
0.3756309151649475
0.2737489938735962
0.38089197874069214
0.6523200273513794
0.483694463968277
0.4661077558994293
0.6165482401847839
0.370881587266922
0.8521438837051392
0.17929376661777496
0.45422080159187317
0.07136750221252441
0.15457068383693695
0.6293184161186218
0.32434454560279846
0.49746230244636536
0.7127501964569092
0.3149803578853607
0.26064983010292053
0.7369601130485535
0.5951306223869324
0.5320175290107727
0.1614934206008911
0.41314664483070374
0.36992940306663513
0.6632192730903625
0.15456905961036682
0.23902907967567444
0.6816499829292297
0.5379798412322998
0.7435729503631592
0.5717729330062866
0.0881151407957077
0.16826942563056946
0.5793734788894653
0.6932156085968018
0.18577148020267487
0.1220107153058052
0.6478145718574524
0.3782191872596741
0.10693367570638657
0.6083267331123352
0.49789854884147644
0.5733709335327148
0.2560907006263733
0.19885656237602234
0.3323257267475128
0.17986735701560974
0.5381633043289185
0.4059889614582062
0.5544112920761108
0.6505196690559387
0.4519232213497162
0.5038114190101624
0.6516115069389343
0.27739378809928894
0.488491952419281
0.11174383014440536
0.1490313708782196
0.4810750484466553
0.47972920536994934
0.6017977595329285
0.44728735089302063
0.589506983757019
0.3403266668319702
0.6522808074951172
0.6721886992454529
0.49047842621803284
0.5084279179573059
0.301838219165802
0.2586436867713928
0.31852924823760986
0.36394500732421875
0.4448082149028778
0.18233458697795868
0.507693350315094
0.24960510432720184
0.37425458431243896
0.3982986509799957
0.29123014211654663
0.6691262125968933
0.30858418345451355
0.5882141590118408
0.47101810574531555
0.4455942213535309
0.10464492440223694
0.4987882077693939
0.6821190714836121
0.6365071535110474
0.3850865066051483
0.49945780634880066
0.5359024405479431
0.4903566539287567
0.24538275599479675
0.02554660476744175
0.6540488004684448
0.38093891739845276
0.42406317591667175
0.38556718826293945
0.3925720453262329
0.140035942196846
0.5327883958816528
0.6622068285942078
0.6671038866043091
0.09740754216909409
0.21346144378185272
0.46026673913002014
0.48640134930610657
0.3723704516887665
0.21772237122058868
0.6164196729660034
0.18339301645755768
0.561052680015564
0.6640172600746155
0.06722857803106308
0.2943594455718994
0.5227414965629578
0.3118627965450287
0.5835424065589905
0.49845388531684875
0.4447033405303955
0.5553674101829529
