0.3934776797647688
0.15350587613891456
0.15102572451970042
0.017442234665636866
0.017560304961879766
0.017792692965237764
0.019435777431097243
0.018661358546902214
0.017705977382875607
0.01795616583047267
0.01867140861171091
0.01737037277991022
0.01744186046511628
0.018320811915117963
0.019199499687304566
0.0184147833365527
0.01754165356806036
0.01706370449678801
0.01747448979591837
0.017138302112395375
0.017821518818991886
0.018152661962796666
0.017780502759043533
0.01745132512860585
0.017536620590055705
0.017690997248067095
0.017581840844978023
0.017953439431803237
0.01784308580425085
0.017260615606746736
0.01744921744921745
0.020529259309780383
0.019755469755469754
0.020286718961319988
0.021113602391629297
0.019970743496788144
0.02226835251934327
0.020263424518743668
0.020275211061623347
0.019731501717140183
0.01971326164874552
0.0198171706194464
0.02003958436417615
0.02059270015180516
0.020164447924823806
0.019909323871476443
0.01978021978021978
0.019831531471778206
0.02805746561886051
0.020326772160041168
0.020091203489524815
0.019829842931937174
0.49544541192230407
0.17248563671948985
0.19492421572083188
0.02104036734973614
0.02281294683478487
0.019830628087508823
0.019542824890644843
0.02056454253716681
0.019588379326318576
0.019975868078830943
0.020314812323422575
0.02066340402392605
0.019667272849733953
0.01980749343727627
0.048909117179598324
0.6449993121474756
0.634197034778994
0.6594152695025634
0.04940296549009316
0.04587403166049175
0.04520152907249681
0.04677002583979328
0.04600664992875076
0.04657867760123014
0.46282035856094333
0.0323791647114031
0.032703936813525854
0.03276336242975009
0.03848576467624087
0.03209161842436446
0.03222201527286273
0.032711442786069654
0.03247664977718088
0.032120436399097944
0.031748956030459345
0.03192465292642652
0.0323435523700536
0.03112995098688568
0.031088768355602592
0.031272679290096986
0.031205287184029432
0.03612911506128473
0.03666056786609744
0.034229980741753124
0.03510672188595094
0.03496681980602348
0.05231796752226296
0.05112119594233849
0.05312202852614897
0.058587585481325616
0.05089058524173028
0.051555093825076295
0.052899611687567634
0.051457975986277875
0.05137403113189418
0.05157240843794487
0.05086697805361828
0.050506471581316825
0.0503859649122807
0.05069725009774534
0.050389242745930644
0.05073720728534258
0.05015065282892534
0.0501900050190005
0.05080284285338247
0.05085776036741861
0.051358899257543764
0.2793766578249337
0.03488004051402165
0.03789004457652303
0.03495158083755531
0.03484390735146022
0.03450109685568038
0.034624486237389465
0.03520940679085745
0.03483102421338858
0.035127589117589765
0.03492063492063492
0.03477132662990594
0.034615879552181185
0.03501052228811938
0.03463559804976889
0.03546601441812564
0.034569611485422834
0.03571886623060151
0.034258902172515746
0.0336139896373057
0.21229997287767832
0.21027003098716246
0.029345521992580816
0.3148194741476915
0.4485690181063015
0.07877202814621084
0.4537950602953505
0.5098365710761641
0.5050713870405065
0.026755852842809364
0.2634363507323053
0.02304234981325568
0.07811503634740467
0.5512870514820593
0.4907532701849346
0.02422279792746114
0.027702615642314136
0.022873064213049958
0.02270133164235891
0.02345442957297642
0.022712853698769193
0.022707034728406055
0.022718691000629326
0.02284766098666156
0.021936161828451334
0.022298136645962734
0.02204502814258912
0.022392308178885444
0.021761236526337196
0.02190874477248611
0.021916867055994504
0.021659278024065864
0.02294853963838665
0.02208835341365462
0.021970381700618786
0.021836007130124777
0.022011958735790788
0.02159157023724869
0.021957671957671957
0.021584132745657247
0.022190314580341992
0.02193716304145752
0.021975094892455218
0.021996506437212914
0.022689019053389888
0.02220465177571325
0.022109875294910684
0.023278728907500924
0.02291895856252292
0.02307884231536926
0.0233303112722877
0.023468625498007968
0.023893482490272372
0.023912239615432023
0.023481988610915605
0.02404648575137541
0.02355637613802763
0.023435597759922083
0.023548775083876684
0.027109698314640437
0.023507659799260432
0.023335789732252518
0.022776218756118252
0.023777257607490453
0.023649086432551508
0.023082103716402375
0.023263408092024585
0.02339312142900017
0.023232450164332247
0.023611611191372957
0.023196988173453725
0.023199973449090257
0.023723437995559784
0.024130406879733026
0.023243998475803378
0.02307643271498693
0.023106466032865328
0.02322196912174133
0.20009013861955038
0.1932984643727131
0.38852669617399593
0.30198243435876215
0.20114686523341635
0.345532195158919
0.07183560764465838
0.14509979668980227
0.11952758238136478
0.3419045631855641
0.02208969841609348
0.06420490240398903
0.020807339653220257
0.020181185853934223
0.020325742560570785
0.02045820772804479
0.02154078384180053
0.02025965188933472
0.020345126922652675
0.020107515913795275
0.020076016393896997
0.020324522712596896
0.02018628484713912
0.020378245494613322
0.020515015729931505
0.020611687707419838
0.020097687430389123
0.02038472163587199
0.02021507904121248
0.0205031779720595
0.020128620049579635
0.020788421076421496
0.0202703233582134
0.40164376178927513
0.190371700246027
0.18835728818008796
0.017223517223517223
0.01715547146010722
0.01769176726065019
0.020131147540983607
0.01852084379708689
0.017733733211631242
0.01753567142285638
0.01927140021768359
0.017328852869473544
0.01752238613670038
0.018694697624908524
0.019346272997407852
0.018518518518518517
0.01753275523767327
0.017121201867767475
0.017164324114256106
0.01678753693258125
0.017773931567035016
0.017947388881689775
0.01770032930845225
0.01698821360374004
0.01705415564527356
0.017147775423728813
0.01754154576628858
0.01823384574432688
0.017469839804865186
0.01695701132675366
0.01713479371052278
0.02099012635503694
0.019589917722345567
0.020335928952957077
0.02176922108971939
0.019984627209838585
0.023129620837007394
0.020349210424958273
0.020766471587691147
0.019916540212443094
0.019915095517542763
0.019813519813519812
0.02023735165521549
0.02064404061998931
0.020186822142812363
0.01981910082468742
0.019667170953101363
0.019657832941965783
0.029753400832349834
0.020848263730536193
0.020292747837658016
0.020018560254540633
0.48143623158895
0.2048555505733137
0.2535130893787003
0.021439080781895888
0.023588324438294787
0.019971367215461704
0.019410443977692475
0.020708880923934688
0.01959600026843836
0.020213131660364387
0.020492357635601244
0.020681097476906107
0.019422787580358362
0.01957439896036387
0.04998183799491464
0.6585890848493264
0.6588547115854084
0.6561998464866373
0.050168550465992466
0.04633781763826607
0.04574324324324324
0.04712860960823936
0.04642563681183237
0.0471105934122824
0.4502153995509981
0.03156028368794326
0.03228410008071025
0.031725964722172054
0.037280840559529085
0.03143256286512573
0.03144693330005616
0.032177288093151374
0.03177236971484759
0.03129986498097459
0.030990968699740197
0.03124037217327007
0.031257572086261204
0.030580223008613207
0.03050327059137632
0.030542460659982736
0.030646602075173505
0.03657668155628925
0.037385727930140535
0.0344375
0.03553756185335133
0.035025706940874035
0.0528224742811923
0.05227837057915576
0.05362836372911618
0.059666975023126734
0.05122465104029497
0.05193615907901622
0.05296528756244396
0.051705381711140974
0.05169524300631687
0.05202086049543676
0.05146206363519258
0.05164219337447684
0.05071641367569868
0.05093200315043318
0.050940831365815266
0.050762161767923565
0.05086119554204661
0.05030993224736918
0.05097103466560615
0.05066394279877426
0.05153433328746388
0.30385852090032156
0.03441437983752319
0.0377461334060094
0.0348716619134042
0.034806704514733715
0.034524368170543676
0.03418803418803419
0.03452872950273297
0.03465184700882641
0.03430666492078041
0.03415559772296015
0.03411695370309738
0.03426305181717704
0.03468282619907169
0.03412073490813648
0.03499318314614036
0.03413641853664738
0.03514665977516475
0.033932394731719974
0.033320215138396954
0.22526387470207695
0.2300642779863807
0.0301796087333912
0.38163576327152654
0.5306922926063934
0.0834693109074934
0.4910731675647601
0.535552099533437
0.5488287586788657
0.027658113254666918
0.2958687333808937
0.02398112124497736
0.09363367988704915
0.5700714145318745
0.509316366941505
0.02496242566816964
0.028595458368376788
0.023083965472142295
0.023598443778302187
0.024451451000579112
0.023351033203249952
0.023325857097084266
0.02317922735908803
0.023207971713275474
0.02248905400026536
0.0224493635166489
0.022402159244264506
0.02246187224810159
0.022459674675015313
0.02239041311888994
0.022179096201829774
0.022712731925783748
0.02362094343590103
0.022569224933619927
0.022756005056890013
0.02220505889167793
0.02232675235192792
0.022138052635016
0.0223348223214881
0.02202470426769492
0.022701849049154437
0.022976272459775873
0.022701323124454297
0.022595180565532554
0.022751969573485464
0.022470416168062758
0.022347507132183128
0.023998511720203397
0.02344326852079744
0.02363887841066264
0.024063356685957965
0.024407034232430066
0.02472006363580738
0.024382677751582083
0.024491114701130856
0.025194401244167962
0.02414190573770492
0.02408754661612765
0.02428917506056356
0.027979211989364275
0.024629237288135594
0.024467099165894346
0.02340257691296345
0.02528892755063999
0.024508202078295536
0.023759565539372994
0.024359887121935035
0.024279940995914705
0.023925356334255653
0.02466332816378009
0.024395371381227143
0.0238844967680851
0.02490421455938697
0.025450071234296077
0.024553999616343757
0.024441878367975366
0.023711405566474355
0.024217704416544517
0.23172046321291456
0.2832689285726896
0.4635474648040627
0.3934529838217591
0.2811464460453694
0.4166270516908104
0.12599427117589787
0.1880102800868293
0.1502069873925861
0.409739360597561
0.0229904146928332
0.09167636538078633
0.02145706548956861
0.020752454368472582
0.02093307086938334
0.020822050961466172
0.022499754860994033
0.020791674177674573
0.020703111006690644
0.02060038661027059
0.020389835956488148
0.020576134950643286
0.020706484397952578
0.02066113457311501
0.02083866385487535
0.021035145491165048
0.020523594728949976
0.020756917180808392
0.02086209237302565
0.021130518149468563
0.02025604064767112
0.02170098387858053
0.020480081464215986
0.4288695886352925
0.24128293851477242
0.23121349346984316
0.018344461009917677
0.0178639060724656
0.018603759110088224
0.021707764952780692
0.019568363430441073
0.018518518518518517
0.01829960595738997
0.020326223337515683
0.01795142555438226
0.018603154168007726
0.01938449240607514
0.02086758568357152
0.019707317073170732
0.018632359465111856
0.017678966048349294
0.01797417429109078
0.01753329318075353
0.018702906350914962
0.01908595170085692
0.01842014487754398
0.017791249341064838
0.018029842497927603
0.01795891318754142
0.01843745854887916
0.019096413600372612
0.018341941464706663
0.01764744908113846
0.01806096414663623
0.02252003315833103
0.020496935345679826
0.021385975735142917
0.023516764093260766
0.020976329463082942
0.025719326818675354
0.02111777465867041
0.021764032073310423
0.020832014183499017
0.02090963574615436
0.020638629283489095
0.021214017521902377
0.021389298645567923
0.02112144832788534
0.020530595920543928
0.02065324975255691
0.02083613388896357
0.03172430952973376
0.02220774991859329
0.021508249281945092
0.02111834240935051
0.4993864194164167
0.23410404624277456
0.2993712489282652
0.022432527164388365
0.025315623356128355
0.02103305193876091
0.02040816326530612
0.021632055378061767
0.020826335236815586
0.021046178994687373
0.021653275228108403
0.021745133232086152
0.020454389457066374
0.020423108218063465
0.04989423006783865
0.6476741753260339
0.6479188527457153
0.6411027919669722
0.04947536193385576
0.04606159716544017
0.04480347566356663
0.045743495641916244
0.0459106529209622
0.04585962401613218
0.4700693515026159
0.03292668482766789
0.033592052157715
0.03287092882991556
0.038843550325805026
0.03272958373053702
0.032723412227565106
0.03305992110700645
0.033097508458935714
0.03264277371365341
0.032433770735330526
0.032566459014371184
0.032469105888054274
0.031837335295297975
0.031796927187708754
0.031671203771329925
0.03168820456420127
0.03867331735440824
0.039652697067067755
0.03644789579158317
0.03788024953373207
0.03716107425774457
0.05154639175257732
0.05115778136779752
0.05293816412751248
0.05862412761714855
0.05040628922507762
0.05103845901854157
0.05145313402194136
0.05078527291452111
0.051008533747090766
0.05123501277599424
0.05058793125726838
0.04999287850733514
0.04988275421018973
0.05009227524387029
0.04958381171067738
0.05004029599238039
0.05002375619357904
0.04991680532445923
0.04990006662225183
0.04967883012163455
0.05023082753393509
0.33168084678770016
0.035888233786208666
0.03905930470347648
0.035946016091357384
0.03636117869694512
0.03547195162915687
0.035228132089740356
0.035914552736982644
0.03592029365495543
0.03568149022694477
0.035842998492890375
0.03538895078314437
0.035237412883475545
0.03559912292015994
0.0351529924947078
0.03613674769270766
0.03484520321060008
0.0365214012821343
0.0347673511827398
0.03449408672798949
0.22923656282095173
0.2319425751458053
0.02996179368590388
0.40532261152594296
0.543046357615894
0.08267542474578413
0.4979134063641106
0.5361574132096754
0.552206743913553
0.027473909216647805
0.30144133568121045
0.02317519419657187
0.1004580940705852
0.5655158756353554
0.5036524915210018
0.024330900243309004
0.028692257644762523
0.0227496876849234
0.022807354731244796
0.023892773892773892
0.022876236987533737
0.022901748274304884
0.022822631913541003
0.02305102305102305
0.022011739594450373
0.02212948912493677
0.022175505221755053
0.022066842003977162
0.02227095182621805
0.021974542460895446
0.022225318748693653
0.02221220705639969
0.02331314269615439
0.022172666454284805
0.022297488004515947
0.021733505821474774
0.021695727405829895
0.02168342203824167
0.02220135488631028
0.02183205102913132
0.022617551749222933
0.022442161003593267
0.022114347357065803
0.022228067867946864
0.022421218128375144
0.022412524252358332
0.022508038585209004
0.023834778810756848
0.023451519089165273
0.023582221660238982
0.024069083782459578
0.024339491771233998
0.024584103512014788
0.02406483790523691
0.024364888571242933
0.02464964964964965
0.023597678916827854
0.023525064663135854
0.02447776496219403
0.02789907811741873
0.02440813604534845
0.02438720915764589
0.023366651221288146
0.025536963036963036
0.02422531512605042
0.023088381330685203
0.024277444067206406
0.024135234573670568
0.023658734279655425
0.024475225775713975
0.023833799138414068
0.023601469942197414
0.02441531739912619
0.025395585075210003
0.02427901599332006
0.024055204436992134
0.02359242491870178
0.023639750754801823
0.23295687522995673
0.30950182143399246
0.4801628468969201
0.4296924405516226
0.31369932809284046
0.4346408016682963
0.14117948489931026
0.20219885473374793
0.1608885102247229
0.4168432590802058
0.023374454447427077
0.11102518600639727
0.0213999457062272
0.020349419745586864
0.020546013317509902
0.020755961989977548
0.02233803154483316
0.020394232026994315
0.020294167814207356
0.02026543611834636
0.02017529989486825
0.020300420701356216
0.020405519454605572
0.02028093553106425
0.020548750299157245
0.020849750780577964
0.020323267605633803
0.020289836113364407
0.0205063077981997
0.020642581621351443
0.020268059462170272
0.021511292032935374
0.020483149698045537
0.42304571274005953
0.2693128752501668
0.2547405846721096
0.01783621924228616
0.017707539984767706
0.01789379168804515
0.021060945109911806
0.01900972590627763
0.018124713734214485
0.01799140708915145
0.01983513652756311
0.017584605175846053
0.017648199625056565
0.018864138069436084
0.020199453725465288
0.01928860991238394
0.0182648401826484
0.01722488038277512
0.017412286422329466
0.017210084033613446
0.0185582205547367
0.01892456277734273
0.018078940104885453
0.01726875744342993
0.017554902783606097
0.017236789564754426
0.018305265259934766
0.018654230512991338
0.018083544641665554
0.01726551563229118
0.01748796854876974
0.022102127069909237
0.020278330019880716
0.020627062706270627
0.023243279660446002
0.020312804205334545
0.02546296296296296
0.020769977353607246
0.02133837531231008
0.02034717365041012
0.020390426527610642
0.020289665970772443
0.020703653585926927
0.021320957761635728
0.021051304676667087
0.020186439541278252
0.020337860218615434
0.020674278764948314
0.031055493677520803
0.022480721474317084
0.021120107962213225
0.020509052040884494
0.4846369670841032
0.2416328109885858
0.3115177610333692
0.02198266751215388
0.024965325936199722
0.020986585893552574
0.02011661807580175
0.021740589143125544
0.020174482006543076
0.020619983393301965
0.02178649237472767
0.021155580217798432
0.019851116625310174
0.019921619856303068
0.05225740252125476
0.6684858662188637
0.6696673465081933
0.6621944366395055
0.0513282605793619
0.04742324561403509
0.04632914847161572
0.047493750822260226
0.04777685722176194
0.047176601452594384
0.456265641213453
0.03191868758915835
0.03293897882938979
0.031898120072771374
0.03765557531115062
0.03159708923783991
0.03165945708732995
0.032487118260650996
0.03199950675134102
0.03166471205481143
0.03121896722939424
0.03141263940520446
0.03155782561109084
0.031055067408947614
0.031122140988664566
0.03122081387591728
0.030829712393958205
0.03810886388762438
0.03941325656316403
0.035730011951940616
0.03660029641085121
0.03646237393328161
0.05306095377064403
0.053431504998649015
0.05462157809983897
0.06091302899033656
0.05222938401222672
0.0527596868627064
0.053130440389451285
0.05277113108711117
0.05253599688675574
0.05220593069892827
0.05263157894736842
0.05187093081491021
0.05193322870594949
0.05147595356550581
0.051588731176597735
0.051582045621780724
0.051568894952251025
0.051064138882835765
0.051837446351931334
0.051584579503361226
0.052213001383125866
0.3390808453539081
0.03547557840616967
0.038761279737489746
0.03550257312227217
0.03561736770691994
0.03504877228388833
0.035023391073460614
0.035458620458954974
0.03512803676953381
0.03522839303319093
0.03495630461922597
0.034751819552816206
0.03481157337861668
0.03469440496188138
0.034476104714735965
0.03542358533567754
0.03455102822838166
0.03561235080435911
0.03455470074325205
0.03344745851988412
0.2430079517411571
0.24041051956382295
0.03127301948704212
0.43601684103087524
0.5684693543100623
0.08518705763397372
0.5230027368695426
0.5580768507490754
0.5767250928520232
0.028495942630685035
0.3175037456843202
0.02388749759198613
0.10829789975518618
0.5846103038309115
0.5197732751319304
0.02492437195843746
0.02961468367612601
0.023656196609278486
0.023692130370749825
0.024511706118225327
0.023524874662553028
0.02347629796839729
0.023635554990787216
0.023807979240999026
0.022860570514529457
0.02281344792719919
0.02296039671217988
0.023119902382634384
0.02293798502850079
0.02300380228136882
0.022714604236343368
0.023121015006118375
0.02380449327417424
0.0228040002547933
0.023178573952370857
0.022675736961451247
0.0225684042340723
0.022280644101215906
0.022690655209452203
0.022242695446170045
0.023095758057044537
0.023252882979393787
0.022825499729875742
0.022709320695102685
0.02324468448759144
0.023013112122023012
0.022853232979815258
0.02433408015932288
0.024316297487934662
0.02429941933855087
0.024920401665442078
0.024836106908724155
0.025469086434943094
0.025222644329575886
0.025030882257330474
0.025820568927789934
0.024360378939227944
0.024301710348221976
0.024897330595482547
0.029199295817398167
0.02498001598721023
0.02502178513631271
0.023743386243386243
0.026868282929267684
0.02532476053011416
0.02484009190834006
0.024956649072162933
0.02513598949931429
0.024441482103304317
0.02546689144055484
0.02497264156069734
0.024370622795464602
0.02531320269836171
0.026302083333333334
0.02485708780268482
0.02528216704288939
0.024087172624737144
0.024631173829377805
0.24263722699858456
0.3347477706294543
0.5087251034820601
0.4696961323399416
0.34821484044643836
0.4646232631326497
0.1536178857621966
0.21865192985274512
0.17448034422103947
0.43858164789873505
0.02454751190222418
0.1321099377957575
0.022341685931010984
0.020956310446691696
0.021127795198895783
0.021476176025488448
0.02337034551595238
0.021123612680168786
0.020957441962284308
0.020996669549412914
0.02074844398340249
0.02105140902441801
0.021190185716062078
0.021398442957738673
0.021334344159319018
0.02147329300469446
0.021054644656203478
0.021058344529597425
0.021180263201788035
0.021484936850807754
0.020892583088455728
0.02231668625164899
0.021120181157836315
0.4428253390002024
0.31066409112102844
0.29308870914710333
0.018617367530269498
0.01817721198302616
0.018647869272669017
0.022736233407806544
0.019575650416771912
0.019024581589958157
0.01882242615044544
0.020557625594243865
0.018035939261322194
0.01854364540931705
0.019665551839464883
0.021434460016488046
0.02063875644961139
0.018940095008945647
0.01760611437150266
0.018227979949222057
0.017841572204708566
0.019645293315143246
0.019757433489827857
0.01902660967875362
0.018172206436265118
0.01826707726763718
0.018192683088772327
0.018671926364234058
0.0195790177079853
0.018426129182465244
0.017915417915417915
0.01814869788152746
0.02368421052631579
0.02106518282988871
0.021652460819356612
0.024688026981450253
0.021304150747911674
0.027471780225758195
0.021676393253382928
0.02225519287833828
0.020967024588601564
0.020954287620954287
0.020707169369017387
0.021420366240962226
0.02193661261018774
0.021550573792367227
0.020847298565491352
0.020975319261562892
0.02109105658081525
0.032597855896285215
0.022819406303125407
0.021590985763443763
0.021295060080106808
0.5003078185922429
0.263741935483871
0.33904871224621563
0.022859140160782943
0.026577412513255568
0.022066198595787363
0.02083940542116001
0.022390054805507285
0.020931802835921675
0.021676695842450765
0.022450506837199808
0.022385473698801027
0.020596541985258662
0.021264553686934022
0.05227322644410279
0.6672255991057081
0.668350522696976
0.6612654320987654
0.051220488195278115
0.04796442011631885
0.046830265848670755
0.04752501316482359
0.047254415011037526
0.04798326469242335
0.47267959507256985
0.03311179681936862
0.0341545352743561
0.03341404358353511
0.03951040081177067
0.0330420361038464
0.03292103948025987
0.03323509123973161
0.03342155474856897
0.03259797880207049
0.03251377964947049
0.03265508071000062
0.03257506824385805
0.03214788024914607
0.03248928188638799
0.03275080042689434
0.03232239873461248
0.039825883575883576
0.04094326725905673
0.0371976123154257
0.03870138219222115
0.03832258064516129
0.053025287965047
0.05250371170198408
0.05425709515859766
0.061295040553117935
0.051741293532338306
0.052686900538693994
0.053126408654774936
0.05252616617133997
0.0523041026638149
0.052562417871222074
0.052400051753137535
0.05158758473064574
0.05141351563056327
0.05111228813559322
0.05139817410682194
0.05187362233651727
0.05102179836512261
0.0509826673435347
0.05177950227455178
0.051766639276910435
0.0520826138012019
0.36315293484114164
0.036719153329891584
0.0404774972557629
0.036562234286088034
0.03698154328134577
0.036119362678908994
0.035764109067850346
0.03644784534836891
0.03653630548044582
0.036434312821188565
0.03651852341015651
0.03600342262884223
0.03600944510035419
0.03618442383762402
0.035889491350374385
0.03681702460996149
0.03544596416875361
0.037143042997463085
0.03510150622134905
0.034808454425363275
0.24463843827330217
0.23711141146939563
0.03075889858965749
0.4418857544936992
0.5629356832829147
0.08355008564359576
0.5201960784313725
0.5523983152071416
0.5680852454729686
0.028194777343257222
0.3181253676710896
0.023640814223138365
0.11022705220260043
0.5734094075499238
0.5116704805491991
0.024491682070240297
0.029250457038391225
0.023217465866367654
0.023506743737957612
0.02429360181877233
0.023204847234755705
0.023382343416024354
0.0230617315410588
0.023488841173791398
0.02262534306178459
0.022509669646820114
0.022680833673886392
0.02258210207110136
0.022202302971798937
0.022195370134825743
0.022424030736989172
0.022628822654684168
0.023801115898015396
0.022670509125840538
0.022909426200439748
0.022079355802324827
0.02221627408993576
0.02205202693780536
0.02272267547704133
0.02233234225305583
0.023106035455813027
0.023036516676159736
0.02275960170697013
0.02252906976744186
0.02275219298245614
0.022486239763726674
0.022527472527472527
0.024047470331043097
0.023709036742800397
0.0238471756594345
0.024188102400392902
0.025018953752843062
0.024842417500926955
0.024551758605610045
0.024775068457426
0.02549166979832143
0.023818770226537216
0.023772769373263353
0.024591219260975922
0.02861840102295561
0.024961520444355217
0.02450277448718748
0.023504415377464977
0.02597971704019031
0.024848803576124113
0.023977081646633865
0.024804149157283156
0.024366577557521286
0.023872636064337625
0.02489032082138838
0.024496360560174936
0.024048216551553505
0.024951644100580272
0.025966381058277192
0.02456954923582898
0.02509727626459144
0.023908457457009525
0.024168600154679042
0.23750555380603044
0.336006168768548
0.5038611691763915
0.47359918177681115
0.35802316213039737
0.463836609962007
0.15450577549548827
0.21970680624626493
0.1774548070808709
0.4346263039477575
0.024707363978565523
0.14374757141943748
0.02206058272071232
0.02063998810592208
0.02066782366187587
0.020928921383445365
0.02295294827334099
0.020604150844352364
0.020552164865416923
0.02036183402875095
0.020256611095287442
0.02093016411484313
0.02062603393117011
0.020589212985963154
0.020729792423692724
0.02126882102582895
0.020571508431387497
0.02093099290679551
0.02072001242174907
0.020984096018838695
0.02052515041136012
0.02210606350617099
0.02047752935441617
0.4305199189736664
0.3242234368750833
0.30587693925848014
0.018238665971860343
0.01756945325383737
0.018363939899833055
0.02243421052631579
0.018963337547408345
0.018286311389759665
0.01832952866926279
0.020079804350624276
0.017448417700524115
0.01810657009829281
0.019366079206593848
0.02060483104038547
0.01987577639751553
0.01830779988557625
0.017236662106703146
0.01753246753246753
0.017137844949733486
0.019265868992090852
0.019383892442239918
0.0185595567867036
0.017543859649122806
0.017829887609268767
0.01764196791159044
0.018302719073013365
0.018999197217019
0.017987521571750962
0.01744921744921745
0.017633943652455915
0.023100936524453695
0.020169851380042462
0.020961180445425085
0.024050803945412782
0.020583856560295165
0.02734028772073362
0.02129165058535958
0.02194018767298994
0.020547508136047478
0.02070913084405397
0.020190799790904337
0.02110246871829557
0.021321098441400715
0.02094906632755505
0.020441097364174286
0.020614495798319327
0.020800867267430044
0.03199200199950013
0.02234014675052411
0.021679307336062822
0.020859798087851843
0.4853203457264371
0.2672263480787859
0.34207501077741054
0.02257636122177955
0.026095617529880478
0.021399652978600348
0.020084721004966402
0.02223869532987398
0.020507211702782146
0.020964942728219367
0.022235948116121063
0.021468769540748976
0.020098073071344705
0.020442930153321975
0.05122739967661326
0.6527680448493343
0.6528628776674413
0.6459316660796055
0.0502946691668899
0.0465834248079034
0.04572170585019136
0.04676971858898137
0.046847968998685215
0.04678362573099415
0.4566399804436839
0.032490330258851535
0.032758298561375104
0.03218558328778769
0.03819996186359881
0.032101291725284566
0.03173010597604565
0.03238586341340712
0.03227000678719072
0.031593916161741065
0.031508296563296255
0.03155867552960179
0.031671732522796356
0.03128566633098355
0.031608616871350914
0.03146923231108439
0.03093138605676495
0.03897709526288391
0.04024131075615274
0.036497730711043876
0.03807679896740884
0.037622223661205725
0.05249867091972355
0.05179175118323191
0.05353913717385689
0.06001865174527045
0.050492283129324106
0.05190950465008905
0.05260779757294087
0.051380069975379035
0.05140703191005394
0.051679757111741796
0.05174652642513959
0.05043279204521067
0.050275334334549095
0.05047486219034336
0.0506210283073368
0.05050430685415593
0.0501877773984295
0.05007267441860465
0.05020471172561917
0.050786887499140954
0.050999167360532886
0.37446294307196565
0.036521739130434785
0.040768862439291335
0.03676134508651649
0.036687915366879154
0.03577432586914128
0.035506329113924054
0.036537945829981225
0.03663438097120643
0.036249014972419225
0.03681710213776722
0.0363528793058112
0.03587561374795417
0.036393018745959925
0.03591231463571889
0.03694533133511436
0.0358425237240318
0.037116345467523196
0.03543410041841004
0.034912882787750794
0.25893653516295023
0.24517870917973772
0.0319206008583691
0.4657884639979537
0.5826492414789518
0.0859567998986508
0.5413700777117482
0.5721740223814913
0.5862902698817225
0.029330137504730666
0.3318532062165339
0.024156145323370265
0.11664837647666387
0.5893754961630061
0.528631193620081
0.02532313373780005
0.030113414157215485
0.02418292040063258
0.024005134788189986
0.02512497565409336
0.023872337687407503
0.02408858382438645
0.02367767805995799
0.024177823995840373
0.023330436526505783
0.023024229354306737
0.023209910155186496
0.023123993558776167
0.023478380611401818
0.0230235960058513
0.023022185014650483
0.023188218576411318
0.02421119503070516
0.02310104306648749
0.02382133995037221
0.02238515442512328
0.022707540239097043
0.022811181434599155
0.023000874302239557
0.022988505747126436
0.02315244792357702
0.02360012654223347
0.023202326997226543
0.02296878093855191
0.023119015047879617
0.023346303501945526
0.02290181020296215
0.024680585852290434
0.02486667493488776
0.02418845522293798
0.02508894614157772
0.025542381432896066
0.02564260998517054
0.025554724507604088
0.025115492224607978
0.026026026026026026
0.024550975578240083
0.024444307616526075
0.025306699209968527
0.029811778992106863
0.02565644417718982
0.02519174409178774
0.02423841059602649
0.026641651031894933
0.025758969641214352
0.02433559469720545
0.025168036370334476
0.02539682327981087
0.02484919889079714
0.02589765031969707
0.025403662330487478
0.02474679307260845
0.02546296296296296
0.026937124967388468
0.025035397091002703
0.025808538163001292
0.02465350961231398
0.024843920962862844
0.2462819397330644
0.35400183000841673
0.5238133764334414
0.49928939017750507
0.38460156122638545
0.4872237684627039
0.16327954013327917
0.23286697928820202
0.18941842543194237
0.45484615224989244
0.026105252887671203
0.16217615151828985
0.02278685291351618
0.021272569549089102
0.021408937641901736
0.02148248285130653
0.023465151948825664
0.021543661274703172
0.02124224023314344
0.021348188733384673
0.020880842750497702
0.021265567962299236
0.02123349770704841
0.021168489295001147
0.02161105667294401
0.02201874716387494
0.021355961926203804
0.02161411328987102
0.021561746643333775
0.021617041565795234
0.021150853442230978
0.02282145920471231
0.02106999460352909
