1.5185139398778875
1.7853298350107671
4.913639040158131
2.4899584794248346
1.4313637641589874
1.146128035678238
1.0
1.5185139398778875
2.367355921026019
2.2278867046136734
2.5010592622177517
0.8450980400142568
1.0
2.2041199826559246
1.0
1.414973347970818
3.212986184736668
2.406540180433955
1.0791812460476249
1.0413926851582251
1.146128035678238
1.146128035678238
1.9777236052888478
3.4169731726030363
0.47712125471966244
1.2787536009528289
1.8976270912904414
1.0413926851582251
3.089198366805149
1.146128035678238
1.414973347970818
1.0413926851582251
2.285557309007774
2.2624510897304293
1.0
1.806179973983887
0.7781512503836436
2.606381365110605
2.110589710299249
1.0
0.9030899869919435
1.505149978319906
4.218929185088087
2.037426497940624
1.6334684555795864
3.5958267770732233
1.3010299956639813
0.6020599913279624
1.380211241711606
1.146128035678238
1.4471580313422192
1.146128035678238
2.1367205671564067
2.1367205671564067
0.6020599913279624
1.0413926851582251
2.4345689040341987
2.484299839346786
2.225309281725863
2.184691430817599
2.837588438235511
1.6127838567197355
1.3424226808222062
1.255272505103306
3.3823773034681137
1.568201724066995
0.9542425094393249
3.8706964579892498
1.7781512503836436
1.6127838567197355
1.5563025007672873
2.0755469613925306
2.3201462861110542
1.146128035678238
1.0791812460476249
1.1760912590556813
1.0791812460476249
3.3506356082589543
0.9030899869919435
1.146128035678238
3.4204508591060683
1.9084850188786497
0.9030899869919435
2.419955748489758
1.4913616938342726
0.9542425094393249
2.7024305364455254
1.6232492903979006
2.5024271199844326
2.9978230807457256
1.845098040014257
4.194375567482212
1.146128035678238
3.4080702858871854
3.505149978319906
1.2304489213782739
1.5314789170422551
1.5563025007672873
1.462397997898956
2.6334684555795866
1.7634279935629373
1.662757831681574
1.7558748556724915
1.0413926851582251
1.7481880270062005
1.380211241711606
1.1139433523068367
1.7781512503836436
1.3010299956639813
2.803457115648414
2.8627275283179747
4.909652290747982
2.322219294733919
4.3440777384681
3.62879748556671
1.3617278360175928
2.123851640967086
2.4424797690644486
1.1139433523068367
1.9493900066449128
0.9542425094393249
1.6720978579357175
1.591064607026499
3.5939502952639875
1.146128035678238
2.0253058652647704
1.6989700043360187
3.0086001717619175
2.1522883443830563
2.5550944485783194
3.573683693093798
1.3010299956639813
3.61066016308988
1.6901960800285136
1.6532125137753437
1.0
1.7160033436347992
2.513217600067939
1.591064607026499
0.7781512503836436
3.902438056198665
2.419955748489758
3.15259407792747
2.0086001717619175
4.160528553851758
3.7582304084577496
1.4313637641589874
2.0569048513364727
1.380211241711606
2.0827853703164503
1.7481880270062005
1.5563025007672873
4.667041813025268
1.0791812460476249
1.0413926851582251
2.754348335711019
1.5440680443502757
2.2671717284030137
2.1789769472931693
2.0043213737826426
2.292256071356476
1.5797835966168101
1.6020599913279623
1.7075701760979363
2.374748346010104
2.424881636631067
1.2041199826559248
2.3979400086720375
2.622214022966295
0.9542425094393249
1.0791812460476249
2.5211380837040362
2.1367205671564067
1.5185139398778875
1.2787536009528289
1.0413926851582251
2.4983105537896004
3.4077307280263356
1.4471580313422192
2.8195439355418688
1.0
1.1760912590556813
2.400537989391946
1.130333768495006
2.6762362167633116
0.6989700043360189
1.3222192947339193
1.3010299956639813
1.6127838567197355
3.1197506238845842
1.4313637641589874
1.4313637641589874
0.8450980400142568
0.9030899869919435
1.6384892569546374
3.9731278535996988
0.6020599913279624
3.222456336679247
2.4885507165004443
1.5378190950732742
1.5563025007672873
2.515211304327802
0.47712125471966244
0.7781512503836436
1.4065401804339552
1.0969100130080565
1.8920946026904804
2.8555191556678
1.2787536009528289
1.4471580313422192
4.108023509346088
2.5792117802314993
0.6989700043360189
2.5993371329924893
2.6915235221681546
1.6334684555795864
1.414973347970818
1.1760912590556813
1.0
1.021189299069938
2.146128035678238
1.1760912590556813
1.7160033436347992
3.131297796597623
1.0
0.9030899869919435
2.0211892990699383
1.146128035678238
1.1613680022349748
3.502700175310563
4.338416648246358
0.9030899869919435
0.6020599913279624
4.083000669576533
2.6364878963533656
1.414973347970818
2.060697840353612
1.3424226808222062
1.2304489213782739
2.1583624920952498
3.491081413423187
0.7781512503836436
2.9903388547876015
1.0413926851582251
0.47712125471966244
1.6812412373755872
1.8325089127062364
2.1818435879447726
1.3010299956639813
2.94546858513182
0.9542425094393249
2.9390197764486663
3.0806264869218056
2.3242824552976926
1.7160033436347992
2.146128035678238
2.53655844257153
1.0
2.164352855784437
2.655138434811382
2.3979400086720375
3.205745540942662
1.255272505103306
2.745855195173729
0.7781512503836436
1.414973347970818
0.7781512503836436
2.591064607026499
0.47712125471966244
2.7101173651118162
1.6720978579357175
1.3424226808222062
1.9493900066449128
1.1139433523068367
2.9425041061680806
0.47712125471966244
2.230448921378274
1.1139433523068367
1.146128035678238
3.0310042813635367
1.1139433523068367
1.8808135922807914
1.6812412373755872
2.167317334748176
2.0086001717619175
0.9542425094393249
1.0791812460476249
1.7853298350107671
0.7781512503836436
1.0413926851582251
1.9912260756924949
1.2304489213782739
0.9030899869919435
2.225309281725863
2.4099331233312946
2.110589710299249
1.5185139398778875
2.9132839017604186
0.7781512503836436
1.9493900066449128
1.0
0.6020599913279624
1.968482948553935
2.1583624920952498
1.792391689498254
1.9444826721501687
1.591064607026499
1.806179973983887
2.164352855784437
2.100370545117563
2.6646419755561257
1.1139433523068367
0.8450980400142568
1.1139433523068367
2.5854607295085006
0.47712125471966244
1.8129133566428555
2.5185139398778875
1.7481880270062005
0.9030899869919435
2.5024271199844326
0.8450980400142568
0.9542425094393249
1.3222192947339193
0.6989700043360189
1.8573324964312685
2.0681858617461617
1.3617278360175928
2.3344537511509307
1.1139433523068367
1.9294189257142926
1.6720978579357175
1.0791812460476249
1.919078092376074
0.6989700043360189
1.5563025007672873
1.9777236052888478
2.858537197569639
1.380211241711606
0.6989700043360189
1.380211241711606
1.146128035678238
3.245018870737753
2.7101173651118162
1.146128035678238
2.8943160626844384
2.661812685537261
1.8920946026904804
1.968482948553935
2.3180633349627615
0.8450980400142568
0.6989700043360189
1.7481880270062005
2.03342375548695
2.376576957056512
2.03342375548695
1.7403626894942439
1.591064607026499
1.5440680443502757
0.7781512503836436
2.0969100130080562
1.2787536009528289
1.4771212547196624
2.167317334748176
1.968482948553935
1.0
0.6989700043360189
0.6020599913279624
1.505149978319906
3.090258052931316
1.724275869600789
1.1760912590556813
0.47712125471966244
1.3424226808222062
1.3979400086720377
2.745855195173729
0.9542425094393249
1.0
1.8573324964312685
2.53655844257153
1.4313637641589874
1.5440680443502757
2.4578818967339924
2.0681858617461617
0.9030899869919435
1.4771212547196624
1.6901960800285136
1.6434526764861874
0.47712125471966244
2.747411807886423
1.7160033436347992
0.6989700043360189
0.8450980400142568
1.4313637641589874
1.1760912590556813
2.9434945159061026
0.6020599913279624
1.0
1.3424226808222062
1.0
1.9867717342662448
2.9556877503135057
1.2041199826559248
1.591064607026499
1.3617278360175928
0.6989700043360189
3.386320573894046
2.123851640967086
1.4771212547196624
1.4913616938342726
0.47712125471966244
1.954242509439325
0.7781512503836436
1.5797835966168101
0.6989700043360189
2.0969100130080562
2.494154594018443
2.0863598306747484
1.3979400086720377
1.9344984512435677
1.591064607026499
0.7781512503836436
0.6989700043360189
1.9777236052888478
1.0413926851582251
1.0791812460476249
2.399673721481038
0.7781512503836436
1.662757831681574
2.7315887651867388
1.1760912590556813
1.0791812460476249
1.2041199826559248
2.4927603890268375
3.224014811372864
1.146128035678238
2.7831886910752575
1.0791812460476249
1.0
1.3979400086720377
1.1760912590556813
1.8920946026904804
0.47712125471966244
1.1139433523068367
1.9444826721501687
2.603144372620182
0.8450980400142568
2.367355921026019
2.9614210940664485
1.919078092376074
1.505149978319906
1.6020599913279623
2.69196510276736
1.2041199826559248
1.99563519459755
3.020775488193558
1.0791812460476249
2.4578818967339924
1.7781512503836436
2.167317334748176
2.9703468762300935
1.1760912590556813
1.8808135922807914
2.187520720836463
1.0791812460476249
0.7781512503836436
2.225309281725863
1.3010299956639813
0.7781512503836436
2.0827853703164503
0.6020599913279624
0.8450980400142568
3.09795107099415
1.6812412373755872
2.509202522331103
1.380211241711606
3.640978057358332
1.6532125137753437
0.6989700043360189
1.4471580313422192
1.9294189257142926
3.228913405994688
2.9552065375419416
1.4913616938342726
0.9030899869919435
0.47712125471966244
2.155336037465062
1.505149978319906
2.24551266781415
1.3010299956639813
0.9030899869919435
0.7781512503836436
1.5314789170422551
1.5185139398778875
2.0211892990699383
2.3483048630481607
0.9030899869919435
2.439332693830263
2.374748346010104
1.255272505103306
2.2227164711475833
2.3242824552976926
1.255272505103306
2.305351369446624
0.6020599913279624
2.0827853703164503
1.6334684555795864
2.2013971243204513
2.1072099696478683
1.5797835966168101
1.6020599913279623
2.0718820073061255
0.6989700043360189
0.7781512503836436
0.6989700043360189
1.380211241711606
1.4471580313422192
2.534026106056135
1.6812412373755872
1.6532125137753437
3.305351369446624
0.47712125471966244
2.4913616938342726
2.3560258571931225
2.03342375548695
1.1760912590556813
1.6434526764861874
1.0791812460476249
1.724275869600789
0.47712125471966244
1.8573324964312685
1.0
1.7323937598229686
0.6020599913279624
1.5314789170422551
1.380211241711606
2.9951962915971793
1.255272505103306
1.4313637641589874
0.6020599913279624
1.462397997898956
1.7993405494535817
2.130333768495006
2.9410142437055695
0.8450980400142568
1.7634279935629373
2.2121876044039577
0.6020599913279624
0.8450980400142568
1.255272505103306
1.2787536009528289
1.662757831681574
2.0755469613925306
1.6434526764861874
1.7558748556724915
1.0
0.6020599913279624
0.6020599913279624
1.7481880270062005
0.8450980400142568
0.9542425094393249
1.0791812460476249
1.0
3.089551882886454
0.6020599913279624
1.8976270912904414
1.9395192526186185
3.2427898094786767
0.6020599913279624
2.3909351071033793
1.7403626894942439
2.041392685158225
2.123851640967086
1.3617278360175928
1.4313637641589874
2.9439888750737717
2.4885507165004443
2.802089257881733
1.568201724066995
3.0791812460476247
0.6989700043360189
0.9030899869919435
1.1139433523068367
1.4771212547196624
2.5390760987927767
3.0453229787866576
2.4216039268698313
1.0
1.2041199826559248
2.330413773349191
1.1139433523068367
1.8692317197309762
1.591064607026499
3.15259407792747
1.380211241711606
1.2041199826559248
2.0681858617461617
0.7781512503836436
1.8195439355418688
0.47712125471966244
2.5010592622177517
1.8129133566428555
2.7363965022766426
1.3979400086720377
1.255272505103306
0.6989700043360189
3.0064660422492318
0.47712125471966244
1.1139433523068367
1.968482948553935
2.0644579892269186
1.1139433523068367
1.8808135922807914
1.6901960800285136
0.9030899869919435
2.887617300335736
2.75815462196739
1.591064607026499
2.6857417386022635
2.8175653695597807
1.2304489213782739
0.6989700043360189
1.1760912590556813
1.968482948553935
2.342422680822206
0.47712125471966244
0.9542425094393249
3.988677843968376
4.321867580630788
4.244178125022544
2.3891660843645326
1.6384892569546374
4.470777883335124
3.4807253789884878
0.47712125471966244
1.6532125137753437
0.8450980400142568
3.4959603948817053
3.2229764498933915
3.8524189929370016
4.394626764272209
4.396373727536506
1.8129133566428555
0.6020599913279624
4.158045703525655
3.14674801363064
0.6020599913279624
1.6532125137753437
1.7958800173440752
3.3297028971532154
4.127817234480274
0.8450980400142568
1.3891660843645324
0.6020599913279624
3.5553363279952666
1.2787536009528289
0.7781512503836436
1.5118833609788744
0.6020599913279624
3.4514794051248616
1.8603380065709938
1.6334684555795864
3.329397879361043
3.8797264966395772
3.315025199312605
2.45408227073109
1.0
3.877025615867249
1.3222192947339193
1.4913616938342726
2.4479328655921804
2.69284691927723
1.6384892569546374
1.2041199826559248
0.8129133566428556
1.0969100130080565
1.2304489213782739
3.7643629658980102
2.66133934000604
0.8450980400142568
3.933461978575007
1.2041199826559248
1.255272505103306
0.6989700043360189
0.6020599913279624
3.7543101038802003
0.7403626894942439
0.6989700043360189
1.4548448600085102
3.249198357391113
2.1775364999298623
2.787814567063023
1.0
2.6570558528571038
1.146128035678238
0.6989700043360189
2.5921767573958667
4.209515014542631
3.5277587525209717
2.5634810853944106
2.4608978427565478
3.742332282357148
2.0718820073061255
1.7853298350107671
2.0718820073061255
1.7781512503836436
0.6989700043360189
1.290034611362518
1.0
3.453471233722936
1.021189299069938
0.8129133566428556
1.6872316010945207
1.8994557023186018
3.4111144185509046
3.3204232595728427
1.423245873936808
1.1139433523068367
1.7187783976619093
1.3010299956639813
0.8129133566428556
1.0
1.662757831681574
1.4471580313422192
3.9600900679049196
1.0
1.9777236052888478
1.255272505103306
0.7781512503836436
0.9542425094393249
2.147160841012848
1.4913616938342726
1.0413926851582251
1.2430380486862944
2.0360963454814955
1.3979400086720377
0.9542425094393249
0.9030899869919435
0.6989700043360189
1.414973347970818
1.380211241711606
2.797959643737196
1.9637878273455553
1.1139433523068367
1.1139433523068367
1.9242792860618816
1.9370161074648142
1.0413926851582251
0.8450980400142568
2.877371345869774
1.7970365945671183
0.7781512503836436
0.9542425094393249
0.6989700043360189
0.9542425094393249
0.7781512503836436
1.8388490907372552
1.505149978319906
1.3617278360175928
4.293274139710753
2.367355921026019
2.4533183400470375
2.8721562727482928
3.745777217889759
4.231112629056352
2.3729120029701067
0.9030899869919435
1.5250448070368452
1.290034611362518
0.7781512503836436
0.8750612633917001
1.2671717284030137
1.6334684555795864
1.1613680022349748
2.1789769472931693
2.0211892990699383
1.2787536009528289
1.2041199826559248
0.6989700043360189
0.6989700043360189
0.6020599913279624
0.6989700043360189
4.0957619594775005
1.146128035678238
1.0
0.6020599913279624
1.724275869600789
1.4313637641589874
1.9708116108725178
0.6020599913279624
0.9030899869919435
1.2671717284030137
0.6989700043360189
1.2304489213782739
2.428134794028789
1.6020599913279623
2.1172712956557644
2.525044807036845
1.3222192947339193
1.3222192947339193
4.667350204407376
3.2823955047425257
1.5314789170422551
3.4762517960070336
3.9304905653062696
2.92272545799326
2.307496037913213
3.4740705032150436
1.7993405494535817
3.232487866352986
2.2695129442179165
2.1760912590556813
1.0
1.6720978579357175
1.146128035678238
1.0413926851582251
0.6020599913279624
0.6989700043360189
1.7558748556724915
2.0293837776852097
1.146128035678238
1.0
0.6020599913279624
0.9542425094393249
1.380211241711606
1.0
1.505149978319906
0.7781512503836436
1.0413926851582251
1.462397997898956
2.285557309007774
1.1760912590556813
2.751279103983342
1.4913616938342726
1.3010299956639813
0.47712125471966244
1.255272505103306
0.8450980400142568
2.1789769472931693
0.6020599913279624
2.0
0.8450980400142568
1.0
0.6020599913279624
1.6989700043360187
1.6127838567197355
1.2304489213782739
1.8573324964312685
1.6127838567197355
0.9542425094393249
1.6232492903979006
1.9030899869919435
0.6020599913279624
0.6020599913279624
1.8325089127062364
1.8195439355418688
0.8450980400142568
1.380211241711606
0.6020599913279624
1.2041199826559248
3.5294945184332773
1.0413926851582251
1.2671717284030137
3.566201718854913
4.035189508908448
1.9395192526186185
2.4578818967339924
3.96240090811008
0.8450980400142568
0.9030899869919435
2.315970345456918
0.9030899869919435
1.1760912590556813
3.9696954111184732
1.2671717284030137
2.0681858617461617
3.769709567185217
4.47822007615359
3.9676883504533125
1.7708520116421442
4.542750756732575
4.4412944260884215
1.2787536009528289
2.387389826338729
2.0211892990699383
1.0
3.970021265828366
4.083466785473887
1.6532125137753437
1.3424226808222062
1.3617278360175928
1.8195439355418688
1.255272505103306
2.305351369446624
1.1139433523068367
2.0086001717619175
1.0
0.47712125471966244
1.0
1.1139433523068367
2.8444771757456815
0.9030899869919435
3.064832219738574
0.7781512503836436
2.225309281725863
1.3979400086720377
1.3010299956639813
2.0791812460476247
3.1386184338994925
1.3222192947339193
1.5965970956264601
2.815577748324267
1.0969100130080565
3.7080382805282373
2.6603910984024672
2.710963118995276
2.1414497734004674
1.146128035678238
1.3324384599156054
1.6720978579357175
2.449478399187365
1.7442929831226763
1.146128035678238
1.7558748556724915
1.1903316981702914
1.3617278360175928
0.9542425094393249
0.9542425094393249
0.8129133566428556
3.465680211598278
3.640878778701618
0.47712125471966244
2.386498965550653
1.8543060418010806
1.8228216453031045
0.7781512503836436
0.47712125471966244
1.5185139398778875
2.161368002234975
1.2787536009528289
2.9843022319799033
2.5024271199844326
1.2041199826559248
2.5327543789924976
3.17507672117621
3.639386869017684
0.9542425094393249
1.380211241711606
4.087266629987923
4.531421433086069
1.8893017025063104
2.0064660422492318
3.8394780473741985
1.0413926851582251
1.5250448070368452
0.9542425094393249
0.9294189257142927
1.1903316981702914
1.0791812460476249
0.6989700043360189
4.460040429961608
3.709269960975831
2.3502480183341627
1.8779469516291882
1.2041199826559248
1.2041199826559248
1.6989700043360187
4.535547279176668
1.0791812460476249
1.2041199826559248
1.3010299956639813
0.47712125471966244
1.6532125137753437
0.47712125471966244
1.380211241711606
4.2079035303860515
2.3283796034387376
0.7781512503836436
1.0413926851582251
1.0413926851582251
1.0
1.6532125137753437
1.5314789170422551
1.4471580313422192
1.2041199826559248
0.47712125471966244
1.2787536009528289
1.8750612633917
1.792391689498254
1.0
0.6989700043360189
1.0
2.0969100130080562
1.3424226808222062
1.3617278360175928
3.268343913951065
1.505149978319906
1.146128035678238
1.3617278360175928
0.7781512503836436
2.2405492482826
0.8450980400142568
2.0043213737826426
0.9030899869919435
3.0056094453602804
1.2041199826559248
1.4471580313422192
2.255272505103306
2.57978359661681
3.0224283711854865
3.350829273582968
0.6020599913279624
1.1139433523068367
0.47712125471966244
1.8195439355418688
1.1760912590556813
0.47712125471966244
0.6020599913279624
1.4313637641589874
0.9030899869919435
1.8750612633917
1.662757831681574
1.9138138523837167
3.3068537486930087
3.330413773349191
1.255272505103306
3.9370161074648142
2.287801729930226
1.3617278360175928
0.9542425094393249
1.8260748027008264
4.712413973991965
1.7481880270062005
1.5185139398778875
2.6522463410033232
0.7781512503836436
0.6020599913279624
2.0492180226701815
2.41161970596323
1.0791812460476249
0.6020599913279624
1.505149978319906
1.7323937598229686
3.4239009185284166
1.0791812460476249
2.0569048513364727
1.6232492903979006
4.2374431953754605
1.6127838567197355
4.2396997966866605
2.0293837776852097
3.7238659644435037
1.4313637641589874
2.5854607295085006
4.0535585922132595
