0.35334364425689696
0.1291940890939941
0.11037690235485842
0.06208523109259034
0.10703998784375762
0.014236438653717043
0.384809384868782
0.2852279436442261
0.35296679575579837
0.3646062444989624
0.3842426938251038
0.03804920501309206
0.11245569255902099
0.08745456072644042
0.11645797784469603
0.1398163175086059
0.16754230661624148
0.2519691926756592
0.4454341655117798
0.34827391054754636
0.2384024406752625
0.40479141719763184
0.04361754058245848
0.09611384434967041
0.14807076856964108
0.0630583107004089
0.172889551927063
0.10374861563116455
0.025921933518066376
