0.18145126474508666
0.07192952312802126
0.028536939965728814
0.0713276696708679
0.0797220960914154
0.15342919950375367
0.05184387063543705
0.18709400972842405
0.2780434690660095
0.025481595080535935
0.0022087120522765735
0.030323375540313724
0.016960673939910853
0.14861759011526487
0.05906440373312383
0.12102066085476682
0.03182275130044554
0.04829943422882077
0.030027526023895246
0.027072748716094996
0.09021291130999753
0.19918195150451662
0.03415077532150268
0.05191027356594846
0.05004508600823976
0.10433776275445561
0.1040097567500915
0.10841819686273191
0.08057642729391479
0.14117413346737673
0.28927879659808353
0.12721956943630985
0.20803774910873413
0.013725130421966547
0.13461591364532471
0.013703156506927439
0.007319638876068124
0.0443447376830749
