0.220669342
0.798480907
0.840837955
0.815482146
0.715436242
0.160476974
0.620089707
0.541213206
0.900151346
0.90880619
0.202121373
0.729485643
0.690911911
0.530163232
0.866113208
0.795111395
0.828748517
0.733167966
0.914675094
0.110592938
0.817289382
0.905128205
0.151414531
0.638340582
0.60479798
0.713410992
0.847771318
0.629634186
0.908380431
0.094355818
0.539054022
0.579611363
0.564422421
0.778977273
0.035544194
0.82737839
0.797659001
0.917940715
0.811194207
0.753877915
0.830063796
0.540778347
0.819199457
0.780415264
0.748086124
0.929183012
0.643120085
0.446666667
0.910686549
0.712765957
0.286898733
0.927863342
0.908469945
0.215997626
0.918635067
0.91281413
0.705570986
0.321898197
0.946107653
0.390146482
0.502645503
0.695098939
0.628871091
0.753936122
0.468564128
0.836988074
0.734651456
0.915743155
0.819618706
0.859525604
0.889636364
0.763728395
0.947241723
0.273188667
0.921123373
0.942307692
0.391666667
0.743065434
0.228576867
0.727299881
0.319846491
0.840461628
0.843671158
0.113670123
0.809021178
0.952659284
0.912086288
0.105744077
0.926468847
0.325829971
0.921245059
0.796753813
0.706730769
0.745399516
0.690515741
0.901556747
0.844754927
0.771509463
0.847196329
0.348146782
0.695546302
0.905982906
0.395409301
0.506833036
0.741161616
0.907011955
0.337014754
0.76836311
0.929575631
0.468828829
0.78060363
0.871240602
0.268736363
0.918539794
0.937288136
0.795833333
0.932377579
0.491961019
0.440913972
0.521613428
0.284908139
0.493732194
0.850885226
0.931234015
0.82616736
0.845386221
0.370304452
0.88533805
0.804433761
0.78477098
0.744517794
0.834827064
0.431475731
0.78191032
0.886613444
0.736320755
0.787563667
0.866979656
0.928762542
0.459577263
0.940990516
0.114941031
0.540415972
0.60701491
0.711848624
0.493769922
0.302553283
0.114067231
0.602857143
0.908072917
0.674419179
0.729094475
0.805161943
0.574415205
0.647107951
0.743292054
0.891276002
0.772812543
0.510966811
0.704809198
0.425511804
0.455699562
0.828596579
0.381226681
0.496816638
0.868390258
