0.14487862957128905
0.13624114670132448
0.07348068987036138
0.05882064824371336
0.14618583477130126
0.06284074907192994
0.021466683392120323
0.1540147431802673
0.16007520782409668
0.04085152002032466
0.059007761527130165
0.023296307248535153
0.07045196832391354
0.2311891562201538
0.09052826519857793
0.18084429309506223
0.06727622912634279
0.05717152599899289
0.020054894092590314
0.09401778263308713
0.16491290921191404
0.2126601114089966
0.09908812845565795
0.09844665957897947
0.0012192596376647824
0.07509947912026982
0.064013549989685
0.18428579015115354
0.16129858048071288
0.10014712398022463
0.3377703937736817
0.0014192941272277437
0.33837880211776733
0.1340735243390503
0.12423045994430543
0.12181360622653203
0.05267511829937743
0.057865872536437934
