0.07016740946102906
0.022815802610809288
0.06314998817642214
0.04232805326071165
0.06165216170178223
0.10789129997346497
0.16910642661358644
0.018694392389923098
0.0391294100602112
0.023233458505096394
0.1643143634177704
0.05419219741284176
0.11408201647879024
0.048018213598602255
0.0014071839410705334
0.04580303323410029
0.01693999048403927
0.19375373899118042
0.014199935087066629
0.10565408415194702
0.024563282508880624
0.051345491586761494
0.17901451634611512
0.0951978668105774
0.11318598110534672
0.0637418443227844
0.03781464572604365
0.12454114791787718
0.08125947124124144
0.023079823818367
0.07752306683285526
0.08088186580570988
0.030303009011749316
0.07144856263470456
0.023083959055906295
0.1033268548704529
0.4064904364419708
0.0017266065328979119
0.04675642080380249
0.27963656887916566
0.038802111192230204
0.0588723340188293
0.04079605562518307
0.09327581249624639
0.04881492322976688
0.21071798180667112
0.10682942986587529
0.011628022655303938
0.08955913429663087
0.014439975140350336
0.21957784809664915
0.043106215762146016
0.04114308972518921
0.10846515458161926
0.07790839339694211
0.04564057748687744
0.033593783649505604
0.30058034771206665
0.03970721087658691
0.12531514166867064
0.13632338194491578
0.03079795593179324
0.05281037866250615
0.0337758761046143
0.00023818524525454077
0.007653576548217744
0.07515673863729855
0.0414441652272034
0.005873326552062963
0.039987725963500975
0.07935657741323854
0.08052305887649536
0.04093944972653196
0.20916379839115906
0.008192372830535866
0.02856425566348264
0.02315883205776975
0.08418311407278445
0.23919195114002992
0.1319553971476135
0.030303855755981435
0.0803460641305237
0.008089616938598665
0.04803993068232727
0.023077902085754443
0.059306179408630366
0.02106318857754519
0.10119866010250854
0.07601696034609984
0.04829348309393311
0.005695084108367943
0.11803339836148075
0.056971921601348896
0.03114660464361574
0.09183390509146117
0.018083052675506583
0.045378751913116466
0.023125475240051263
0.11148415839910886
0.06778691641575624
0.08061370531649781
0.11021959222970579
0.03199096016371156
0.028553862625823934
0.08831927045935062
0.0027270605335998344
0.04972939628630069
0.1006360135733032
0.05965726675848393
0.10539665632485962
0.0014746957484436107
0.1839604835345764
0.144189297610199
0.025113610712677037
0.05400040816720586
0.005041496292297332
0.0931690356993713
0.10395564313787842
0.005989972015502942
0.10149728357455445
0.06125280927651977
0.11638553947854613
0.01692579818899531
0.09810496665252688
0.019295439072265608
0.029330088683410693
0.2552318109890442
0.0355319796722412
0.0011596699959411927
0.032715127349395745
0.03813623462805171
0.029419003449310255
0.3044182337674561
0.009201268478088331
0.06528760543417356
0.10306409883987422
0.061616018115814186
0.0750415895174561
0.047962294807617156
0.09739580810307313
0.0019737566044006893
0.08353099201025391
0.05474322987162783
0.013709858673248254
0.027265422096801717
0.10221233155148313
0.09952224609851074
0.09674047988600158
0.1279142793861694
0.017171172634307896
0.011992380581756557
0.110496372492218
0.028455625016052255
0.15018078493888853
0.03956799919869991
0.004462281403442403
0.339351534913208
0.04674518338320921
0.020601574002395595
0.039073636911346465
0.000510361567596429
0.12058425052288818
0.08656923668051153
0.13567987846731566
0.12178444575549319
0.06075656001339724
