0.558047869320221
0.1515562020929565
0.041248806251190206
0.06792839362921144
0.019912197988754265
0.04253773727203369
0.30967211239163206
0.030638326391876247
0.5532784565223999
0.557863039905304
0.5680837434962769
0.054793163009460466
0.20990880992962646
0.3001660737688904
0.13858876521728514
0.04732361788549799
0.10142120523684695
0.4980493528166504
0.6092225437504577
0.5231097116721192
0.10460527194357305
0.545753421859192
0.04399167893771361
0.02011327309875488
0.11979831859939571
0.07610077266598514
0.2672808979048462
0.015280898460449222
0.0950468851464844
