0.29083675146102905
0.7756651043891907
0.7776879668235779
0.8578101992607117
0.7770884037017822
0.26836827397346497
0.7891961336135864
0.5225188136100769
0.8610219359397888
0.8855727314949036
0.3664357364177704
0.6752934455871582
0.8049939274787903
0.5781814455986023
0.8675203919410706
0.8409144282341003
0.8118085265159607
0.5394142270088196
0.9288750290870667
0.21624702215194702
0.7927260994911194
0.8537827134132385
0.3304290473461151
0.7335384488105774
0.7179839611053467
0.7771528363227844
0.8855859637260437
0.5050930380821228
0.8271209597587585
0.071275994181633
0.6165770888328552
0.49872949719429016
0.5947254300117493
0.7075287103652954
0.058628153055906296
0.7240515351295471
0.3911685645580292
0.916214108467102
0.8579506278038025
0.47424134612083435
0.8688659071922302
0.5996506810188293
0.7784034013748169
0.6871394515037537
0.7969010472297668
0.7184650301933289
0.7499495148658752
0.45829468965530396
0.8211274147033691
0.7272059321403503
0.5064765810966492
0.970969557762146
0.9496130347251892
0.10753247141838074
0.8407266736030579
0.8671735525131226
0.7391647696495056
0.6224785447120667
0.9064004421234131
0.5154616236686707
0.6389688849449158
0.7258968949317932
0.5760607123374939
0.7201602458953857
0.4683259427547455
0.8293344974517822
0.8098081946372986
0.8742989897727966
0.813745379447937
0.819537878036499
0.8102797865867615
0.8442514538764954
0.906302273273468
0.48235246539115906
0.9293157458305359
0.9137434363365173
0.4148254990577698
0.6588823199272156
0.4677688181400299
0.5953444838523865
0.35015034675598145
0.7601155638694763
0.8355815410614014
0.16171005368232727
0.8320990800857544
0.8933531045913696
0.8910230994224548
0.20694273710250854
0.8504518866539001
0.3741234540939331
0.9269401431083679
0.6787204146385193
0.7637026906013489
0.7765461206436157
0.7823496460914612
0.8834736943244934
0.8901336789131165
0.7946349382400513
0.7357121706008911
0.4159336984157562
0.6149325966835022
0.7957633137702942
0.42740026116371155
0.478279173374176
0.8294808864593506
0.9042848944664001
0.28728535771369934
0.8689991235733032
0.9892328977584839
0.5742254853248596
0.7820783257484436
0.6872801184654236
0.412925660610199
0.943653404712677
0.8832877278327942
0.8008748292922974
0.8392085433006287
0.3880053758621216
0.44690394401550293
0.6231107115745544
0.3461609482765198
0.6101177334785461
0.8678110241889954
0.8331290483474731
0.8454627990722656
0.8160561323165894
0.6255362629890442
0.8498060703277588
0.8055934309959412
0.8174861073493958
0.7063815593719482
0.8054080605506897
0.735893964767456
0.7911115884780884
0.8213258385658264
0.8393848538398743
0.8491796851158142
0.791938066482544
0.8808002471923828
0.3621814548969269
0.9390167593955994
0.1984720230102539
0.4856727421283722
0.5933050513267517
0.7391140460968018
0.5959822535514832
0.40207552909851074
0.2108077108860016
0.7307714223861694
0.8909017443656921
0.6864115595817566
0.839590847492218
0.8336175680160522
0.42423442006111145
0.6075399518013
0.7477543354034424
0.551924467086792
0.8195577263832092
0.49036523699760437
0.7438828349113464
0.42500144243240356
0.5762838125228882
0.7420273423194885
0.5169065594673157
0.6186010837554932
0.8076336979866028
