0.387576699256897
0.7988371849060059
0.5970613956451416
0.8179293870925903
0.14204244315624237
0.619333803653717
0.12231068313121796
0.6483727693557739
0.44715726375579834
0.3963855504989624
0.6470313668251038
0.729939877986908
0.556632399559021
0.6373183727264404
0.705365002155304
0.771239161491394
0.6867401003837585
0.3726012706756592
0.6332451105117798
0.3779200315475464
0.7306936383247375
0.7679040431976318
0.5264657735824585
0.8407195806503296
0.7377375364303589
0.7092269062995911
0.644994854927063
0.7422178983688354
0.7871694564819336
