0.592280924320221
0.7764750719070435
0.6661894917488098
0.8237725496292114
0.22917023301124573
0.6476351022720337
0.19744795560836792
0.9029623866081238
0.6474689245223999
0.589642345905304
0.8308724164962769
0.7131959199905396
0.6540855169296265
0.8500298857688904
0.6832342147827148
0.863731861114502
0.7528612017631531
0.6186814308166504
0.7970334887504578
0.5527558326721191
0.864490807056427
0.9088660478591919
0.5268399119377136
0.9167201519012451
0.7660099864006042
0.8483859896659851
0.7393862009048462
0.8306856155395508
0.9081382751464844
