0.5706143339692293
0.5500893211116369
0.5602865482835635
0.568964135080457
0.5295248370754722
0.5429234045479496
0.5543184301773202
0.5578700771877002
0.5651893240989182
0.596940091954696
0.5572411950444859
0.546771085397622
0.5760351690033453
0.5886583555352153
0.5696810683143325
0.5696199638936581
0.5380600999111674
0.5804308919862712
0.554232656270038
0.3987515090375803
0.5279065187540082
0.5532409429084093
0.5715111646900594
0.5580480770218387
0.5791727481692794
0.5462879429906744
0.5455569671259607
0.5881490255194073
0.5529760305752991
0.5595817600277101
0.5425040232756191
0.5391520093414798
0.5640780586098828
0.5651900831600445
0.5772215815438932
0.5700450381244366
0.5562665605582008
0.5670494033891375
0.6008238282078718
0.5840504749674631
0.5496543790862153
0.569860965801287
0.5689872864448119
0.5695785950622698
0.5603222241565038
0.557196789968592
0.565060663237995
0.5356432492847408
0.5534121111924103
0.5592652315380054
0.5717358467834709
0.5820609757551943
0.5628677356438536
0.563208933620166
0.5727731038126832
0.5662193700474297
0.5661806579299838
0.5718497059524295
0.5699103047745024
0.5759159964065019
0.5836842279739799
0.5649786146080599
0.57021886312238
0.5527445169317501
0.5738373075118823
0.5673511301868777
0.5700913408531464
0.5634749845449658
0.5555966891141614
0.5709232718476701
0.5669013864694914
0.5719593902851929
0.5648967060346948
0.5496498247194569
0.5640894445267787
0.5443716931771022
0.5563883898689864
0.5459862161929344
0.5658136518753741
0.5691341647727683
0.547961672774365
0.5564498738202239
0.5580530109191602
0.5588944301777639
0.5494930785968574
0.5656087053712487
0.5460697129168374
0.5748563470740613
0.5599943097499033
0.574284014984763
0.5553534100231533
0.5774887710603827
0.5684362080670525
0.585524571674913
0.5686715170162334
0.5464063565263915
0.5645999131342762
0.5437792459679548
0.5657498907407573
0.56268556097352
