0.5670801453647563
0.5527376853816125
0.5672380810082024
0.5728315515194152
0.550799422795375
0.5443272881012085
0.5688381309334761
0.5845320992521578
0.5547958796258197
0.5776667708945211
0.5791416266630974
0.5370258791264606
0.5804798514289234
0.5382380997453059
0.5570783764328752
0.5624726443275674
0.5697311663486742
0.5720087292584083
0.5687887919602607
0.5809189682905401
0.5609313707104321
0.5544656880358398
0.5561352429833353
0.564265167177538
0.5570111995231897
0.5757854378927628
0.554901389122388
0.5535476036034709
0.5403752363466576
0.5735245743278096
0.5432182997955523
0.5494649933351808
0.5814556245068981
0.5738877850767873
0.570306155151915
0.5530766061745458
0.5724296286529915
0.5662679499595187
0.5655479804811375
0.5556817039603171
0.5396313564427951
0.5732198112855638
0.5774530951874423
0.5786053499773027
0.5392920561192986
0.5527035276309249
0.5238929830482197
0.5769984175727345
0.5707965086395629
0.5588572361825707
0.5707228797103031
0.5537745628802615
0.5845104660100556
0.5470056352856765
0.550219879625376
0.5622001413831934
0.556496556079497
0.5890887431938785
0.5618369306342156
0.5849461670966037
0.5722512492882899
0.5612334770387354
0.5464909918419839
0.5643847193049445
0.5672756036048018
0.5610080358841975
0.5666808792122751
0.5749740015486517
0.5781290391204928
0.5728645706784132
0.5687398325176086
0.5553887063655304
0.5646894823471902
0.5605814435311661
0.5813398676851236
0.5694708083823224
0.5702879376848815
0.5749121380668509
0.5770022128783664
0.5746973237680825
0.5714037575406752
0.5397714032206142
0.5723214624424809
0.5610858396496524
0.5465069321256381
0.5664114125124065
0.5541669974826052
0.5726956795777913
0.5614334896455392
0.5841089226741952
0.5694719469740119
0.5666042140385097
0.5683716878713093
0.5830948170093379
0.5734714400489622
0.5781483951792158
0.5688886084983811
0.5812981193231721
0.5682631421302354
0.5850372544317706
