0.40116190764443255
0.5398317485801621
0.5218074626034624
0.5496243961717229
0.5472553663962589
0.5601036145521034
0.5252740947676867
0.5811413732005726
0.5182554360625193
0.5368216916834616
0.5834751066336593
0.5336287010553011
0.5757501415503857
0.5763410706372806
0.5476333788372012
0.5500843872143153
0.605257124716554
0.555712825466499
0.5568039758356851
0.5341080481566165
0.5364338114478762
0.5849632459719474
0.5703255112106378
0.5414933333858305
0.5415973247601459
0.563790374442981
0.5539984859125466
0.5896956125644275
0.5585012365142936
0.5509193544533446
0.4078402048087725
0.5648295291250092
0.5663085597297807
0.6011756530399537
0.5776265406548224
0.5687011204001626
0.5513804840876267
0.553357079260747
0.5112386750101677
0.5614331101149761
0.5625371645233106
0.5853374631072579
0.5907283152268814
0.5068034808486696
0.5946200216218843
0.5579175185080996
0.5715020559565427
0.5326529279773263
0.5623622009336776
0.575205894722764
0.574630146858397
0.5733351885767751
0.5445333731970234
0.5761573778446941
0.530928720628731
0.5640780586098828
0.584937058363087
0.5402522684441824
0.5749652723456983
0.5584424092769984
0.5594549968196031
0.5426311660142894
0.583005627326987
0.5801219541078304
0.5901271388147803
0.5506274954502476
0.5318517389584215
0.5630495307836241
0.5679337096013821
0.5579994971097497
0.5577376210211451
0.5677086479774075
0.54583364490653
0.5631364432825957
0.5319838155944134
0.542976538826797
0.5767270532200499
0.5580958978728012
0.5103209701083621
0.5298907045383923
0.547601877800456
0.5551689581694405
0.5370976104029045
0.5361108309385971
0.5767866395184716
0.5467126376908898
0.565552914378459
0.571776836084296
0.5670968447095369
0.557013856237132
0.5856752453085015
0.5435071225541437
0.5423169147079638
0.589684985708658
0.5588393982461005
0.558706183018419
0.567983807635724
0.5752032380088216
0.5707676643167601
0.5761160090133058
