0.7259047627449036
0.681195855140686
0.675280749797821
0.6594429016113281
0.7083014845848083
0.7763144373893738
0.6203567981719971
0.6770945191383362
0.6597423553466797
0.7009736895561218
0.5734316110610962
0.716505229473114
0.7657434344291687
0.7572746872901917
0.5476623773574829
0.5420191287994385
0.5383806228637695
0.380113422870636
0.7068198919296265
0.5941539406776428
0.7609178423881531
0.5594679713249207
0.635255753993988
0.6226453185081482
0.6215587258338928
0.7109954953193665
0.5631393790245056
0.5567765235900879
0.6630359292030334
0.7647841572761536
0.7272407412528992
0.669392466545105
0.5931605696678162
0.721384584903717
0.5330663919448853
0.6882395148277283
0.6879881024360657
0.6671167016029358
0.6941337585449219
0.7291608452796936
0.8354073166847229
0.7631174921989441
0.5939087271690369
0.5389898419380188
0.7019408941268921
0.6531080603599548
0.7623822093009949
0.6988838315010071
0.6995119452476501
0.7660844326019287
0.5878241658210754
0.700171172618866
0.6746761202812195
0.7339412569999695
0.650452733039856
0.5145604014396667
0.7887680530548096
0.7909828424453735
0.7529873251914978
0.7486441135406494
0.7302736639976501
0.7426414489746094
0.6119189858436584
0.7420856952667236
0.8016518950462341
0.7165185213088989
0.6694194078445435
0.6743627190589905
0.786614179611206
0.798679530620575
0.7007859945297241
0.7250508666038513
0.7566156983375549
0.6361507177352905
0.6815105080604553
0.7651397585868835
0.6509302258491516
0.7104595303535461
0.6375347971916199
0.749499499797821
0.6432753205299377
0.6708468198776245
0.8007376790046692
0.7685166001319885
0.6779436469078064
0.7686478495597839
0.5058339834213257
0.4092549681663513
0.7489013075828552
0.5411681532859802
0.5637523531913757
0.7794904112815857
0.6805999875068665
0.7136947512626648
0.8183841109275818
0.7134534120559692
0.6844867467880249
0.7092447876930237
0.7155451774597168
0.6595045924186707
0.6407762765884399
0.7519803643226624
0.7257848381996155
0.7471217513084412
0.6759584546089172
0.7557731866836548
0.6224585175514221
0.6919820308685303
0.7119929194450378
0.7211297750473022
0.6786222457885742
0.5697810053825378
0.526525616645813
0.7047671675682068
0.7776822447776794
0.7481862902641296
0.7977474331855774
0.7577956318855286
0.5375334024429321
0.7796545624732971
0.5685640573501587
0.6411615014076233
0.7747992873191833
0.7508271336555481
0.5743928551673889
0.5641366243362427
0.7528113722801208
0.6959975957870483
0.511935293674469
0.7335360646247864
0.6453458666801453
0.6429474949836731
0.6002020835876465
0.6507498025894165
0.7196094393730164
0.5540242195129395
0.6530408263206482
0.8131593465805054
0.6196590065956116
0.669132649898529
0.763528048992157
0.7472501397132874
0.47914761304855347
0.7430899739265442
0.5875412821769714
0.627510666847229
0.5122436881065369
0.7446708679199219
0.7690925002098083
0.7270296216011047
0.7196452021598816
0.6890156865119934
0.5559722781181335
0.5242063999176025
0.5895087718963623
0.7390401363372803
0.6798906326293945
0.7802247405052185
0.7347576022148132
0.6358270645141602
0.754375159740448
0.6600248217582703
0.7330697178840637
0.5831137299537659
0.7396462559700012
0.6414170861244202
0.6830845475196838
0.7127487659454346
0.7090827822685242
0.7389482855796814
0.5955865383148193
0.6708277463912964
0.7272911667823792
0.7018917202949524
0.7327342629432678
0.6927481889724731
0.650482714176178
0.7299829125404358
0.6369273066520691
0.6985663771629333
0.6900747418403625
0.6270454525947571
0.5957067012786865
0.7453861236572266
0.7350234389305115
0.7201007008552551
0.7290673851966858
0.7263075709342957
0.6819759011268616
0.8105880618095398
0.7197103500366211
0.7638679146766663
0.7485904097557068
0.6648876667022705
0.7015673518180847
0.6576492190361023
0.7878291010856628
0.5837161540985107
0.6031407117843628
0.7960867285728455
0.5786516666412354
0.7378010153770447
0.5363625288009644
0.7403550148010254
0.7839959263801575
0.746832549571991
0.6727699637413025
0.6675985455513
0.6806566119194031
0.67984938621521
0.4477469325065613
0.7640315890312195
0.6948365569114685
0.5072203278541565
0.6122317910194397
0.6819133758544922
0.7466909289360046
0.5202466249465942
0.7724635004997253
0.5869999527931213
0.713236391544342
0.7680355310440063
0.6510273814201355
0.6973852515220642
0.7918765544891357
0.7579035758972168
0.7064228057861328
0.6935082674026489
0.7532783150672913
0.6903772354125977
0.46327757835388184
0.43180590867996216
0.5810046792030334
0.6904293894767761
0.7591968178749084
0.6922027468681335
0.6421729922294617
0.5289404988288879
0.671026885509491
0.6965498328208923
0.8374485969543457
0.5406505465507507
0.7278937697410583
0.641331136226654
0.7545860409736633
0.7202438116073608
0.7303112745285034
0.6669256687164307
0.7929716110229492
0.6462182402610779
0.6201760172843933
0.7290070652961731
0.7572101950645447
0.5847991108894348
0.8117159605026245
0.7293078899383545
0.44694340229034424
0.46113264560699463
0.6069566607475281
0.7235477566719055
0.49087315797805786
0.7707532048225403
0.7977748513221741
0.7831355929374695
0.7073115110397339
0.5740036964416504
0.6812617182731628
0.7258691191673279
0.787538468837738
0.4686639904975891
0.591154158115387
0.7665758728981018
0.735552966594696
0.7308946251869202
0.8129573464393616
0.7629134058952332
0.6666976809501648
0.7810754179954529
0.6055952310562134
0.6521136164665222
0.7497429251670837
0.6609718799591064
0.7432428002357483
0.801642119884491
0.6100372076034546
0.7276692986488342
0.7712065577507019
0.6974826455116272
0.698799192905426
0.7189050912857056
0.6895729899406433
0.6786051392555237
0.4796904921531677
0.747114896774292
0.749593198299408
0.7257614731788635
0.7632926106452942
0.6621816754341125
0.7040999531745911
0.7654976844787598
0.6035642027854919
0.5068480968475342
0.6769911646842957
0.7717313766479492
0.4815296530723572
0.6061287522315979
0.575567901134491
0.7526947259902954
0.6927078366279602
0.5524340867996216
0.7185172438621521
0.7526796460151672
0.7036641836166382
0.5095221996307373
0.649600625038147
0.7334920763969421
0.6467390656471252
0.6862533688545227
0.6339119076728821
0.6066491007804871
0.6702189445495605
0.6780202984809875
0.7601190209388733
0.7398359179496765
0.6330462098121643
0.7204891443252563
0.657599687576294
0.5300478339195251
0.7367454171180725
0.5514587163925171
0.7216553092002869
0.7763778567314148
0.6755968928337097
0.6959065794944763
0.7627186179161072
0.7960143089294434
0.6860253214836121
0.45278042554855347
0.7724128365516663
0.6959909796714783
0.49889999628067017
0.6513120532035828
0.683376133441925
0.6780229806900024
0.6896824240684509
0.7342296838760376
0.6226039528846741
0.5054011344909668
0.737507164478302
0.7463317513465881
0.7180038690567017
0.6908717751502991
0.6960723996162415
0.6572099328041077
0.5685697197914124
0.6367507576942444
0.7130869030952454
0.7424679398536682
0.7036759853363037
0.6584444046020508
0.7741785645484924
0.6753007769584656
0.5982620120048523
0.7715111970901489
0.7288066744804382
0.6328367590904236
0.7178693413734436
0.7545196413993835
0.7380945086479187
0.8360624313354492
0.7004815936088562
0.69803786277771
0.7025962471961975
0.6925644278526306
0.7150770425796509
0.7052304148674011
0.6354659795761108
0.5994734764099121
0.7174994945526123
0.5851988792419434
0.6618783473968506
0.737775444984436
0.7026956677436829
0.7038365602493286
0.7806013226509094
0.482216477394104
0.7395671010017395
0.6830740571022034
0.6460070013999939
0.6583120822906494
0.6273757815361023
0.6013534665107727
0.7768317461013794
0.6818220019340515
0.7410380244255066
0.59352046251297
0.7456221580505371
0.6888189315795898
0.6808428764343262
0.5701671242713928
0.6914755702018738
0.7383368015289307
0.709747314453125
0.7344880700111389
0.44415169954299927
0.6164458990097046
0.7118123173713684
0.6740708947181702
0.7018619775772095
0.7185521721839905
0.7198330760002136
0.6979056000709534
0.46660494804382324
0.6478138566017151
0.754931628704071
0.6203652620315552
0.6587851047515869
0.6036731600761414
0.669299840927124
0.5697482228279114
0.6399256587028503
0.5735993981361389
0.6833150386810303
0.6459018588066101
0.7545703053474426
0.7301219701766968
0.7625293135643005
0.566137969493866
0.6342796683311462
0.7521975636482239
0.7255082726478577
0.6757063269615173
0.6665710806846619
0.5968242287635803
0.6411427855491638
0.6254311800003052
0.6703314185142517
0.7773035168647766
0.75337815284729
0.7696000933647156
0.7094122767448425
0.7754670977592468
0.7224953770637512
0.6389002203941345
0.7006680369377136
0.6385971307754517
0.7158214449882507
0.735509991645813
0.6023328900337219
0.5115441679954529
0.7888046503067017
0.715913712978363
0.49142003059387207
0.7242674827575684
0.517575204372406
0.7875687479972839
0.4695644974708557
0.71071857213974
0.7506584525108337
0.6586853861808777
0.7370507121086121
0.6979596614837646
0.4350317120552063
0.770949125289917
0.6744841933250427
0.6907772421836853
0.7603635191917419
0.6544343829154968
0.7433845400810242
0.7021296620368958
0.6432133316993713
0.7823320031166077
0.41063714027404785
0.5160583257675171
0.623472273349762
0.6129201054573059
0.7488945126533508
0.6397131681442261
0.5101653337478638
0.6306048035621643
0.599528968334198
0.6822567582130432
0.6230591535568237
0.5191234350204468
0.7825981974601746
0.7450799345970154
0.741836428642273
0.7440676093101501
0.6820880174636841
0.6304916143417358
0.7217583060264587
0.7599930167198181
0.608810544013977
0.6885679364204407
0.5655242800712585
0.721435546875
0.4851375222206116
0.4907909035682678
0.7242169976234436
0.7618556618690491
0.7238392233848572
0.7892084717750549
0.6729735732078552
0.6721940636634827
0.5953230857849121
0.5750599503517151
0.6540688276290894
0.5756206512451172
0.7738191485404968
0.6991874575614929
0.7133776545524597
0.6076619029045105
0.6095553040504456
0.5531832575798035
0.6882842183113098
0.7289075255393982
0.640216052532196
0.7310618758201599
0.6756096482276917
0.7336873412132263
0.7162321209907532
0.6778833270072937
0.6422632336616516
0.7127538323402405
0.6235582232475281
0.7663393616676331
0.6566050052642822
0.7684803009033203
0.6302550435066223
0.7062467932701111
0.7338462471961975
0.7706000208854675
0.7550294399261475
0.5739949941635132
0.7321168780326843
0.6260834336280823
0.6379502415657043
0.7429712414741516
0.7309145331382751
0.6700916886329651
0.7451284527778625
0.6470860838890076
0.7003644108772278
0.7138581871986389
0.7072908282279968
0.5429219603538513
0.7768771052360535
0.7712863683700562
0.6914867758750916
0.7657989859580994
0.7335430979728699
0.49188655614852905
0.5805663466453552
0.8298569917678833
0.7314210534095764
0.5882238745689392
0.7031926512718201
0.757412314414978
0.6596962809562683
0.6021947860717773
0.7498202919960022
0.7701444029808044
0.5574179887771606
0.6805293560028076
0.7336183190345764
0.7413609623908997
0.6449195146560669
0.6933676600456238
0.45242220163345337
0.6683897376060486
0.6880125403404236
0.7208654284477234
0.7035101652145386
0.6065333485603333
0.5700958967208862
0.6316758394241333
0.7575811743736267
0.7471379637718201
0.7551876902580261
0.6092754602432251
0.665968120098114
0.6566340327262878
0.6698734760284424
0.7409855723381042
0.7763912081718445
0.7335272431373596
0.780285120010376
0.7005944848060608
0.6787861585617065
0.4131108522415161
0.719697117805481
0.6073442101478577
0.54045170545578
0.6425203680992126
0.7144181132316589
0.7424840331077576
0.5093514919281006
0.7471625208854675
0.5657441020011902
0.6091628670692444
0.73028165102005
0.6699670553207397
0.5031197667121887
0.6662238836288452
0.7001699805259705
0.5862848162651062
0.7640256285667419
0.7339639067649841
0.7555623650550842
0.6945541501045227
0.6367875933647156
0.7759572863578796
0.6297507882118225
0.664976179599762
0.670799732208252
0.5254900455474854
0.703843891620636
0.5969167351722717
0.7325775027275085
0.7037066221237183
0.486314058303833
0.5885605812072754
0.6566107273101807
0.7163532376289368
0.7158011794090271
0.6326563954353333
0.8608452677726746
0.683732807636261
0.7576363682746887
0.792515754699707
0.5211930871009827
0.46620506048202515
0.723876416683197
0.6546978950500488
0.8047983646392822
0.6075307726860046
0.7243862152099609
0.7077333927154541
0.730135440826416
0.6617483496665955
0.4205170273780823
0.5636819005012512
0.6303293108940125
0.7453093528747559
0.5251264572143555
0.7087277770042419
0.7342472076416016
0.7338075041770935
0.7621909976005554
0.6520228981971741
0.7383584380149841
0.7208977937698364
0.6952123045921326
0.5874772071838379
0.403560996055603
0.5455833077430725
0.5284035801887512
0.7139669060707092
0.4097389578819275
0.47524333000183105
0.7348547577857971
0.5883330702781677
0.6900241374969482
0.7334015965461731
0.7992079854011536
0.6000447869300842
0.7827538847923279
0.43980324268341064
0.5221744775772095
0.7245680689811707
0.7473308444023132
0.7137913703918457
0.5414584279060364
0.671272337436676
0.6088268756866455
0.8022288680076599
0.6963028311729431
0.7252604365348816
0.5895817875862122
0.7048155069351196
0.7000845074653625
0.7136418223381042
0.6599735617637634
0.6749922633171082
0.5363419651985168
0.6852357387542725
0.7565308213233948
0.6494207978248596
0.7039448618888855
0.7056712508201599
0.7851333022117615
0.7183484435081482
0.4723552465438843
0.6944411993026733
0.6075237989425659
0.6552402377128601
0.7669687867164612
0.5456575155258179
0.6538471579551697
0.6575908064842224
0.5480545163154602
0.653529703617096
0.5878974795341492
0.7187106013298035
0.7369800209999084
0.6719393134117126
0.682453989982605
0.5626547932624817
0.40492260456085205
0.6894806027412415
0.7014390826225281
0.6027792096138
0.7178701162338257
0.6851182579994202
0.7084182500839233
0.7479586601257324
0.5612147450447083
0.5037348866462708
0.7989180684089661
0.7390323281288147
0.7861588597297668
0.5660219788551331
0.47602951526641846
0.7045783400535583
0.6517698764801025
0.6875872015953064
0.7342205047607422
0.7759444117546082
0.7096152901649475
0.6842746138572693
0.6318866610527039
0.7372135519981384
0.6922562718391418
0.5323024392127991
0.6780103445053101
0.6986808180809021
0.591586172580719
0.7041822075843811
0.7552141547203064
0.7518665194511414
0.7923133969306946
0.5423492789268494
0.6805706024169922
0.6422501802444458
0.6933216452598572
0.7164903283119202
0.7961582541465759
0.6852037906646729
0.6421391367912292
0.5001226663589478
0.7481388449668884
0.6746488809585571
0.6951597929000854
0.7545262575149536
0.7659092545509338
0.6930666565895081
0.6991462707519531
0.6199045777320862
0.5818600058555603
0.6752046942710876
0.5867134928703308
0.5698487758636475
0.6637360453605652
0.6045433282852173
0.7101520895957947
0.7416369915008545
0.7131869792938232
0.7071428894996643
0.7748039364814758
0.6969041228294373
0.824633777141571
0.7306663990020752
0.7664832472801208
0.7859285473823547
0.7261139750480652
0.6451923251152039
0.6459440588951111
0.666715681552887
0.7016284465789795
0.7362539768218994
0.5628637671470642
0.6449393630027771
0.6575223803520203
0.6957630515098572
0.7557359337806702
0.7499868273735046
0.5582735538482666
0.7906712889671326
0.7165443897247314
0.6930708885192871
0.6853843331336975
0.7110389471054077
0.8010241389274597
0.7501141428947449
0.5763401985168457
0.7501443028450012
0.7072975039482117
0.7064294219017029
0.43404167890548706
0.5082723498344421
0.6814631819725037
0.6212177872657776
0.5621289014816284
0.6665417551994324
0.6030701994895935
0.755071759223938
0.7264240384101868
0.4763703942298889
0.7663883566856384
0.7133679986000061
0.6651993989944458
0.7398324608802795
0.7179698348045349
0.6715494394302368
0.6841052770614624
0.4028330445289612
0.7636741995811462
0.5934785008430481
0.48788660764694214
0.6263332366943359
0.7076690793037415
0.5919024348258972
0.755204439163208
0.7332585453987122
0.5932250618934631
0.7127869725227356
0.5844125747680664
0.6957648396492004
0.6905342936515808
0.7376365065574646
0.654506266117096
0.5172842741012573
0.5749097466468811
0.7134760022163391
0.7204514145851135
0.7129302024841309
0.4920085668563843
0.7479408979415894
0.7307479977607727
0.7022634148597717
0.6615058183670044
0.6817061305046082
0.6078702807426453
0.40912288427352905
0.6817800402641296
0.702280580997467
0.519341230392456
0.7140592932701111
0.7745987772941589
0.706636369228363
0.6054288744926453
0.6804862022399902
0.7579161524772644
0.5552346706390381
0.679641842842102
0.6299569010734558
0.7232571244239807
0.7404350638389587
0.5283635854721069
0.7164726853370667
0.6441313028335571
0.7022412419319153
0.8225104212760925
0.7223945260047913
0.7127928137779236
0.7406551241874695
0.7504493594169617
0.6527035236358643
0.6699996590614319
0.6254138946533203
0.6225891709327698
0.6731482148170471
0.7184341549873352
0.7896987199783325
0.5376498699188232
0.7035446763038635
0.6550720930099487
0.744513750076294
0.7812357544898987
0.6259188055992126
0.4809398651123047
0.6750214695930481
0.7821500301361084
0.7187164425849915
0.7462855577468872
0.7101745009422302
0.544773280620575
0.6069621443748474
0.7661660313606262
0.7222665548324585
0.7031555771827698
0.7375255227088928
0.7397752404212952
0.6933965086936951
0.6385416984558105
0.7155084609985352
0.6809894442558289
0.7243287563323975
0.4793838858604431
0.7094575762748718
0.7046722769737244
0.7151746153831482
0.7464365363121033
0.6510695815086365
0.6623267531394958
0.7384561896324158
0.7474120259284973
0.46580302715301514
0.7253091931343079
0.8172603845596313
0.6970609426498413
0.7005473375320435
0.6405057311058044
0.731484591960907
0.5702772736549377
0.695517897605896
0.6917513012886047
0.7102784514427185
0.6450726985931396
0.7280440330505371
0.6512734293937683
0.5469970107078552
0.6592726111412048
0.7611806988716125
0.7215898633003235
0.5907574892044067
0.7534071803092957
0.6947982907295227
0.7729454636573792
0.44797641038894653
0.6585995554924011
0.7162954211235046
0.6085132956504822
0.5871586799621582
0.6006264686584473
0.7979881167411804
0.6613469123840332
0.7915598154067993
0.632149875164032
0.5761595964431763
0.7552706003189087
0.717214047908783
0.6920337677001953
0.7013067603111267
0.6639980673789978
0.7000902891159058
0.7615322470664978
0.752314567565918
0.5602512955665588
0.7003268599510193
0.7100433707237244
0.7991570830345154
0.6331337690353394
0.6453863382339478
0.6793773770332336
0.7148832678794861
0.5784041285514832
0.7445724606513977
0.7359357476234436
0.6515909433364868
0.7185760140419006
0.6782487630844116
0.790735125541687
0.6661027073860168
0.6987855434417725
0.618118166923523
0.6463610529899597
0.7289977073669434
0.6777233481407166
0.6836528182029724
0.6929123997688293
0.7008640170097351
0.6751466989517212
0.5821022987365723
0.7027619481086731
0.604992687702179
0.6877546906471252
0.7398263216018677
0.6622472405433655
0.7047296166419983
0.7723968625068665
0.753915548324585
0.7073004841804504
0.7855308651924133
0.6966788172721863
0.6890496015548706
0.6410861015319824
0.6929729580879211
0.7227045893669128
0.6596529483795166
0.6953127384185791
0.6652536392211914
0.6272862553596497
0.6604717373847961
0.6113213896751404
0.7698558568954468
0.6775507926940918
0.5846884250640869
0.721662700176239
0.5317038297653198
0.7075712084770203
0.725446879863739
0.5700315833091736
0.6722659468650818
0.6497128009796143
0.5682909488677979
0.7131199836730957
0.7231765389442444
0.7394515872001648
0.7574630975723267
0.6155616044998169
0.7586011290550232
0.5827692151069641
0.7054933309555054
0.6135203242301941
0.6433238387107849
0.7705145478248596
0.6423730254173279
0.6352663636207581
0.6792903542518616
0.6959720253944397
0.6266958117485046
0.49226540327072144
0.6453937292098999
0.4695138931274414
0.6499989628791809
0.8572691082954407
0.7065955996513367
0.6635797619819641
0.6662561297416687
0.7328127026557922
0.6746117472648621
0.7595453858375549
0.7164018750190735
0.656094491481781
0.7457122206687927
0.6124263405799866
0.7500501275062561
0.5391561985015869
0.7407277226448059
0.6494877934455872
0.7205016016960144
0.6806854605674744
0.7485973238945007
0.634403645992279
0.7683120965957642
0.6024216413497925
0.8550711274147034
0.70650714635849
0.6284245848655701
0.7329707741737366
0.6525811553001404
0.6953312158584595
0.7165472507476807
0.7542014718055725
0.532374382019043
0.8209076523780823
0.7039958238601685
0.655376136302948
0.7072892189025879
0.6043247580528259
0.6654131412506104
0.7546849846839905
0.5240939855575562
0.7280463576316833
0.6559996008872986
0.6336368918418884
0.7653514742851257
0.7518061399459839
0.7329394221305847
0.7674756050109863
0.7127333283424377
0.6596983075141907
0.7116637229919434
0.6571493744850159
0.7422587871551514
0.6075454354286194
0.6660711169242859
0.7446538805961609
0.703615665435791
0.6556968092918396
0.793022096157074
0.7911275029182434
0.6388645172119141
0.7000153660774231
0.5475999712944031
0.7129121422767639
0.7521597743034363
0.6131810545921326
0.7594825625419617
0.7585194706916809
0.7203280329704285
0.6932610869407654
0.7195417284965515
0.7076711058616638
0.6256989240646362
0.7579503655433655
0.7346510887145996
0.4858580231666565
0.674530029296875
0.6781583428382874
0.6982012391090393
0.6775233745574951
0.7236660122871399
0.6032394170761108
0.6936722993850708
0.6599898934364319
0.6878618597984314
0.7373389601707458
0.5839176774024963
0.7722548842430115
0.6678868532180786
0.5530100464820862
0.5790349841117859
0.5727242231369019
0.7147429585456848
0.630072295665741
0.5033833384513855
0.7876999974250793
0.5200043320655823
0.6651970744132996
0.7388766407966614
0.6911632418632507
0.7129141092300415
0.7641061544418335
0.7313783764839172
0.6238009333610535
0.7014429569244385
0.5873140692710876
0.7197114825248718
0.7056748270988464
0.6781079173088074
0.7117436528205872
0.7656831741333008
0.53853839635849
0.8294426798820496
0.4289752244949341
0.8062918186187744
0.526360273361206
0.7457570433616638
0.6825226545333862
0.7620294690132141
0.7300819754600525
0.7007567286491394
0.7147441506385803
0.5077393651008606
0.7557497620582581
0.7979393005371094
0.7317883372306824
0.6066394448280334
0.76584392786026
0.8047842383384705
0.7096635699272156
0.5857309103012085
0.5997548699378967
0.6636748909950256
0.7210115194320679
0.8020201921463013
0.5651382207870483
0.6614708304405212
0.586850106716156
0.5612247586250305
0.7164566516876221
0.5109564065933228
0.7248980402946472
0.67564457654953
0.4276048541069031
0.7292476892471313
0.5588129162788391
0.5042649507522583
0.7543615698814392
0.7115970849990845
0.7314972877502441
0.5752772688865662
0.7341795563697815
0.7585881948471069
0.7583766579627991
0.6867391467094421
0.5714289546012878
0.6324484944343567
0.7681571841239929
0.7337929606437683
0.5326528549194336
0.7190213203430176
0.46180593967437744
0.6550575494766235
0.6843169331550598
0.6849566102027893
0.5323124527931213
0.8107636570930481
0.7993683218955994
0.7562415599822998
0.7043425440788269
0.6632513403892517
0.7584579586982727
0.7522661685943604
0.6906251311302185
0.5891875624656677
0.8151364922523499
0.7254129648208618
0.6222505569458008
0.7002535462379456
0.8100360035896301
0.719803512096405
0.6863317489624023
0.4743348956108093
0.5705344080924988
0.5636488795280457
0.6969185471534729
0.4326331615447998
0.5541751980781555
0.8341601490974426
0.5466514825820923
0.6882017254829407
0.6848781108856201
0.7026171088218689
0.7489592432975769
0.7943509221076965
0.7578160166740417
0.7436975836753845
0.493685781955719
0.5232653617858887
0.5416778922080994
0.6647902727127075
0.7405900359153748
0.8269940614700317
0.6498309373855591
0.7314806580543518
0.6585557460784912
0.7281121611595154
0.6804195046424866
0.6898407340049744
0.7355504631996155
0.6963014006614685
0.7313950657844543
0.8107724785804749
0.6726515293121338
0.807622492313385
0.7870722413063049
0.7640079855918884
0.6924381256103516
0.7242674231529236
0.7000311613082886
0.7287410497665405
0.7417891621589661
0.5640560984611511
0.49262821674346924
0.7875829339027405
0.6874470114707947
0.7338816523551941
0.7632589340209961
0.7113733291625977
0.5654499530792236
0.766751229763031
0.7509639263153076
0.7310839295387268
0.5859939455986023
0.8452685475349426
0.6713846921920776
0.6436132192611694
0.49735432863235474
0.7298033833503723
0.5741176605224609
0.7315494418144226
0.7210254073143005
0.6276091933250427
0.745644748210907
0.5975704789161682
0.7379602789878845
0.724382758140564
0.6787397265434265
0.6629243493080139
0.7342724800109863
0.7298170924186707
0.7008042931556702
0.5788485407829285
0.49538445472717285
0.7895050644874573
0.7015929818153381
0.6736863255500793
0.6997727751731873
0.7425655722618103
0.8237477540969849
0.6289207339286804
0.49890798330307007
0.7104530334472656
0.5400899648666382
0.7399545311927795
0.7584249973297119
0.6993334889411926
0.7290320992469788
0.7685081362724304
0.6555021405220032
0.6704861521720886
0.6422184109687805
0.7183961272239685
0.725208580493927
0.6176338791847229
0.7526254653930664
0.6974255442619324
0.5613053441047668
0.6531054377555847
0.639778733253479
0.7207544445991516
0.7413163781166077
0.755020797252655
0.6216939091682434
0.6823704242706299
0.6132598519325256
0.5782543420791626
0.4944341778755188
0.725965678691864
0.777921736240387
0.7163278460502625
0.5996151566505432
0.6967448592185974
0.7871665358543396
0.6240771412849426
0.6880683302879333
0.6973018050193787
0.7374624609947205
0.7122012972831726
0.6872681975364685
0.6953815817832947
0.7352120876312256
0.7474120259284973
0.5848919749259949
0.6135473847389221
0.6692391037940979
0.7041999101638794
0.7611403465270996
0.7756795287132263
0.6118025183677673
0.7454422116279602
0.6641750931739807
0.6620303988456726
0.727816641330719
0.47892218828201294
0.5405968427658081
0.8215961456298828
0.6840286254882812
0.7805914282798767
0.6245059370994568
0.714699923992157
0.36313939094543457
0.6849199533462524
0.6627948880195618
0.7359538674354553
0.5544403791427612
0.6570101380348206
0.6275110840797424
0.6786260008811951
0.6583430171012878
0.7997585535049438
0.42307281494140625
0.6514043211936951
0.4355394244194031
0.4273485541343689
0.6145001649856567
0.6871786713600159
0.7242376804351807
0.7483069896697998
0.7051156163215637
0.5086615085601807
0.6454741358757019
0.7741785645484924
0.7277160286903381
0.7643182873725891
0.50739985704422
0.757229745388031
0.609667181968689
0.6523985266685486
0.4554719924926758
0.7357466816902161
0.6100012063980103
0.72021484375
0.7065498232841492
0.7270186543464661
0.7760182619094849
0.790607750415802
0.6909496784210205
0.7216339707374573
0.4648853540420532
0.7317257523536682
0.6410729289054871
0.6486768126487732
0.6660476326942444
0.6953825354576111
0.5470923185348511
0.718280017375946
0.6314089894294739
0.6142629384994507
0.756420910358429
0.7234891057014465
0.6851206421852112
0.6646549701690674
0.6431143879890442
0.733414351940155
0.8392425179481506
0.7498274445533752
0.7441101670265198
0.6812164187431335
0.6780567169189453
0.698362410068512
0.7458667159080505
0.7573019862174988
0.6570636034011841
0.7521556615829468
0.6754949688911438
0.7618749737739563
0.4613620638847351
0.659302294254303
0.5924000144004822
0.5446122288703918
0.8018249869346619
0.7164201140403748
0.6695227026939392
0.7469533085823059
0.7247214317321777
0.7215018272399902
0.7937825322151184
0.680162250995636
0.5979046821594238
0.7921850085258484
0.6149678230285645
0.7490236163139343
0.6786461472511292
0.5764787793159485
0.762776792049408
0.647583544254303
0.6969898343086243
0.6756202578544617
0.6689924001693726
0.5613227486610413
0.5018555521965027
0.6702958941459656
0.7514168620109558
0.7326356768608093
0.7454797625541687
0.46949273347854614
0.612414538860321
0.7124499678611755
0.7777690291404724
0.6824483275413513
0.7640255093574524
0.6886948943138123
0.685389518737793
0.7230583429336548
0.7427628636360168
0.7402587532997131
0.7627444863319397
0.725182831287384
0.5477656722068787
0.6289871335029602
0.734615683555603
0.5640484094619751
0.7007322907447815
0.7552418112754822
0.7964799404144287
0.7354550361633301
0.6650258898735046
0.6021699905395508
0.7412487268447876
0.7812559008598328
0.608911395072937
0.8091333508491516
0.799144983291626
0.6981863379478455
0.5813635587692261
0.5145726799964905
0.5962063670158386
0.7582103610038757
0.6174539923667908
0.7554299235343933
0.7612596154212952
0.7148711681365967
0.7425335049629211
0.6795825362205505
0.7007888555526733
0.512075662612915
0.7508628964424133
0.7390605807304382
0.5768080353736877
0.7012882828712463
0.6800154447555542
0.635443389415741
0.7523207068443298
0.6704720854759216
0.7351527214050293
0.6849328875541687
0.6122572422027588
0.7374545931816101
0.8489319086074829
0.7122423052787781
0.6885985732078552
0.7251448035240173
0.7001351714134216
0.6115506291389465
0.5694255828857422
0.48208892345428467
0.6256769895553589
0.718292772769928
0.7435240149497986
0.6918267607688904
0.6960938572883606
0.7305218577384949
0.7967319488525391
0.7160394787788391
0.5382803678512573
0.5481419563293457
0.7435202598571777
0.745646059513092
0.8085324764251709
0.6731317043304443
0.5483720898628235
0.5009430646896362
0.6823478937149048
0.7899306416511536
0.7648194432258606
0.5704423785209656
0.6579563021659851
0.5410060882568359
0.6308755874633789
0.5250887274742126
0.7476019263267517
0.7453272938728333
0.7821640372276306
0.6797303557395935
0.7035048604011536
0.6457975506782532
0.6650040149688721
0.6929761171340942
0.5357042551040649
0.6822571158409119
0.7855249643325806
0.6934922337532043
0.7816537022590637
0.7650604844093323
0.7416591644287109
0.6564077138900757
0.7474105954170227
0.7296368479728699
0.6461289525032043
0.5621039271354675
0.7053036093711853
0.784737765789032
0.6104326248168945
0.6373972296714783
0.7102535367012024
0.7583708167076111
0.5654897093772888
0.815131425857544
0.6952275633811951
0.7095258831977844
0.7066304087638855
0.7897209525108337
0.7403715252876282
0.6152310967445374
0.5753235220909119
0.7439412474632263
0.7871322631835938
0.6772119402885437
0.4098053574562073
0.7286809682846069
0.6907060146331787
0.617077648639679
0.666808545589447
0.7969059348106384
0.6141945719718933
0.724959671497345
0.614094078540802
0.6004586219787598
0.8086014986038208
0.6973913311958313
0.8146889209747314
0.8155665993690491
0.5859312415122986
0.678108274936676
0.7522119879722595
0.8363522887229919
0.7285905480384827
0.7573661208152771
0.7067316174507141
0.7119066119194031
0.6717551350593567
0.6302861571311951
0.579154908657074
0.5282154679298401
0.6993317008018494
0.6294332146644592
0.6702190041542053
0.7944520711898804
0.6123465895652771
0.7679811120033264
0.7754334211349487
0.6515960097312927
0.5431801080703735
0.7053391337394714
0.6325123906135559
0.7159399390220642
0.6949951648712158
0.6780115962028503
0.7367542386054993
0.7294548749923706
0.7729378938674927
0.6974548697471619
0.7393873929977417
0.7213541865348816
0.5926507711410522
0.7018850445747375
0.683135986328125
0.7473456859588623
0.6499096155166626
0.5469921827316284
0.6780468225479126
0.732408881187439
0.7058754563331604
0.44915658235549927
0.6095926761627197
0.7094191312789917
0.49712347984313965
0.7566430568695068
0.49685347080230713
0.6893607974052429
0.6802181005477905
0.7609715461730957
0.8045682311058044
0.7256565690040588
0.6398839354515076
0.7207339406013489
0.6077735424041748
0.7588574886322021
0.5425558090209961
0.6615510582923889
0.7833000421524048
0.6431187987327576
0.7262764573097229
0.7052615284919739
0.7378348708152771
0.6863865852355957
0.693399965763092
0.7588902115821838
0.6702658534049988
0.6799989938735962
0.748323380947113
0.5745384097099304
0.6811097264289856
0.7134305834770203
0.7268654704093933
0.7426260709762573
0.6905240416526794
0.6928555369377136
0.6483727097511292
0.7024829983711243
0.7212685942649841
0.7322237491607666
0.7481058239936829
0.5318892598152161
0.6776459813117981
0.7716401219367981
0.6997813582420349
0.6578773856163025
0.7145574688911438
0.5698630809783936
0.6020534634590149
0.6779793500900269
0.7692880630493164
0.7528228759765625
0.7708355784416199
0.8237767219543457
0.7139171957969666
0.7553607821464539
0.6651104688644409
0.5201033353805542
0.781528115272522
0.6521989703178406
0.6899160742759705
0.6965345740318298
0.819293200969696
0.4953947067260742
0.6212043166160583
0.5061089396476746
0.7097292542457581
0.6705830693244934
0.7438170313835144
0.8180223107337952
0.6755152344703674
0.6459501385688782
0.7501963973045349
0.6910722851753235
0.6418755054473877
0.6134737133979797
0.7470391988754272
0.8385301232337952
0.7332213521003723
0.7139101624488831
0.6767914295196533
0.6934439539909363
0.4183453917503357
0.6853663921356201
0.730256974697113
0.49941277503967285
0.650366485118866
0.6634016633033752
0.7619737386703491
0.5081912875175476
0.7656158804893494
0.4827442765235901
0.6284926533699036
0.5110719799995422
0.7186481356620789
0.6369315981864929
0.7217511534690857
0.7236443161964417
0.7080236077308655
0.559066891670227
0.7453324198722839
0.7921577095985413
0.5368427634239197
0.6429777145385742
0.40245580673217773
0.7340995669364929
0.5864850878715515
0.7379235625267029
0.6403219103813171
0.48178523778915405
0.7749819159507751
0.6491418480873108
0.7222498655319214
0.6221667528152466
0.5834257006645203
0.6398101449012756
0.7859912514686584
0.49532222747802734
0.7441703081130981
0.6735308766365051
0.7311412692070007
0.45105546712875366
0.7254357933998108
0.7242497801780701
0.6557440161705017
0.7293030619621277
0.7331437468528748
0.761667788028717
0.7381653189659119
0.5681856870651245
0.7354892492294312
0.6186865568161011
0.7233545184135437
0.7724805474281311
0.6135936975479126
0.7209333777427673
0.6010622978210449
0.7575904130935669
0.7197698950767517
0.7552598118782043
0.6950688362121582
0.7413872480392456
0.7678362727165222
0.5623459219932556
0.688822329044342
0.6885936856269836
0.6733232736587524
0.7181355357170105
0.7652471661567688
0.655968189239502
0.5481013059616089
0.7602761387825012
0.6434666514396667
0.567341148853302
0.69769686460495
0.6085292100906372
0.7603337168693542
0.6203563809394836
0.7818861603736877
0.7920354008674622
0.6631471514701843
0.6630639433860779
0.6822493672370911
0.5828539729118347
0.791326642036438
0.4691445827484131
0.6707624793052673
0.7348213791847229
0.6197396516799927
0.6945026516914368
0.6370499730110168
0.6619499325752258
0.698856770992279
0.7159488797187805
0.7292106747627258
0.8062853217124939
0.5920697450637817
0.6420758962631226
0.7464579939842224
0.7198731303215027
0.7534461617469788
0.6060286164283752
0.7462712526321411
0.6358804702758789
0.6964098811149597
0.6294655203819275
0.6936370730400085
0.6584427356719971
0.5684738755226135
0.7597056031227112
0.7420629858970642
0.7842170596122742
0.6432502269744873
0.549111008644104
0.6261302828788757
0.6410934329032898
0.6585530638694763
0.6609880328178406
0.7265167236328125
0.7105271816253662
0.7177183628082275
0.765017569065094
0.5824874043464661
0.6974735260009766
0.45484715700149536
0.5478736162185669
0.6493901610374451
0.5646632313728333
0.6392762064933777
0.75152188539505
0.5329636931419373
0.6974100470542908
0.4343331456184387
0.7936727404594421
0.6449505686759949
0.5457891821861267
0.7330270409584045
0.7285371422767639
0.7506471276283264
0.7658926844596863
0.6746190786361694
0.7785646319389343
0.6910576224327087
0.7116237878799438
0.48438799381256104
0.4843639135360718
0.6923850178718567
0.6299700140953064
0.7333840131759644
0.63663250207901
0.7226072549819946
0.6859840750694275
0.7287142872810364
0.7120320200920105
0.8394601941108704
0.6906651854515076
0.7501797080039978
0.7084015607833862
0.7304350733757019
0.7194368839263916
0.7850459218025208
0.5355066061019897
0.751345694065094
0.7365018725395203
0.7396901249885559
0.6837223172187805
0.5089786648750305
0.7093372344970703
0.5483229756355286
0.7073920369148254
0.6434037685394287
0.6653717160224915
0.554385244846344
0.6143261790275574
0.553928017616272
0.6780397295951843
0.7082332968711853
0.6222846508026123
0.7206298112869263
0.7811830639839172
0.7287346124649048
0.6321873664855957
0.7583656907081604
0.7445957064628601
0.67842036485672
0.6922554969787598
0.7501903176307678
0.6437879800796509
0.5940502285957336
0.7285782694816589
0.7909892201423645
0.7142186760902405
0.6970281600952148
0.5435981750488281
0.5181734561920166
0.7159020304679871
0.7074785232543945
0.664574921131134
0.5006428360939026
0.7701767086982727
0.6666117906570435
0.6236702799797058
0.6191315054893494
0.6055326461791992
0.7883445620536804
0.5144020318984985
0.7192838788032532
0.7170386910438538
0.427092969417572
0.6257519125938416
0.7025779485702515
0.7801464200019836
0.48754167556762695
0.5865079164505005
0.5154345035552979
0.7653408050537109
0.7025390267372131
0.6942764520645142
0.7256500124931335
0.6130327582359314
0.5211462378501892
0.7087506651878357
0.6446457505226135
0.7485399842262268
0.6962248682975769
0.6798319220542908
0.7874586582183838
0.6294988989830017
0.6974979043006897
0.4863879084587097
0.715778648853302
0.7233315110206604
0.7304730415344238
0.7632854580879211
0.7038500905036926
0.7453314661979675
0.5715243816375732
0.6497381329536438
0.6606102585792542
0.7415300011634827
0.635686457157135
0.7760550379753113
0.7646939158439636
0.7210487723350525
0.5730288028717041
0.7109033465385437
0.7151405215263367
0.5828661322593689
0.5703229904174805
0.7121961712837219
0.6892526745796204
0.4247910976409912
0.6915434002876282
0.5847898721694946
0.6596607565879822
0.6763649582862854
0.821949303150177
0.6084025502204895
0.7288431525230408
0.7702668309211731
0.7043851613998413
0.4161645174026489
0.6656565070152283
0.8059037327766418
0.7188203930854797
0.6673093438148499
0.6761201620101929
0.7439379096031189
0.6575503945350647
0.7803224921226501
0.712023913860321
0.7280585169792175
0.7414800524711609
0.6396128535270691
0.7085906863212585
0.40338313579559326
0.714022159576416
0.5215005278587341
0.660331666469574
0.5856658816337585
0.7889106273651123
0.6595823764801025
0.6454055905342102
0.6238219141960144
0.7894545197486877
0.6075311303138733
0.6122893691062927
0.7486125230789185
0.48626190423965454
0.5976976156234741
0.4855853319168091
0.6469489932060242
0.7073739171028137
0.7986457943916321
0.5468983054161072
0.6624966263771057
0.7252224683761597
0.6046611070632935
0.614885687828064
0.7175129055976868
0.5358383059501648
0.6794131398200989
0.7637792825698853
0.37567317485809326
0.7056509852409363
0.878744900226593
0.6333779692649841
0.6773868203163147
0.7266649603843689
0.6972853541374207
0.7043886780738831
0.7587198615074158
0.6449459195137024
0.7359166741371155
0.6771805286407471
0.7489802241325378
0.7183636426925659
0.6940611004829407
0.6908904314041138
0.8690733313560486
0.6657001376152039
0.721393883228302
0.8117535710334778
0.6980279088020325
0.7549504637718201
0.7058060765266418
0.5704461932182312
0.6919640898704529
0.7370321750640869
0.6833638548851013
0.6908385157585144
0.719447672367096
0.6831709146499634
0.7625213265419006
0.8075477480888367
0.7099822163581848
0.7966530323028564
0.7304863333702087
0.7060456871986389
0.72746342420578
0.7937594056129456
0.7223327159881592
0.7693319916725159
0.485021710395813
0.7215341925621033
0.6605280041694641
0.7009382843971252
0.8357537388801575
0.7396240830421448
0.7689080834388733
0.8029716610908508
0.6870003342628479
0.6471459269523621
0.7072785496711731
0.7794303894042969
0.685938835144043
0.7570160627365112
0.506567656993866
0.7447618842124939
0.7104600071907043
0.6629144549369812
0.5813367962837219
0.7524980306625366
0.7362725138664246
0.6005228161811829
0.832876980304718
0.7217012047767639
0.7739375233650208
0.7273829579353333
0.7772500514984131
0.7115944623947144
0.7403468489646912
0.7038950324058533
0.7386510968208313
0.5128071308135986
0.737457811832428
0.7302770018577576
0.6924008727073669
0.48629534244537354
0.6573609709739685
0.6673375368118286
0.7090892791748047
0.7107487320899963
0.6990901827812195
0.5733852982521057
0.5929675698280334
0.7041453123092651
0.7478187680244446
0.7410752177238464
0.8175166249275208
0.7620146870613098
0.8361867070198059
0.6760894656181335
0.6632433533668518
0.7609996199607849
0.42653530836105347
0.6978906393051147
0.6915649771690369
0.7923193573951721
0.7215706706047058
0.6145365834236145
0.6893962621688843
0.7030677199363708
0.6328230500221252
0.709027111530304
0.7050121426582336
0.7127037644386292
0.5275554060935974
0.6424134373664856
0.7575046420097351
0.7017082571983337
0.7563212513923645
0.715233325958252
0.7205533981323242
0.6761118769645691
0.721419632434845
0.7186805605888367
0.6704379916191101
0.6898017525672913
0.6692591309547424
0.6756975650787354
0.6861987709999084
0.6056641936302185
0.7580175399780273
0.6704899668693542
0.6501112580299377
0.651526153087616
0.6516240239143372
0.7136632800102234
0.47301608324050903
0.700869083404541
0.7576584219932556
0.679021954536438
0.7275412678718567
0.5870766639709473
0.7339321970939636
0.7595612406730652
0.7540331482887268
0.5764264464378357
0.6933850049972534
0.5306281447410583
0.6685062646865845
0.6344723701477051
0.6611829996109009
0.7057955861091614
0.6923404932022095
0.6967295408248901
0.7241787910461426
0.7177892327308655
0.6811316013336182
0.7893962264060974
0.7073521018028259
0.6511092782020569
0.6491820812225342
0.7783800959587097
0.6876476407051086
0.6176314949989319
0.7052026391029358
0.47824782133102417
0.6854318976402283
0.749596893787384
0.6694150567054749
0.48254555463790894
0.5341626405715942
0.6568294167518616
0.6183021664619446
0.6108862161636353
0.6866225004196167
0.7159460186958313
0.7025949358940125
0.6382890939712524
0.7063050866127014
0.7051107883453369
0.7372273802757263
0.6330982446670532
0.6981061100959778
0.7610029578208923
0.5795379877090454
0.688330888748169
0.7588768601417542
0.7893669009208679
