0.2935769557952881
0.510606586933136
0.4071623384952545
0.3975306749343872
0.6098418831825256
0.45063090324401855
0.3408341705799103
0.26068633794784546
0.3035350441932678
0.28774553537368774
0.25061458349227905
0.5347674489021301
0.4982234835624695
0.4290585517883301
0.14696259796619415
0.5753045678138733
0.1862095445394516
0.29779523611068726
0.40268251299858093
0.3911529779434204
0.3253712058067322
0.30019277334213257
0.5196422934532166
0.22407086193561554
0.38547220826148987
0.4605060815811157
0.34820255637168884
0.2280421108007431
0.3476196229457855
0.13010548055171967
0.29862433671951294
0.33167028427124023
0.39992862939834595
0.07374987751245499
0.33586061000823975
0.36748361587524414
0.39510729908943176
0.2945874333381653
0.38188815116882324
0.19694942235946655
0.5215293169021606
0.4820372462272644
0.5690931081771851
0.3602682948112488
0.5062838792800903
0.40334615111351013
0.5689958333969116
0.2652842700481415
0.36488431692123413
0.4759407639503479
0.09456031769514084
0.3976474404335022
0.1768120676279068
0.322612464427948
0.37693652510643005
0.20484979450702667
0.31190669536590576
0.2501494288444519
0.35753363370895386
0.36860528588294983
0.38364943861961365
0.35968470573425293
0.3231624662876129
0.4739024043083191
0.5172666311264038
0.12106427550315857
0.379745215177536
0.4931475520133972
0.21260617673397064
0.4569236934185028
0.2991074025630951
0.371351033449173
0.32983899116516113
0.4041847884654999
0.328767865896225
0.40996524691581726
0.4304453730583191
0.4400894045829773
0.40139633417129517
0.42988988757133484
0.5348509550094604
0.3539450168609619
0.42794421315193176
0.47943195700645447
0.45400166511535645
0.34555569291114807
0.3128740191459656
0.34300941228866577
0.21808524429798126
0.45911651849746704
0.4336196780204773
0.18207602202892303
0.3192775249481201
0.21964111924171448
0.5401290059089661
0.17401725053787231
0.6003391742706299
0.3294904828071594
0.37205031514167786
0.3722398579120636
0.30535876750946045
0.45876654982566833
0.20148421823978424
0.30340737104415894
0.16215364634990692
0.35926663875579834
0.3674178123474121
0.36519181728363037
0.19278404116630554
0.5330630540847778
0.34187841415405273
0.27939707040786743
0.4567122757434845
0.42832937836647034
0.2650572657585144
0.41017651557922363
0.4223328232765198
0.31694942712783813
0.26549798250198364
0.358027845621109
0.3093312978744507
0.44047775864601135
0.44916579127311707
0.5609607100486755
0.3541718125343323
0.221278578042984
0.4401472806930542
0.4020318388938904
0.434304416179657
0.3987475037574768
0.14551664888858795
0.359164297580719
0.26223209500312805
0.29693013429641724
0.3099762499332428
0.300699919462204
0.35829293727874756
0.35019659996032715
0.2025870531797409
0.19686591625213623
0.4905848205089569
0.34353163838386536
0.45760101079940796
0.18664251267910004
0.4629160165786743
0.3953738212585449
0.4471624791622162
0.15600761771202087
0.4520745277404785
0.42034170031547546
0.44245874881744385
0.364124596118927
0.2737778425216675
0.33088910579681396
0.2957892417907715
0.210358664393425
0.3999665379524231
0.359180212020874
0.2959740161895752
0.3029733896255493
0.3111315965652466
0.4430939555168152
0.6118191480636597
0.4177020192146301
0.2589019536972046
0.4315013289451599
0.31663304567337036
0.3067867159843445
0.3229755163192749
0.36300337314605713
0.4346652626991272
0.2934359312057495
0.5518703460693359
0.4403025507926941
0.03496910631656647
0.3895888328552246
0.27222323417663574
0.368247926235199
0.31043577194213867
0.41789042949676514
0.40512335300445557
0.12738624215126038
0.3315809965133667
0.3747432827949524
0.2990034818649292
0.4093119204044342
0.27502143383026123
0.3596820533275604
0.4975857734680176
0.3164336085319519
0.4868997633457184
0.48190101981163025
0.4094918966293335
0.285896897315979
0.2558421790599823
0.42896243929862976
0.42119285464286804
0.4629114866256714
0.3814227879047394
0.3565191626548767
0.32314783334732056
0.49454909563064575
0.37184327840805054
0.26737096905708313
0.4171237349510193
0.573541522026062
0.28701144456863403
0.4086396098136902
0.4488227963447571
0.3702496290206909
0.3519786298274994
0.4642283320426941
0.18285124003887177
0.4029373228549957
0.4588744342327118
0.3587599992752075
0.3252686560153961
0.3519931435585022
0.26917213201522827
0.3922306001186371
0.35354891419410706
0.3467310667037964
0.14614056050777435
0.3839368224143982
0.3793099820613861
0.4017634391784668
0.35614436864852905
0.40967506170272827
0.32842010259628296
0.39055025577545166
0.27326929569244385
0.40790507197380066
0.46497422456741333
0.3089587688446045
0.37729161977767944
0.14767229557037354
0.5487555265426636
0.23804350197315216
0.43769046664237976
0.4049196243286133
0.36275336146354675
0.2646828293800354
0.4651526212692261
0.2992165684700012
0.45024049282073975
0.43741846084594727
0.35127967596054077
0.1988629549741745
0.35683634877204895
0.4106564521789551
0.23376110196113586
0.23692581057548523
0.5298004150390625
0.33497297763824463
0.39383724331855774
0.2926270365715027
0.352046936750412
0.40012574195861816
0.37104129791259766
0.34617382287979126
0.5146510004997253
0.18167535960674286
0.35909944772720337
0.2943834066390991
0.39329203963279724
0.2869662642478943
0.3707190752029419
0.26671651005744934
0.319684237241745
0.3928565979003906
0.4826667904853821
0.3952098488807678
0.34287798404693604
0.3783784806728363
0.4169890284538269
0.4749794006347656
0.1668851226568222
0.36112356185913086
0.3213130831718445
0.3427494168281555
0.3208938241004944
0.5181114077568054
0.38770610094070435
0.12832531332969666
0.3376404643058777
0.2940269708633423
0.32372763752937317
0.4815492630004883
0.43745794892311096
0.42148876190185547
0.28095540404319763
0.4063120186328888
0.1847143918275833
0.36801815032958984
0.23958076536655426
0.5104596018791199
0.39244434237480164
0.30644702911376953
0.4031972289085388
0.2877437472343445
0.4351191520690918
0.49878787994384766
0.17991842329502106
0.5877664089202881
0.3255667984485626
0.2832309603691101
0.22708480060100555
0.5590778589248657
0.30494630336761475
0.41403070092201233
0.3024471402168274
0.08832956850528717
0.3173232674598694
0.28894931077957153
0.45445090532302856
0.4385433793067932
0.3957323729991913
0.21026386320590973
0.3717845678329468
0.348544716835022
0.3921236991882324
0.3463456630706787
0.46926191449165344
0.3482639789581299
0.6240994930267334
0.35241666436195374
0.40577733516693115
0.39498090744018555
0.33087071776390076
0.5065720081329346
0.36990684270858765
0.42021527886390686
0.46073949337005615
0.41151612997055054
0.17748303711414337
0.35515499114990234
0.4034947156906128
0.39920902252197266
0.4062579274177551
0.39098867774009705
0.3179706931114197
0.10076973587274551
0.40969550609588623
0.29710638523101807
0.3742622137069702
0.38969671726226807
0.366651326417923
0.4780973792076111
0.12462694197893143
0.36043429374694824
0.3476157486438751
0.4794236719608307
0.44088098406791687
0.1766306608915329
0.49760282039642334
0.3375004231929779
0.2158660739660263
0.3378881812095642
0.21541886031627655
0.3086991012096405
0.3630672097206116
0.41693806648254395
0.34216395020484924
0.41782069206237793
0.43146950006484985
0.22076092660427094
0.27186334133148193
0.23722122609615326
0.03979901969432831
0.23554714024066925
0.2393908053636551
0.40199989080429077
0.15530343353748322
0.3410700559616089
0.346377432346344
0.3014426827430725
0.2667440176010132
0.353316068649292
0.42535725235939026
0.3522886633872986
0.26878875494003296
0.28182703256607056
0.340114951133728
0.522678792476654
0.40966129302978516
0.493180513381958
0.0447867289185524
0.44739866256713867
0.3956747055053711
0.35480833053588867
0.307952344417572
0.34758785367012024
0.2419194132089615
0.25214600563049316
0.43753767013549805
0.42900997400283813
0.37610822916030884
0.23854337632656097
0.32823503017425537
0.3048643469810486
0.42719095945358276
0.4292747378349304
0.5660239458084106
0.5096001029014587
0.37911319732666016
0.31118518114089966
0.2534630000591278
0.4093426465988159
0.45165687799453735
0.42885923385620117
0.29158860445022583
0.4275014400482178
0.1895221620798111
0.6107547283172607
0.5875551700592041
0.4120315909385681
0.2533658742904663
0.35743674635887146
0.432857871055603
0.2975359559059143
0.3730815052986145
0.35573986172676086
0.3944844603538513
0.32829755544662476
0.4318179488182068
0.49847477674484253
0.27203047275543213
0.3743823766708374
0.3253824710845947
0.3971835970878601
0.19143956899642944
0.2074979692697525
0.26462462544441223
0.33753883838653564
0.41546106338500977
0.48786497116088867
0.22300057113170624
0.29774290323257446
0.2581401765346527
0.3468642234802246
0.20538851618766785
0.4481962323188782
0.2902018427848816
0.3376784920692444
0.37161922454833984
0.35760748386383057
0.046199981123209
0.430969774723053
0.4239426851272583
0.36044859886169434
0.40535593032836914
0.38081446290016174
0.44360673427581787
0.41794806718826294
0.305427223443985
0.4418904483318329
0.2962488532066345
0.42025232315063477
0.32068943977355957
0.5614774227142334
0.37204867601394653
0.24309660494327545
0.32121580839157104
0.41189247369766235
0.27933749556541443
0.31413066387176514
0.4266164302825928
0.3259096145629883
0.40353065729141235
0.2658049464225769
0.30525022745132446
0.3323356509208679
0.39221757650375366
0.40195316076278687
0.38453105092048645
0.3338177800178528
0.4590680003166199
0.20530258119106293
0.44323909282684326
0.34213870763778687
0.3274688124656677
0.35970526933670044
0.4979444444179535
0.12889304757118225
0.1979614645242691
0.17637546360492706
0.19331809878349304
0.33086636662483215
0.47375303506851196
0.3802928328514099
0.31766051054000854
0.45684167742729187
0.2285260111093521
0.37275269627571106
0.3284936547279358
0.4276954233646393
0.3139832019805908
0.35089731216430664
0.43018800020217896
0.25692039728164673
0.18685106933116913
0.39480531215667725
0.4418865442276001
0.31123220920562744
0.2928437888622284
0.39903169870376587
0.21556280553340912
0.5458168983459473
0.35156816244125366
0.2898833751678467
0.1477193832397461
0.3440580666065216
0.4988720417022705
0.38954997062683105
0.5351146459579468
0.45259636640548706
0.18764865398406982
0.44723284244537354
0.42774009704589844
0.3469846248626709
0.30586618185043335
0.35968008637428284
0.26712149381637573
0.5841153860092163
0.3267856240272522
0.4453698396682739
0.3123316168785095
0.34369903802871704
0.41166433691978455
0.46704617142677307
0.5038414001464844
0.4013094902038574
0.29107242822647095
0.5133298635482788
0.3248167634010315
0.36804306507110596
0.32384157180786133
0.3614320755004883
0.34168219566345215
0.32020044326782227
0.40501868724823
0.2527012825012207
0.5649932622909546
0.30160045623779297
0.3495725393295288
0.34231477975845337
0.3427056074142456
0.5436134934425354
0.30703115463256836
0.14768517017364502
0.4688171446323395
0.3826923668384552
0.36997097730636597
0.22525183856487274
0.3457869589328766
0.3524015545845032
0.41179001331329346
0.37349551916122437
0.3409566879272461
0.3976125121116638
0.5546291470527649
0.14238478243350983
0.3896287679672241
0.30053508281707764
0.40990883111953735
0.4304186999797821
0.36360254883766174
0.5138151049613953
0.47839856147766113
0.4597962200641632
0.17989994585514069
0.40667757391929626
0.2970966100692749
0.314332515001297
0.3198389410972595
0.4271964728832245
0.12851016223430634
0.26516175270080566
0.4336766004562378
0.2535242736339569
0.29855555295944214
0.1315729171037674
0.24447806179523468
0.41116440296173096
0.389985591173172
0.3404887020587921
0.3882397413253784
0.3890000283718109
0.47777777910232544
0.5329010486602783
0.46736830472946167
0.4222898483276367
0.20903900265693665
0.32351696491241455
0.4905480742454529
0.59117192029953
0.45843467116355896
0.3848869502544403
0.3464348018169403
0.16539134085178375
0.31855279207229614
0.42422953248023987
0.4428052008152008
0.2994807958602905
0.26064327359199524
0.19605936110019684
0.24235254526138306
0.275140643119812
0.2799593210220337
0.215876504778862
0.19864274561405182
0.33611196279525757
0.26566803455352783
0.2864808440208435
0.33691197633743286
0.34641343355178833
0.13161736726760864
0.13321827352046967
0.5980199575424194
0.3723587095737457
0.38448289036750793
0.23869983851909637
0.3786284923553467
0.4512755870819092
0.3273012042045593
0.34031912684440613
0.24250483512878418
0.5624039173126221
0.15389589965343475
0.31760841608047485
0.37997496128082275
0.2978074550628662
0.30637818574905396
0.3194778561592102
0.1793561726808548
0.20845867693424225
0.21270595490932465
0.1458239108324051
0.41034239530563354
0.5364922285079956
0.362049400806427
0.3657599091529846
0.5277604460716248
0.27689453959465027
0.35377562046051025
0.20168350636959076
0.25108855962753296
0.517035961151123
0.2789115309715271
0.4441680908203125
0.45618587732315063
0.3871070146560669
0.20177969336509705
0.4175339341163635
0.4344300925731659
0.4030766189098358
0.2343466430902481
0.3813192546367645
0.3754045367240906
0.43731048703193665
0.48167723417282104
0.33820420503616333
0.22437720000743866
0.4374912977218628
0.31758826971054077
0.40688204765319824
0.4076499044895172
0.3651302456855774
0.3154560625553131
0.28697943687438965
0.4132439196109772
0.3280569314956665
0.12440004199743271
0.44347941875457764
0.4313964247703552
0.4454576373100281
0.41059401631355286
0.27839285135269165
0.5239973068237305
0.364480197429657
0.2088095098733902
0.2873985171318054
0.2499198168516159
0.31030577421188354
0.3785738945007324
0.39978647232055664
0.5004053115844727
0.5414018630981445
0.3754710257053375
0.35517871379852295
0.28505879640579224
0.21451036632061005
0.4090137481689453
0.3077104985713959
0.21994808316230774
0.44574397802352905
0.3478306531906128
0.29846638441085815
0.36171436309814453
0.5078089237213135
0.44436243176460266
0.4144512712955475
0.2896290123462677
0.1535148024559021
0.33207347989082336
0.5782545804977417
0.4268338680267334
0.24293197691440582
0.32811009883880615
0.3740188777446747
0.34862589836120605
0.37911832332611084
0.3459151089191437
0.4425767660140991
0.294467031955719
0.33645889163017273
0.2895376682281494
0.14044798910617828
0.4741070866584778
0.32390016317367554
0.4244071841239929
0.5081760883331299
0.3418484926223755
0.40098804235458374
0.37119442224502563
0.1879005879163742
0.3666897118091583
0.37724506855010986
0.3558425307273865
0.2560049891471863
0.2167326658964157
0.2675820589065552
0.15621773898601532
0.28711801767349243
0.47821444272994995
0.23206283152103424
0.41317784786224365
0.22017228603363037
0.3854885697364807
0.4054911136627197
0.2459898293018341
0.24505873024463654
0.36751648783683777
0.44111168384552
0.3793896436691284
0.5095826983451843
0.27658402919769287
0.5203611850738525
0.37456151843070984
0.4310504198074341
0.5605481863021851
0.2926640212535858
0.402346134185791
0.1556837409734726
0.5454608201980591
0.369437038898468
0.2764277458190918
0.3864538073539734
0.5225093364715576
0.31385770440101624
0.3758147954940796
0.275144100189209
0.32303386926651
0.3309016823768616
0.4181126058101654
0.5107330679893494
0.3745461106300354
0.33004260063171387
0.3953225612640381
0.4091716408729553
0.3770930767059326
0.42669448256492615
0.0971684530377388
0.3154573440551758
0.5429651737213135
0.5121837258338928
0.31570959091186523
0.2723233997821808
0.11027733236551285
0.44787508249282837
0.2860504984855652
0.41291823983192444
0.28797709941864014
0.0671769380569458
0.4025082588195801
0.3103923797607422
0.4296458959579468
0.26716965436935425
0.4159451723098755
0.32348954677581787
0.2620750665664673
0.507682740688324
0.2994251847267151
0.15236030519008636
0.24709688127040863
0.5372340679168701
0.16685397922992706
0.3484940528869629
0.46318283677101135
0.36070558428764343
0.4475342035293579
0.39712148904800415
0.250763863325119
0.5627386569976807
0.34438350796699524
0.459064245223999
0.2921087145805359
0.25883859395980835
0.3733072876930237
0.34496334195137024
0.5057118535041809
0.20864269137382507
0.39560723304748535
0.5142171382904053
0.5034826993942261
0.35881921648979187
0.3984549045562744
0.2832569479942322
0.1872035712003708
0.3327208459377289
0.4348706007003784
0.3623584806919098
0.3714326024055481
0.3630547523498535
0.3914967179298401
0.31771522760391235
0.30965590476989746
0.2743983864784241
0.07711615413427353
0.37151750922203064
0.34649163484573364
0.24173371493816376
0.30191752314567566
0.21865098178386688
0.3516847491264343
0.47079744935035706
0.4473620653152466
0.26526448130607605
0.24708198010921478
0.35867124795913696
0.26394516229629517
0.162855327129364
0.4509206712245941
0.3514077663421631
0.27096596360206604
0.3062542676925659
0.294769823551178
0.2695208787918091
0.5489908456802368
0.44473254680633545
0.44830894470214844
0.3474471867084503
0.12054503709077835
0.22998470067977905
0.36842891573905945
0.2009589970111847
0.39717668294906616
0.4841891825199127
0.2666740417480469
0.33575060963630676
0.3980000615119934
0.3454108238220215
0.4385557770729065
0.47539564967155457
0.281737744808197
0.39006179571151733
0.3734557628631592
0.3826698362827301
0.32518482208251953
0.3076707124710083
0.41424012184143066
0.3541885018348694
0.2384895533323288
0.48289135098457336
0.17249591648578644
0.24545247852802277
0.2944294512271881
0.3645920753479004
0.1387961357831955
0.2882838249206543
0.38319268822669983
0.2858933210372925
0.4798029959201813
0.1921408325433731
0.2381523698568344
0.4452188014984131
0.29054632782936096
0.26593542098999023
0.4880495071411133
0.24352990090847015
0.313320130109787
0.41107824444770813
0.25018271803855896
0.47250038385391235
0.47893646359443665
0.29154327511787415
0.39356541633605957
0.3122340142726898
0.28650200366973877
0.22297872602939606
0.4838428497314453
0.3806612491607666
0.3361859917640686
0.2699207663536072
0.2363223135471344
0.22019784152507782
0.18475405871868134
0.3608344793319702
0.3931218385696411
0.5429036021232605
0.3359508812427521
0.3683384358882904
0.3582899868488312
0.38834208250045776
0.2925507128238678
0.38886478543281555
0.38923895359039307
0.47920483350753784
0.40041935443878174
0.1671299785375595
0.37984538078308105
0.3772716522216797
0.36745259165763855
0.17551222443580627
0.32540425658226013
0.23147068917751312
0.2611304521560669
0.3796105682849884
0.44712501764297485
0.41478392481803894
0.5456785559654236
0.3484438359737396
0.2695980668067932
0.3499235510826111
0.40064117312431335
0.27672168612480164
0.4060172140598297
0.4565364718437195
0.5137850046157837
0.41013866662979126
0.37512969970703125
0.3324502408504486
0.23604406416416168
0.45135000348091125
0.514569103717804
0.5308636426925659
0.18791325390338898
0.45380929112434387
0.39710432291030884
0.39108267426490784
0.19871015846729279
0.21872933208942413
0.37083786725997925
0.2735138535499573
0.512032151222229
0.43168145418167114
0.4106271266937256
0.14244964718818665
0.35210147500038147
0.40646806359291077
0.28609251976013184
0.38709360361099243
0.43432676792144775
0.4448186159133911
0.48789525032043457
0.4189109802246094
0.4342484474182129
0.3378249406814575
0.4085046648979187
0.35260772705078125
0.42832595109939575
0.32498472929000854
0.38894224166870117
0.4372382164001465
0.40722233057022095
0.3690386414527893
0.375088095664978
0.454296350479126
0.471332848072052
0.5871744155883789
0.4182565212249756
0.4285995364189148
0.23619051277637482
0.4680866599082947
0.2758522033691406
0.3145395517349243
0.34875068068504333
0.3124804198741913
0.30952805280685425
0.5004774928092957
0.28362709283828735
0.4788174033164978
0.36037343740463257
0.4140163064002991
0.2519267201423645
0.4943698048591614
0.3848944306373596
0.4280492961406708
0.3686642050743103
0.3200063705444336
0.4660499095916748
0.4204440116882324
0.3444044291973114
0.42090773582458496
0.20964838564395905
0.25378793478012085
0.4798545837402344
0.4363013803958893
0.10751103609800339
0.5942956209182739
0.30808770656585693
0.5046221017837524
0.18372391164302826
0.47263917326927185
0.3012188673019409
0.40742525458335876
0.17325527966022491
0.22124506533145905
0.36833643913269043
0.33625471591949463
0.39803364872932434
0.25786036252975464
0.2783215045928955
0.3450516164302826
0.2598021626472473
0.2509884238243103
0.6068929433822632
0.4426838755607605
0.26788780093193054
0.2512085437774658
0.444953978061676
0.3775860071182251
0.5197997093200684
0.23496928811073303
0.3627663850784302
0.41932570934295654
0.5901179313659668
0.2941742539405823
0.35334354639053345
0.3421681821346283
0.42031213641166687
0.7168909311294556
0.27680110931396484
0.4155067801475525
0.4664571285247803
0.3359578549861908
0.3156358599662781
0.12475476413965225
0.4049263894557953
0.27507686614990234
0.49502599239349365
0.40995505452156067
0.34963560104370117
0.21486835181713104
0.3878578245639801
0.35569876432418823
0.2791168689727783
0.2607746720314026
0.34929949045181274
0.3993202745914459
0.16096381843090057
0.11958486586809158
0.3486449122428894
0.24920915067195892
0.40875044465065
0.392126202583313
0.4097124934196472
0.35634946823120117
0.34754228591918945
0.3964405059814453
0.12057638168334961
0.434867262840271
0.2658866047859192
0.3713560700416565
0.26785778999328613
0.38235270977020264
0.4157024621963501
0.33423200249671936
0.3043692708015442
0.30070769786834717
0.41142112016677856
0.23570410907268524
0.6122492551803589
0.3363313674926758
0.4051159918308258
0.2359025478363037
0.3928011357784271
0.28584977984428406
0.2964719533920288
0.39549708366394043
0.3043583333492279
0.3614985942840576
0.3056331276893616
0.30931931734085083
0.4327229857444763
0.2696521580219269
0.3823591470718384
0.3915662169456482
0.37236863374710083
0.32929742336273193
0.3387507498264313
0.7270863056182861
0.0810597613453865
0.3421182930469513
0.3377286195755005
0.4355235993862152
0.3344956040382385
0.5134553909301758
0.42525815963745117
0.4211864173412323
0.2535843253135681
0.29535922408103943
0.37335366010665894
0.4118936359882355
0.20155128836631775
0.29156693816185
0.4346752166748047
0.23687630891799927
0.513978123664856
0.13018126785755157
0.3842465877532959
0.45742267370224
0.38609564304351807
0.3697156310081482
0.40148046612739563
0.3791634440422058
0.2875056266784668
0.4261067807674408
0.3463543653488159
0.41153639554977417
0.32453298568725586
0.49017590284347534
0.30531540513038635
0.31820952892303467
0.3655666708946228
0.4697880148887634
0.34218859672546387
0.3217983841896057
0.3382989764213562
0.5256856083869934
0.3562828302383423
0.631058931350708
0.32880619168281555
0.2678601145744324
0.10677994042634964
0.16169168055057526
0.38588815927505493
0.35166847705841064
0.4003865122795105
0.3098639249801636
0.3159042000770569
0.6742242574691772
0.2608632743358612
0.31787776947021484
0.4261239767074585
0.37954047322273254
0.3462698757648468
0.2257445603609085
0.43551117181777954
0.38795557618141174
0.25546687841415405
0.4488919675350189
0.3517294228076935
0.32638388872146606
0.3285234272480011
0.39236193895339966
0.4274788796901703
0.23528100550174713
0.32161813974380493
0.2515661120414734
0.3946691155433655
0.38157519698143005
0.3429029583930969
0.47370320558547974
0.2876283526420593
0.3424912691116333
0.34566402435302734
0.3189808428287506
0.4288294017314911
0.3510901927947998
0.17196781933307648
0.3739606738090515
0.1613682508468628
0.46644026041030884
0.24917592108249664
0.054173484444618225
0.3041529655456543
0.18842633068561554
0.2572966516017914
0.36524301767349243
0.42375659942626953
0.17347101867198944
0.4024365544319153
0.4174841046333313
0.45955178141593933
0.3812151849269867
0.31452351808547974
0.3066633641719818
0.41081875562667847
0.22997891902923584
0.35009679198265076
0.46342724561691284
0.2951199412345886
0.24228674173355103
0.4063100814819336
0.32856953144073486
0.2333575338125229
0.20979835093021393
0.32383304834365845
0.4127877950668335
0.17183439433574677
0.5601106882095337
0.39232075214385986
0.3138657212257385
0.5517517924308777
0.32746726274490356
0.42343053221702576
0.43457144498825073
0.341528058052063
0.4319557547569275
0.3435482084751129
0.15541069209575653
0.40407437086105347
0.33981752395629883
0.43718528747558594
0.4870356321334839
0.46082592010498047
0.4737098217010498
0.2072545737028122
0.2562183737754822
0.35232919454574585
0.5214873552322388
0.3213118314743042
0.3558538556098938
0.39011847972869873
0.32603082060813904
0.5432955026626587
0.3368797302246094
0.3451339602470398
0.4494311809539795
0.3217727541923523
0.21168749034404755
0.24823087453842163
0.3353927731513977
0.39850202202796936
0.264074444770813
0.34232592582702637
0.09492664784193039
0.1558973640203476
0.3613158166408539
0.2639617323875427
0.4246674180030823
0.34328192472457886
0.36356833577156067
0.4035274386405945
0.4869292974472046
0.38646388053894043
0.4413187801837921
0.48832353949546814
0.44310474395751953
0.27352216839790344
0.2847750186920166
0.439566969871521
0.3620084822177887
0.3001130521297455
0.35930129885673523
0.47048431634902954
0.3637177348136902
0.39320552349090576
0.18168963491916656
0.3985125422477722
0.1395486444234848
0.3761194348335266
0.3515459895133972
0.16970418393611908
0.402423620223999
0.3878978192806244
0.524181067943573
0.4417027235031128
0.3768036365509033
0.39546555280685425
0.2540541887283325
0.5998432636260986
0.3946845829486847
0.5165371894836426
0.39646580815315247
0.1779671460390091
0.41581612825393677
0.549532949924469
0.3718520402908325
0.23682157695293427
0.35548678040504456
0.45073068141937256
0.5461978912353516
0.17083242535591125
0.3866555690765381
0.4306130111217499
0.3263007402420044
0.23204602301120758
0.2620289623737335
0.32586848735809326
0.2332993596792221
0.41653090715408325
0.37257829308509827
0.39265990257263184
0.29900217056274414
0.3166654109954834
0.30680233240127563
0.43343913555145264
0.33526796102523804
0.5824747085571289
0.34956973791122437
0.40887367725372314
0.24190954864025116
0.34600168466567993
0.2963642477989197
0.26273301243782043
0.31532371044158936
0.38137733936309814
0.3691948652267456
0.35144656896591187
0.4994347095489502
0.3766743540763855
0.381159245967865
0.24307970702648163
0.1575915515422821
0.2934688925743103
0.3065459132194519
0.3006570339202881
0.17911767959594727
0.4563978910446167
0.4154542088508606
0.31341052055358887
0.5221508741378784
0.27930793166160583
0.4320783019065857
0.3889467716217041
0.385283887386322
0.4352566599845886
0.3661589026451111
0.3014582395553589
0.12300433963537216
0.2684940993785858
0.3847014904022217
0.5131836533546448
0.286862850189209
0.3482207655906677
0.3247910141944885
0.25360116362571716
0.21433405578136444
0.4160008132457733
0.3250683546066284
0.40729236602783203
0.39890292286872864
0.4318556785583496
0.365445077419281
0.19661357998847961
0.4213288128376007
0.3689965605735779
0.36444079875946045
0.47433072328567505
0.35382401943206787
0.23833973705768585
0.16619472205638885
0.4881870746612549
0.3618730306625366
0.35924264788627625
0.2980983257293701
0.3262457847595215
0.355833500623703
0.5202865600585938
0.2806170582771301
0.4739113748073578
0.41474783420562744
0.36076295375823975
0.23184245824813843
0.3505798578262329
0.06091075390577316
0.5944783687591553
0.5083802938461304
0.41523462533950806
0.23187170922756195
0.4329509735107422
0.24456290900707245
0.1599261611700058
0.2567978799343109
0.2971482276916504
0.23356349766254425
0.33489030599594116
0.3612619638442993
0.3865512013435364
0.3285967707633972
0.1971268206834793
0.39105895161628723
0.3003455102443695
0.4401245713233948
0.4506382346153259
0.24504846334457397
0.41863203048706055
0.4798891544342041
0.42109495401382446
0.43541762232780457
0.3515409231185913
0.35706549882888794
0.3818751573562622
0.3352625370025635
0.45332276821136475
0.4765629768371582
0.3020699918270111
0.4566674828529358
0.36673539876937866
0.3460036814212799
0.25335243344306946
0.3980162441730499
0.41695114970207214
0.41360557079315186
0.44816166162490845
0.4057471752166748
0.24215438961982727
0.20395419001579285
0.5244750380516052
0.5030763745307922
0.2631779909133911
0.3708104193210602
0.326229065656662
0.36519938707351685
0.42655137181282043
0.34255337715148926
0.2831752896308899
0.28242337703704834
0.4854859709739685
0.2971067428588867
0.4218853712081909
0.29476502537727356
0.31548872590065
0.3136003911495209
0.44374483823776245
0.4444791078567505
0.1621343046426773
0.32352253794670105
0.23061691224575043
0.4583105146884918
0.2410481721162796
0.24484936892986298
0.23082904517650604
0.3095955550670624
0.3753201365470886
0.368681937456131
0.29253166913986206
0.17546306550502777
0.40627521276474
0.2614828944206238
0.3377631902694702
0.2960972189903259
0.1746261864900589
0.33056336641311646
0.3901245594024658
0.3666177988052368
0.30275818705558777
0.41298621892929077
0.1537346988916397
0.18347720801830292
0.41179418563842773
0.4717152714729309
0.3211721181869507
0.5067940354347229
0.24242554605007172
0.13520632684230804
0.4091494083404541
0.3136385381221771
0.32500067353248596
0.33596715331077576
0.43789514899253845
0.569227933883667
0.5857102274894714
0.3791276812553406
0.3556959629058838
0.2562687397003174
0.39557945728302
0.16365958750247955
0.4257528781890869
0.32045769691467285
0.23154787719249725
0.23723162710666656
0.14646437764167786
0.48860999941825867
0.42236781120300293
0.25428736209869385
0.5601485967636108
0.3650558590888977
0.5323823690414429
0.5458968877792358
0.4267721176147461
0.4619487226009369
0.377380907535553
0.32612353563308716
0.4142351746559143
0.14842337369918823
0.3452366292476654
0.39662158489227295
0.37299591302871704
0.4510384798049927
0.27875179052352905
0.2539291977882385
0.33855950832366943
0.3795998692512512
0.3176751136779785
0.3497609794139862
0.44383925199508667
0.4827900230884552
0.28838878870010376
0.4812696576118469
0.4795204699039459
0.3363187909126282
0.3829372227191925
0.3207254111766815
0.2621726989746094
0.27755114436149597
0.3667484521865845
0.2799442410469055
0.3628317713737488
0.29714834690093994
0.06418038159608841
0.27870839834213257
0.3960968255996704
0.23188306391239166
0.3746304512023926
0.44327712059020996
0.14623449742794037
0.24941296875476837
0.2890966534614563
0.21265384554862976
0.408788800239563
0.15109582245349884
0.3756570816040039
0.24711017310619354
0.357136070728302
0.434644877910614
0.2964535057544708
0.3406570553779602
0.35405170917510986
0.33380788564682007
0.26062488555908203
0.25365567207336426
0.14622487127780914
0.5412165522575378
0.4743269681930542
0.37736743688583374
0.3817673921585083
0.38465267419815063
0.43669289350509644
0.3945390284061432
0.3038501739501953
0.2985457181930542
0.2956196665763855
0.4082964062690735
0.1941828727722168
0.3069581389427185
0.5308619737625122
0.28360915184020996
0.4129067063331604
0.30206459760665894
0.3642299473285675
0.21740365028381348
0.3039117455482483
0.40607208013534546
0.3868425190448761
0.4534459412097931
0.4120009243488312
0.2574782967567444
0.48489731550216675
0.3555542528629303
0.3077160120010376
0.28794217109680176
0.35120707750320435
0.31399667263031006
0.31892067193984985
0.2647297978401184
0.47580230236053467
0.2966943085193634
0.30746975541114807
0.5069032907485962
0.3840455710887909
0.3449579179286957
0.3621061444282532
0.4164670407772064
0.5428332090377808
0.3576889634132385
0.2605256140232086
0.42748504877090454
0.2532626986503601
0.6055775284767151
0.2336096465587616
0.3603752553462982
0.3747187852859497
0.48004797101020813
0.33462297916412354
0.2941150963306427
0.2698802947998047
0.26918789744377136
0.4108368158340454
0.28202757239341736
0.34649500250816345
0.2644064724445343
0.5696390867233276
0.28700387477874756
0.45476317405700684
0.32586669921875
0.47539201378822327
0.3229769468307495
0.33728981018066406
0.48536258935928345
0.39527010917663574
0.25990813970565796
0.49247831106185913
0.36611315608024597
0.2726883888244629
0.30425649881362915
0.27776244282722473
0.43275922536849976
0.4362056851387024
0.2577716112136841
0.15831954777240753
0.37040406465530396
0.35116398334503174
0.2564927637577057
0.5743824243545532
0.25800061225891113
0.05487579479813576
0.3114613890647888
0.10179600119590759
0.3941243886947632
0.3462766706943512
0.3197135925292969
0.383945494890213
0.3949544131755829
0.43706727027893066
0.4010521173477173
0.41042861342430115
0.2453477829694748
0.36838269233703613
0.17064185440540314
0.4607583284378052
0.40412580966949463
0.36902064085006714
0.30711498856544495
0.42541033029556274
0.4409817159175873
0.3461867570877075
0.23410023748874664
0.25020086765289307
0.380989670753479
0.17612220346927643
0.38958287239074707
0.4917967617511749
0.3364928364753723
0.2473795861005783
0.4480670690536499
0.3592178225517273
0.5117634534835815
0.40677034854888916
0.3656260371208191
0.27463728189468384
0.562678873538971
0.320720374584198
0.48020631074905396
0.5179038643836975
0.49490150809288025
0.3342510759830475
0.3431108891963959
0.2167215198278427
0.22756445407867432
0.44641074538230896
0.4525623917579651
0.4268122911453247
0.22192318737506866
0.246635302901268
0.46120381355285645
0.6215285062789917
0.4851500988006592
0.25063320994377136
0.4020736515522003
0.22087617218494415
0.5123098492622375
0.4637060761451721
0.3314914107322693
0.5629560947418213
0.36126405000686646
0.3359259366989136
0.32540225982666016
0.39481595158576965
0.45060357451438904
0.33001846075057983
0.4370601773262024
0.23804619908332825
0.022882429882884026
0.3102470636367798
0.1756727248430252
0.3206467032432556
0.43642133474349976
0.4080241024494171
0.27185946702957153
0.3685482144355774
0.35964077711105347
0.2700241208076477
0.14896269142627716
0.5295487642288208
0.3739916682243347
0.2827962636947632
0.33391398191452026
0.5230698585510254
0.4454335570335388
0.2528703510761261
0.4844113886356354
0.2805420160293579
0.31799525022506714
0.10920488834381104
0.24639298021793365
0.32943445444107056
0.29597145318984985
0.20620845258235931
0.3229752779006958
0.29912257194519043
0.37657758593559265
0.2683560252189636
0.38003405928611755
0.3194730877876282
0.4122326970100403
0.3680967688560486
0.3316248059272766
0.264575719833374
0.3987007737159729
0.43172687292099
0.5016624927520752
0.32163822650909424
0.3920229971408844
0.46749329566955566
0.35328564047813416
0.3729071021080017
0.4732297360897064
0.2440905123949051
0.4909901022911072
0.21533547341823578
0.4132726788520813
0.2519672214984894
0.3589187264442444
0.24572964012622833
0.3253730833530426
0.44920727610588074
0.3775237202644348
0.23780429363250732
0.27115440368652344
0.12768203020095825
0.4500800371170044
0.38380101323127747
0.36525893211364746
0.36576002836227417
0.5510547161102295
0.31010982394218445
0.4470862150192261
0.5278223156929016
0.2161892205476761
0.3864542841911316
0.45432835817337036
0.38848626613616943
0.3481985330581665
0.35783201456069946
0.25451162457466125
0.40786612033843994
0.23852378129959106
0.27289676666259766
0.18370826542377472
0.3290354609489441
0.2983541488647461
0.5837299823760986
0.29176613688468933
0.3622591495513916
0.43717896938323975
0.3091835677623749
0.4178909659385681
0.3533575236797333
0.3646267056465149
0.2836199402809143
0.37284523248672485
0.5356183052062988
0.3250958025455475
0.1552208513021469
0.2981911599636078
0.3917233943939209
0.5323744416236877
0.36483147740364075
0.3683568239212036
0.31693363189697266
0.3991330862045288
0.26356691122055054
0.3132883608341217
0.23424258828163147
0.27243906259536743
0.33546939492225647
0.4018189311027527
0.3790430426597595
0.2177482396364212
0.28181055188179016
0.47028660774230957
0.4211483895778656
0.3723728060722351
0.40739309787750244
0.3081637918949127
0.3264123797416687
0.2663722634315491
0.3566136360168457
0.19038790464401245
0.3245112895965576
0.27649563550949097
0.18364788591861725
0.3775578439235687
0.5289527773857117
0.5439521074295044
0.39945709705352783
0.3800317049026489
0.35711580514907837
0.39589494466781616
0.35357749462127686
0.3324759602546692
0.31961727142333984
0.40784525871276855
0.10457781702280045
0.37530773878097534
0.37623560428619385
0.4722488522529602
0.36877959966659546
0.27171286940574646
0.35115012526512146
0.46593666076660156
0.32674384117126465
0.4859934151172638
0.23340024054050446
0.48963311314582825
0.38475966453552246
0.4606276750564575
0.3677247166633606
0.3533996343612671
0.08645565062761307
0.11369158327579498
0.48108169436454773
0.21928153932094574
0.29928454756736755
0.3026151657104492
0.40401163697242737
0.3485787808895111
0.4087860584259033
0.3893735408782959
0.30937737226486206
0.15707483887672424
0.3729410469532013
0.14875619113445282
0.2929004430770874
0.23304066061973572
0.32634007930755615
0.3872590661048889
0.43020308017730713
0.314798504114151
0.36593103408813477
0.21845555305480957
0.2511293590068817
0.3523956537246704
0.4872523248195648
0.39078015089035034
0.2652232348918915
0.4321199059486389
0.23687836527824402
0.2753596305847168
0.23361124098300934
0.39020323753356934
0.34019356966018677
0.3126177489757538
0.37562114000320435
0.4473789930343628
0.39306363463401794
0.42653441429138184
0.20841245353221893
0.4844529926776886
0.30804166197776794
0.27350926399230957
0.46697336435317993
0.25670862197875977
0.34759455919265747
0.21596063673496246
0.5418943166732788
0.2626088261604309
0.3352034091949463
0.05365104228258133
0.3646625876426697
0.22930727899074554
0.26936572790145874
0.17103831470012665
0.46676158905029297
0.40218454599380493
0.22199924290180206
0.3309078812599182
0.3345530033111572
0.45912909507751465
0.40592825412750244
0.41174256801605225
0.27634406089782715
0.3597285747528076
0.5186466574668884
0.2973319888114929
0.55837082862854
0.2752237915992737
0.32326263189315796
0.37299400568008423
0.4190789461135864
0.5320673584938049
0.4834679365158081
0.4327322840690613
0.34925803542137146
0.3296976089477539
0.544460654258728
0.3034285306930542
0.32828736305236816
0.3033571243286133
0.44916921854019165
0.26566949486732483
0.35003283619880676
0.40808215737342834
0.5069891810417175
0.39995718002319336
0.3247474431991577
0.2354028970003128
0.365722119808197
0.3496916890144348
0.5817626714706421
0.052763547748327255
0.40284913778305054
0.4280918836593628
0.32695338129997253
0.18817609548568726
0.3795894682407379
0.3527531027793884
0.346227765083313
0.42030996084213257
0.06375492364168167
0.4764235019683838
0.5094068646430969
0.5396167635917664
0.3872349262237549
0.21788568794727325
0.3019850254058838
0.19438177347183228
0.4153483808040619
0.28211474418640137
0.20997045934200287
0.17149053514003754
0.46474480628967285
0.5698292851448059
0.43132996559143066
0.270219624042511
0.30405130982398987
0.4586160182952881
0.38857144117355347
0.44039618968963623
0.49174362421035767
0.193236842751503
0.40613090991973877
0.2736961245536804
0.27754926681518555
0.2405419945716858
0.44236576557159424
0.15314772725105286
0.31681326031684875
0.43492138385772705
0.3889026641845703
0.25836437940597534
0.3398362398147583
0.3156718611717224
0.5492695569992065
0.41634127497673035
0.2774876356124878
0.16245849430561066
0.6232240200042725
0.3707277774810791
0.2644668519496918
0.37885594367980957
0.3066399395465851
0.3495015501976013
0.34177467226982117
0.5518447160720825
0.24945853650569916
0.3429405093193054
0.27985402941703796
0.29615190625190735
0.32079756259918213
0.2838275134563446
0.4434683918952942
0.4324342608451843
0.25721922516822815
0.3605819642543793
0.4190962314605713
0.5646954774856567
0.49778276681900024
0.4865868389606476
0.1002393290400505
0.24220633506774902
0.3089398145675659
0.39893388748168945
0.08867529779672623
0.12394721060991287
0.19016827642917633
0.43592262268066406
0.4422192871570587
0.2794916033744812
0.37072765827178955
0.4323612451553345
0.49470415711402893
0.42763081192970276
0.2788882553577423
0.4171378016471863
0.3482201099395752
0.199721559882164
0.4816770553588867
0.20596842467784882
0.3440113663673401
0.19828614592552185
0.5024880170822144
0.4032958745956421
0.3776129484176636
0.3585013449192047
0.3454211354255676
0.32508620619773865
0.6023483276367188
0.5197340250015259
0.35552799701690674
0.4412449598312378
0.48285749554634094
0.5765970945358276
0.36929816007614136
0.4019700884819031
0.33749476075172424
0.4133726954460144
0.37545010447502136
0.42447781562805176
0.4609106779098511
0.4483375549316406
0.39244604110717773
0.46645843982696533
0.15661761164665222
0.33959829807281494
0.35564884543418884
0.3017483055591583
0.38442471623420715
0.36253249645233154
0.24471236765384674
0.31887996196746826
0.2021857351064682
0.22307570278644562
0.11471700668334961
0.3979376554489136
0.5505810976028442
0.4524744749069214
0.3830408453941345
0.42518943548202515
0.16228969395160675
0.29469168186187744
0.42499518394470215
0.3707556128501892
0.1579323410987854
0.28161942958831787
0.43396568298339844
0.39726561307907104
0.32955724000930786
0.4151109457015991
0.3326212763786316
0.2498277872800827
0.37017714977264404
0.25128084421157837
0.3372952342033386
0.2467040717601776
0.2363247573375702
0.3760663866996765
0.25251585245132446
0.30534040927886963
0.2793225049972534
0.5149272680282593
0.19591455161571503
0.13232968747615814
0.49289578199386597
0.37054160237312317
0.08129522949457169
0.25500258803367615
0.45581865310668945
0.18461774289608002
0.4680757224559784
0.3836939036846161
0.1827688217163086
0.44215553998947144
0.3499276041984558
0.37268441915512085
0.2673819363117218
0.24491845071315765
0.39461106061935425
0.10316391289234161
0.475841760635376
0.5192258358001709
0.2516827881336212
0.28965604305267334
0.07185611873865128
0.3900371193885803
0.28571516275405884
0.38645726442337036
0.1107790470123291
0.433104008436203
0.35156285762786865
0.4477386176586151
0.19865311682224274
0.3420146107673645
0.2052978128194809
0.44942134618759155
0.2892264723777771
0.29963380098342896
0.3920905888080597
0.2595405578613281
0.44100260734558105
0.332846999168396
0.3642692565917969
0.30543023347854614
0.3807912766933441
0.2276383489370346
0.3982245922088623
0.47073379158973694
0.23075084388256073
0.3889058232307434
0.2911354899406433
0.4875178039073944
0.20930244028568268
0.3865651488304138
0.4073060154914856
0.22055527567863464
0.3587436079978943
0.5248110890388489
0.24691931903362274
0.2804337739944458
0.42286789417266846
0.3994893729686737
0.43585169315338135
0.36320826411247253
0.2920851707458496
0.4108038544654846
0.42336809635162354
0.2530430853366852
0.42724740505218506
0.42487210035324097
0.5124843716621399
0.3444063067436218
0.3487418293952942
0.013118932023644447
0.47954919934272766
0.3475344181060791
0.36220821738243103
0.3801024556159973
0.26363587379455566
0.31411731243133545
0.3412991166114807
0.17734502255916595
0.22537532448768616
0.409673810005188
0.38718467950820923
0.31346040964126587
0.415677547454834
0.2785688638687134
0.4067460298538208
0.14525206387043
0.49044662714004517
0.44890403747558594
0.3855537176132202
0.14361445605754852
0.3006264567375183
