0.8076486587524414
0.4928317368030548
0.29225707054138184
0.39621803164482117
0.7543843388557434
0.25944817066192627
0.6652122139930725
0.9852118492126465
0.7267459630966187
0.4991147518157959
0.7347303032875061
0.7648414373397827
0.6727569103240967
0.6422624588012695
0.6322304010391235
0.9211889505386353
0.7723953723907471
0.6341077089309692
0.564774751663208
0.6825975179672241
0.5930454730987549
0.6111272573471069
0.798805296421051
0.5461140275001526
0.5070106983184814
0.7410180568695068
0.598435640335083
0.4154917001724243
0.45854800939559937
0.6305992007255554
0.8319052457809448
0.5137076377868652
0.7104306817054749
0.723387598991394
0.37328633666038513
0.4954673945903778
0.5858303308486938
0.6641488075256348
0.8111028075218201
0.6353793144226074
1.0802388191223145
0.7991414070129395
0.9050838947296143
0.5935218930244446
0.6686335802078247
0.8939712047576904
0.7346504926681519
0.7756895422935486
0.5947416424751282
0.5241280794143677
0.38690996170043945
0.49100956320762634
0.34460335969924927
0.9030154943466187
0.2890433371067047
0.6654592752456665
0.6878556609153748
0.8985931277275085
0.8354263305664062
0.7866436839103699
0.8333208560943604
0.36468586325645447
0.5629528760910034
0.5608265995979309
0.6219130754470825
0.622975766658783
0.3796486556529999
0.37927374243736267
0.636508584022522
0.7300192713737488
0.6620635986328125
0.7624770402908325
0.9147090315818787
0.8751890063285828
0.9489712119102478
0.7263754606246948
0.5270999073982239
0.4461037516593933
0.8446767330169678
0.3766818344593048
0.4925786256790161
0.449377179145813
0.32665881514549255
0.8313568830490112
0.6854692697525024
0.8959106206893921
0.5764385461807251
0.2603144645690918
0.6063626408576965
0.8465015888214111
0.7515302896499634
0.7491226196289062
0.7529761791229248
0.8277658820152283
0.7742491960525513
0.7390339970588684
0.6515926122665405
0.5510361194610596
0.9220758080482483
0.7425739169120789
0.6604269742965698
0.5025596022605896
0.6769158840179443
0.49962249398231506
0.7995172739028931
0.4881216883659363
0.7288497686386108
0.3410685062408447
0.7741361260414124
0.8495983481407166
0.7690086364746094
0.48905256390571594
0.4645319879055023
0.7785636186599731
0.6753307580947876
0.8640998601913452
0.444536954164505
0.7915496826171875
0.7016109228134155
0.6732082962989807
0.7528421878814697
0.7171556353569031
0.7563284635543823
0.5222083330154419
0.8714339733123779
0.7464830875396729
0.8024480938911438
0.5393473505973816
1.0258398056030273
0.7255843877792358
0.7953934073448181
0.4850446283817291
0.514001727104187
0.7251380681991577
0.6576541066169739
0.521178126335144
0.19772255420684814
0.7192059755325317
0.8619754910469055
0.49935638904571533
0.7339247465133667
0.7231531143188477
1.0718196630477905
0.7897865772247314
0.4079511761665344
0.7640005350112915
0.464733362197876
0.4262477457523346
0.461893230676651
0.6290645003318787
0.5317844152450562
1.001210331916809
0.4369851052761078
0.39944031834602356
0.6563568711280823
0.7426931262016296
0.6720820665359497
0.7227072715759277
0.5957632660865784
0.5997565388679504
0.8167052268981934
0.5157840847969055
0.28310662508010864
0.7087867259979248
0.8307674527168274
0.7050204873085022
1.0785528421401978
0.5645536184310913
0.6142881512641907
0.5145738124847412
0.5073055028915405
0.5582149624824524
0.8466066122055054
0.608957052230835
0.7314536571502686
0.9045755863189697
0.559287965297699
0.7723383903503418
0.9191601276397705
0.8840877413749695
1.0031890869140625
0.5374370813369751
0.7283661961555481
0.7421826124191284
0.1705547720193863
0.5599368810653687
0.8872217535972595
0.5067942142486572
0.7358609437942505
0.6440173387527466
0.6744390726089478
0.673689603805542
0.5164318084716797
0.7674136161804199
0.7305173873901367
0.5672408938407898
0.8152797818183899
0.48467904329299927
0.8255048990249634
0.7910915613174438
0.46392375230789185
0.5496370792388916
0.9935314059257507
0.4781874120235443
0.8150745630264282
0.7293409109115601
0.5922484397888184
0.7021056413650513
0.4135609567165375
0.7114481329917908
0.6418886184692383
0.9184179306030273
0.8805480003356934
0.20457983016967773
1.0421589612960815
0.5346759557723999
1.0494003295898438
0.7777068614959717
0.8642902374267578
0.2577572464942932
0.46911677718162537
0.7322638630867004
0.7337825298309326
0.9226824641227722
0.7654524445533752
0.6462233066558838
0.4254654347896576
0.6970465183258057
0.7512450218200684
0.6682227849960327
0.6716111302375793
0.5113885402679443
0.4045744240283966
0.7998379468917847
0.6918959021568298
0.4288453161716461
0.5174808502197266
0.7940569519996643
0.4598216116428375
0.8612962961196899
0.7792929410934448
0.6863924264907837
0.4112563133239746
0.5740581750869751
0.46800991892814636
0.4405708312988281
0.8255460262298584
0.617964506149292
0.568280041217804
0.423576682806015
0.678047776222229
0.7567764520645142
0.422273725271225
0.6787753105163574
0.275917649269104
0.6401752233505249
0.5715433359146118
0.35342520475387573
0.5830895304679871
0.6812019348144531
0.917358934879303
0.7013882398605347
0.9370532035827637
0.6778281331062317
0.669403076171875
0.7462397217750549
0.7238441109657288
0.786670982837677
0.5157735347747803
0.5027871131896973
0.6120291948318481
0.1633026897907257
0.877187192440033
0.9265880584716797
0.6974160671234131
0.8259154558181763
0.9361552000045776
0.9477836489677429
0.6100066900253296
0.3970554769039154
0.4899809956550598
0.6663503050804138
0.6652631759643555
0.6891964673995972
0.3447664976119995
0.9304201006889343
0.9317444562911987
0.8525067567825317
0.8350009322166443
0.5492808818817139
0.6643748879432678
0.8910169005393982
0.816693902015686
0.8836775422096252
0.6018549203872681
0.8810169696807861
0.8720862865447998
0.6338738799095154
0.81235671043396
0.7147005796432495
0.42407575249671936
0.38795188069343567
0.6028455495834351
0.6268247365951538
0.6015537977218628
0.8517820835113525
0.9434521198272705
0.6628545522689819
0.47710517048835754
0.7557935118675232
0.52550208568573
0.4790262281894684
0.6405856609344482
0.7330536246299744
0.5065833926200867
0.3867785334587097
0.8968721628189087
0.6435331702232361
0.8320272564888
0.588285505771637
0.5377121567726135
0.8921552896499634
0.6050252914428711
0.6502624154090881
0.376209557056427
0.6230931878089905
0.8803186416625977
0.22504663467407227
0.778887927532196
0.8363596796989441
0.8666232824325562
0.7926381230354309
0.73670494556427
0.8554977178573608
0.49190157651901245
0.8846648335456848
0.6672845482826233
0.3514106571674347
0.7263715267181396
0.4758853614330292
0.7705637216567993
0.7008551359176636
0.7290018796920776
0.6524150967597961
1.013201355934143
0.8677595257759094
0.5062322616577148
0.6282614469528198
0.785846471786499
0.7068195343017578
0.5839174389839172
0.7782770395278931
0.46959033608436584
0.6942828893661499
0.6315056681632996
0.784921407699585
0.6558568477630615
0.8073469996452332
0.37693002820014954
0.6393882036209106
0.46153903007507324
0.444595068693161
1.0002825260162354
0.8163411021232605
0.4851960241794586
0.8255669474601746
0.7450544834136963
1.0846531391143799
0.4567529261112213
0.5982578992843628
0.6325995922088623
0.5763476490974426
0.38224777579307556
0.8227488398551941
0.5494532585144043
0.8487681746482849
0.6977636218070984
0.06963114440441132
0.8944092988967896
0.8275207281112671
0.3789791166782379
0.7414975762367249
0.9007869362831116
0.9009063243865967
0.8354635834693909
0.410329669713974
0.4140213131904602
0.8705247640609741
0.6387239694595337
0.8075855374336243
0.658378541469574
0.5357358455657959
0.7793903946876526
0.8406141996383667
0.6852142214775085
0.8292120695114136
0.7676315307617188
0.7214003801345825
0.4051002860069275
0.5989094972610474
0.7585266828536987
0.6235553026199341
0.8139088749885559
0.35206761956214905
0.8543187379837036
0.695846438407898
0.932762086391449
0.609726071357727
0.5250359177589417
0.8752279281616211
0.7296003699302673
0.9033121466636658
0.4854387938976288
0.7599995732307434
0.6699697375297546
0.5966660976409912
0.7187701463699341
0.8489501476287842
0.7177060842514038
0.5543210506439209
0.9515393376350403
0.8878293037414551
0.4046999514102936
0.44779205322265625
0.8174874782562256
0.8002110719680786
0.9472699761390686
0.47586458921432495
0.6799536943435669
0.7827796339988708
0.3980945646762848
0.3764922320842743
0.8007671236991882
0.7637545466423035
0.41494232416152954
0.8426882028579712
0.7640560865402222
0.2515074610710144
0.6398472785949707
0.55605548620224
0.6549491286277771
0.7866443991661072
0.761940598487854
0.9690843224525452
0.765160322189331
0.15776388347148895
0.39679884910583496
0.6345722079277039
0.7543337345123291
0.40263473987579346
0.8557752370834351
0.24653120338916779
0.7655413746833801
0.5753132700920105
0.7594302296638489
0.9683708548545837
0.5673606395721436
0.8096938133239746
0.5999898910522461
0.7899132370948792
0.6400682926177979
0.8370082974433899
0.5189274549484253
0.3130815923213959
0.9034436345100403
0.8310957551002502
0.4030613899230957
0.5588425993919373
0.44276735186576843
0.7535595893859863
0.9149115681648254
0.48523053526878357
0.10551798343658447
0.7454286217689514
0.897807776927948
0.7353307604789734
0.6293359994888306
0.9156188368797302
0.2591174840927124
0.4143569767475128
0.5105892419815063
0.14540274441242218
0.6622054576873779
0.8464472889900208
0.8249011039733887
0.5354064702987671
0.8807569146156311
0.38805824518203735
0.794677197933197
0.7730792164802551
0.16670376062393188
0.25100287795066833
0.7460178136825562
0.7959277033805847
0.5450766682624817
0.8474036455154419
0.27629345655441284
0.43050238490104675
0.5172531008720398
0.7882717847824097
0.6202992796897888
0.5269081592559814
0.5478557348251343
0.7923377156257629
0.918096125125885
0.6058247089385986
0.6696324944496155
0.3392294645309448
0.7686907649040222
0.5834130048751831
0.6082034707069397
1.0526435375213623
0.7441909909248352
0.6702039241790771
0.3658604621887207
0.776224672794342
0.8142324090003967
0.6845797896385193
0.5350356698036194
0.3506503999233246
0.47066402435302734
0.9668977856636047
0.6925394535064697
0.7625613212585449
0.6405385136604309
0.8214795589447021
0.3960745632648468
0.7503247261047363
0.8004961609840393
0.6264790296554565
0.7297393679618835
0.40831539034843445
0.653773844242096
0.8932422995567322
0.688364565372467
0.7771224975585938
0.5050726532936096
0.7656515836715698
0.9541880488395691
0.6023443341255188
0.2734580934047699
0.7920958995819092
0.26317843794822693
0.5165565609931946
0.47455230355262756
0.4047161042690277
0.6788986921310425
0.7368824481964111
0.832319974899292
0.6910812258720398
0.8254702687263489
0.30873480439186096
0.32760804891586304
0.5059787034988403
0.1953778862953186
0.3848016560077667
0.6655130386352539
0.9382262229919434
0.35350459814071655
0.5571241974830627
0.46430742740631104
0.8611882328987122
0.8718435764312744
0.811380922794342
0.8527891635894775
0.760938823223114
0.4876613914966583
0.8104428052902222
0.8305068016052246
0.44224607944488525
0.6857379674911499
0.909316897392273
0.4008373022079468
0.7868115901947021
0.8220171332359314
0.20755301415920258
0.6793993711471558
0.6738942861557007
0.9876041412353516
0.2566251754760742
0.667995035648346
0.3720874786376953
0.7292872071266174
0.5621850490570068
0.4824775159358978
0.506271243095398
0.9568163156509399
0.6756258010864258
0.3230736255645752
0.16613632440567017
0.9170511960983276
0.40339764952659607
0.5587230920791626
0.8894577622413635
0.5450050830841064
0.6321099400520325
0.7854405641555786
0.6653360724449158
0.6887975931167603
0.8021233081817627
0.7553116083145142
0.7298798561096191
0.4448889493942261
1.0575029850006104
1.0045132637023926
0.6928452253341675
0.7872506380081177
0.7926498055458069
0.713875412940979
0.5887143611907959
0.9752745628356934
0.9528288245201111
0.8883035182952881
0.6087954044342041
0.7569339275360107
0.6513411998748779
0.9724193811416626
0.7248688340187073
0.39437103271484375
0.8910924792289734
0.6114583015441895
0.5589476227760315
0.828153133392334
0.8652244806289673
0.6032474637031555
0.7568073272705078
0.831102728843689
0.7188262939453125
0.7910230159759521
0.9878138899803162
0.8803608417510986
0.7086966037750244
0.25828099250793457
0.8188802599906921
0.43218010663986206
0.6130601763725281
0.6358283162117004
0.5424174666404724
0.3983941078186035
0.5892335772514343
0.310511976480484
0.7263786792755127
0.3658289611339569
0.5688997507095337
0.7683051228523254
0.8165355920791626
0.250421404838562
0.7183881998062134
0.7562568187713623
0.7445369958877563
0.922761082649231
0.6252767443656921
0.6520930528640747
0.22358821332454681
0.3206462264060974
0.9505938291549683
0.8199241757392883
0.5527623295783997
0.4776747524738312
0.7655376195907593
0.6549742221832275
0.6361379027366638
0.8517221808433533
0.5519038438796997
0.6405633091926575
0.0858965665102005
0.6566632390022278
0.2692517340183258
0.7073962688446045
0.7908656597137451
0.9637709856033325
0.429229736328125
0.6700242757797241
0.8408205509185791
0.38451993465423584
0.674430787563324
0.25797849893569946
0.8228419423103333
0.8586574196815491
0.5220290422439575
0.7196619510650635
0.876081109046936
0.7398115396499634
0.6734156012535095
0.7611874341964722
0.6056072115898132
0.7185790538787842
0.4668596088886261
0.39700940251350403
0.36118632555007935
0.6849308609962463
0.753130316734314
0.35114434361457825
0.512096643447876
0.20789320766925812
0.7704949975013733
0.7484015226364136
0.5405352115631104
0.6367624402046204
0.36968767642974854
0.2897592782974243
0.6921128034591675
0.780060887336731
0.7231549024581909
0.721476674079895
0.355057030916214
1.0036423206329346
0.5871264934539795
0.3915248513221741
0.9326940774917603
0.7469664216041565
0.6263785362243652
0.662815272808075
0.7086191773414612
0.4914831221103668
0.7993687987327576
0.8494421243667603
0.7810606956481934
0.5846701264381409
0.5741792321205139
0.5988671779632568
0.46730685234069824
0.8837411403656006
0.506938636302948
0.3139597475528717
0.586712658405304
0.9157366156578064
0.8485884666442871
0.9917104244232178
0.7464478015899658
0.824122428894043
0.5968337059020996
0.8932005167007446
0.557703971862793
0.36619803309440613
0.7535255551338196
1.0230587720870972
0.9449322819709778
0.8297201991081238
0.23262105882167816
0.732417643070221
0.2193332016468048
0.8092952370643616
0.4523972272872925
0.7748956680297852
0.2515701651573181
0.6687694191932678
0.6930011510848999
0.7223572134971619
0.25287386775016785
0.7853657007217407
0.6225311756134033
0.7481006383895874
0.5975014567375183
0.8990507125854492
0.5274083018302917
0.7538211345672607
0.9139529466629028
0.6754811406135559
0.7922656536102295
0.7727209329605103
0.7191745638847351
0.45264092087745667
0.33655068278312683
0.6586854457855225
0.8634490966796875
0.6266932487487793
0.49081820249557495
0.6587564945220947
0.9923210740089417
0.40565529465675354
0.7408126592636108
0.674761950969696
0.7530637979507446
0.8123069405555725
0.7720776796340942
0.8996610045433044
0.6302156448364258
0.759920597076416
0.704247236251831
0.40868136286735535
0.806991696357727
0.415279358625412
0.7643721103668213
0.9507798552513123
0.8514885902404785
0.4112703502178192
0.6866940855979919
0.6528249979019165
0.7115511894226074
0.4738115966320038
0.8293873071670532
0.9534385800361633
0.8315432667732239
1.0220098495483398
0.6154453754425049
0.9913902878761292
0.7779325246810913
0.09840179234743118
0.6485183835029602
0.6433452367782593
0.77359938621521
0.5456399917602539
0.48654529452323914
0.6542085409164429
0.6790819764137268
0.726900577545166
0.7616752982139587
0.7041490077972412
0.846333384513855
0.7681368589401245
0.8096898198127747
0.9218648076057434
0.8976365923881531
0.9187073707580566
0.7279468774795532
0.8794487118721008
0.7028553485870361
0.6478833556175232
0.3666398823261261
0.8564493060112
0.5810341835021973
0.5499006509780884
0.6940754055976868
0.649416983127594
0.5837911367416382
0.8888360261917114
0.40572360157966614
0.6253180503845215
0.591459333896637
0.1999458372592926
0.670207142829895
0.895894467830658
0.6199596524238586
0.3892177939414978
0.8153736591339111
0.7657607793807983
0.9436058402061462
0.8459587097167969
0.6240659952163696
0.596436619758606
0.8602691292762756
0.8271306157112122
0.8717569708824158
0.7588253021240234
0.7808868885040283
0.3220917880535126
0.9561961889266968
0.31460511684417725
0.443922221660614
0.5012212991714478
0.5604648590087891
0.5990183353424072
0.2773359715938568
0.673408031463623
0.42059656977653503
0.7753666639328003
0.2616160809993744
0.5533725023269653
0.40721893310546875
0.5874391794204712
0.21694982051849365
0.37279409170150757
0.17244070768356323
0.6239923238754272
0.33138060569763184
0.7512277364730835
0.5769071578979492
0.5249775052070618
0.6301143765449524
0.7691623568534851
0.7468973398208618
0.874993622303009
0.8109657168388367
0.6423735618591309
0.5455387830734253
0.8123161196708679
0.8825947046279907
0.7276383638381958
0.7903875112533569
0.963447630405426
0.6800525188446045
0.12266066670417786
0.9320298433303833
0.702311635017395
0.9024860262870789
0.7429544925689697
0.47423359751701355
0.9212782382965088
0.9368877410888672
0.5181066989898682
0.21827444434165955
0.9081583023071289
0.7134308218955994
0.7792407870292664
0.2574188709259033
0.6023249626159668
0.8105146884918213
0.416963666677475
0.5586572885513306
0.4334397614002228
0.733090877532959
0.47407305240631104
0.6618711948394775
0.9357026815414429
1.0280340909957886
0.6557593941688538
0.8065298795700073
0.36054426431655884
0.7490766644477844
0.5399810075759888
0.5797542929649353
0.84891277551651
0.7926111221313477
0.7009516954421997
0.603499174118042
0.13595812022686005
0.9243598580360413
0.6387783885002136
0.7937920093536377
0.6508820056915283
0.6777638792991638
0.531424880027771
0.921776533126831
0.8350841999053955
0.8304126262664795
0.745812177658081
0.9693828225135803
0.8905998468399048
0.27469053864479065
0.5242198705673218
0.5488061904907227
0.7332378625869751
0.9221798777580261
0.827305793762207
0.6767562627792358
0.8422404527664185
0.47149458527565
0.5803070664405823
0.34423792362213135
0.5571774840354919
0.7825479507446289
0.7085886001586914
0.02437293715775013
0.5745494365692139
0.7855762839317322
0.6675907373428345
0.3343554437160492
0.4618302881717682
0.849256157875061
0.8901703357696533
0.7059840559959412
0.3559049069881439
0.7568714618682861
1.0522150993347168
0.8488686084747314
0.5186359882354736
0.7384700775146484
0.8176056146621704
0.6981170177459717
0.32820308208465576
0.2564713656902313
0.5285676717758179
0.7238263487815857
0.7651906609535217
0.3055860102176666
0.6540940999984741
0.6584895849227905
0.5935434699058533
0.5641864538192749
0.16956065595149994
0.6165579557418823
0.6753889322280884
0.26891547441482544
0.5416767001152039
0.4428388178348541
0.9950215816497803
0.8062300682067871
0.4556446373462677
0.3209787607192993
0.6174421310424805
0.7113422751426697
0.876857578754425
0.7693568468093872
0.8576779365539551
0.0844937190413475
0.7444291114807129
0.8108425736427307
0.528538703918457
0.2832534611225128
0.4836568534374237
0.7870652675628662
0.6831963062286377
0.6528420448303223
0.6984251737594604
0.41309043765068054
0.3833802044391632
0.3968680500984192
0.7066322565078735
0.15845999121665955
0.2526465654373169
0.8109022974967957
0.7524541616439819
0.5020142197608948
0.5707975625991821
0.647101879119873
0.4159521460533142
0.7214016914367676
0.5810644030570984
0.6090384721755981
0.7169541716575623
0.7584152221679688
0.9889028072357178
0.8732919692993164
0.5141721367835999
0.4276359975337982
0.808340847492218
0.22867417335510254
0.850448489189148
0.7730278372764587
0.9011685252189636
0.7339773178100586
0.2696617841720581
0.8680629730224609
0.4538642466068268
0.8245264887809753
0.7390685677528381
0.7629703879356384
0.35719728469848633
0.8825401067733765
0.9557862281799316
0.47050508856773376
0.8476155996322632
0.8263176083564758
0.45904991030693054
0.8744465708732605
0.8892567157745361
0.8608644604682922
0.5107250213623047
0.7772642374038696
0.7981581091880798
0.4699322283267975
0.8229470252990723
0.47523051500320435
0.5370500683784485
0.7852230668067932
0.6258394718170166
0.3886198401451111
0.7356577515602112
0.7214169502258301
0.8289432525634766
0.7800134420394897
0.8016805052757263
0.8948367238044739
0.6326361894607544
0.3230699896812439
0.6415231227874756
0.46745267510414124
0.26495400071144104
0.884071409702301
0.660817563533783
0.7645003199577332
0.8346118927001953
0.7754854559898376
0.6609454154968262
0.44872918725013733
0.8898335695266724
0.7227684259414673
0.7471358776092529
0.5561884641647339
0.8212918043136597
0.6974276900291443
0.8776047825813293
0.37073782086372375
0.6116207838058472
0.7068358659744263
0.17766377329826355
0.8123279809951782
0.9575135111808777
0.6605998873710632
0.6057162284851074
0.8239797353744507
0.40208205580711365
0.967179536819458
0.4865063428878784
0.6720951795578003
0.20364129543304443
0.5195399522781372
0.3425210416316986
0.5903350710868835
0.6266376972198486
0.8042790293693542
0.7862849831581116
0.5803399085998535
0.7491671442985535
0.5815639495849609
0.7070068120956421
0.6598166823387146
0.8041496276855469
0.8483031392097473
0.6444228887557983
0.20013214647769928
0.3633984625339508
0.7193241119384766
0.34586039185523987
0.7354812622070312
0.7097917795181274
0.2575892508029938
0.4907948076725006
0.7829558253288269
0.7946887016296387
0.8728692531585693
0.6019961833953857
0.7661004662513733
0.8755670189857483
0.9131218194961548
0.39448603987693787
0.767032265663147
0.3432859778404236
0.7744562029838562
0.7639212012290955
0.1812644600868225
0.42718493938446045
0.6687933802604675
0.5151117444038391
0.7257720828056335
0.5569318532943726
0.7431917786598206
0.9014945030212402
0.6312843561172485
0.6928051710128784
0.810535728931427
0.8600937128067017
0.8986378312110901
0.732846736907959
0.9786661863327026
0.1479664146900177
0.8082549571990967
0.8136694431304932
0.9889837503433228
0.8814266324043274
0.4768809378147125
0.5328003168106079
0.7623916864395142
0.893310010433197
0.9175308346748352
0.6255531311035156
0.7789586186408997
0.6941304206848145
0.2542473077774048
0.7512058019638062
0.26719388365745544
0.6831107139587402
0.14637023210525513
0.25358203053474426
0.8287960290908813
1.0281989574432373
0.871758222579956
0.40673163533210754
0.8945755958557129
0.19509120285511017
0.4975126385688782
0.9053268432617188
0.47002577781677246
0.8022566437721252
0.7434321641921997
0.7243776321411133
0.746998131275177
0.46612462401390076
0.6105718612670898
0.5212942361831665
0.6986868381500244
1.0022035837173462
0.33912718296051025
1.0270564556121826
0.7908324003219604
0.7574501037597656
0.8453882932662964
0.2959900498390198
0.629485011100769
0.6948971152305603
0.5789716839790344
0.6666148900985718
0.7238649725914001
0.7573995590209961
0.3654824495315552
0.8810313940048218
0.5518419742584229
0.44329187273979187
0.9626116752624512
0.3665485084056854
0.7017312049865723
0.6336748600006104
0.698476254940033
0.3367689251899719
0.5607150197029114
0.7658044099807739
0.6454734802246094
0.6511601209640503
0.713992714881897
0.4515378177165985
0.8676396608352661
0.8958146572113037
0.2429375797510147
0.6264085173606873
0.5300104022026062
0.23148271441459656
0.5741651058197021
0.7309515476226807
0.5414317846298218
0.5235828757286072
0.8652399778366089
0.43236276507377625
0.931226909160614
0.8798655867576599
0.3839758336544037
0.6483287811279297
0.7366114258766174
0.8963615894317627
0.704744815826416
0.32872605323791504
0.6330325603485107
0.6576007604598999
0.7977235913276672
0.5658695101737976
0.7609717845916748
0.22989457845687866
0.7238146066665649
0.5624368190765381
0.8462771773338318
0.5022640824317932
0.6572140455245972
0.805892825126648
0.7342678308486938
0.7544246912002563
1.086333155632019
0.9253072738647461
0.6663301587104797
0.8447757959365845
0.7569977045059204
0.8809173703193665
0.7708842754364014
0.8935972452163696
0.7552043199539185
0.7343288660049438
0.494201123714447
0.31215009093284607
0.2733592391014099
0.7875794172286987
0.6840800642967224
0.7073617577552795
0.3880190849304199
0.4639115333557129
0.31355521082878113
0.7394710183143616
0.5672245025634766
0.23263975977897644
0.8456982970237732
0.7101235389709473
0.5871045589447021
0.3750632107257843
0.852042555809021
0.36581653356552124
0.7524436712265015
0.6913123726844788
0.2569727301597595
0.18964706361293793
0.5832253694534302
0.9135417938232422
0.9177753925323486
0.7116901278495789
0.8898413181304932
0.7788893580436707
0.7938750386238098
0.6850276589393616
0.787804901599884
0.38369861245155334
0.5852577686309814
0.6712482571601868
0.6345982551574707
0.6966421604156494
0.4506699740886688
0.713413655757904
0.7863223552703857
0.6150972843170166
0.8605414628982544
0.19488823413848877
0.9867579936981201
0.33625152707099915
0.6440209746360779
0.7801095843315125
0.8107244968414307
0.08338494598865509
0.5817211866378784
0.5953549146652222
0.4971703290939331
0.7167418003082275
0.6814371347427368
0.46584397554397583
0.7810733914375305
0.4116651117801666
0.5996142625808716
0.3780544102191925
0.009881014004349709
0.41079697012901306
0.5300049781799316
0.36344054341316223
0.6916603446006775
0.7843067646026611
0.3226882815361023
0.14554667472839355
0.6638329029083252
0.7401415109634399
0.3000553548336029
0.31887826323509216
0.7825905680656433
0.7217329740524292
0.619683563709259
0.7711567878723145
0.6520538926124573
0.27129337191581726
0.2921903431415558
0.6397091746330261
0.7925024628639221
0.753802478313446
0.8903982043266296
0.45810580253601074
0.6133972406387329
0.6977613568305969
0.6640541553497314
0.5081148147583008
0.43178412318229675
0.2907927632331848
0.44855979084968567
0.7662743330001831
0.6302350759506226
0.3416542112827301
0.8411284685134888
0.7984658479690552
0.8537420034408569
0.7930169105529785
0.9320653080940247
0.610069751739502
0.6264115571975708
0.23782888054847717
0.4567212462425232
0.5918058156967163
0.3369278907775879
0.7848614454269409
0.8424690961837769
0.254428505897522
0.5922338962554932
0.5350326895713806
0.39702776074409485
0.8283225297927856
0.9969218969345093
0.29293161630630493
0.23577231168746948
0.5995856523513794
0.7139638066291809
0.5516895651817322
0.6390525102615356
0.7742868661880493
0.8347380757331848
0.2739534080028534
0.7322310209274292
0.6117607355117798
0.923095703125
0.8298470377922058
0.47819119691848755
0.7662914991378784
0.6922049522399902
0.9972066879272461
0.6582178473472595
0.6187113523483276
0.6978135108947754
0.8307955265045166
0.7677971720695496
0.8772743344306946
0.5673782825469971
0.6806014180183411
0.8286921381950378
0.65733402967453
0.33901673555374146
0.4583398103713989
0.7374827861785889
0.7059401869773865
0.907653272151947
0.3671567142009735
0.5791090726852417
0.7943434715270996
0.7101317644119263
0.7002091407775879
0.44663384556770325
0.4663129150867462
0.7015999555587769
0.2311718463897705
0.8095762729644775
0.6298156380653381
1.0661430358886719
0.640579104423523
0.7036981582641602
0.6701767444610596
0.7826281785964966
0.9054489135742188
0.4891248643398285
0.5198627710342407
0.4696316123008728
0.5217840671539307
0.5884660482406616
0.4610942006111145
0.6942087411880493
0.7277803421020508
0.6562021374702454
0.5997718572616577
0.6647059321403503
0.46380743384361267
0.8818755149841309
0.745261549949646
0.8542760610580444
0.7056014537811279
0.3860433101654053
0.628757119178772
0.42296767234802246
0.8577569723129272
0.4905101954936981
0.6475821733474731
0.868359386920929
0.807140052318573
0.648699164390564
0.9232932329177856
0.6796647310256958
0.8449337482452393
0.8958932757377625
0.6533222198486328
0.7616285085678101
0.2537094056606293
0.7923018336296082
0.9196714758872986
0.5404554009437561
0.8424825668334961
0.5214419364929199
0.7129395008087158
0.897222638130188
0.7387423515319824
0.46154749393463135
0.8051957488059998
0.750591516494751
0.7954384088516235
0.5852770209312439
0.652188241481781
0.694412887096405
0.5309669971466064
0.7945518493652344
0.4365367293357849
0.8665701150894165
0.8099316358566284
0.6658496856689453
0.747308611869812
0.7528266906738281
1.0276964902877808
0.7566927671432495
0.3032577335834503
0.37448522448539734
0.7236260771751404
0.909018874168396
0.6104022860527039
0.8622139692306519
0.2954489290714264
0.22502613067626953
0.44589757919311523
0.6652241349220276
0.6707053184509277
0.5975878238677979
0.8580765724182129
0.9409892559051514
0.6956995129585266
0.7035371661186218
0.7382366061210632
0.45328450202941895
0.23953786492347717
0.6107414960861206
0.691003143787384
0.9748481512069702
0.6053320169448853
0.8144534826278687
0.773709237575531
0.7023813724517822
0.6996346712112427
0.8920127153396606
0.4157547652721405
0.5372463464736938
0.9233694076538086
0.7625619173049927
0.41198572516441345
0.558149516582489
0.23181061446666718
0.48620936274528503
0.7370424270629883
0.36542245745658875
0.8674212694168091
0.9113726615905762
0.9419723749160767
0.8192399740219116
0.837860107421875
0.7841773629188538
0.5224071145057678
0.808010995388031
0.42898160219192505
0.48038649559020996
0.6570990681648254
0.802757978439331
0.4904481768608093
0.9284104704856873
0.6925464272499084
0.6074950695037842
0.9557414650917053
0.8365404009819031
0.5874364972114563
0.7807936668395996
0.5058550238609314
0.2999795973300934
0.6522814035415649
0.42667484283447266
0.5858099460601807
0.759558916091919
0.7549459338188171
0.34146198630332947
0.5443520545959473
0.7278052568435669
0.6094319224357605
0.7873084545135498
0.7935704588890076
0.8041085004806519
0.0511380136013031
0.5332322120666504
0.7890318036079407
0.7486344575881958
1.0606470108032227
0.8139370679855347
0.9042728543281555
0.7537199854850769
0.8843451738357544
0.804502010345459
0.7624797821044922
0.5205326676368713
0.7481891512870789
0.2322940230369568
0.6300007104873657
0.6778284907341003
0.8606266975402832
0.9566894769668579
0.7240735292434692
0.7483490705490112
0.5963207483291626
0.8606756925582886
0.8730741739273071
0.8035463094711304
0.5085176229476929
0.7117500305175781
0.6852388381958008
0.9917559623718262
0.6442303657531738
0.7275643348693848
0.635563850402832
0.7214533090591431
0.4525942802429199
0.5929909944534302
0.22492548823356628
0.8618329167366028
0.29988622665405273
0.30863893032073975
0.3968650698661804
0.9220890998840332
0.883171796798706
0.8600085377693176
0.6628948450088501
0.8002282977104187
0.5928733944892883
0.48208552598953247
1.0051496028900146
0.5456964373588562
0.7483154535293579
0.17970260977745056
0.18981872498989105
0.8247195482254028
0.6009942293167114
0.20752041041851044
0.8423982262611389
0.6080501079559326
0.7387653589248657
1.026726245880127
0.5182148218154907
0.5404630303382874
0.7429031133651733
0.4611609876155853
0.12163844704627991
0.5024524927139282
0.505237340927124
0.6423450112342834
0.5763323307037354
0.39437276124954224
0.8079488277435303
0.9070920348167419
0.7636421918869019
0.8125667572021484
0.9836324453353882
0.4403495490550995
0.26680824160575867
0.7786325216293335
0.7636697292327881
0.8429085612297058
0.8238421678543091
0.7325652241706848
0.1683216094970703
0.4750998318195343
0.8812854290008545
0.7877975702285767
0.7122275829315186
0.8279222249984741
0.39051780104637146
0.773642897605896
0.850124716758728
0.9117145538330078
0.7013549208641052
0.46682271361351013
0.7804079055786133
0.7386078834533691
0.22614440321922302
0.30754032731056213
0.5733764171600342
0.9707162976264954
0.3719066083431244
0.3268401026725769
0.7429950833320618
0.7720120549201965
0.6489962935447693
0.9007996916770935
0.8603655695915222
0.46438267827033997
0.9605562090873718
0.7800249457359314
0.8770473599433899
0.7552580833435059
0.5998556613922119
0.9406751394271851
0.22804959118366241
0.6062180995941162
0.7754868268966675
0.2714620530605316
0.49247315526008606
0.6564962863922119
0.6882563829421997
0.5525287389755249
0.8342722654342651
0.9447861909866333
0.7947337627410889
0.8159119486808777
0.7551289200782776
0.2959544360637665
0.5917220115661621
0.6473182439804077
1.0406461954116821
0.7858548164367676
0.374737411737442
0.5840979814529419
0.29560115933418274
0.9244130849838257
0.6882538199424744
0.9452008008956909
0.7884781360626221
0.47595131397247314
0.30521440505981445
0.7768505811691284
0.3135569095611572
0.7821819186210632
0.8871403932571411
0.7276585102081299
0.7683390974998474
0.5031341910362244
0.5324861407279968
0.6204828023910522
0.7732623815536499
0.9094113111495972
0.8651890158653259
0.708053469657898
0.4978279769420624
0.7836178541183472
0.6409702301025391
0.960797905921936
1.023963451385498
0.31015026569366455
0.5532128810882568
0.8323606252670288
0.7147237062454224
0.6753703355789185
0.6418694257736206
0.8191240429878235
0.6988871097564697
0.7851263880729675
0.8996110558509827
0.7755405902862549
0.9506815671920776
0.4079039692878723
0.8564728498458862
0.7470763921737671
0.4637645483016968
0.7473345994949341
0.6953836679458618
0.6576766967773438
0.4654090106487274
0.5929272770881653
0.8529329895973206
0.7820510864257812
0.5214206576347351
0.8400871753692627
0.7132420539855957
0.5581246018409729
0.4490068256855011
0.7599698305130005
0.7832491993904114
0.8303607702255249
0.5579179525375366
0.7872830629348755
0.34032827615737915
0.13139308989048004
0.893303394317627
0.7661336660385132
0.5825377702713013
0.6307580471038818
0.5591714978218079
0.3165379464626312
0.4521176517009735
0.5635685324668884
0.9117170572280884
0.5958251953125
0.8278940916061401
0.3516114056110382
0.970994234085083
0.6970787048339844
0.8313983678817749
0.4471377730369568
0.5417623519897461
0.8657619953155518
0.864932119846344
0.3090392053127289
0.631888210773468
0.5549874901771545
0.3472755253314972
0.9644062519073486
0.6364807486534119
0.858133852481842
0.631906270980835
0.24613933265209198
0.7859923839569092
0.7726948261260986
0.7162287831306458
0.6297199726104736
0.7496012449264526
0.76993727684021
0.7328768968582153
0.8631043434143066
0.518694281578064
0.23294809460639954
0.9339567422866821
0.7120069265365601
0.4351685345172882
0.8556560277938843
0.8739609718322754
0.38424232602119446
0.8283559679985046
0.6946450471878052
0.8485609889030457
0.6975842714309692
0.8526115417480469
0.9678460955619812
0.35351669788360596
0.4667667746543884
0.7806894779205322
0.8439817428588867
0.5440049767494202
0.7937408685684204
0.6487513780593872
0.7778012156486511
0.19470112025737762
0.8261876106262207
0.48815372586250305
0.6964213848114014
0.375558465719223
0.37846672534942627
0.7752726674079895
0.5104646682739258
0.6269083619117737
0.8122199773788452
0.7801679372787476
0.8492830395698547
0.5943291187286377
0.45522651076316833
0.6842659711837769
0.556236743927002
0.7489753365516663
0.6356498003005981
0.9360979795455933
0.2894625961780548
0.7232685685157776
0.7813549041748047
0.8298200368881226
0.6805315017700195
0.6909617185592651
0.6038772463798523
0.49393385648727417
0.629407525062561
0.5182626247406006
0.5443088412284851
0.905116617679596
0.3434025049209595
0.2752975523471832
0.8581187129020691
0.8038952946662903
0.8505610227584839
0.4206356704235077
0.7369730472564697
0.6933619976043701
0.514485239982605
0.5810297727584839
0.5137060880661011
0.7097312808036804
0.8778212666511536
0.5853747129440308
0.3623368740081787
0.4831739366054535
0.7026975154876709
0.8299634456634521
0.7396528720855713
0.7287216782569885
0.9936218857765198
0.7712119817733765
0.9551125764846802
0.42617979645729065
0.6804132461547852
0.23534193634986877
0.10316167771816254
0.46384522318840027
0.6573052406311035
0.5724732875823975
0.9794079661369324
0.8995758295059204
0.9676268696784973
0.6888352632522583
0.685104489326477
0.5665898323059082
0.8287194967269897
0.7328283786773682
0.8374817967414856
0.842086136341095
0.8203039169311523
0.9123719334602356
0.28676843643188477
0.96819007396698
0.7240662574768066
0.5149425268173218
0.5139650702476501
0.27837058901786804
0.9063457250595093
0.9885151386260986
0.38464128971099854
0.8157761693000793
0.6314530372619629
0.19962018728256226
0.16634348034858704
0.9319337606430054
0.8631614446640015
0.7407916784286499
0.6234435439109802
0.3895770311355591
0.8552544116973877
0.5548504590988159
0.8250377774238586
0.9684857726097107
0.587607741355896
0.762984037399292
0.8242627382278442
0.7721502184867859
0.8543438911437988
0.8162119388580322
0.7765510082244873
0.7684032917022705
0.8060641884803772
0.6219585537910461
0.7488671541213989
0.2087981253862381
0.7052960991859436
0.5235552191734314
0.7452577352523804
0.8761111497879028
0.8358993530273438
0.7997190356254578
0.8573031425476074
0.8367351293563843
0.893851101398468
0.6925187110900879
0.22199688851833344
0.3486553132534027
0.9755571484565735
0.3408535420894623
0.43317732214927673
0.7926152348518372
0.7681418657302856
0.8739036917686462
0.3042818605899811
0.6294570565223694
0.5670117735862732
0.751609742641449
0.4176121652126312
0.6549821496009827
0.8671330809593201
0.6986556649208069
0.3194687068462372
0.2123669981956482
0.6460660696029663
0.862963855266571
0.4433819651603699
0.8500862121582031
0.609285831451416
0.6583253741264343
0.8256748914718628
0.31904932856559753
0.8097224831581116
0.7158722877502441
0.5416604280471802
0.8381989002227783
0.7538140416145325
0.5204845070838928
0.504237949848175
1.0266529321670532
1.0062313079833984
0.3942126929759979
0.7963274717330933
0.835767924785614
0.6322343349456787
0.20455597341060638
0.8358868360519409
0.8276793956756592
0.6913996934890747
0.9074051380157471
0.9186570048332214
0.6723761558532715
0.4459933340549469
0.26527613401412964
1.0127158164978027
0.6255188584327698
0.6669610738754272
0.6273334622383118
0.32804980874061584
0.9010971784591675
0.3885575830936432
0.5550273656845093
0.7667862176895142
0.685405969619751
0.9695427417755127
0.8280451893806458
0.5679770708084106
0.9248858094215393
0.8773725032806396
0.6160629987716675
0.9198744893074036
0.6585135459899902
0.5278474688529968
0.5935825109481812
0.39584824442863464
0.9239445328712463
0.6777516007423401
0.8479493856430054
0.2367064207792282
0.8172490000724792
0.7999390363693237
0.5675615072250366
0.3478516936302185
0.5980812907218933
0.8946225643157959
0.8323196172714233
0.7500532269477844
0.22550103068351746
0.9545508027076721
0.7905969619750977
0.7575382590293884
0.6510099172592163
0.3275245726108551
0.6605525612831116
0.42765605449676514
0.29398176074028015
0.633317768573761
0.24321351945400238
0.7839873433113098
0.8233680725097656
0.3130563199520111
0.8320710062980652
0.6254912614822388
0.8506196737289429
0.6165337562561035
0.8306617736816406
0.7403685450553894
0.7643017768859863
0.7887084484100342
0.830342173576355
0.5438941717147827
0.8812791109085083
0.607502281665802
0.7261984348297119
0.5970767140388489
0.15758687257766724
0.9429923295974731
0.301814466714859
0.19497568905353546
0.824592649936676
0.8371611833572388
0.6769388318061829
0.9516803622245789
0.6429135203361511
0.7216418981552124
0.7996185421943665
0.9969893097877502
0.8257250189781189
0.948957622051239
0.804881751537323
0.64594566822052
0.46150487661361694
0.9251501560211182
0.9416649341583252
0.7972264885902405
0.9905673861503601
1.0160149335861206
0.832122802734375
0.9306238293647766
0.9305882453918457
0.9298286437988281
0.7675938606262207
0.6734828352928162
0.5037911534309387
0.5759178400039673
0.7241190671920776
0.5036450624465942
0.6162488460540771
0.920937180519104
0.11521464586257935
0.7602677345275879
0.704708993434906
0.8330018520355225
0.6378152966499329
0.719219446182251
0.8814879655838013
0.7584677934646606
0.7631020545959473
0.9116269946098328
0.5664730668067932
0.7612226009368896
0.8123394846916199
0.9215698838233948
0.6774755716323853
0.5772075057029724
0.7746914625167847
0.7663588523864746
0.8027292490005493
0.7937487363815308
0.7322937846183777
0.753563404083252
0.9030958414077759
0.7567474842071533
0.7250547409057617
0.6401071548461914
0.6243171691894531
0.6570414900779724
0.716042697429657
0.9773525595664978
0.4526659846305847
0.7101145386695862
0.8500863313674927
0.8083321452140808
0.7401103973388672
0.8100990056991577
0.597221314907074
0.3480757772922516
0.5766000747680664
0.7149233222007751
0.5927507281303406
0.7478747963905334
0.6919975280761719
0.5922341346740723
0.7114604711532593
0.9041397571563721
0.9055436849594116
0.7543586492538452
0.6939061880111694
0.5982235074043274
0.4429832696914673
0.8385224342346191
0.3080046772956848
0.4635752737522125
0.8140698671340942
0.446808785200119
0.48267820477485657
0.644721269607544
0.43505921959877014
0.7087253332138062
0.9246508479118347
0.9063106775283813
0.7125071287155151
0.6056243777275085
0.6368550062179565
0.4156460464000702
0.8186822533607483
0.7708383202552795
0.7443969249725342
0.6355092525482178
0.706076443195343
0.546079158782959
0.6845553517341614
0.6538214683532715
0.7109520435333252
0.39859673380851746
0.6976784467697144
0.5831308364868164
0.8024191856384277
0.7446252703666687
0.7597108483314514
0.45421749353408813
0.6462713479995728
0.8496768474578857
0.6774718761444092
0.8716771006584167
0.798888087272644
0.8508339524269104
0.6975322961807251
0.6830686926841736
0.4981047809123993
0.5654904842376709
0.3995693027973175
0.7077492475509644
0.7365606427192688
0.7568875551223755
0.1968420296907425
0.65354323387146
0.6093499660491943
0.8335717916488647
0.6984715461730957
0.4543134272098541
0.7516520023345947
0.9405513405799866
0.7572565078735352
0.6367580890655518
0.41637882590293884
0.7992817163467407
0.585639476776123
0.4774744212627411
0.8713832497596741
0.4857541024684906
0.5993366241455078
0.12361758947372437
0.4722653031349182
0.8577936887741089
0.8463132977485657
0.6576838493347168
0.8163001537322998
0.6034607887268066
0.7768466472625732
0.457387238740921
0.9554732441902161
0.9482339024543762
0.646343469619751
0.8673895597457886
0.34711208939552307
0.8257713913917542
1.166192650794983
0.4228082001209259
0.7626938223838806
0.7112936973571777
0.46298813819885254
