0.642516553401947
0.5403041839599609
0.5021740794181824
0.6553199887275696
0.6481219530105591
0.7139617204666138
0.6000040769577026
0.689721405506134
0.5057945251464844
0.6841649413108826
0.629396378993988
0.767452597618103
0.6494088768959045
0.8097880482673645
0.262747585773468
0.7255997657775879
0.6306507587432861
0.4778643846511841
0.5862668752670288
0.6423802971839905
0.6957072615623474
0.5065765976905823
0.5682193636894226
0.5783429145812988
0.6184133887290955
0.6640183925628662
0.5547633171081543
0.4821452796459198
0.5691350102424622
0.811736524105072
0.6250717639923096
0.6394471526145935
0.5875133275985718
0.7000978589057922
0.624099850654602
0.6679563522338867
0.5765460729598999
0.572503924369812
0.6754677891731262
0.6936305165290833
0.786257266998291
0.6692524552345276
0.7982017397880554
0.604544460773468
0.5759067535400391
0.7024058699607849
0.6950152516365051
0.602716326713562
0.6134369373321533
0.7196824550628662
0.5685099363327026
0.6471846699714661
0.444349467754364
0.6960288882255554
0.7352290749549866
0.4908537268638611
0.7323647141456604
0.7444301843643188
0.7096263766288757
0.6817755699157715
0.7236635088920593
0.7187172770500183
0.6319416761398315
0.6796438097953796
0.7645975947380066
0.6546646356582642
0.5990105271339417
0.5532913208007812
0.5685532093048096
0.7124355435371399
0.7297151684761047
0.7480920553207397
0.6562067866325378
0.5891146063804626
0.6249327659606934
0.7230061888694763
0.5698872804641724
0.5774751901626587
0.5706522464752197
0.6872498989105225
0.5913506746292114
0.7382885813713074
0.8348777890205383
0.7786091566085815
0.6176344156265259
0.6996573209762573
0.7138798832893372
0.4789026081562042
0.6991851329803467
0.6672939658164978
0.6350958347320557
0.736070990562439
0.59635329246521
0.6051653623580933
0.7643247246742249
0.617179811000824
0.7236801981925964
0.5208743214607239
0.7282242178916931
0.6415003538131714
0.5393937826156616
0.7269782423973083
0.6115334033966064
0.5970332622528076
0.585185706615448
0.6535030603408813
0.6050589084625244
0.5748546123504639
0.7257689833641052
0.7767265439033508
0.6847668290138245
0.7356734275817871
0.5127251148223877
0.8476176857948303
0.7480658888816833
0.5988751649856567
0.7016394138336182
0.7007587552070618
0.7528896927833557
0.7655872702598572
0.5468769073486328
0.6526011228561401
0.6087760925292969
0.6119872331619263
0.6425997614860535
0.6000981330871582
0.7098075747489929
0.7680203914642334
0.5685681104660034
0.5824720859527588
0.5768167972564697
0.5383844375610352
0.6566733121871948
0.7541425228118896
0.7059046626091003
0.6475359201431274
0.6852216720581055
0.7591055035591125
0.5840630531311035
0.6894432902336121
0.7801299691200256
0.7120815515518188
0.5427561402320862
0.7040718197822571
0.6334657073020935
0.6411809921264648
0.4836474657058716
0.5994130969047546
0.6520034074783325
0.698927104473114
0.7357109785079956
0.6635904908180237
0.5434250831604004
0.630379855632782
0.7540537714958191
0.6341274380683899
0.6469948291778564
0.71216881275177
0.5488873720169067
0.594169557094574
0.6407318115234375
0.6265697479248047
0.7071470022201538
0.6914586424827576
0.7416899800300598
0.6906943917274475
0.8336027264595032
0.63739013671875
0.6206352710723877
0.879315197467804
0.6729081273078918
0.6199190020561218
0.720300018787384
0.7343920469284058
0.5739619135856628
0.6362330913543701
0.6652321219444275
0.5890145301818848
0.626949667930603
0.5560054779052734
0.5437566041946411
0.7073256969451904
0.57281094789505
0.634261965751648
0.541089653968811
0.6445414423942566
0.7095074653625488
0.687207043170929
0.6216809749603271
0.5983359813690186
0.7543849945068359
0.7390698790550232
0.7706066966056824
0.6493390798568726
0.5424105525016785
0.6374378204345703
0.6010479927062988
0.5739599466323853
0.5142349004745483
0.7224365472793579
0.5910767912864685
0.7090097069740295
0.5754940509796143
0.6058448553085327
0.8820958733558655
0.7235118746757507
0.6424397826194763
0.748928964138031
0.6380578279495239
0.6195825934410095
0.4531261920928955
0.740492045879364
0.6631505489349365
0.6131190657615662
0.5890524387359619
0.6094547510147095
0.7038901448249817
0.6662763357162476
0.6532871723175049
0.586419939994812
0.7066313624382019
0.6507141590118408
0.5177665948867798
0.6621645092964172
0.6503682136535645
0.7199270129203796
0.7066338658332825
0.63068026304245
0.6585177779197693
0.5571956634521484
0.49545562267303467
0.5001667737960815
0.6451557278633118
0.6146236658096313
0.6930165886878967
0.6962199211120605
0.5604685544967651
0.49870920181274414
0.6649901270866394
0.627173125743866
0.8992063999176025
0.7043187022209167
0.6631137132644653
0.5439921021461487
0.7276334166526794
0.6980541348457336
0.6836060285568237
0.29436641931533813
0.7627885937690735
0.6196078062057495
0.6389576196670532
0.7115785479545593
0.7460143566131592
0.5859150886535645
0.7535306215286255
0.7349843382835388
0.4475940465927124
0.6057425141334534
0.5447696447372437
0.6285282969474792
0.5330501794815063
0.6701003313064575
0.7056752443313599
0.7792519330978394
0.6387894153594971
0.6111851930618286
0.6098978519439697
0.6900649666786194
0.5765813589096069
0.546318531036377
0.6113544702529907
0.5438088178634644
0.5912402868270874
0.5824397206306458
0.698998212814331
0.8265643119812012
0.5958445072174072
0.782776415348053
0.6626138091087341
0.47740328311920166
0.6214965581893921
0.6454565525054932
0.6674172878265381
0.6293674111366272
0.6120282411575317
0.7323393225669861
0.6992626190185547
0.7476059794425964
0.6277327537536621
0.6701517105102539
0.7525314688682556
0.7959861755371094
0.6511428356170654
0.7028668522834778
0.6496400833129883
0.6609731316566467
0.5970326066017151
0.5739529132843018
0.5960068106651306
0.7078474164009094
0.5802319049835205
0.5257881879806519
0.6198175549507141
0.6628586053848267
0.4818357229232788
0.5527148246765137
0.6868711113929749
0.6538656949996948
0.608112096786499
0.5076751112937927
0.6540751457214355
0.5493626594543457
0.7122142910957336
0.5170780420303345
0.6209545731544495
0.6810211539268494
0.5513837337493896
0.5484975576400757
0.5278869271278381
0.6523661613464355
0.6849138736724854
0.6886389255523682
0.8162081837654114
0.5521247386932373
0.6824513077735901
0.6452606916427612
0.7462210059165955
0.7904466390609741
0.541756808757782
0.6412544250488281
0.5911945104598999
0.7840986847877502
0.6206602454185486
0.731501042842865
0.5462229251861572
0.7992872595787048
0.822206437587738
0.4832701086997986
0.6275876760482788
0.6536445617675781
0.537738561630249
0.6708906292915344
0.7144715785980225
0.7178875207901001
0.6295187473297119
0.6806116104125977
0.637443482875824
0.5596962571144104
0.5608124136924744
0.7210285067558289
0.6164692640304565
0.5677424073219299
0.7847071290016174
0.566917359828949
0.482682466506958
0.7001445889472961
0.6660446524620056
0.7402510046958923
0.7024196982383728
0.5830404758453369
0.8008097410202026
0.6425080299377441
0.6635531783103943
0.6166194677352905
0.6331433057785034
0.6051266193389893
0.6561009883880615
0.703804612159729
0.585875928401947
0.5227711200714111
0.6448617577552795
0.6462759375572205
0.604596734046936
0.564502477645874
0.758135974407196
0.7065372467041016
0.5567393898963928
0.6927797794342041
0.6114513874053955
0.5192066431045532
0.7115161418914795
0.7307989001274109
0.7249454855918884
0.7337498664855957
0.7074958682060242
0.7043735980987549
0.534417450428009
0.5751653909683228
0.595015823841095
0.7469730377197266
0.6504882574081421
0.6651648879051208
0.8269327282905579
0.5313662886619568
0.5663610696792603
0.6765620112419128
0.7233200669288635
0.6753911375999451
0.6190220713615417
0.5227030515670776
0.6404256820678711
0.767802357673645
0.7344128489494324
0.729640543460846
0.42493581771850586
0.5255576968193054
0.7665683627128601
0.747575581073761
0.6707544326782227
0.7758575081825256
0.6704272627830505
0.6185887455940247
0.5214343070983887
0.7244639992713928
0.6867817044258118
0.6368435621261597
0.5480232238769531
0.641494870185852
0.6717336773872375
0.506036639213562
0.48954594135284424
0.591577410697937
0.6658452153205872
0.5314070582389832
0.7406055331230164
0.5400034189224243
0.6985206007957458
0.5691113471984863
0.6194905042648315
0.7452322840690613
0.5726887583732605
0.7392410039901733
0.7410688996315002
0.5610545873641968
0.6650601029396057
0.8068757653236389
0.5427176356315613
0.7790387272834778
0.7124194502830505
0.8434133529663086
0.6509906649589539
0.6862738728523254
0.6886144280433655
0.7502804398536682
0.6992945075035095
0.6368558406829834
0.6653082370758057
0.6935322880744934
0.6829608678817749
0.4171867370605469
0.6951908469200134
0.7429936528205872
0.5010335445404053
0.5622772574424744
0.5633316040039062
0.7247546911239624
0.639540433883667
0.6682525277137756
0.6421961784362793
0.6698846220970154
0.6865642666816711
0.694451630115509
0.5540306568145752
0.5557035207748413
0.7005602717399597
0.6456776261329651
0.5856913924217224
0.6243892908096313
0.6235191822052002
0.6732864379882812
0.5998709201812744
0.7305318117141724
0.4602355360984802
0.6835541725158691
0.6239866018295288
0.5219496488571167
0.8681300282478333
0.6076529026031494
0.48440247774124146
0.6176676750183105
0.6103248596191406
0.6483472585678101
0.7146937251091003
0.6671687364578247
0.815823495388031
0.6958286166191101
0.6981255412101746
0.5532554388046265
0.6566001176834106
0.5600448846817017
0.48327338695526123
0.7378639578819275
0.6283484697341919
0.6083059906959534
0.6076272130012512
0.6907915472984314
0.4780243933200836
0.5099336504936218
0.5680312514305115
0.6927337050437927
0.6189374327659607
0.6322299838066101
0.7143146991729736
0.6423028707504272
0.7080999612808228
0.5897305011749268
0.6871269345283508
0.5088981986045837
0.7546522617340088
0.462931364774704
0.7115207314491272
0.5481860637664795
0.46932411193847656
0.7038247585296631
0.6547271013259888
0.5755227208137512
0.5707809329032898
0.6495736241340637
0.6291980743408203
0.7253561019897461
0.587742805480957
0.784942090511322
0.6756718754768372
0.8136951327323914
0.6033470630645752
0.765903651714325
0.7378839254379272
0.8579484224319458
0.5293982625007629
0.6258946061134338
0.7305854558944702
0.7309887409210205
0.7918409705162048
0.5527766942977905
0.7406037449836731
0.7159919738769531
0.7332625985145569
0.3468814492225647
0.63687664270401
0.5591919422149658
0.7271661162376404
0.47682347893714905
0.5969480276107788
0.6968547701835632
0.652031660079956
0.6367760896682739
0.7154184579849243
0.6923691630363464
0.6114455461502075
0.5999289155006409
0.6568259000778198
0.6306139230728149
0.5958632230758667
0.4664583206176758
0.6441705226898193
0.45676136016845703
0.5734594464302063
0.7381623387336731
0.6159409880638123
0.521344006061554
0.7102046608924866
0.6166999340057373
0.5896036624908447
0.6647445559501648
0.7040366530418396
0.715797483921051
0.6378690600395203
0.7666302919387817
0.5622260570526123
0.5516576766967773
0.5640183687210083
0.6340473890304565
0.5385581851005554
0.6315439939498901
0.6164957880973816
0.5024546384811401
0.6970553398132324
0.7397879958152771
0.7194730043411255
0.6545518636703491
0.5865317583084106
0.6921611428260803
0.6641485691070557
0.6174117922782898
0.8543042540550232
0.6261544227600098
0.8516510725021362
0.6594855785369873
0.5737566947937012
0.37428051233291626
0.6955944895744324
0.6496594548225403
0.5929966568946838
0.7253703474998474
0.6794360280036926
0.6683276891708374
0.505761981010437
0.6899306178092957
0.4720097780227661
0.6144009232521057
0.6586735248565674
0.6392679810523987
0.5847729444503784
0.580294668674469
0.7257779240608215
0.5431765913963318
0.517363429069519
0.7249480485916138
0.6601378917694092
0.5819445252418518
0.7777072787284851
0.6535981893539429
0.6357449293136597
0.5742117166519165
0.532185971736908
0.4626201391220093
0.6912727355957031
0.4441761076450348
0.5748031139373779
0.7561149001121521
0.5337806940078735
0.47749635577201843
0.6675659418106079
0.6033931374549866
0.591782808303833
0.5937438011169434
0.7715781927108765
0.7963389754295349
0.6027328968048096
0.7277763485908508
0.6608574390411377
0.6578447222709656
0.6232976913452148
0.5680936574935913
0.5794256329536438
0.6115809082984924
0.7334483861923218
0.7447750568389893
0.7285329103469849
0.6327033042907715
0.35889726877212524
0.6850561499595642
0.6155121326446533
0.6200543642044067
0.44856637716293335
0.5973267555236816
0.636471152305603
0.5721675753593445
0.7996769547462463
0.5426462888717651
0.696111798286438
0.7544487118721008
0.6386232376098633
0.7170669436454773
0.5860561728477478
0.5819830894470215
0.6015573740005493
0.6855332851409912
0.565412163734436
0.6329178810119629
0.6932374835014343
0.43229949474334717
0.7421020865440369
0.5526938438415527
0.7181079387664795
0.6308096647262573
0.7562243938446045
0.5084208250045776
0.4261744022369385
0.7061871290206909
0.7446349859237671
0.5727345943450928
0.32339683175086975
0.6668740510940552
0.6862107515335083
0.7083449959754944
0.6188476085662842
0.6243619322776794
0.48883017897605896
0.7140759825706482
0.6855266690254211
0.657696545124054
0.5680442452430725
0.6229813098907471
0.608271598815918
0.6297861337661743
0.8004936575889587
0.5846145153045654
0.6850054860115051
0.6666237115859985
0.7599861025810242
0.5127080082893372
0.5573888421058655
0.6397536993026733
0.7297808527946472
0.5146088600158691
0.6619833111763
0.6055106520652771
0.5758146643638611
0.6081358790397644
0.7218134999275208
0.7123255729675293
0.5407424569129944
0.596570611000061
0.6567456722259521
0.6378278136253357
0.6702106595039368
0.40698742866516113
0.6052318811416626
0.5917590856552124
0.5720567107200623
0.5030273199081421
0.6413521766662598
0.7097469568252563
0.6900407671928406
0.644048273563385
0.559648871421814
0.26767951250076294
0.7235041260719299
0.6972002983093262
0.6945413947105408
0.5965441465377808
0.6252005100250244
0.5127164125442505
0.6159936785697937
0.5843862891197205
0.7228766679763794
0.7443259954452515
0.6193510293960571
0.7423701882362366
0.6264259815216064
0.49736255407333374
0.6701084971427917
0.5702763795852661
0.6043238639831543
0.609492838382721
0.692341148853302
0.7644191384315491
0.7181817293167114
0.7069706916809082
0.9164709448814392
0.5173743963241577
0.5894526839256287
0.6794978976249695
0.6548466682434082
0.48225268721580505
0.5305497646331787
0.6004739999771118
0.6547017693519592
0.5846168994903564
0.8385502099990845
0.7237346768379211
0.5655489563941956
0.6435533761978149
0.7594743967056274
0.6076945066452026
0.6718267798423767
0.5865267515182495
0.6919689774513245
0.6436707973480225
0.4685988426208496
0.5314079523086548
0.6880487203598022
0.8134350776672363
0.7487848997116089
0.6899445056915283
0.6738071441650391
0.5594752430915833
0.634296178817749
0.7093506455421448
0.6539388298988342
0.518281877040863
0.6673861742019653
0.7438948750495911
0.65200275182724
0.6590654850006104
0.5825997591018677
0.5869046449661255
0.6180605888366699
0.7149524688720703
0.6419982314109802
0.6764346957206726
0.7629322409629822
0.5610992908477783
0.6725265979766846
0.6570614576339722
0.4221169352531433
0.718153178691864
0.6959116458892822
0.6346757411956787
0.7367033958435059
0.6498458981513977
0.6319379210472107
0.6850786805152893
0.4355715215206146
0.6496278047561646
0.5832883715629578
0.6295004487037659
0.26496994495391846
0.4973198175430298
0.6509751081466675
0.41859838366508484
0.6122233867645264
0.5892069339752197
0.5604476928710938
0.6987773776054382
0.7154459357261658
0.623197078704834
0.7587714791297913
0.6124324798583984
0.7551605105400085
0.6398209929466248
0.698562741279602
0.5664920806884766
0.6694483757019043
0.6567363142967224
0.6975260376930237
0.6400272846221924
0.4825425148010254
0.5447073578834534
0.5865070819854736
0.8165025115013123
0.44718503952026367
0.7888359427452087
0.49730873107910156
0.6115349531173706
0.41933947801589966
0.7508642673492432
0.6930420994758606
0.5829370617866516
0.6755538582801819
0.7375940680503845
0.5545057058334351
0.6949126124382019
0.6457306742668152
0.7164772152900696
0.6827501058578491
0.6427129507064819
0.6419349908828735
0.7956642508506775
0.6990455985069275
0.5859104990959167
0.6447471380233765
0.5487821102142334
0.631316065788269
0.7972403764724731
0.6219364404678345
0.6975047588348389
0.7584896683692932
0.8120424747467041
0.5075689554214478
0.7138738632202148
0.6652328372001648
0.5207257866859436
0.6147704124450684
0.7100092768669128
0.5945332050323486
0.6976494193077087
0.5296117663383484
0.712838351726532
0.7555641531944275
0.6874513626098633
0.7255194783210754
0.6028538942337036
0.6946379542350769
0.7214105725288391
0.6110654473304749
0.6220589876174927
0.6599976420402527
0.7537750601768494
0.6307249665260315
0.7093254923820496
0.6335570812225342
0.6918169856071472
0.5897812843322754
0.6407482624053955
0.6987949013710022
0.635270357131958
0.6455646753311157
0.6106184124946594
0.5771626830101013
0.638468861579895
0.6577884554862976
0.7294366955757141
0.7049533724784851
0.6698840856552124
0.5188894271850586
0.5455490946769714
0.6541330814361572
0.6849187016487122
0.5945867300033569
0.7605159282684326
0.5480401515960693
0.6203466653823853
0.618193507194519
0.6815205812454224
0.6456884741783142
0.6151691675186157
0.5053764581680298
0.5614891648292542
0.5752544403076172
0.7290168404579163
0.624309241771698
0.6684279441833496
0.7316259741783142
0.6709282398223877
0.6732075810432434
0.5392307043075562
0.6770287752151489
0.806469738483429
0.6569334268569946
0.6479504108428955
0.5868626832962036
0.6804414391517639
0.6467052698135376
0.6781660914421082
0.672155499458313
0.6566658020019531
0.6672815680503845
0.6798246502876282
0.5826194286346436
0.546684980392456
0.5698770880699158
0.6460525989532471
0.7550398707389832
0.5619657039642334
0.6465603113174438
0.637961745262146
0.6203820705413818
0.46707749366760254
0.6900021433830261
0.6137315034866333
0.6643332242965698
0.7196609973907471
0.5583431720733643
0.5326595306396484
0.5434528589248657
0.7473668456077576
0.6470948457717896
0.6799939274787903
0.7802440524101257
0.7178953289985657
0.5617902278900146
0.6880236268043518
0.646146833896637
0.652881383895874
0.5923190116882324
0.6926751136779785
0.584176778793335
0.6438533067703247
0.611098051071167
0.4257843792438507
0.5296598076820374
0.5760427117347717
0.6916033029556274
0.5315638780593872
0.721824586391449
0.6032879948616028
0.5937033295631409
0.6602939367294312
0.5975909233093262
0.5928520560264587
0.6336256265640259
0.6031322479248047
0.7406392097473145
0.8388712406158447
0.5214188098907471
0.8064419031143188
0.7008985877037048
0.6576542258262634
0.7863761782646179
0.5721315741539001
0.6000984907150269
0.6038917303085327
0.7845203280448914
0.5115275382995605
0.63950514793396
0.6357207298278809
0.7208017706871033
0.6442896723747253
0.6830782294273376
0.6099485158920288
0.6136337518692017
0.8004915118217468
0.7624000906944275
0.6053982973098755
0.6274229288101196
0.5702799558639526
0.7166780233383179
0.6320761442184448
0.6240161657333374
0.5969429016113281
0.5991336703300476
0.6100836992263794
0.6488728523254395
0.6898543238639832
0.6906046271324158
0.6491255760192871
0.6671377420425415
0.4346805810928345
0.6143213510513306
0.6097769141197205
0.6429062485694885
0.5664510726928711
0.6133706569671631
0.612214207649231
0.677558422088623
0.7205337882041931
0.5632278323173523
0.6937999725341797
0.5890142917633057
0.6240260601043701
0.5357723236083984
0.6564371585845947
0.6272717714309692
0.6526016592979431
0.6130691170692444
0.6558229327201843
0.6335941553115845
0.5664951205253601
0.6287641525268555
0.6210377812385559
0.5819623470306396
0.5643543004989624
0.5605052709579468
0.5773208141326904
0.6999606490135193
0.7596588730812073
0.6798902153968811
0.803340494632721
0.6055418848991394
0.5757310390472412
0.5794313549995422
0.6079509258270264
0.5758309364318848
0.8836601972579956
0.5363320112228394
0.6544432640075684
0.7725862860679626
0.6421281695365906
0.7210059762001038
0.5837857723236084
0.6385384202003479
0.5243794918060303
0.6973175406455994
0.7465116381645203
0.6195851564407349
0.7847082614898682
0.6946142315864563
0.6755078434944153
0.7293637990951538
0.805424690246582
0.6893945336341858
0.7170326709747314
0.701805591583252
0.5733888745307922
0.5953143835067749
0.7050542235374451
0.6811510324478149
0.6360632181167603
0.603270947933197
0.5831971168518066
0.6425246596336365
0.5384219884872437
0.683872640132904
0.6490086913108826
0.5708250999450684
0.6576416492462158
0.7090690732002258
0.6804236769676208
0.5453842878341675
0.7789351344108582
0.722510039806366
0.6843554973602295
0.6324120163917542
0.6077977418899536
0.590496838092804
0.7121070027351379
0.6234904527664185
0.807233989238739
0.5662776827812195
0.7422313094139099
0.7912703156471252
0.6753554940223694
0.6484018564224243
0.6515463590621948
0.608772873878479
0.8025591969490051
0.6330398917198181
0.6130607724189758
0.8333316445350647
0.7284998893737793
0.6056110858917236
0.5921357870101929
0.7063865065574646
0.7451412081718445
0.5472884774208069
0.6281868815422058
0.656088650226593
0.560600996017456
0.7082425355911255
0.7022559642791748
0.5006037354469299
0.6598857641220093
0.5972139835357666
0.6198654174804688
0.5813519358634949
0.6440653800964355
0.6260125637054443
0.40133312344551086
0.7911607027053833
0.48155832290649414
0.5504061579704285
0.5389755964279175
0.6250665187835693
0.6651332378387451
0.65669184923172
0.5031716227531433
0.6588068008422852
0.25840213894844055
0.6910924911499023
0.7338550090789795
0.6979573369026184
0.6854358315467834
0.7598033547401428
0.619330883026123
0.692242443561554
0.5415014624595642
0.45853757858276367
0.6971415281295776
0.657772421836853
0.7745494246482849
0.762079656124115
0.6866338849067688
0.5684843063354492
0.8660286068916321
0.6263474822044373
0.711035430431366
0.512873649597168
0.7490809559822083
0.64345383644104
0.6632863283157349
0.6926690936088562
0.4949451982975006
0.6385403871536255
0.6402171850204468
0.8107414245605469
0.8461484313011169
0.5682008266448975
0.6531462669372559
0.6134724617004395
0.7635864615440369
0.6175583600997925
0.5186116695404053
0.5760171413421631
0.6597492694854736
0.6844334006309509
0.8126060366630554
0.6257333755493164
0.5904056429862976
0.5462597608566284
0.6208581924438477
0.674674928188324
0.4556751549243927
0.6244826316833496
0.6725161671638489
0.5209236145019531
0.6444949507713318
0.6088093519210815
0.6730257868766785
0.6621890664100647
0.7126697897911072
0.7284263968467712
0.5727787017822266
0.6785222887992859
0.7034710049629211
0.7529839873313904
0.7175688147544861
0.4999116063117981
0.6251932382583618
0.7860982418060303
0.7586342692375183
0.5830487012863159
0.6303151845932007
0.761955201625824
0.45304131507873535
0.7063329219818115
0.6499718427658081
0.5874369144439697
0.721321702003479
0.797650158405304
0.7219359874725342
0.6550679206848145
0.573414146900177
0.6771203875541687
0.6023433804512024
0.7084558606147766
0.5925389528274536
0.6651040315628052
0.7156867384910583
0.6983062624931335
0.6255390644073486
0.7164857983589172
0.6631597280502319
0.5936996340751648
0.6160586476325989
0.6507079601287842
0.6217572093009949
0.6592600345611572
0.5077047944068909
0.607518196105957
0.6890230774879456
0.6268543601036072
0.6808498501777649
0.8274373412132263
0.6933290362358093
0.6590150594711304
0.7017516493797302
0.7957964539527893
0.6313636898994446
0.4994170367717743
0.4585070013999939
0.6219618916511536
0.691247284412384
0.6233812570571899
0.5235270261764526
0.637600302696228
0.6811341643333435
0.7432658076286316
0.546836256980896
0.6180833578109741
0.6069349050521851
0.6257659196853638
0.6645424365997314
0.6062424778938293
0.8438413143157959
0.45319491624832153
0.7079458832740784
0.7589531540870667
0.7093214392662048
0.6998717188835144
0.7523739337921143
0.6807567477226257
0.6860722899436951
0.7973800301551819
0.6847176551818848
0.4533059597015381
0.5014547109603882
0.6614739298820496
0.7195058465003967
0.6130069494247437
0.6466186046600342
0.49273157119750977
0.6927217245101929
0.6468459367752075
0.7004624009132385
0.7232804894447327
0.8540990352630615
0.6734209060668945
0.6221174001693726
0.551077663898468
0.7452579140663147
0.6293820142745972
0.596308708190918
0.8688957691192627
0.6684346199035645
0.6763424277305603
0.660722017288208
0.6513628363609314
0.6632331609725952
0.5768145322799683
0.5462482571601868
0.5765605568885803
0.6069207787513733
0.6076720952987671
0.7941451668739319
0.7983024716377258
0.8416892290115356
0.7324061989784241
0.6358115673065186
0.7179933190345764
0.4069221317768097
0.7101448178291321
0.5294376611709595
0.5137028098106384
0.7168484330177307
0.43033307790756226
0.7374274730682373
0.6879294514656067
0.6360076665878296
0.6822894215583801
0.8377923369407654
0.5177512168884277
0.650348424911499
0.6689844131469727
0.6501927375793457
0.5687758922576904
0.5082923173904419
0.5453077554702759
0.7346367239952087
0.6074382066726685
0.621222734451294
0.5773053169250488
0.8130841851234436
0.6603183150291443
0.6136436462402344
0.5545318126678467
0.6839672327041626
0.507311224937439
0.6240373849868774
0.5737351179122925
0.6669957637786865
0.8137013912200928
0.6275709867477417
0.53648841381073
0.6982289552688599
0.6985041499137878
0.6640515327453613
0.6231220960617065
0.5673425197601318
0.6906736493110657
0.7004697322845459
0.6360090374946594
0.6696622371673584
0.6484221816062927
0.6916328072547913
0.6429399251937866
0.49013882875442505
0.6620919704437256
0.6196056008338928
0.7407048940658569
0.6812639832496643
0.6687220335006714
0.6213127374649048
0.6486466526985168
0.6351050138473511
0.7344120740890503
0.6077496409416199
0.5943424701690674
0.9022951722145081
0.7147443294525146
0.6858435273170471
0.2916633188724518
0.6433298587799072
0.454891562461853
0.5463003516197205
0.5627565383911133
0.5975059866905212
0.40253838896751404
0.6230044364929199
0.5913769006729126
0.5641680955886841
0.5634517669677734
0.658353328704834
0.4418413043022156
0.7066821455955505
0.4754924476146698
0.357542484998703
0.566082775592804
0.6467084884643555
0.591891884803772
0.7042898535728455
0.753314197063446
0.2817571759223938
0.7087399959564209
0.6905433535575867
0.7573286890983582
0.6532183885574341
0.48455509543418884
0.6500746011734009
0.6543144583702087
0.7430803179740906
0.5978976488113403
0.5869216918945312
0.6652003526687622
0.6437942981719971
0.6832802295684814
0.5627570748329163
0.7479287385940552
0.7085791230201721
0.8099496960639954
0.685488224029541
0.5174022912979126
0.6197827458381653
0.7878000736236572
0.6497687101364136
0.5433496832847595
0.600308895111084
0.5854300260543823
0.7705698609352112
0.5606055855751038
0.5855356454849243
0.5950130820274353
0.6730540990829468
0.6907549500465393
0.5634924173355103
0.6180472373962402
0.544945240020752
0.7421057820320129
0.7256715893745422
0.7506666779518127
0.5940138101577759
0.6141300201416016
0.6798433661460876
0.8148331642150879
0.7339808344841003
0.7616283297538757
0.7586280107498169
0.722375214099884
0.7373784780502319
0.6173644065856934
0.5346664190292358
0.6197119951248169
0.6698980331420898
0.8381117582321167
0.7012074589729309
0.5712004899978638
0.8184311985969543
0.8226558566093445
0.6953197717666626
0.844005823135376
0.5488504767417908
0.5600694417953491
0.7142050266265869
0.59064781665802
0.777825117111206
0.8065646290779114
0.627947986125946
0.7000920176506042
0.526079535484314
0.6190761923789978
0.5393668413162231
0.6829295754432678
0.5746040940284729
0.46968281269073486
0.6858846545219421
0.778685986995697
0.6557614803314209
0.725501298904419
0.5329475402832031
0.6379643082618713
0.5795000791549683
0.6790214776992798
0.7172565460205078
0.5850727558135986
0.5456928014755249
0.6636469960212708
0.6405906677246094
0.7160444855690002
0.5596469640731812
0.7918002605438232
0.7532989978790283
0.6937804818153381
0.647424578666687
0.4767005443572998
0.5567507743835449
0.5964339971542358
0.818158745765686
0.8127180933952332
0.621331512928009
0.6828429102897644
0.6637181043624878
0.6152055263519287
0.6615248322486877
0.6694698333740234
0.8666037917137146
0.8952409029006958
0.6160629391670227
0.6345191597938538
0.6802746653556824
0.689414381980896
0.8450642228126526
0.6287679076194763
0.7815149426460266
0.76372891664505
0.7128918766975403
0.6597752571105957
0.6405950784683228
0.5518746376037598
0.5515974760055542
0.6730108857154846
0.668357789516449
0.48271194100379944
0.547814130783081
0.7293619513511658
0.6753635406494141
0.7643826603889465
0.2997426688671112
0.6147445440292358
0.8365679383277893
0.7120890021324158
0.6466154456138611
0.7255896925926208
0.6740530133247375
0.6418129205703735
0.5988368391990662
0.6294958591461182
0.5586463212966919
0.6149613261222839
0.5446903109550476
0.5493287444114685
0.7540376782417297
0.8449440598487854
0.6820378303527832
0.6235309839248657
0.6370831727981567
0.5136533379554749
0.7791010737419128
0.880999743938446
0.5828484296798706
0.6530920267105103
0.6751658916473389
0.7999993562698364
0.5414291024208069
0.47241801023483276
0.5487021207809448
0.6481482982635498
0.868897557258606
0.70331209897995
0.6584866642951965
0.5966082811355591
0.7915132641792297
0.5472350716590881
0.4640151560306549
0.6860731244087219
0.7535457015037537
0.6887132525444031
0.5788000822067261
0.5008203387260437
0.6824182868003845
0.4361884593963623
0.6347436904907227
0.6151896715164185
0.779076099395752
0.5971998572349548
0.5321482419967651
0.7130749821662903
0.6549145579338074
0.6797017455101013
0.675819456577301
0.8575736880302429
0.6232448816299438
0.7101497650146484
0.5807453989982605
0.7585688829421997
0.702552855014801
0.710584819316864
0.6735856533050537
0.7990844249725342
0.6919981837272644
0.5815237760543823
0.7716963887214661
0.6066697239875793
0.6624008417129517
0.6132751703262329
0.8516614437103271
0.6352871656417847
0.6266245245933533
0.6429000496864319
0.6754247546195984
0.6943789720535278
0.6564514636993408
0.5203726291656494
0.6397945880889893
0.7639011740684509
0.5488641262054443
0.6137691736221313
0.8105080127716064
0.7012016773223877
0.7066987752914429
0.5603047013282776
0.5280331373214722
0.7631111741065979
0.6253124475479126
0.8153488636016846
0.7995413541793823
0.5730913281440735
0.6779651641845703
0.6687563061714172
0.5981808304786682
0.7910676598548889
0.7811183929443359
0.6870909333229065
0.6486526727676392
0.7162938714027405
0.5896981954574585
0.7216203808784485
0.4789925813674927
0.5872933864593506
0.6115258932113647
0.5463576316833496
0.7045026421546936
0.6573269367218018
0.8076146245002747
0.6936021447181702
0.7208995223045349
0.6044924259185791
0.6239854693412781
0.5533198714256287
0.6090804934501648
0.6918970942497253
0.6989852786064148
0.7054912447929382
0.7403278946876526
0.5817310214042664
0.6806491017341614
0.7213214039802551
0.7133087515830994
0.5023888945579529
0.7153310775756836
0.6574336886405945
0.5589203238487244
0.6255516409873962
0.4765084981918335
0.5958341360092163
0.6390432119369507
0.6381787657737732
0.5712172985076904
0.6176942586898804
0.6422753930091858
0.4588915705680847
0.6628304719924927
0.27829015254974365
0.6142797470092773
0.6616492867469788
0.7007700800895691
0.6525673270225525
0.5908874869346619
0.4728250205516815
0.6125615835189819
0.5971865653991699
0.7577042579650879
0.6577856540679932
0.5791242122650146
0.850121796131134
0.5559931993484497
0.7452346086502075
0.7454714179039001
0.6554217338562012
0.7268291711807251
0.7806789875030518
0.6558069586753845
0.5998358726501465
0.5532642602920532
0.7334977984428406
0.6130874156951904
0.6649071574211121
0.5686512589454651
0.5857025384902954
0.5105459690093994
0.6467540860176086
0.5997622609138489
0.69509357213974
0.5634585618972778
0.9088640809059143
0.650711715221405
0.675978422164917
0.6200040578842163
0.767116904258728
0.8413999080657959
0.5643696784973145
0.547347366809845
0.6412925720214844
0.704430878162384
0.5865594148635864
0.5792430639266968
0.6997564435005188
0.6441008448600769
0.6131822466850281
0.7506904006004333
0.6198134422302246
0.6005796790122986
0.5161502361297607
0.6226535439491272
0.6595960259437561
0.634909451007843
0.624137818813324
0.6667212247848511
0.7104724049568176
0.5933894515037537
0.4610797166824341
0.49702757596969604
0.6619514226913452
0.6701688766479492
0.5680868625640869
0.7208613753318787
0.738349199295044
0.5877279043197632
0.6063607335090637
0.6866665482521057
0.7353461980819702
0.46426916122436523
0.666679859161377
0.6626526117324829
0.6520304679870605
0.7099928259849548
0.5992633104324341
0.6092349290847778
0.3915025293827057
0.7122772932052612
0.7317143082618713
0.5435761213302612
0.5767455101013184
0.7091192603111267
0.6599538326263428
0.32017937302589417
0.68731689453125
0.5677916407585144
0.6210732460021973
0.51756352186203
0.6783788800239563
0.5707906484603882
0.5023691058158875
0.7254847288131714
0.4280218780040741
0.5043243765830994
0.5637226700782776
0.7233591675758362
0.6628521084785461
0.5504618883132935
0.4663143754005432
0.6152844429016113
0.6714146733283997
0.5523276329040527
0.4912158250808716
0.43491020798683167
0.6658469438552856
0.5185655355453491
0.6141238212585449
0.6194196343421936
0.5679625272750854
0.6413008570671082
0.8202188611030579
0.5450878739356995
0.6247642040252686
0.6069838404655457
0.6350530982017517
0.4463914632797241
0.662348210811615
0.6810654997825623
0.5643503069877625
0.6755399107933044
0.5653665661811829
0.696376383304596
0.5921249389648438
0.5466468930244446
0.7557263970375061
0.6268002390861511
0.6934084892272949
0.8297685384750366
0.563270092010498
0.6885911226272583
0.2997744381427765
0.649479866027832
0.6456016302108765
0.7578669786453247
0.7777940630912781
0.6286770701408386
0.7816508412361145
0.5885930061340332
0.5970746278762817
0.5523613691329956
0.7155236601829529
0.6813570857048035
0.6983618140220642
0.6124140024185181
0.6651057600975037
0.6613680720329285
0.6461800336837769
0.46316081285476685
0.6769946217536926
0.4360654354095459
0.650470495223999
0.526445746421814
0.7669641375541687
0.565039873123169
0.5639288425445557
0.6325188875198364
0.65885329246521
0.46912723779678345
0.7206483483314514
0.46919143199920654
0.675114095211029
0.7478254437446594
0.7280077338218689
0.5977457761764526
0.5262922048568726
0.5793472528457642
0.611743688583374
0.618848443031311
0.8806845545768738
0.7212597131729126
0.6408939361572266
0.5718345046043396
0.6486492156982422
0.718782901763916
0.8798868656158447
0.6784359812736511
0.7240930795669556
0.6172964572906494
0.521791398525238
0.5821598768234253
0.6618920564651489
0.8620010614395142
0.507190465927124
0.653245210647583
0.5894368290901184
0.7564292550086975
0.6057626008987427
0.5012019276618958
0.5600788593292236
0.6119620203971863
0.6006927490234375
0.6987001299858093
0.423292875289917
0.5627607107162476
0.6292348504066467
0.7203516364097595
0.4234583377838135
0.7731662392616272
0.5140905380249023
0.5504409074783325
0.526498556137085
0.8257454037666321
0.6744864583015442
0.8165067434310913
0.32216373085975647
0.5875303745269775
0.5311961770057678
0.6782042384147644
0.6151797771453857
0.6616952419281006
0.6427327990531921
0.4910891056060791
0.7238592505455017
0.7117049694061279
0.5873488783836365
0.7751938700675964
0.5768039226531982
0.6569764018058777
0.537942111492157
0.7231782078742981
0.4228406250476837
0.5928204655647278
0.7777988314628601
0.7340388894081116
0.6178594827651978
0.6464576721191406
0.6007061004638672
0.6241981387138367
0.7600519061088562
0.5967780947685242
0.6397302746772766
0.5950244665145874
0.6397697329521179
0.7468236684799194
0.7403715252876282
0.6143825650215149
0.7085364460945129
0.6421360373497009
0.6954435706138611
0.593451201915741
0.6078272461891174
0.6862608790397644
0.6350657343864441
0.6494251489639282
0.5160396695137024
0.6560325622558594
0.5061721801757812
0.6164659857749939
0.6089556217193604
0.5252116322517395
0.6313361525535583
0.6500806212425232
0.5774651765823364
0.6952200531959534
0.6575311422348022
0.586837649345398
0.6980963349342346
0.6854276061058044
0.7032902836799622
0.5848497152328491
0.6360151767730713
0.7424147725105286
0.6671600341796875
0.5703920722007751
0.7782232761383057
0.767878532409668
0.6140052676200867
0.6872373819351196
0.3304097056388855
0.5388786792755127
0.46926987171173096
0.6399483680725098
0.6097040176391602
0.6750026345252991
0.7439904808998108
0.6319140195846558
0.46910959482192993
0.48649081587791443
0.846453070640564
0.634843111038208
0.5965922474861145
0.713483989238739
0.4453291893005371
0.6167973279953003
0.6724497079849243
0.8562126159667969
0.5820193290710449
0.5713911056518555
0.5074780583381653
0.7548133730888367
0.6138002872467041
0.6511774063110352
0.8169129490852356
0.611086368560791
0.5234959721565247
0.5661431550979614
0.6289784908294678
0.6142394542694092
0.6119015216827393
0.7234305739402771
0.820059061050415
0.6037984490394592
0.620076060295105
0.6438477039337158
0.6084955334663391
0.7838413119316101
0.6128277778625488
0.7194260358810425
0.7179102897644043
0.7326880097389221
0.6394469738006592
0.622268795967102
0.659734845161438
0.6859268546104431
0.6569528579711914
0.5883053541183472
0.48435401916503906
0.7873422503471375
0.5738540291786194
0.6613740921020508
0.6607139110565186
0.6275299787521362
0.6674843430519104
0.7469239830970764
0.6202431917190552
0.5589462518692017
0.8056289553642273
0.6737978458404541
0.4730866551399231
0.6725079417228699
0.5453641414642334
0.5730047225952148
0.6874647736549377
0.7942566871643066
0.7358693480491638
0.7040380835533142
0.6268442869186401
0.9033477306365967
0.7135846018791199
0.6002589464187622
0.6575549840927124
0.840343177318573
0.6915816068649292
0.7105340361595154
0.5274524688720703
0.6418136358261108
0.7658265829086304
0.6724461317062378
0.5836684703826904
0.524888277053833
0.6732304096221924
0.5353478193283081
0.6739655137062073
0.6839907765388489
0.7809995412826538
0.6491283178329468
0.5599305629730225
0.5545074939727783
0.7574744820594788
0.5953652262687683
0.6471494436264038
0.5960306525230408
0.7121100425720215
0.5531272292137146
0.5834611654281616
0.6394850611686707
0.5800526142120361
0.8333063721656799
0.5584957599639893
0.617179274559021
0.7770721316337585
0.5121849775314331
0.6885169744491577
0.6735751032829285
0.5434196591377258
0.5735974311828613
0.5892923474311829
0.38182011246681213
0.6224908828735352
0.8296627998352051
0.5128955841064453
0.6526405215263367
0.6503483653068542
0.6224502325057983
0.6535242795944214
0.5319863557815552
0.6061373353004456
0.5911672711372375
0.6227595806121826
0.7770450711250305
0.5666195154190063
0.7044042944908142
0.7312359809875488
0.873430073261261
0.645889163017273
0.7338295578956604
0.8666050434112549
0.676044762134552
0.6541834473609924
0.6161689758300781
0.5598352551460266
0.5432829260826111
0.8531028032302856
0.5626081824302673
0.6462240219116211
0.5382347106933594
0.6253328323364258
0.6925267577171326
0.8088557124137878
0.853889524936676
0.7088425159454346
0.7521279454231262
0.861487865447998
0.7525162696838379
0.6466039419174194
0.7667927145957947
0.5881847739219666
0.5775629281997681
0.701751172542572
0.5804109573364258
0.5465146899223328
0.7740588784217834
0.5991159677505493
0.7515929937362671
0.8212794065475464
0.7345684170722961
0.6373820304870605
0.6056659817695618
0.6304833292961121
0.6011778116226196
0.7755460143089294
0.5852392911911011
0.44269701838493347
0.741288959980011
0.6234213709831238
0.7653927206993103
0.6819130182266235
0.6099326014518738
0.5487198829650879
0.6815295815467834
0.3775424659252167
0.6221053004264832
0.5581472516059875
0.6353123188018799
0.6938334107398987
0.5552189350128174
0.7795814275741577
0.6294496655464172
0.48686787486076355
0.6520441770553589
0.7345955967903137
0.6046906113624573
0.6004812717437744
0.6019161939620972
0.7132700085639954
0.5471766591072083
0.631377637386322
0.6426081657409668
0.5567509531974792
0.6041516065597534
0.7783491015434265
0.6243023872375488
0.7181081175804138
0.7557863593101501
0.6403943300247192
0.8086355328559875
0.6883261799812317
0.6075189113616943
0.738734781742096
0.6250792741775513
0.7153599858283997
0.6074934601783752
0.5479400753974915
0.6381269097328186
0.6613092422485352
0.5849600434303284
0.6177645325660706
0.5920073986053467
0.6698452234268188
0.5847433805465698
0.6132565140724182
0.6989849209785461
0.577435314655304
0.6808242201805115
0.5648559331893921
0.8310728073120117
0.6105707883834839
0.6268312335014343
0.5922408103942871
0.6497379541397095
0.696336567401886
0.6798135638237
0.6501368284225464
0.7958880066871643
0.6566828489303589
0.6866400837898254
0.6122878789901733
0.6572587490081787
0.6190664768218994
0.5343554615974426
0.5935646295547485
0.5506601333618164
0.6977500319480896
0.6922194361686707
0.679640531539917
0.6470538973808289
0.49299126863479614
0.6798239350318909
0.5974504947662354
0.6966598629951477
0.6659862995147705
0.6712637543678284
0.5243423581123352
0.6096096038818359
0.5502001643180847
0.6054960489273071
0.6244443655014038
0.5508531332015991
0.5953134298324585
0.6646630764007568
0.7213515043258667
0.6800715327262878
0.6981623768806458
0.6323850750923157
0.7390502095222473
0.7044863104820251
0.6770551204681396
0.6690746545791626
0.7448239922523499
0.6818855404853821
0.6605619192123413
0.6977366209030151
0.4808955788612366
0.48742061853408813
0.7709212899208069
0.6056591272354126
0.4095296263694763
0.6303324699401855
0.6047067642211914
0.582730233669281
0.6585769057273865
0.5188972353935242
0.5521061420440674
0.5828099250793457
0.587995171546936
0.5272281169891357
0.6705708503723145
0.6473976373672485
0.673208475112915
0.6905667185783386
0.7790712714195251
0.5936613082885742
0.6603083610534668
0.7329779267311096
0.5492897033691406
