0.617853581905365
0.32975566387176514
0.5007770657539368
0.3811342120170593
0.48455774784088135
0.5477803945541382
0.4402710199356079
0.5767818689346313
0.5137820839881897
0.6531648635864258
0.4442201852798462
0.5645544528961182
0.565295934677124
0.5248297452926636
0.1567608118057251
0.6151087880134583
0.43956148624420166
0.4376752972602844
0.4025992751121521
0.541472852230072
0.4685254693031311
0.5068391561508179
0.6657661199569702
0.3921859860420227
0.5230267643928528
0.3650057911872864
0.4702117443084717
0.5090094208717346
0.4596714973449707
0.4909869432449341
0.6359367966651917
0.4622059464454651
0.44836604595184326
0.3888847231864929
0.4731444716453552
0.3761480450630188
0.46513891220092773
0.355252742767334
0.5544991493225098
0.3710858225822449
0.555605411529541
0.5775471925735474
0.5274262428283691
0.47139424085617065
0.5130094885826111
0.6244399547576904
0.5795366168022156
0.39109230041503906
0.4147118330001831
0.5917760133743286
0.12105927616357803
0.4168244004249573
0.3322877883911133
0.5646867752075195
0.5026482939720154
0.3707911968231201
0.58232581615448
0.6761432886123657
0.5615798234939575
0.33935511112213135
0.49153953790664673
0.41978776454925537
0.39942336082458496
0.547507643699646
0.6201326847076416
0.4132837653160095
0.4520212411880493
0.4945160746574402
0.3727782964706421
0.4961273670196533
0.572284460067749
0.47646772861480713
0.5633020401000977
0.4387531280517578
0.43403011560440063
0.4865078330039978
0.538627028465271
0.3852497935295105
0.4219445586204529
0.46441012620925903
0.4269416928291321
0.5848005414009094
0.49984484910964966
0.553606390953064
0.5235205292701721
0.3558781147003174
0.5371000170707703
0.4723947048187256
0.3564590811729431
0.470034658908844
0.42437613010406494
0.5613150596618652
0.38506048917770386
0.4494345188140869
0.5492243766784668
0.413263738155365
0.4412685036659241
0.3574743866920471
0.5942368507385254
0.4663524627685547
0.37687742710113525
0.5880002379417419
0.3616843819618225
0.44898998737335205
0.3816136121749878
0.7072631120681763
0.3626011610031128
0.37740612030029297
0.5353243350982666
0.5207590460777283
0.4233071804046631
0.3795970678329468
0.35608983039855957
0.6949543356895447
0.5581332445144653
0.5410569310188293
0.4178975224494934
0.5119684338569641
0.49487632513046265
0.5104053616523743
0.35368192195892334
0.4164685606956482
0.3858734369277954
0.49391669034957886
0.5237931609153748
0.3900097608566284
0.6379615068435669
0.4389820694923401
0.5972863435745239
0.4896003007888794
0.2946646809577942
0.4527079463005066
0.5119915008544922
0.5582082271575928
0.34561777114868164
0.5319046378135681
0.5261632204055786
0.6644527912139893
0.35224705934524536
0.5262402296066284
0.6504915356636047
0.478704571723938
0.627936601638794
0.49718302488327026
0.5412466526031494
0.44194895029067993
0.4516875147819519
0.2497190237045288
0.450883686542511
0.4026039242744446
0.47376835346221924
0.5459431409835815
0.4661763310432434
0.5306184887886047
0.3768799304962158
0.4184532165527344
0.35266536474227905
0.5590869188308716
0.43494486808776855
0.6005076766014099
0.5123697519302368
0.595240592956543
0.5633435249328613
0.5074061155319214
0.5922189950942993
0.4541906714439392
0.551640510559082
0.3726041913032532
0.4264475703239441
0.4821891188621521
0.4672049880027771
0.43864214420318604
0.48611342906951904
0.3924952745437622
0.4967818856239319
0.6235830783843994
0.4115380048751831
0.38787299394607544
0.5022287368774414
0.6010118722915649
0.43753886222839355
0.07379467785358429
0.5430265069007874
0.5428627133369446
0.4217935800552368
0.43769413232803345
0.6368430852890015
0.45953357219696045
0.4147208333015442
0.4521082639694214
0.5588499307632446
0.6050127744674683
0.44348645210266113
0.4207764267921448
0.4631522297859192
0.49025726318359375
0.45462971925735474
0.48600882291793823
0.3819364309310913
0.3827444911003113
0.5069390535354614
0.5158972144126892
0.530397891998291
0.3829583525657654
0.6407601833343506
0.5082495808601379
0.48870885372161865
0.5094601511955261
0.49161654710769653
0.488816499710083
0.5118657946586609
0.43261486291885376
0.5418514013290405
0.4291772246360779
0.50693678855896
0.4229412078857422
0.46450352668762207
0.433596134185791
0.5353090763092041
0.4989839196205139
0.4843961000442505
0.5655564069747925
0.4437582492828369
0.5276128053665161
0.46524107456207275
0.5177135467529297
0.5189832448959351
0.4281756281852722
0.5070452690124512
0.3407343029975891
0.48033344745635986
0.5427946448326111
0.4286600351333618
0.41962748765945435
0.5303472280502319
0.2843685448169708
0.40142595767974854
0.4324987530708313
0.43823277950286865
0.5564651489257812
0.6543525457382202
0.5498923659324646
0.45361417531967163
0.4090941548347473
0.4966423511505127
0.3960212469100952
0.4319689869880676
0.2783735990524292
0.5476163029670715
0.5850656032562256
0.4362139105796814
0.4899669289588928
0.5477085113525391
0.5384023785591125
0.5349849462509155
0.4798796772956848
0.49241167306900024
0.513926088809967
0.42644983530044556
0.6084845066070557
0.4597674012184143
0.38734006881713867
0.6721470355987549
0.6542412042617798
0.38828545808792114
0.5839347243309021
0.5463957786560059
0.4280818700790405
0.287659227848053
0.4002428650856018
0.5380324721336365
0.5690863132476807
0.4835299253463745
0.5693907141685486
0.713571310043335
0.5711150765419006
0.4746595621109009
0.6722400188446045
0.4619526267051697
0.34384310245513916
0.4836146831512451
0.4437747597694397
0.48479485511779785
0.27162671089172363
0.6207277178764343
0.4797559380531311
0.5103346109390259
0.45826345682144165
0.6247418522834778
0.4960471987724304
0.5226861834526062
0.5503140687942505
0.39158010482788086
0.40640974044799805
0.47748756408691406
0.39058756828308105
0.5344262719154358
0.3134562373161316
0.435652494430542
0.5746265649795532
0.588473916053772
0.5363813042640686
0.370907187461853
0.5922307372093201
0.553957462310791
0.5295436978340149
0.5311100482940674
0.44888436794281006
0.46468156576156616
0.5223895907402039
0.39028000831604004
0.39864450693130493
0.4525909423828125
0.43413758277893066
0.41852790117263794
0.453504741191864
0.37807023525238037
0.3597713112831116
0.4762754440307617
0.5062945485115051
0.30478644371032715
0.5367076396942139
0.47935110330581665
0.4286721348762512
0.5604770183563232
0.4162116050720215
0.46894973516464233
0.46588194370269775
0.5203253626823425
0.5727087259292603
0.46304500102996826
0.49666744470596313
0.33994120359420776
0.4939119815826416
0.5371871590614319
0.6400514841079712
0.5173115730285645
0.5559573173522949
0.5102255940437317
0.47120201587677
0.5262275338172913
0.42169189453125
0.49872100353240967
0.36042147874832153
0.37589389085769653
0.46753960847854614
0.6432845592498779
0.5611954927444458
0.3343307375907898
0.46290695667266846
0.46994632482528687
0.443980872631073
0.543719470500946
0.3398805260658264
0.4529350996017456
0.46586841344833374
0.489909291267395
0.46790826320648193
0.42778438329696655
0.47836101055145264
0.5421220064163208
0.5483108758926392
0.479043185710907
0.5998567342758179
0.48126113414764404
0.4418221116065979
0.4025046229362488
0.5292162895202637
0.4426499009132385
0.24850887060165405
0.539922297000885
0.6582146883010864
0.4890158772468567
0.3719208836555481
0.5214331150054932
0.40819424390792847
0.2838725447654724
0.5268908143043518
0.6397659778594971
0.49714934825897217
0.4988601803779602
0.5391966104507446
0.44545048475265503
0.4357837438583374
0.45017796754837036
0.5666284561157227
0.25986868143081665
0.47247952222824097
0.4237633943557739
0.5601930618286133
0.6075372695922852
0.49315333366394043
0.4461076855659485
0.5644762516021729
0.42405515909194946
0.5321449637413025
0.4449934959411621
0.5922572612762451
0.407600462436676
0.5528740882873535
0.5147106051445007
0.5445579886436462
0.46407008171081543
0.5136420726776123
0.49322259426116943
0.4386846423149109
0.7094927430152893
0.6228196024894714
0.47252994775772095
0.4879181981086731
0.48862576484680176
0.4203881621360779
0.5161268711090088
0.4661138653755188
0.54000324010849
0.5137346982955933
0.3849537968635559
0.48625731468200684
0.5774901509284973
0.38133740425109863
0.44878774881362915
0.4423827528953552
0.5255876183509827
0.34307771921157837
0.6287639737129211
0.48100924491882324
0.6012188196182251
0.4473305344581604
0.44882839918136597
0.5872746706008911
0.432497501373291
0.5751973390579224
0.5812161564826965
0.5328333377838135
0.4738580584526062
0.5285001397132874
0.3445080518722534
0.47399699687957764
0.529141366481781
0.6301517486572266
0.5422584414482117
0.6443134546279907
0.31765198707580566
0.6776534914970398
0.5394400954246521
0.5066750049591064
0.33910953998565674
0.47586941719055176
0.5128938555717468
0.44961702823638916
0.6255968809127808
0.4153667688369751
0.5525901317596436
0.383201003074646
0.5194182991981506
0.5306133031845093
0.565563440322876
0.5885071158409119
0.2754126787185669
0.43440043926239014
0.5452542304992676
0.3553987145423889
0.5037133693695068
0.6199592351913452
0.4605189561843872
0.4247645139694214
0.5390627384185791
0.36887818574905396
0.518326461315155
0.30082523822784424
0.5384736657142639
0.3901050090789795
0.5812047719955444
0.5120581984519958
0.5233985781669617
0.4710384011268616
0.5837080478668213
0.3540905714035034
0.39227092266082764
0.5235540866851807
0.3830628991127014
0.5714885592460632
0.6151304244995117
0.5084329843521118
0.48757171630859375
0.37391048669815063
0.5263630747795105
0.3221030831336975
0.4919753670692444
0.46230411529541016
0.36403560638427734
0.5051271319389343
0.36679208278656006
0.5485111474990845
0.46761709451675415
0.37205928564071655
0.46906453371047974
0.5703556537628174
0.47023993730545044
0.6297944188117981
0.35937249660491943
0.3988659381866455
0.5257870554924011
0.31033146381378174
0.3335903286933899
0.6420508623123169
0.5613315105438232
0.554659366607666
0.5380522012710571
0.3701364994049072
0.3743457794189453
0.4165050983428955
0.40157049894332886
0.5449381470680237
0.5051676630973816
0.5062708258628845
0.6047173738479614
0.5097996592521667
0.3864682912826538
0.5429322719573975
0.35990577936172485
0.6402431726455688
0.4499779939651489
0.5108363628387451
0.5277328491210938
0.48611873388290405
0.4959413409233093
0.5345481038093567
0.5087522268295288
0.38144952058792114
0.40341824293136597
0.5366709232330322
0.5120299458503723
0.5696264505386353
0.4845275282859802
0.6709111928939819
0.531564474105835
0.41922396421432495
0.49584776163101196
0.4309101104736328
0.5679563283920288
0.43270474672317505
0.4978247880935669
0.6497032046318054
0.5882713794708252
0.4167366623878479
0.5264231562614441
0.5203189849853516
0.48956531286239624
0.2995840907096863
0.4882770776748657
0.4039924740791321
0.561620831489563
0.4293941259384155
0.4656810760498047
0.5203571319580078
0.4410032033920288
0.5541679263114929
0.4024285078048706
0.5519360303878784
0.6135443449020386
0.4713778495788574
0.34716176986694336
0.5566871166229248
0.6416915655136108
0.657688319683075
0.5207931995391846
0.6035089492797852
0.4802126884460449
0.3464927673339844
0.44418150186538696
0.5156028270721436
0.49956297874450684
0.3082786798477173
0.5545921325683594
0.35734647512435913
0.35215234756469727
0.4948725700378418
0.4619367718696594
0.4261661171913147
0.38329899311065674
0.5913099050521851
0.4566364288330078
0.4242781400680542
0.6020463109016418
0.549156665802002
0.5997579097747803
0.5041261911392212
0.41205960512161255
0.6091108322143555
0.4928653836250305
0.47261494398117065
0.5260801315307617
0.5122354030609131
0.5644792914390564
0.4626666307449341
0.4279261827468872
0.3743489980697632
0.44178229570388794
0.5402053594589233
0.41587722301483154
0.5032645463943481
0.6013152599334717
0.387564480304718
0.44266700744628906
0.5013583302497864
0.4339274764060974
0.4967716932296753
0.5918166637420654
0.37671607732772827
0.5653085708618164
0.656316876411438
0.5743730068206787
0.41420692205429077
0.4336007237434387
0.49175184965133667
0.5593795776367188
0.41966408491134644
0.45226985216140747
0.3899155259132385
0.49071019887924194
0.4365658760070801
0.38959115743637085
0.5838487148284912
0.4091455340385437
0.38234853744506836
0.6669766902923584
0.576919436454773
0.3228902220726013
0.5467370748519897
0.4508512616157532
0.46824997663497925
0.5496508479118347
0.4176977276802063
0.5156842470169067
0.5111436247825623
0.5215610265731812
0.36701446771621704
0.36488187313079834
0.4343336224555969
0.39614337682724
0.44194495677948
0.38403886556625366
0.4836582541465759
0.43688589334487915
0.42313146591186523
0.3455774188041687
0.4401061534881592
0.6443846225738525
0.5479952096939087
0.4492989182472229
0.5124683380126953
0.34840792417526245
0.5736618041992188
0.38048577308654785
0.44573771953582764
0.3960173726081848
0.4371016025543213
0.423076331615448
0.588655412197113
0.3751521110534668
0.44196265935897827
0.4840981364250183
0.5166082382202148
0.4352802634239197
0.4278199076652527
0.5195643901824951
0.5147383809089661
0.4404049515724182
0.49205708503723145
0.5474175214767456
0.4581705331802368
0.158203586935997
0.4507623314857483
0.44198983907699585
0.4989433288574219
0.368102490901947
0.5173942446708679
0.5188969969749451
0.5423315763473511
0.47230666875839233
0.6899310350418091
0.352805495262146
0.43420976400375366
0.48054420948028564
0.36117786169052124
0.5451158285140991
0.5029324293136597
0.6290796995162964
0.3832782506942749
0.5722920298576355
0.4661690592765808
0.7969560623168945
0.4076693058013916
0.4950646758079529
0.48087698221206665
0.5505304932594299
0.5514009594917297
0.4239785671234131
0.48040688037872314
0.5607250928878784
0.5730546712875366
0.5369992852210999
0.425007700920105
0.5184769630432129
0.5098431706428528
0.5310115814208984
0.45598429441452026
0.5718035697937012
0.3769620656967163
0.459134578704834
0.41880619525909424
0.6057615280151367
0.5756498575210571
0.5644014477729797
0.5731371641159058
0.39581358432769775
0.07852757722139359
0.48619168996810913
0.5959110260009766
0.4593955874443054
0.5194092988967896
0.6056230068206787
0.5775812864303589
0.49359267950057983
0.42931777238845825
0.44593316316604614
0.4518682360649109
0.45070868730545044
0.5760693550109863
0.36153244972229004
0.3718690872192383
0.6098891496658325
0.4446061849594116
0.4663843512535095
0.38326597213745117
0.48356717824935913
0.5946189165115356
0.6432805061340332
0.42292505502700806
0.5701994895935059
0.5717543363571167
0.5878481864929199
0.5559306144714355
0.4734548330307007
0.3930906057357788
0.2823711037635803
0.408286452293396
0.49572277069091797
0.46354275941848755
0.6239018440246582
0.5421913266181946
0.6162267923355103
0.4345422387123108
0.5853652954101562
0.4657009243965149
0.4249010682106018
0.431430459022522
0.3728896379470825
0.5078330039978027
0.5022737383842468
0.4631255865097046
0.5750777721405029
0.5700827240943909
0.503436803817749
0.49830806255340576
0.43799883127212524
0.5459070801734924
0.47267651557922363
0.518683910369873
0.5499908924102783
0.48246705532073975
0.3403160572052002
0.5592003464698792
0.5218331813812256
0.4502120614051819
0.42259180545806885
0.4172685146331787
0.46965062618255615
0.5146198868751526
0.5768020749092102
0.6029462814331055
0.47607409954071045
0.5172187089920044
0.43647319078445435
0.5166933536529541
0.4486067295074463
0.4759875535964966
0.5449522733688354
0.5215626955032349
0.42421120405197144
0.5412307977676392
0.4782114028930664
0.3432098627090454
0.5203184485435486
0.46020078659057617
0.3585904836654663
0.4604886770248413
0.5227583050727844
0.44496262073516846
0.3969016671180725
0.6024407148361206
0.5060724020004272
0.48940831422805786
0.4372464418411255
0.5470684170722961
0.5949901938438416
0.48462754487991333
0.42615652084350586
0.5012236833572388
0.4486001133918762
0.519909679889679
0.544883668422699
0.36533403396606445
0.5703297853469849
0.5201478004455566
0.5363043546676636
0.5967540144920349
0.5225980877876282
0.38064438104629517
0.5195493698120117
0.5906221866607666
0.38939565420150757
0.5552980899810791
0.5058665871620178
0.3514501452445984
0.49743807315826416
0.5539141893386841
0.5014347434043884
0.4128649830818176
0.4539119601249695
0.4908028244972229
0.5720611810684204
0.3713630437850952
0.4220620393753052
0.4646069407463074
0.6107639670372009
0.5320093035697937
0.4937793016433716
0.5517212152481079
0.47741442918777466
0.4575883746147156
0.4173840880393982
0.5586578845977783
0.3385152220726013
0.5760638117790222
0.37014394998550415
0.4712070822715759
0.4324871897697449
0.54050612449646
0.5480972528457642
0.5161734819412231
0.31524044275283813
0.3907025456428528
0.4896577000617981
0.5706318616867065
0.5549995303153992
0.39347076416015625
0.41245365142822266
0.47047626972198486
0.4253678321838379
0.47750139236450195
0.44475167989730835
0.5607014894485474
0.48995327949523926
0.4644268751144409
0.5368614792823792
0.484030544757843
0.5809237360954285
0.5684998035430908
0.4442315697669983
0.5185136795043945
0.536493182182312
0.5635879039764404
0.09792466461658478
0.4588974118232727
0.6319913864135742
0.5913798213005066
0.423702597618103
0.44645828008651733
0.4302781820297241
0.38440394401550293
0.5182366371154785
0.5089015364646912
0.43853867053985596
0.5539835691452026
0.5706104040145874
0.3802034258842468
0.5799956321716309
0.6101493835449219
0.5905652046203613
0.4636554718017578
0.40684348344802856
0.5495417714118958
0.5423158407211304
0.46613186597824097
0.587314248085022
0.6298577785491943
0.4793041944503784
0.3832848072052002
0.3822762370109558
0.3763909935951233
0.6099741458892822
0.43397408723831177
0.4862437844276428
0.6850184798240662
0.5273587703704834
0.37898367643356323
0.5758302211761475
0.7469861507415771
0.3291664123535156
0.5286620855331421
0.39970606565475464
0.5683231353759766
0.5384483337402344
0.46250081062316895
0.4758142828941345
0.3951587677001953
0.6952972412109375
0.46477198600769043
0.39601415395736694
0.37689805030822754
0.49447786808013916
0.48247581720352173
0.4713592529296875
0.47174960374832153
0.536090075969696
0.4932822585105896
0.6085986495018005
0.41003262996673584
0.446025550365448
0.4169287085533142
0.5069942474365234
0.6603415012359619
0.40172332525253296
0.4382716417312622
0.41647636890411377
0.5839574337005615
0.4486338496208191
0.4637516140937805
0.4313622713088989
0.47502535581588745
0.5164934396743774
0.5174741148948669
0.45432960987091064
0.421774685382843
0.35275787115097046
0.5820392370223999
0.4159460663795471
0.5249431133270264
0.42895931005477905
0.4253973960876465
0.3986172676086426
0.5216937065124512
0.5854802131652832
0.4938157796859741
0.5265893340110779
0.489105761051178
0.47662627696990967
0.5157672762870789
0.5475528240203857
0.45000338554382324
0.3302542567253113
0.516650378704071
0.48207563161849976
0.5683115720748901
0.46460604667663574
0.5861911177635193
0.5802860856056213
0.4494090676307678
0.54338139295578
0.4193873405456543
0.3388950228691101
0.5031102895736694
0.4213561415672302
0.5366745591163635
0.3883466124534607
0.346907377243042
0.6068451404571533
0.5301417708396912
0.5023624897003174
0.49733513593673706
0.42913705110549927
0.4557543992996216
0.39342552423477173
0.37262922525405884
0.5205631256103516
0.3728628158569336
0.4484279751777649
0.5057159662246704
0.465087354183197
0.4458240866661072
0.42970967292785645
0.5607726573944092
0.5627780556678772
0.5452462434768677
0.4983307719230652
0.4822022318840027
0.4691452383995056
0.41287505626678467
0.29612064361572266
0.3742259740829468
0.5956864953041077
0.554021418094635
0.4796396493911743
0.37344151735305786
0.396528959274292
0.4628591537475586
0.3578135371208191
0.49768751859664917
0.4246273636817932
0.5277765393257141
0.44013023376464844
0.42484021186828613
0.43667250871658325
0.48261308670043945
0.3351033926010132
0.4199334383010864
0.5108080506324768
0.33201920986175537
0.5052119493484497
0.4791080951690674
0.571617603302002
0.4749414324760437
0.5890305638313293
0.5611804127693176
0.563437819480896
0.5921021699905396
0.4440772533416748
0.48014408349990845
0.51302170753479
0.454537570476532
0.6433930993080139
0.46277493238449097
0.5004600882530212
0.4565592408180237
0.6515072584152222
0.5759758949279785
0.6096657514572144
0.4189339876174927
0.3940373659133911
0.42153966426849365
0.48164063692092896
0.38728469610214233
0.5462871193885803
0.5863803625106812
0.6255367994308472
0.4370594024658203
0.4095999598503113
0.40336596965789795
0.5709527730941772
0.5545592308044434
0.495383083820343
0.4719158411026001
0.5245575308799744
0.5306640267372131
0.6115433573722839
0.5114936232566833
0.5147138237953186
0.5112290978431702
0.40999239683151245
0.37441205978393555
0.5422459244728088
0.4240660071372986
0.3614388108253479
0.6337311267852783
0.5984249114990234
0.2393682450056076
0.4488144516944885
0.31968945264816284
0.3380599021911621
0.5945439338684082
0.3469168543815613
0.4776546359062195
0.49885761737823486
0.5075345039367676
0.4736359715461731
0.43123674392700195
0.638740062713623
0.4693436622619629
0.48498600721359253
0.5413657426834106
0.567868173122406
0.5086857080459595
0.524815022945404
0.6178057193756104
0.6284821033477783
0.5306764245033264
0.4373018145561218
0.4993172883987427
0.5609771013259888
0.5713050365447998
0.47338300943374634
0.32443439960479736
0.5315462350845337
0.5943123698234558
0.5163530111312866
0.4077209234237671
0.6720374226570129
0.43941473960876465
0.42980366945266724
0.6370484828948975
0.2456018626689911
0.4817022681236267
0.476790189743042
0.3494452238082886
0.45876991748809814
0.5110933184623718
0.5238417387008667
0.5031383037567139
0.497511088848114
0.3524148464202881
0.4224841594696045
0.38711369037628174
0.4997960329055786
0.43217039108276367
0.5233913064002991
0.4030228853225708
0.4490082263946533
0.14700070023536682
0.49080348014831543
0.4985669255256653
0.42495203018188477
0.5134695768356323
0.5448043346405029
0.5646862387657166
0.3980051279067993
0.4987573027610779
0.46097177267074585
0.4214070439338684
0.4336983561515808
0.5118162631988525
0.516923189163208
0.521283745765686
0.49386465549468994
0.5778641700744629
0.4379393458366394
0.20376545190811157
0.4520784616470337
0.40980207920074463
0.33605003356933594
0.40412241220474243
0.5481700897216797
0.4590523838996887
0.39721351861953735
0.5091871619224548
0.6076693534851074
0.6735821962356567
0.5279800295829773
0.6597034931182861
0.5229514837265015
0.5900925397872925
0.424846351146698
0.49964427947998047
0.37911152839660645
0.5424392223358154
0.4794207215309143
0.6222416162490845
0.5115345120429993
0.5299636721611023
0.3313494324684143
0.5201449990272522
0.6159833669662476
0.478471040725708
0.4277854561805725
0.5210039019584656
0.5255513191223145
0.39630430936813354
0.5420312881469727
0.48612749576568604
0.5473297238349915
0.5939863324165344
0.47441911697387695
0.5178991556167603
0.4834364056587219
0.49807196855545044
0.5703761577606201
0.50623619556427
0.6428756713867188
0.5237535238265991
0.5117656588554382
0.4089090824127197
0.41582536697387695
0.43661051988601685
0.4047388434410095
0.25663793087005615
0.46203702688217163
0.5006294250488281
0.3829914927482605
0.42043977975845337
0.5138324499130249
0.4559250473976135
0.5216577649116516
0.5052722096443176
0.5028966665267944
0.5772011280059814
0.40043455362319946
0.5050877332687378
0.47384148836135864
0.3840219974517822
0.568366527557373
0.4868335723876953
0.7009292840957642
0.46295905113220215
0.3994797468185425
0.5076847076416016
0.43581438064575195
0.5805114507675171
0.5124907493591309
0.5036091804504395
0.26441049575805664
0.6298033595085144
0.47716766595840454
0.529514491558075
0.671118974685669
0.5062971711158752
0.4647584557533264
0.4751678705215454
0.4999774694442749
0.5049479007720947
0.5968983769416809
0.09020915627479553
0.6340029239654541
0.46160608530044556
0.39750659465789795
0.4458633065223694
0.5157591104507446
0.5948007106781006
0.3451322913169861
0.7091933488845825
0.6162018179893494
0.5422786474227905
0.5212903022766113
0.49548351764678955
0.5377087593078613
0.677577018737793
0.39425188302993774
0.4620187282562256
0.5584908723831177
0.5293034911155701
0.5250899791717529
0.7827490568161011
0.5768188238143921
0.5297235250473022
0.46473973989486694
0.5128341913223267
0.43396127223968506
0.5404453277587891
0.4595921039581299
0.4945433735847473
0.47078436613082886
0.4739777445793152
0.4146275520324707
0.5199682116508484
0.5322412848472595
0.5494287014007568
0.5620697736740112
0.6383963823318481
0.5201170444488525
0.43928438425064087
0.579123854637146
0.5849041938781738
0.47112178802490234
0.5385087728500366
0.4995191693305969
0.5878549814224243
0.5531160235404968
0.4961779713630676
0.36549311876296997
0.41186434030532837
0.5135311484336853
0.3619987964630127
0.35548847913742065
0.4320823550224304
0.5313485264778137
0.6117185354232788
0.40810346603393555
0.6558582782745361
0.5182168483734131
0.5002849698066711
0.43399834632873535
0.39147549867630005
0.6771626472473145
0.4172203540802002
0.3635551929473877
0.4252386689186096
0.5008029341697693
0.5668809413909912
0.5996918082237244
0.45502525568008423
0.6302231550216675
0.5152725577354431
0.5009173154830933
0.3641566038131714
0.4463355541229248
0.5159834027290344
0.5612424612045288
0.6472402811050415
0.4477722644805908
0.577258288860321
0.4860524535179138
0.5136268138885498
0.5320671796798706
0.606253445148468
0.5828749537467957
0.5089595913887024
0.38164806365966797
0.35945016145706177
0.42699968814849854
0.5974855422973633
0.5165592432022095
0.40091830492019653
0.7451850771903992
0.4950335621833801
0.3942457437515259
0.5059093832969666
0.5794237852096558
0.5869001150131226
0.4159308671951294
0.4912495017051697
0.5432999730110168
0.5032365322113037
0.4703570008277893
0.3919830918312073
0.46890443563461304
0.3716455101966858
0.46036815643310547
0.46174371242523193
0.4413177967071533
0.31183016300201416
0.46524709463119507
0.48738163709640503
0.5058197975158691
0.5390463471412659
0.3657214641571045
0.5674589276313782
0.5137861967086792
0.42659902572631836
0.45265698432922363
0.6471309661865234
0.4854435920715332
0.4473668932914734
0.1806371510028839
0.4758610725402832
0.5341588258743286
0.24322466552257538
0.35477524995803833
0.5019912123680115
0.42329007387161255
0.46927374601364136
0.36510539054870605
0.3754451274871826
0.3352815508842468
0.5822331309318542
0.6069248914718628
0.5449521541595459
0.585883378982544
0.5760143995285034
0.377605140209198
0.5453335046768188
0.43905866146087646
0.5047469735145569
0.493033766746521
0.12551096081733704
0.6032029390335083
0.3729192018508911
0.460082471370697
0.5058274269104004
0.4954989552497864
0.48779982328414917
0.6765331029891968
0.5251875519752502
0.4605235457420349
0.44779306650161743
0.6500188708305359
0.4294334650039673
0.5374352931976318
0.4145260453224182
0.43399477005004883
0.469424307346344
0.5794395208358765
0.5158060789108276
0.5410297513008118
0.5023333430290222
0.1292835772037506
0.4958757758140564
0.5194997787475586
0.5826139450073242
0.47923070192337036
0.4905032515525818
0.5025191307067871
0.3655465841293335
0.39162397384643555
0.5213011503219604
0.5722941160202026
0.4889940619468689
0.5395686030387878
0.43238478899002075
0.5686171054840088
0.6207395792007446
0.6703590154647827
0.44507914781570435
0.5470739603042603
0.4532111883163452
0.5632007122039795
0.4652467370033264
0.5458245873451233
0.5768744349479675
0.3974926471710205
0.6007605195045471
0.38319188356399536
0.2560995817184448
0.5527223348617554
0.4930437207221985
0.4734925627708435
0.47171491384506226
0.5070974230766296
0.3106893301010132
0.15356633067131042
0.6120724081993103
0.5175503492355347
0.3765720725059509
0.5839015245437622
0.3721485733985901
0.5181959271430969
0.459877073764801
0.6366690993309021
0.5433748364448547
0.5309507846832275
0.3651566505432129
0.4648168683052063
0.4675399661064148
0.5515906810760498
0.4507395029067993
0.522774338722229
0.534740149974823
0.579286515712738
0.40543878078460693
0.5226026773452759
0.5584557056427002
0.40612077713012695
0.4996144771575928
0.5714017152786255
0.5208669304847717
0.4786195158958435
0.22233060002326965
0.344440221786499
0.3608595132827759
0.5163419842720032
0.3165048360824585
0.5540416240692139
0.40832793712615967
0.5786793231964111
0.39650875329971313
0.44130295515060425
0.5558301210403442
0.43628519773483276
0.5220744013786316
0.547081708908081
0.49211061000823975
0.5162306427955627
0.6117885112762451
0.5027556419372559
0.6487245559692383
0.5960184931755066
0.44468551874160767
0.5706255435943604
0.5873633623123169
0.4847069978713989
0.4952813386917114
0.5070023536682129
0.48308610916137695
0.539627730846405
0.5389642119407654
0.4438396096229553
0.4004809856414795
0.4567483067512512
0.5241271257400513
0.4919360280036926
0.42313480377197266
0.5602970719337463
0.42334645986557007
0.5017503499984741
0.459756076335907
0.553915798664093
0.4012274146080017
0.6564196944236755
0.2020982801914215
0.39202457666397095
0.49392521381378174
0.4689750671386719
0.5204642415046692
0.5670915842056274
0.43158888816833496
0.5865307450294495
0.40568453073501587
0.5101629495620728
0.4167829155921936
0.40530019998550415
0.4968551993370056
0.3477811813354492
0.5423278212547302
0.5361153483390808
0.25827479362487793
0.48240232467651367
0.5149568319320679
0.41789305210113525
0.47130531072616577
0.6871562004089355
0.477769672870636
0.47066497802734375
0.4419875741004944
0.5285592079162598
0.48215341567993164
0.5513032674789429
0.4955940246582031
0.7243613004684448
0.5936671495437622
0.5448150038719177
0.4884830117225647
0.42036938667297363
0.46967124938964844
0.20585793256759644
0.5777636170387268
0.5769577026367188
0.45979803800582886
0.551816999912262
0.528810441493988
0.3294104337692261
0.5354785919189453
0.4502792954444885
0.5297967195510864
0.5010581016540527
0.5151116847991943
0.532501757144928
0.5503226518630981
0.534483015537262
0.3687368631362915
0.5050532817840576
0.5339767932891846
0.5033377408981323
0.5343366861343384
0.4066755175590515
0.38305026292800903
0.49331963062286377
0.4777546525001526
0.46770352125167847
0.3892616033554077
0.497130811214447
0.47334450483322144
0.6605591177940369
0.6437315940856934
0.513755738735199
0.41913920640945435
0.3285072445869446
0.515856146812439
0.5786691904067993
0.5002880692481995
0.632042407989502
0.47083449363708496
0.46097689867019653
0.6195211410522461
0.4725295305252075
0.4740234613418579
0.5016977190971375
0.37935006618499756
0.47172069549560547
0.6352655291557312
0.45955055952072144
0.5139433145523071
0.5487763285636902
0.3258286714553833
0.5726737976074219
0.3764646649360657
0.7054862380027771
0.6070168614387512
0.4436272978782654
0.3403167724609375
0.6210646033287048
0.48740190267562866
0.6281673908233643
0.5643371343612671
0.35778605937957764
0.5258410573005676
0.5919172763824463
0.409467875957489
0.5493764281272888
0.45747435092926025
0.42244309186935425
0.5184267163276672
0.3137442469596863
0.5910283327102661
0.45689332485198975
0.553473949432373
0.40702784061431885
0.47615641355514526
0.4672912359237671
0.31152909994125366
0.4900083541870117
0.4857843518257141
0.475186288356781
0.45856189727783203
0.6436272859573364
0.49007487297058105
0.4999030828475952
0.6516573429107666
0.6457001566886902
0.4985641837120056
0.47500288486480713
0.357596755027771
0.5518388748168945
0.4483179450035095
0.43427711725234985
0.6006311774253845
0.5675286054611206
0.6287099719047546
0.4869356155395508
0.45941972732543945
0.5240524411201477
0.4763193130493164
0.466785192489624
0.6381319761276245
0.08519051969051361
0.5210837721824646
0.4464660882949829
0.52608323097229
0.5896235108375549
0.5296264290809631
0.25892373919487
0.536400556564331
0.41727328300476074
0.5782480835914612
0.6263371109962463
0.625827431678772
0.642375111579895
0.3937460780143738
0.48344022035598755
0.597387433052063
0.6053692102432251
0.6175248622894287
0.5016877055168152
0.48977547883987427
0.3768109679222107
0.4204980134963989
0.36333853006362915
0.5569909811019897
0.560047447681427
0.5022951364517212
0.5865986347198486
0.22726377844810486
0.4590231776237488
0.40567296743392944
0.4470577836036682
0.5740460157394409
0.5768966674804688
0.41831153631210327
0.5651673674583435
0.5586660504341125
0.47633832693099976
0.691717803478241
0.4839431047439575
0.30973750352859497
0.4218655228614807
0.7458182573318481
0.4836500883102417
0.4573671817779541
0.40945756435394287
0.4718426465988159
0.5475642681121826
0.6489689350128174
0.40114784240722656
0.530461847782135
0.4167599678039551
0.5523648262023926
0.5335858464241028
0.4758515954017639
0.5164960622787476
0.46889424324035645
0.6603838205337524
0.37019985914230347
0.3509743809700012
0.5409771800041199
0.6388884782791138
0.44639551639556885
0.39895498752593994
0.5178043246269226
0.5650510787963867
0.4591172933578491
0.3655315041542053
0.6019511222839355
0.4613516926765442
0.5115612149238586
0.49317318201065063
0.5961209535598755
0.5023545026779175
0.5127909183502197
0.5893903374671936
0.4963352084159851
0.4334145188331604
0.40488022565841675
0.6215246915817261
0.5368137359619141
0.46253299713134766
0.4543471932411194
0.401731014251709
0.08068098872900009
0.605446994304657
0.5978553295135498
0.45711255073547363
0.4659978151321411
0.47284525632858276
0.3992461562156677
0.5523468255996704
0.4879917502403259
0.4431239366531372
0.43000537157058716
0.24988974630832672
0.5707930326461792
0.5871542096138
0.4073304533958435
0.46162164211273193
0.4906843304634094
0.44393670558929443
0.541675865650177
0.3705219030380249
0.46905630826950073
0.6637980937957764
0.3674659729003906
0.38882386684417725
0.5705348253250122
0.6053294539451599
0.4667903184890747
0.5641326904296875
0.4819623827934265
0.4595419764518738
0.5985723733901978
0.4874865412712097
0.427351713180542
0.5476524829864502
0.45371413230895996
0.41886961460113525
0.4188123345375061
0.4251481294631958
0.4681066870689392
0.5178675651550293
0.5554680228233337
0.5207235217094421
0.34865856170654297
0.6233377456665039
0.5475956201553345
0.6147922277450562
0.6180511116981506
0.15633279085159302
0.5210369229316711
0.3202633857727051
0.5782010555267334
0.5648410320281982
0.5322428941726685
0.510826826095581
0.43071162700653076
0.39549148082733154
0.47619712352752686
0.48175889253616333
0.37782615423202515
0.5386280417442322
0.45533132553100586
0.5822303295135498
0.5246230959892273
0.4064158797264099
0.4920005202293396
0.4651000499725342
0.4743348956108093
0.553403913974762
0.4453052282333374
0.6079718470573425
0.5899901390075684
0.45144063234329224
0.40304791927337646
0.6469976902008057
0.46343255043029785
0.6337433457374573
0.5992233157157898
0.5243914723396301
0.5126104354858398
0.6594188213348389
0.5188973546028137
0.3278510570526123
0.4977063536643982
0.5374380946159363
0.44388341903686523
0.5439314842224121
0.6382380723953247
0.5016781687736511
0.5235964059829712
0.4984920024871826
0.5017193555831909
0.5072591304779053
0.4688739776611328
0.4685717225074768
0.4670495390892029
0.4744112491607666
0.40991806983947754
0.5116831064224243
0.5192256569862366
0.4804486036300659
0.47261297702789307
0.5678287744522095
0.412534236907959
0.3951675295829773
0.40821874141693115
0.40509384870529175
0.38886409997940063
0.3507956266403198
0.5511135458946228
0.5329822897911072
0.37747669219970703
0.5291436910629272
0.5202979445457458
0.582558274269104
0.45346176624298096
0.5063783526420593
0.5573475360870361
0.42089545726776123
0.5246407985687256
0.6074142456054688
0.46015262603759766
0.19200986623764038
0.6010876893997192
0.48597198724746704
0.5966144800186157
0.5721394419670105
0.5810551643371582
0.48657065629959106
0.4061194658279419
0.5666652917861938
0.5308892130851746
0.3719474673271179
0.6334843635559082
0.41233885288238525
0.5007527470588684
0.5266478061676025
0.4991796016693115
0.34478890895843506
0.47608476877212524
0.5396440625190735
0.4205448627471924
0.47930407524108887
0.5045973062515259
0.4059975743293762
0.5576797127723694
0.4980009198188782
0.5115982294082642
0.5451551079750061
0.2980393171310425
0.5037009119987488
0.5778824090957642
0.5531884431838989
0.5697556734085083
0.6185877323150635
0.5269690155982971
0.43991219997406006
0.4472808241844177
0.5252897143363953
0.556240439414978
0.5455209016799927
0.48813897371292114
0.4190157651901245
0.5858441591262817
0.3494685888290405
0.5123813152313232
0.5452847480773926
0.39173078536987305
0.42797279357910156
0.45794087648391724
0.364274799823761
0.6542733907699585
0.49652349948883057
0.38478612899780273
0.6011580228805542
0.569024920463562
0.3728794455528259
0.38524484634399414
0.4643855094909668
0.65537428855896
0.6108487844467163
0.3455604314804077
0.5157886147499084
0.40147191286087036
0.5537611246109009
0.4066208600997925
0.34566307067871094
0.2020954042673111
0.41524702310562134
0.4782843589782715
0.4290861487388611
0.5594213604927063
0.5521050691604614
0.4102778434753418
0.3059236407279968
0.3869020342826843
0.5299835801124573
0.5654619336128235
0.5271846652030945
0.4253472685813904
0.3604072332382202
0.44084352254867554
0.5204068422317505
0.5394452214241028
0.5704440474510193
0.5020420551300049
0.44029897451400757
0.5835003852844238
0.4005116820335388
0.4669175148010254
0.46918028593063354
0.5237898230552673
0.3771500587463379
0.501348078250885
0.5208644270896912
0.4086921215057373
0.5983152985572815
0.5830588340759277
0.5407785177230835
0.5298216938972473
0.45796066522598267
0.4131157398223877
0.5976530909538269
0.43216007947921753
0.37125080823898315
0.37415552139282227
0.4594030976295471
0.67177814245224
0.5254343748092651
0.41604292392730713
0.492656946182251
0.5218080282211304
0.4836105704307556
0.29141104221343994
0.4443237781524658
0.5040271282196045
0.42292749881744385
0.40771061182022095
0.463686466217041
0.5329352021217346
0.5569626092910767
0.45636940002441406
0.4453085660934448
0.4434979557991028
0.6400229334831238
0.5254135131835938
0.47893327474594116
0.4553591012954712
0.4184446334838867
0.4889630675315857
0.480526328086853
0.4008573293685913
0.5693567991256714
0.46379339694976807
0.32946598529815674
0.6892462968826294
0.45868003368377686
0.48417484760284424
0.5420337319374084
0.4636222720146179
0.7054914236068726
0.6935094594955444
0.3839761018753052
0.464951753616333
0.5063498616218567
0.4967625141143799
0.413998007774353
0.4302093982696533
0.4781574010848999
0.5460801124572754
0.4900110363960266
0.4382026791572571
0.5072298645973206
0.5238380432128906
0.3974993824958801
0.4181445837020874
0.4995002746582031
0.4748823046684265
0.5989149808883667
0.4730820059776306
0.5742784738540649
0.4434683918952942
0.5275810360908508
0.44889020919799805
0.3931359052658081
0.6641052961349487
0.49798375368118286
0.4773913025856018
0.5532506108283997
0.47157925367355347
0.5300761461257935
0.4498748779296875
0.4933168888092041
0.41245609521865845
0.4060394763946533
0.4082345962524414
0.34932851791381836
0.645783543586731
0.12383098155260086
0.46378564834594727
0.5119972229003906
0.38588184118270874
0.41699230670928955
0.5248020887374878
0.3007482886314392
0.4281822443008423
0.38355153799057007
0.5703620910644531
0.4292030334472656
0.4604448676109314
0.4387097954750061
0.57459557056427
0.5811122059822083
0.5562723278999329
0.6295164227485657
0.5502939820289612
0.43317246437072754
0.518962562084198
0.46940362453460693
0.5503103733062744
0.5575936436653137
0.3696698546409607
0.44736820459365845
0.41491591930389404
0.44724923372268677
0.38897639513015747
0.5457121729850769
0.4740216135978699
0.5721390247344971
0.491807758808136
0.6605322360992432
0.4377068281173706
0.34274786710739136
0.5353460907936096
0.401241660118103
0.4737999439239502
0.4674806594848633
0.41255414485931396
0.41596585512161255
0.5043596029281616
0.4779545068740845
0.5950173139572144
0.6124343872070312
0.5463018417358398
0.4880213737487793
0.3738102912902832
0.5126868486404419
0.3854066729545593
0.5047513246536255
0.5395901203155518
0.21188201010227203
0.6019942760467529
0.5152915120124817
0.4243270754814148
0.39330166578292847
0.5079964995384216
0.4935338497161865
0.5667725801467896
0.24164684116840363
0.41668957471847534
0.5147732496261597
0.2379808872938156
0.3723558187484741
0.45255047082901
0.5823849439620972
0.49747371673583984
0.5885703563690186
0.6020748615264893
0.35882025957107544
0.4691948890686035
0.50104820728302
0.29738396406173706
0.5211825370788574
0.5031604170799255
0.39383143186569214
0.4127364158630371
0.45384132862091064
0.5646681785583496
0.49395751953125
0.4427374005317688
0.3847217559814453
0.5984281897544861
0.47107213735580444
0.42632436752319336
0.528937816619873
0.48082858324050903
0.6063157916069031
0.4457058906555176
0.4394811987876892
0.48280221223831177
0.292377769947052
0.4673798084259033
0.46351873874664307
0.4470423460006714
0.5079122185707092
0.39146482944488525
0.3775308132171631
0.25403016805648804
0.49574214220046997
0.5465999245643616
0.42273950576782227
0.5103116035461426
0.30208754539489746
0.4662964940071106
0.4499416947364807
0.5060093402862549
0.5002487301826477
0.4745374321937561
0.5316380858421326
0.4406880736351013
0.4288474917411804
0.527927577495575
0.4973253607749939
0.41718804836273193
0.49494457244873047
0.4949600100517273
0.3566855788230896
0.4095197916030884
0.498778760433197
0.36141932010650635
0.461372971534729
0.47143471240997314
0.47073113918304443
0.5076767206192017
0.418548583984375
0.6215225458145142
0.44482994079589844
0.46691012382507324
0.46422266960144043
0.5124070644378662
0.5091954469680786
0.4831048250198364
0.46424996852874756
0.549909770488739
0.46728336811065674
0.45074862241744995
0.578975260257721
0.40857744216918945
0.5299312472343445
0.44485044479370117
0.5086303353309631
0.5016262531280518
0.4446180462837219
0.44048166275024414
0.48297250270843506
0.5070561766624451
0.5365665555000305
0.41404497623443604
0.46025025844573975
0.35197222232818604
0.47773081064224243
0.47217071056365967
0.650692880153656
0.45373958349227905
0.55674147605896
0.5516834259033203
0.3594101667404175
0.4772931933403015
0.5585066676139832
0.3828420639038086
0.4681730270385742
0.4966137409210205
0.5420805811882019
0.398440420627594
0.5348923206329346
0.4071975350379944
0.565128743648529
0.37634456157684326
0.39277154207229614
0.48961740732192993
0.5361123085021973
0.5220063328742981
0.3520612120628357
