1
0
0.8515320895
0.6346244633
0.6850050188
0.7729645777
0.7676605584
0.7147767693
0.6671518596
0.7110422778
0.6992696658
0.52931878
0.5145930963
0.6587700897
0.2620923748
0.4403725283
0
0.2684011855
0.3626108145
0.6939173197
0.709376842
0.6491736735
0.5948958197
0.647249338
0.6952098305
0.6409849209
0.2530040014
0.7031909561
0.6524022357
0.7107042451
0.3442031227
0.5245074591
0.6374282969
0.3734659414
0.6973086218
0.7082346548
0.6749075169
0.1707744676
0.5535413444
0.6846490837
0.5032843075
0.1328230227
0.4893987119
0.4845443121
0.7483546771
0.6137096377
0
0.7035367592
0.5961830054
0.6406026336
0.6966370649
0.4993394778
0.1007083841
0.7263601117
0.6026951307
0.1756863631
0.6722030149
0.7019709004
0.5412541943
0.6226021327
0.6406591852
0.6781614232
0.6583976807
0.4174869055
0.5816175821
0.6287241657
0.6977828112
0.6550128881
0.4904816085
0.674889289
0.7314941138
0.6214619637
0.7580664373
0
0.1648905709
0.4307406496
0.5717011514
0.7547460667
0.6196049993
0.576170519
0.1732692142
0.3566276586
0
0.7301972163
0.07737418303
0.6278716338
0.1382575758
0.1808825312
0.6097230158
0.5461995969
0.335922006
0.5735494193
0.391608844
0.5725286239
0.4824408012
0.6420941468
0.4726888142
0.6122645016
0.4677475654
0.6152198792
0.6990509999
0.4680234377
0.6938343798
0.5172919669
0.7408798344
0.7240365321
0.6665868895
0.7202551142
0.3675912382
0.7531285757
0.1238098894
0.1573296272
0.6609861789
0.2589173765
0.7851019435
0.5378903129
0.3951890943
0.5276646729
0.629493366
0.5765515144
0.6612755343
0.429455692
0.5701322142
0.6633681259
0.6053178476
0.6999817253
0.3229524614
0
0.1629045945
0.2868943753
0.2483917938
0.7063564073
0.1308452278
0.6079864263
0.7538972692
0.4178530118
0.3382358555
0.7195650328
0.4962818487
0.3940653545
0.5853668736
0.6556561669
0.645757737
0.6064973228
0.5762055829
0.5392907598
0.6371341047
0.4800225814
0.6079292673
0.7500035906
-0.06376705318
0.6013322279
0.523259148
0.646643038
0.4969314105
0.5057372583
0.5756957289
0.6496324009
0.2175149784
0.5198758169
0.6703909561
0.5887952119
0.6855459422
0.4755149907
0.2158911473
0.5578916142
0.6596513106
0.3452946509
0.2774271394
0.7871042156
0.5779772565
0.5617821745
0.4983335179
0.4898062399
0.7257234287
0.6675998922
0.5563199818
0.5632465943
0.3262651063
0.6798170305
0.3973780467
0.6056021344
0.3236856743
0.4646749856
0.5008196083
0.6569207473
0.2325813883
0.4870838707
0.6658500943
0.1017782294
0.6296781016
0.3576774779
0.1111111111
0.6526550735
0.5141076363
0.6130027494
0.2693819313
0.6808042378
0.6498902344
0.5904620452
0.5568358533
0.6755673036
0.5820810404
0.05168895942
0.7071227066
0.6501171605
0.3964778636
0.3726512005
0.466470337
0.6566719026
0
0.5748173011
0.5756832516
0.6670809363
0.4351936012
0.3577149861
0.5435269543
0.6517446104
0.6898121675
0.5777822575
0.5417382775
0.5963282086
0.5061122562
0.3350584184
0.698875877
0.6097647084
0.5855384207
0.6518016567
0.4913608898
0.5751922717
0.07893120393
0.3912995692
0.2581939558
0.4472250779
0.3666379583
0.7212593279
0.2426162333
0.539761886
0.4467854177
0.6547026862
0.3076509964
0.6756043008
0.6103371356
0.5547257344
0.5670826529
0.6018236078
0.2538724914
0.5923128907
0.1364815466
0.3766893346
0.5699345551
0
0.4274084554
0.6481026715
0.2124136132
0.3758973918
0.7814165479
0.1856103149
0.1875804916
0.5914399955
0.5183778868
0.5909961039
0.70883646
0.304731992
0.662193783
0.1184749667
0.4130217217
0.6425153055
0.1051201004
0.5117352725
0.7131609746
0.5702786531
0.5674315954
0.3294161713
0.3379360399
0.684055361
0
0.550041297
0.6446785732
0.2101582429
0.4095188073
0.7342015445
0.4909987052
0.3573663304
0.5143086635
0.7073910726
0.6967420934
0.4955426205
0.6730675731
0.3841601573
0.5383147313
0.6754233762
0.124996273
0.5357695603
0.2741016681
0.7275924497
0.7223036673
0.657744267
0.1436599684
0.5891805424
0.6324307832
0.5938537196
0.4356797421
0.4490254704
0.7304949203
0.5867218191
0.5920886216
0.7467333985
0
0.6931092479
0.7031688723
0.6651086097
0.3183132953
0.3029543938
0.6296225715
0.670714047
0.6310540991
0.5608542278
0.5278923488
0.5365676093
0.5840634853
0.4023196001
0.6581156738
0.6680646665
0.1702446946
0.456408364
0.6877080655
0.07651320867
0.3067253985
0.3189796761
0.7306289253
0.06732447056
0.5006317544
0.646815444
0.6731284892
0.5952803387
0.554150624
0.3678840261
0.4549521843
0.594376898
0.5746358092
0.5229321985
0.7104855582
0.1015897285
0.5016142764
0.6089560215
0.5747477278
0.2872604413
0.2201025384
0.6880749652
0.3612450005
-0.1420321738
0.3128344888
0.6668463852
0.5173426447
0.4261810873
0.7138375847
0.4286172357
0.3120164346
0.540178672
0.6077824233
0.3947961699
0.5507527441
0
0.6605565241
0
0.6457821453
0
0.6486435466
0.6408270835
0.6748689354
0.6896409956
0.7716673079
0.1271109666
0.7124604061
0.5876774912
0.6113890554
0
0.1390858373
0.5905563235
0.6533221946
0.615102928
0.3606115872
0.6739857918
0.3517087028
0.6338129904
0.1243466747
0.6684557563
0.2592639868
0.7218164321
0.5600507457
0.3342768211
0.307225765
0.7198982015
0.7243599101
0.3402291423
0.6931770225
0.5173693021
0.3186964088
0.1615067213
0.05783930483
0.6170044809
0.2992575037
0.6202244712
0.5521216721
0.3214488821
0.588019746
0.3632638657
0.5517904843
0.7121988266
0.6310720716
0
0.5484420005
0.619399691
0.619399691
0.6575009959
0.6349948528
0.09316888953
0.202427108
0.4939703618
0.6026556963
0.2948703662
0.5697313406
0.5352994783
0.4016889526
0.2752965623
0.1485413517
0.6652497671
0.7382003057
0.6812176741
0.3851312048
0.7197864703
0.5216428681
0.3000857119
0.5161804152
0.6009451657
0.4182136121
0.6858787903
0.5912880124
0.294822153
0
0.5232920515
0.4920787273
0.3404732921
0.3641304348
0.5677782161
0.5299389228
0.4131235328
0.1984879965
0.2174620058
-0.02048355048
0.5540930689
0.610533332
0.7251278258
0.6848176805
0.1999498794
0.6777073185
0.5022851801
0.5451482
0.4843271144
0.674630416
0.3297850045
0.6742649998
0.309902362
0.6367703461
0
0.08091926
0.3792608057
0.5417190451
0.5732670631
0.679557482
-0.05456065111
0.557507473
0.5643656241
0.4590253773
0.2870461237
0
0.5855899151
0.624168244
0.3098957983
0.6809332603
0.7073724582
0.6991316904
0.595429219
0.1041719901
0.6259738875
0
0.6849876948
0.3468801123
0.3467194785
0.5974915787
0.6059857702
0.2618920363
0.1896988215
0.3748131389
0.6242575724
0.07527845499
0.7359093065
0.3419037478
0.6520565541
0.4049742842
0.3326676422
0.561449129
0.01468309412
0.5935682626
0.5038246054
0.5988396444
0.01389559253
0.4988188671
0.2822818383
0.7683998565
0.2786104301
0.7043311132
0.673240728
0.4066450864
0.5429718734
0.5005492917
0.4700975281
0
0.2651905187
0.7041865234
0.629937867
0.6506521047
0.286045425
0.7212650359
0.5038996049
0.1832981231
0.7650386701
0.6504821307
0.5720796565
0.4639934337
0.5095714576
0.6749857393
0.02807310211
0.6493528075
0
0.3653252913
0.362451832
0
0.6488088817
0
0.5295871164
0.6509174046
0.6625989773
0.604899763
0.6336554813
0.1935008147
0.4875442275
0.5714176136
0.4586930058
0
0.5688753317
0.6475417399
0.2254433968
0.3959566436
0.07261339553
0.5023448381
0.4767273759
0.5700558868
0.5806241282
0.5125449587
-0.00476044226
0.5643416615
-0.04735487484
0.6202439838
0.4754586582
0.1212535889
0.6199317868
0.1506009771
0.5511754141
0.532254993
0.650521338
0.3474775971
0.7523356687
0.2694357774
0
0
0.3101465661
0.4982521104
0.3310800478
0.432802823
0.6058799589
0.5601540184
0.4714432388
0
0.5275346382
0.6757387439
0.5036280265
0.2488168486
0.5056050084
0.6599760155
0.2439534304
-0.08033377636
0.04332646381
0.6109413203
0.1860033414
0.4999113127
0.2622216961
0.2766635821
0.6220530863
0.7078135867
0.6836169731
0.648354045
0.525389323
0.4752627072
0.6047589524
0.6137369029
0.6158656516
0.6044689553
0.6046244681
0.585959458
0.3928852906
0.6029774683
0.3184212792
0.6259937022
0.4931942534
0.1314799583
0.5738067439
0.4751137758
0.6442058081
0.3158848973
0.3035996766
0.1893984332
0.7070493209
0.2323807557
0.5803523956
0.7399724472
0.5199411839
0.3291004933
0.6244025102
0.4117232947
0.6938553426
0.6288203353
0
0.5641854502
0.2423115875
0.3766082146
0.04199748388
0.6857954202
0.4727592267
0.6752249263
0.6271312656
0
0.5390823096
0.3890951775
0
0.4362674919
0.5828198699
0.5098258714
0.2995307062
0.2859298665
0.6652125065
0.4940290083
0.6130540427
0.6510308692
0.5962220136
0.6307157633
0.5660610212
0.387111384
0.5674690343
0.3509049305
0.6799814045
0.1568425664
0.4714758331
0.6357097274
0.6009804876
0
0.534055254
0.232819303
0.7151528313
0.5774638963
0.6840821225
0.5384069864
0.4067138464
0.6045623998
0.6716900289
0.6343654202
0.6043447786
0.3818284176
0.6408648484
0.2504445075
0
0.2545594681
0.6866865695
0.5461862826
0.6497166267
0.5183674693
0.5900672799
0.4526092676
0
0.5956658954
0.2110932192
0.6156682865
0.2571365203
0.5181890365
0.3669261221
0.2685652455
0.4873154519
0.6054935193
0.09625320095
0.2872161406
0.6669232361
0.1104514333
0.2037251929
0.5089219155
0.3423519039
0.4466778624
0.2895537391
0.3847140664
0.2462736478
0.6433998752
0.5662289435
0.2514857737
0.1755711919
0.1487151882
0.007502429065
0.4839353193
0.4463566986
0.6094230658
0.5795817215
0.5533984338
0.5768520021
0.5766070667
0
0.4471488035
0.6474644084
0.07374052676
0.676302798
0.2766884986
0.7240892297
0.6087120498
0.4647361744
0.5451720398
0.5674232667
0.6618713748
0.04126164739
0.1118605034
0.7026848446
0.3354092819
0.2539773146
0.4620393911
0.5171374271
0
0.2417557234
-0.03003937508
0.5637165682
0.250214858
0.3451528375
0.4961372467
0.3439052968
0.2808746944
0.6157150494
0.6072179753
0.3710729288
0.7064823872
0.5368044008
0.5357723051
0.3061271489
0
0.4845620748
0.4433349054
0.4943823013
0.3375087892
0
0
0.508291689
0.6043920869
0.6599241256
0.3663062559
0.5610536792
0.6358575653
0.7320814408
0.4994873261
0.6046878402
0.613311378
0.5242209751
0.0814277371
0.6657445099
0.7207243474
0.6150619943
0.5906979845
0.5984611084
0.6452322781
0.2163419534
0.4756343391
0.5385178305
0.603352604
0.6034109157
0.6449416216
0.4833967398
0.2527508562
0.5799546644
0.4939944691
0.5954005778
0.4343473291
0.7077929931
0.3781820108
0.6805644756
0.5454942503
0.6045064027
0.5328363467
0.2820091866
0.7503290438
0.4540005178
0.5597598048
0.2918567616
0.4515129092
0.3922550344
0
0.09033084972
0.6459422733
0.2513070915
0.6946516106
0.6433178127
0.4116407258
0.5631040662
0.6848039713
0.5567461385
0
0.6081709333
0.5058326086
0
0.09598069858
0
0
0.5360435098
0.2087193356
0.6119822645
0.634196478
0.4372405897
0.3125707437
0.5723608286
0
0.6042033366
0.07034233344
0.4996299172
0.2375064447
0.6577134204
0.4745400466
0.666342308
0.4711674477
0.2051614017
0.6127023068
0.7501208252
-0.005527942781
0
0.5367329445
0.4994122576
0.03545959256
0.6295592519
0.5988617245
0.6789859623
0.1296935836
0.269738461
0.6565962314
0.1011284535
0
0.6422354479
0.2809707581
0.5193536384
0.2366166729
0.6978373439
0
0.5614962295
0.5676618463
0.6525815342
0
0.5066431831
0.4656256999
0
0.6248574021
0.4682915418
0.4704541781
-0.005880972016
0.4784114739
0.3708860474
0.1175356101
0
0.6156055248
0.6317912229
0.5663401234
0.6799245612
0
0.5730043571
0
0.2786136833
0.3545051072
0.3795620438
0.6229105444
0.5830149846
0.6835718413
0.6233054657
0.3963704451
0.5206666857
0.5043086125
0.2874199267
0.6294504708
0.6643969883
0.5943853745
0.4944387641
0.4590137513
0.6776744329
0.3418582421
0.2829355044
0.6838774413
0.5333662466
0.3710723788
0.03662603891
0.1968007941
0.4617356888
0.6555514196
0.4930701571
0.6809650053
0.5630429483
0.6346061972
0.5309094348
0.1960861878
0.5102945743
0.6008561765
0.01972171247
0.3180665072
0.5931697142
0
0
0.1645908881
0.368561093
0.5330337244
0.6175231371
0.2986641221
0.2215143257
0.5526464061
0.5909546037
0.4398331729
0.3537573402
0.4994450632
0
-0.01161623405
0.6288838728
0.462070477
0.6780677144
0.5027820236
0.4807737086
0.600210997
0.5469111587
0.6074292775
0.0596622917
0.5601772664
-0.06557953276
0.6119978539
0.6416576278
0
0.5773108386
0.3137845786
0.05792240319
0.4693866087
0.3280115078
0
0.2382308557
0.06716016889
0.4365809716
0.6549446153
0.5430002738
0.02518946477
0
0.6473411959
0.5818792769
0.5858965871
0.6570832395
0.5441266855
0.2261283738
0.2647798218
0.2261283738
-0.02140398681
0.3665641558
0.2211251184
0.595492065
0.4527688338
0.6457790677
0.6275730014
0.6003482336
0.4253297091
0.2250250811
0.4561609346
0.5794498382
0.489192792
0
0
0.5770974582
0.2306094028
0.4454742603
0.3708756206
0.4284048616
0.5248890281
0.491808317
0.5539564241
0.2309278473
0
0.7488426592
0.2306896788
0.04898476316
0.5633615662
0.7212878097
0
0.5150552891
0.3844911782
0.5758452893
0
0.5644580231
0.5591115915
0.4780619747
0.5990757933
0.619526772
0.5793866166
0.201633845
0.6130321055
0.5588010087
0.630441682
0.3310846878
0
0
0.09676408859
0.7420354469
0.5884828856
0.4751916266
0.3207917219
0
0.3374517079
0.6248998419
0
0
-0.0415549759
0.6433346231
0.6671154655
0.2591614535
0.4485616772
0.2781976164
0.5841680965
0.6155267531
0.3200915174
0.4826659676
0.5805366156
0.5200634426
0.603099959
0.4491397764
0.6636737453
0.6275515778
0.6732570943
0.6026753346
0.3555712009
0.4328883788
0
0.5326582142
0.3942051989
0.6621703976
0.3387755412
0.6804531394
0.6416925439
0.5177686864
0.3303830506
0.5020848948
0
0.4282335212
-0.01764633869
0.5053247397
0.4950287747
0.5213513188
0.5478153317
0.4859896054
0.5194438593
0.6329388259
0.5420132654
0.5773439701
0.4434358637
0.4646638247
0.5407183555
0
0.6361989521
0.5876355656
0.5621470292
0.4340290792
0
0.05276925072
0.2046087548
0.3344794608
0
0.4468710387
0.4450026638
0.6486002858
0.7014211159
0
0.5845699014
0.2547610767
0.5521222023
0.3881486432
0
0.6542781736
0.506576772
0.5688507836
0.3112814605
0.442661517
0.5215358043
0.4529683407
0.5008049463
0.5172294903
0
0.03229697867
0.5061454326
0.4941766267
0
0
0
0
0.6810544299
0.02211312166
0
0
0.4186860072
0.4383889638
0.6432944998
0
0.6514991293
0.4218547235
0.1848044138
0.1832602931
0.5564394356
0.4650426559
0.2408470926
0.6397797582
0
0.4448191657
0.1603580015
0.4730565528
-0.03312504356
0
0
0.5746605109
0.6174100385
0
0.5846917246
0.5694055242
0.4102652984
0
0.3298763462
0.401520243
0.5546794532
0.6592324524
0.5679482392
0.6313511277
0.4631202782
0.655154306
0.4950633898
0.4400021784
0.628364517
-0.09763444718
0.4621018398
0.5939948627
0.5064573198
0.5838273433
0
0.3323089462
0.3689821815
0.1653079216
0.2300357123
0.0124340271
0.6282368499
0.1513362551
0.2693099608
0.4958203158
0.6118547591
0.6548375478
0.5047262078
0.5900964748
0.4059007043
0.5085361444
0.4550612132
0.3848384907
0
0.08102027041
0.6054222465
0.6537417626
0.6584670299
0.460273507
0.5336598005
0
0.5781938249
0.4771604096
0.4403190439
0.5941901706
0.486259748
0.1151149775
0.6344774272
0.157401552
0.4259361518
0
0.2566868274
0
0.5922124294
0.4561480696
0.5408368865
0.603301244
0.3942481291
0.5917288136
0.5932928105
0.5964179025
0.4614862168
0.5909917655
0.4411465214
0.4483397843
0.4727624721
0
0.6081006784
0.5143856676
0.6059584207
0.632761375
0.7206956398
0.6303846865
-0.2434402532
0.6177875008
0.6144496575
0.4304117134
0
0
0.1326702284
0.3911896356
0.5955608494
0.6151134105
0.2236812364
0.6390491027
0.4512123836
0.5187113209
0.5896831796
0.6355886095
0.3789006585
0.213223169
0
-0.09865225217
0.4738085263
-0.1365062371
0.323274169
0.5407433109
0.4797072976
0.5593638792
0.6294691005
0.3578815727
0.6746007448
0.4597390009
0.5675965817
0.6165072552
-0.149336547
0.2994989098
0.5506217655
0.5588651254
0.3700387729
0.1641131677
0.4575758292
0.5384654065
0.6325281443
0.5383533148
0.6697282624
0.5995430611
0.6610731707
0.6310360167
0.5195361629
0.4334549078
0.6138338275
0.03200420278
0.5541859171
0.4174895554
0.7198291183
0.246107217
0.5922894951
0.4433084774
0.4767883245
0
0.5933213863
0.3697751607
0.5691704163
0.5926018914
0.1731616179
0.2743490574
0.5854235323
0.5520835853
0.6699808278
0.6350692385
0.6170219799
0.493672545
0.5933233701
0.3104194234
0.517174338
0.4645190508
0.4645142815
0.579346571
0.5892854775
-0.1807570177
0.5660010083
0.3189812984
0.5683055291
0
0.5597439646
0.5189162928
0.531856415
-0.04238785935
0.5945140416
0.1286998715
0.3801570601
0.4055688531
0.4105621268
0.4776636147
0.5124483548
0.194920976
0.5841916445
0.4606676722
0.5990845092
0.4499729552
0.5236391945
-0.04734330139
0.243652173
0.5709052836
0.6602786888
0.6312539065
0.6553935496
0.51456391
0.4006705463
0.1880822261
0.3983751626
0.4937570637
0.4983998934
0.208797672
0
0.4669216883
0.5433641444
0.1185651147
0.5543359517
0.5549400927
0.5839410107
0.3319142513
0.1454795239
0
0.4673703172
0.4916030944
0
0.3920647791
0.551999508
0.5315254707
0.6398994853
0.4223019685
0.521783841
0.7264008418
0.563077398
0.3732188648
0.6516823411
0.5557332368
0.4660656134
0
0.5376516878
0.5268749735
0.2671137006
-0.1703472361
0.2315796277
0.2303906913
0.5002098614
0.1271587859
0.6065881789
0.5614398109
0.4962959052
-0.1299297901
0.387242852
0.505350434
0.3911605168
0.4328435286
0.560612122
0.01545815584
0.2695195626
0.2274251545
0.6333514196
0
0
0.4885727113
0.5213180684
0.5680394659
0.5000808897
0
0.5813693729
0.5505122874
0
0.4493605214
0.5533191997
0.3619800824
0.5185898141
0.2784059828
-0.07722137291
0.6315243837
0.4489608051
0.5273756987
0.5437687496
0
0
0
0
0.3974997503
0.4096271948
0.5447834019
0.4204279239
0.1530497545
0.6060741111
0
0.5951610269
0.52496536
0.4888355697
0.4178787047
0.5758497513
0
0.4819985462
0.2753096528
0
0.651635165
0.2591537898
0.5427947125
0.6034172441
0.5774566985
0.5762514044
0.3469608581
0.5590270478
0.6477902405
0
-0.2962646859
0.6379765598
0.4962300816
0.2561986
0.6108808539
0.4765297885
0.5937754467
0.4765706968
0.2471627612
0.537612343
0.5600569389
0.5275208668
0.4930808449
0
0.1403592307
0.6436349281
0.5225859357
0.5092807935
0.5745772763
0.4405895471
0.5789164815
0.5189042906
0
0.5953302235
0.4241873818
0.5463839068
-0.1398007427
0.5282184568
0
0.4808124457
0
0.5193342259
0.3481990659
0
0.5938760968
0.5529359735
0.5334292475
0
0.4162524873
0.3870746133
0.6200897668
0.4322160849
0
0.6270443715
0.368899168
0.3500098548
0.4191647557
0
0.5342844793
0.461440584
0.4575835901
-0.02824504798
0.4457071133
0.3722957104
0.5554648088
0.4697271406
0.4848055762
0.4785610446
0.2261141376
0
0.1008434745
0.401148547
0.253939966
0.5558701906
0.5333642639
0.4865739209
0
0.4355756411
0.3919945384
0.4868752173
0.4953878022
0.5203310369
0.5687599156
0.546332719
0.2700280319
0.4465475977
0.6110840553
0.05918531508
0
0.6568501921
0.5476754391
0.6403826988
0.388009073
0
0.4410579402
0.09630195404
0.07115109639
0.5945702944
0.5520691162
0.3904062569
0.4864451105
0
0.6169762512
0
0.5120698624
0.3206140171
0.08231752228
0.4009741332
0.4358345671
0.4754660336
0.6071839171
0
0.4473752635
0
0.5162109971
0
0.3376570904
0
0
0.3283952661
0.3960359035
0.5511367708
0
0.7152961755
0.3265076009
0.2770776321
0.3511147011
0.4384295949
0.5003569376
0.420495617
0
0.1558469566
0.3787708116
0.3002241622
0.5242466501
0
0.4598546214
0.5781685098
0.5459503067
0.5884645681
0.3732179574
0.4385065709
0.437456114
0.09741515738
0.6326222589
0
0.2901034202
0.5236492379
0
0
0.371859234
0
0.318123938
0
0.5093766207
0.426344642
0.5936578605
0.6123440583
0.5415337271
0.3550701229
0.2158866719
0.3546547158
0.544160159
0.6316781487
0.5405800711
0.3370635309
0.6186220607
0.5478912923
-0.113264243
0.387760514
0.4628868977
0
0.369583155
0.2848359935
0
0.3165022313
0.1359560935
0.190599338
0.4092147685
0
0.4235357621
0
0.4091304701
0
0
0.5629925482
0.3669446032
0.3276313619
0
0.4864906139
-0.5584276701
0.3242376204
0
0.4638790456
0.4387759775
0.4662932503
0.3468500438
0.427459354
0.5127624262
0
0.475622408
0.5012935129
0.5996543013
0.3482442962
0.6241474499
0.5163831563
0.605473046
0.2787653261
0.4195634829
0.1249525548
0.1577802941
0.5373105403
0.5545724633
0.6211796632
0.4863127724
0.5486651457
0.2979860732
0.02333671065
0.1298385631
0.4010432577
0.4843844303
0.1199962397
0.3308252616
-0.575721466
0
0.5529875474
0
0.3619840074
0
0.1563010254
0
0.4967577799
0.3575564779
0.6252378277
0.4793084761
0.364275023
0.6739107496
0.3022978485
0.2289284705
0.2340252701
0.2710564033
0.4898733306
0.6047040913
0
0
0.4931215486
0.4924970478
0.4001367259
0.2570597754
0.4520130527
0.2833426737
0.479380446
0
0.4802839313
0.4068163996
0
0.4928446217
0.4953368277
0
0.004409406734
0.4401275448
0.5061004745
0.6214046386
0.345617257
0.3203735133
0.5490906581
0.5160649911
0.4236129864
0.4212634363
0.2223048217
0.3907964993
0.4422460131
0.3409463102
0.4823995568
0
0.5023185469
0.5061113662
0.2455159696
0.5224478072
0.3413867461
0
0.4932042873
0.05242179662
0.5278139954
0.5511310978
0.05223199356
0.4450760632
0.206342081
0.1836506159
0.1975590277
0.1734757321
0.6521324377
0.5087176057
0.4473911169
0.5223851444
0.6156754447
0
0.54563421
0.4736672875
0
0
0.5922939265
0.331654642
0.5975927125
0.4016685427
0.6404877582
0
0.003326367996
0.4055306024
0.1367334935
0
0.1782381486
0
0.3899064212
0.3773717705
0
0.2896061534
0
0.1664476118
-0.009984701245
0.4724063184
0
0.2073711011
0.3632640069
0
0.6519073748
0.4229210304
0.3150328767
0
0.613963629
0.4885379055
0.5027908893
0.504541197
0.05821553831
0.4213160687
0.5592297686
0.3389231305
0.5228057019
0.03154295898
-0.104961377
0.5747338345
0
0.3175189951
0
-0.182813891
0.3556358852
0
0.4701518425
0
0.6124304637
0.4949035313
0.5532815771
0.5004281142
0.5016231062
0.3581011785
-0.05094947273
0
0.4821557292
0
0.1085125508
0.1081879619
0.5352503632
0.4779225841
0.5699229975
0
0
0
0.434920897
0
0
0.5495089304
0.3480843156
0.5189626125
0.5092169425
0.4443530914
0.4336563725
0.3896198485
0
0.2933509097
0.2022601801
0.4720444503
-0.02783080095
0.4555573708
0.4487629075
-0.1379068307
0.4701997818
0.4648460745
0.5743701589
0.4198452777
0
0.5199201771
0.5865590153
0
0.4397771732
0.4579927327
0
0.3128990249
0.6152089632
0.4292963995
-0.2810646334
0
0
0
0
0.5952318957
0.01311666545
0.5239715502
0.4869024974
0.4067826729
0.602337531
0
0
0.1786515891
0
0.6725076775
0.002532458595
0.4296282306
0.2681312837
0.2936189564
0.4454983794
0
0.4244804135
0
0.3804219698
0.570886031
0.6233138388
0
0.6021449993
0
0.1454232409
0
0
0.3506538115
0
0
0.4889137696
0.2905197584
0.01375620249
0.2850150701
0
0
0
0.3220402455
0.4225517405
0.4831312873
0.1642887197
0
0.4290648219
0.2840322369
0
0.4879279988
0.4711314834
0.3689146606
0.05691851094
0.5299722811
-0.0595261526
0.5801546476
0.4981901489
0.006368791109
0.5228964083
0.5745649617
0.5318745678
0.3520349782
0.3692285583
0.3252329899
0
0.306379706
0.1529773771
0.3412139872
0.3845903944
0.4588176966
-0.1202217817
0.4956812368
0.4191620244
0
0.5996820361
0.4576216953
0.337671237
0.4174827085
0
0
0.4786796718
0.5584830627
0.4799377549
0
0.1559958689
0.4224305327
0.4258609926
0.323313801
0.5030954701
0.3449769224
0.4390170843
0.3416775536
0.5350946347
0.3344461743
0.3923008582
0.2624575859
0.1134896092
0
0.4747343865
0.3878492623
-0.2699977867
0
0.342278937
0
0
0.5699444295
-0.03958094615
0.5740543206
0.3609048057
0.07733156323
0.5306679722
0.3298193527
0.4207618978
0
0.5499982812
0.2742567607
0.3307586422
0
0.5141576483
0.37365046
0.290346812
0.4862418571
-0.1717677962
0.4689182691
0.166163413
0
0.4817234739
0
0.6026889561
0.4795344184
0.2974356073
0.394838343
0
0.1452393781
0
0.1076126582
0.4485517391
0.4035609258
0.109658476
0.4182444912
0.3155148898
0.407843614
0.5429739771
0.4696538257
0
0
0.43273546
-0.2556694104
0.2471609214
0.2271644381
0.4142116916
0.3543343297
0
0
0.3948197188
0.5127374535
0.3947365589
0.3784336839
0.4262811089
0.5384820283
0.2441970487
0.002373613916
0.5012305132
0.5613316779
0.3565550538
0.3577595043
0.3867649617
0.1729442011
0.4237256123
0.2422479059
0
0
0.5358270019
0.3079412161
0
0.4753040572
0.3436254893
0.3086908426
0.3406006726
0.5197237813
0.4906423791
0
0.5372073186
0
-0.02193737773
0
0
0.4620935097
0.166813116
0
0.2720330528
0
0.5894369598
0.562157302
0
0.3200013113
0.5782859634
0.3455569125
0.5966534411
0.5275232775
0.4014202238
0.4748161011
0.4288159177
0.4610661825
0.2655873567
0.4060642062
0.4454381872
0.340219525
0.4668310164
0
0.376845174
0.08823763448
0.4401646991
0.5001395272
0
0.4358437444
0.461238963
-0.00638720718
0.2498187163
0.251009136
0
-0.03472897533
0.4664190883
-0.0583891876
0.4701012468
0
0.4597680651
0.4607261932
0.4236666177
0.4620005853
0.4961643093
0
0.3164829558
0.4785056457
0.649628102
0.5811935702
0
0.5270978555
0.1236982725
-0.05193835167
0.5379337659
0
0
0.2821450979
0.4138154892
0
0
0.6018750043
-0.08160573289
0.1007294388
0
0
0.5184488485
0
0.2525747124
0.2537311508
0.3410064202
0.498421292
0
0.5856692694
0.4764110443
0
0.5514385505
0.5477219068
0.3152310707
0.2858704993
0
0.513906935
0
0
0.4122872322
0.4884623945
0.5033721066
0
0.5187391834
0.2705522204
0.5255782265
0.4240275773
0.5748796509
0.5346699415
0.3749348969
0.01573787955
0.2965465987
0.4426653263
0.3625813725
0
0.3292946154
0.3955905463
0.293219085
0.238588927
0.3869623624
0
0.521292358
0.4129874508
0.2132095633
0.4856481135
0
0.4781677796
0
0.2564939809
0.4076364308
0.4525721068
0
-0.05949873917
0.6627722171
0
0.2201863333
0.3649077696
0.1979331132
0.6381176534
0.470092682
0.2299218381
0
0.418262504
0.5211256889
0.4147687236
0.168223726
0
0
0.3904702682
0.387663107
0.1067037071
0.285857226
0.1447622827
0
0.5099696278
0.3550200254
0
0.1653246919
0.3710914664
0
0.4278899065
0.0406395682
0.3267707553
0.5273507993
0.2903049356
0
-0.1047307252
0.3509145364
0.1860983766
0
-0.398846805
0.4087949187
0.02626114471
0
0
-0.06519899154
0.4787220459
0.404827704
0.4818843432
0.2715961345
0.4929777484
0.4005269759
0
0.4036416298
0.5341884706
0.4246649756
0.6279858314
0.2337287654
0.3605879082
0.515433497
0.4568058159
0.232180937
0.214635049
0
0.2438471159
0.2420277015
0.3080228434
0
0.2276350983
0.521605931
0.4263969297
0.3208786947
0.2685280549
0.2513155165
0.2793520552
0.5121207901
0.2673973984
0.5670565847
0.4687891278
0.2819652794
0
0.2290003551
0
0.4351184865
0.2244605157
0.4792186056
0
0.4025109872
0.4813523301
0.547019391
0.2270704547
0.4675740878
0
0.4110874001
0.5478961064
0.3260308988
0.3044135122
0.350956286
0.5320127509
0.3397005252
0.4021778711
0.4144438963
0.455978981
0.4303235859
0.4213056894
0.6552524493
0
0.4174139946
0.4090829339
0.459095011
0
0.2376156622
0.3187846165
0.5109809552
0.3208527265
0.3178769684
0.5162625452
0.6003793909
0
0.304093871
0.449889908
0
0.4291514068
0
0.4146680958
0.558555033
0.311879589
0.3215399572
0.2303760031
0.378595063
0
-0.07965279475
0.3347795923
0.03858456936
0
0
0.2418277283
0.302524814
-0.06615877047
0.3953860461
-0.006591650576
0.3739009382
0
0
0.4575123171
0.2389996417
0.5169116825
0.3838596098
0
0.0500249046
0.2300352571
0.3478073754
0.1643935984
0.1934000847
0.3016433073
0.3990307347
0.375193615
0.3148329948
0
0.4803890256
0.0969312657
0.3083063751
0
0.3922251359
0.5112284223
0.2365149131
0
0
0.3258667522
0.003970393608
0.5579889628
0.4550796806
0.5324293992
0.1803259987
0.3770826712
0.5557706416
0.5003145579
0.4489587228
0
0.1391821833
0.4843981043
0.3850104011
0
0.5087276658
0.2171625138
0.3607295448
0
0.3150442874
0
0
0
0.432692964
0
0.3738833475
0.2088993186
0.4829320695
0.531220465
0.3123734467
0.1864531896
0.3062968282
0.5325308264
0.1899140077
0
0
0
0.4518440708
0.4801912712
0.1418302634
0.2584404226
0.5502364756
0.2254440113
0.3248507564
0
0
0.395238753
0
0.2525504338
0.1577508759
0.1393018712
0.5225837091
0
0.3823227671
0
0
0
0.2347664851
0.2625113667
0
-0.1262082072
0
0.08575538507
0.4412500394
0.2974233171
0.3876093352
0
0.3247191317
0.3362567836
0.3806984551
0.3666402093
0
0
0.4635957626
0.3460911453
0
0.3734756021
0
0.05958089485
0.3177472347
0.5519592367
0.4484645143
0.3494956137
0
0.5204290612
0.4905550926
0.03017295011
0.2065863948
0.101177013
0
0
0
0.3097523639
0
0.2718801215
0.135437417
0
0.04545593355
0.0557976213
0.1831128532
0
0.4370362702
0.5059257572
0.403437652
0.2134688771
0.5065918941
0.5462628548
0.461693271
0.5232971774
0
0
0.6052239628
0.435378783
0.02881944713
0.5142000271
0.3712854112
0
0.538831656
0.1566574437
0
0.3596100354
0.1959054977
0.1637875809
0.426287042
0
0.5233449477
0.1745396842
0.4697971695
0.4241598464
0.4807469908
0.5701848055
0.1726058071
0.3085973496
0.4576052462
0.5118007856
0.4027575596
0.3587075853
0.295039077
0.5231350865
0.009445433792
-0.07118074701
0.6066631075
0.5526175015
0.495809989
0
0.4896170584
0.4698630367
0
0.3047966221
0
0.4280651475
0.3591668059
0.3417287491
0.4795268314
0
0.005335903343
0.4440698301
0.2048484393
0.3702294997
0.4352260909
0
0.4046202302
0.4304500502
0.1318746587
0
0.498463929
0.3949519882
0.1788738576
0.4186485777
0.3428027809
0.3382324663
0
0
0
0.2895364519
0.4454497709
0
0.4948731252
0.3137600531
0.3940128066
0
0.3544827377
0.03645082122
0
0
0
0.397672744
0.4609459739
0.4642701423
0.06271994995
0.2247428807
0
0.254817588
0.5131379638
0.4741352978
0
0.1791242265
0
0
0.3379334581
0.4145321668
0.4049902516
0
0.4138238824
0
0.355990664
0.1850342163
0
0
0
0.2007480677
0
0.4498939555
0.48048556
0
0.09404258612
0.4321397184
0
0.6338560878
0.4181609797
0.3316125019
0.2643141085
0.4571498263
0.1110213413
0
0.5028720104
0
0.1455111428
0
0.5256842537
0.3949053218
0.5084392964
0.3368929804
0.03566808903
0.4446886886
-0.05925478414
0.2313356793
0.4082277471
0.1519973869
0.5014294526
0.2112505845
0
0.4255574955
0.4779819818
0.3236892264
0.327572923
0
0
-0.06748063542
0.1752336819
0.03241201921
0.536529274
0.03954706403
0.4865598552
0.2201062903
0.4147821037
0
-0.2202971223
0.1569886914
0.04346699773
0.4304699328
0.3451977288
0.337500634
0.3211973858
0
0.2639590194
0.3670524008
0
0.5221750995
0.3839303794
0.3085557852
0.3873846881
0.6193447929
0.4990856015
-0.01555834768
0
0
0.3699743124
-0.2125557798
0.1797733283
0
0
0.2244408741
0.2436721876
0.2867627871
0.2613612059
0.4277140466
0.1514872811
0.2148434
0.3784444956
0.2576943562
0.1645356935
0.2573104148
0
-0.3407702225
0.522186953
0.2532471586
0
0.4353214729
0.6290123351
0.2412726749
0.4042079096
0.5159776333
0.5221794928
0.2517535653
0.1891126717
-0.02460949013
0
0
0.2708522665
0.4933437405
0.3945860641
0.2209999431
0.381853188
0.4051495084
-0.02783862298
0.3295654244
0.2460522195
0
0
0.1979354495
0
0.4927192452
0.2583660069
-0.05827357068
0.253975863
0.4128148053
0.3782060591
0.2717429462
0
0
-0.2169367917
0.2466672337
0
0
-0.0727141635
0.3887486212
0.1995229632
0.1737223648
0.3361134528
0.3282736327
0
0.06957579316
0.370322721
0
0
0.1115199755
0
0.4507660265
0.2954352245
0.2452549522
0.1442001646
0.4753460361
0
0.1069269215
0.3818877953
0
0
0.1189893459
0.1172641235
0.4288646393
0.3854899497
0.1890190656
0
-0.02128504245
0.4460709565
0.4472236397
0
0
0.2070818375
0
0.1506033458
0.012097964
0
0.1956974782
0
0
0.4110769636
0.2187447231
0
0.3707192182
0.4501937524
0.4724528509
0.2600942794
0
0.2810321974
0
0
0.3627870675
0.3252561274
0.3887135245
0.3996479893
0
0.36238569
0
0.3088767582
0.323884225
0
0
0.3228316045
0
0.5123969925
0
0.2331660571
0
0.1880620589
-0.3798673998
0.1335487793
0
0.2288374477
0
0.104825918
0.09529072
0.2102898064
0.1843751505
0.2002690115
0.169156851
0.4227907056
0.3836862809
0.3316829001
0.599161301
0
0.1656493598
0
0.4077278284
0.4518691702
0.4193832279
0.1136622997
0.4936185585
0.4196241458
0.3796563041
0.4715415281
0.4525586182
0.4418660855
0.3650246282
0
0.4632181555
0.1400102165
0.4428199095
0.4779844849
0
0
-0.05972047714
0
0.2466395886
0
-0.05792515454
0.2170134482
0.3195549597
0.4031971658
0.4316294182
0.3344160319
0
0.4145828345
0.3550772071
0.5707492659
0.3486367906
0.4567105487
0.2790258627
0.5037133819
0.4274945373
0
0.2174954015
0.5445950069
-0.2367729155
0.4022455285
0.3049789644
0.3670779646
0.2675314291
0.2474537291
0.3030058759
0.5001979249
0.04783643205
0.4358564562
0
0.1789948059
0.4380261698
0.1694084599
0
0.1549634133
0.4293730602
0.3774648269
0.1810258905
0.2391444522
0
0.1510868763
0.1163443291
0.2508952897
0.490649492
-0.06953265822
-0.1398424496
0.3801797684
0.2511564331
0.299818105
-0.1309984805
0.08817835838
0
0
0.1671826067
0
0.366007441
0.4360087709
-0.1215502198
0.3089023999
0.1757865714
0.5782500259
0.1175658786
0.193865828
0.4143967437
0.277900865
0.1250898077
0.4426717739
0
-0.06954205602
0
0.3876309208
0.5057408962
0
0
0.2739222355
0.3713370603
0
0.1175453364
0.5966137011
0.2713489607
0.1935756941
0.1505870559
0.3692669135
0.2699575721
0
0.3694106619
0
0.2648764995
0
0.3187074427
0
0.3804141711
0
0.1889701842
0
0.3786306778
0
0.4145703923
0
0.08691796729
0.3871443147
0.4565894094
0.03150777366
0.4299841574
0.3432761969
0.07173533001
0.1726047693
0.3583322885
0
0
0.03451656919
0.1814650501
0.1595259763
0.2334453288
0.5665525393
0
0
0.1972836685
0.1145707281
0.3903039979
0.135703507
0.2591305715
0
0.0538760563
0
0
0.3422739387
0.4545265417
0.4429765722
0.4224735691
0
0.2450765194
0
0.2784641171
0.1538640749
0.2649187711
0.07091617269
-0.002957533219
-0.115668852
0
0.3826643323
0
0.3384983899
0.363820419
0.2373082478
0.08417089477
0
0.09748753295
0.1886630289
0.09980488794
0
0.2613022566
-0.1252736657
0.3234100971
0.3559743424
0.3557865245
0.5150656652
0
0.1595885348
0.260572613
0.05306493455
0.196377497
0
0
0.1740131294
0.4115784632
0.478582168
0
0
0.4807548431
0.4770497919
0
0
0.3743013095
0
0.2133906083
0
0
0.2702683423
0
0
0.3176587651
0
0.0514542186
0.0374851529
0.3648488979
0.3278264779
0
0
-0.3384245497
0.3651975889
0.4741019245
0.2254918197
0.07079840298
0.4040848604
0.03641991967
0.2117500718
0.3612714586
0
0
0
0.3052937365
0.393279716
0.5058788413
0.09832484522
0.2491073981
0.5085425102
0.2518772673
0
0.1741554589
0.3336292074
0
0.1788443166
0.2855695534
0
0.397242367
0
0.2649642441
0.4514039776
0.2888719923
0.03811678532
0
0
0
0.3434983911
-0.02642676214
0.3179097812
0.3382513188
0
0.2053409038
0
0.2318354099
0
0
0.3043353486
0.4066191346
0.466027576
0.4251688954
0
0
0
0.1646915152
0
0.3914346426
0.141647799
0.2232355501
0.04505307299
0
0
0
0.2829325577
0.1716440354
0.3860426777
-0.145384368
-0.03331116363
0.2255444148
0.4380114941
0.3301790774
0.08396085046
0
0.2963663946
-0.04408586402
0.401027772
0
-0.1811094235
0.06494287048
0.3385310734
0
0.3612169125
0
0.5387546249
0
0.1659780624
0.2739607905
-0.0637058583
0.3968639394
-0.1666958431
0
0
0.3538019037
0
0.3976753317
0.2831583935
0
0.2659823402
0.526172056
0.236946184
0
0.2980141421
0
0.5712372885
0.2402256592
-0.524983151
0.3954953709
-0.09022194227
0.1929384791
-0.1430069441
0
0.2781896636
0.2997824097
0
0
0.5769493056
0.2383331006
0
0
0.3800710995
0.5244454542
0.2708875412
0.564682045
0.368654537
0.4186362391
0
0.4918786551
0.3018813465
0.3112676451
0.2363726693
0.3442180357
-0.1383093171
0
0
0
0.2562050876
0.5398096344
0
0
0.3554237347
0.1953211284
0.2773762767
0
0
0.05216139251
0.2654613615
0.1373712436
0.06853888082
0
0
0
-0.3875968267
0.2436482051
-0.04831211406
0
0.227089754
-0.3753587498
0.09410353233
0.2600289189
0.4045985542
0
0
0.1199097119
0.3762291165
0
0.3212852046
0.2305468728
0.186629207
0
0
0
0
0.08663144864
0.09470628602
0
0.5055217287
0
0
0.239161286
0.2239206965
-0.05487572242
0.4281775572
0
0.1511756083
0.04467419868
0
0
0.2392972351
0.1374790194
0.05261690887
0.45765705
0.1832272614
0.1395188964
0.03321773968
0
0.3727089623
0
0.3890969587
0.3938005407
-0.801901648
0
0
0
0.1709468309
0.3274108148
0.3189606665
0
0
-0.2376439955
-0.01116470378
0.1420096552
0.08137135267
0.1043199542
0.1766652932
-0.01235623382
0.03377983361
0.01360620049
0.1980187464
0
0
0.02816310278
0.05574897592
0.3666631608
0
0
0
0.102407077
0.3898875084
0.3380016704
0.122193879
0
0.3856729024
-0.01155743481
0
-0.02907564173
0.2578880135
0
0.2088061782
0.08740298544
0.142835256
0.3265589841
0
0.1123808368
0.2185296975
0
0
-0.08962298129
0
0.2042774956
0.3151479504
0
0
0.2428825712
0
0
0.2234572044
0
0.1246053596
0
0.320073081
0
0.08158448914
0
0.1166697214
0
0.12070303
0.1428966373
0.2769218332
0.08077472682
0.230095906
0
0
0.4738093674
0.2632060182
0
0.2274686818
0
0.2294165841
0
0.3263111366
0.350894446
0
0.5668350498
0.1199274018
0.08158916906
0
0.3714432799
-0.8355230734
0.3674688319
0.3725176103
0.3992429711
0
0
0.2585368691
0
0.310438539
0.339631923
0.3954266137
-0.05470063484
0.2247881817
0
0.2671692875
0.107698704
0.2252800219
0.3217144756
0.3376224563
0
0
0.2621561682
0.1129166715
0.2147374731
0
-0.1539538349
0.2610170472
0
0.3232334519
-0.1920196983
0.2890124994
0.4309184301
0
0.342540964
0.2834555037
0.32491988
0
0
0
0
0
0.02256455865
0
0
0.06529541438
0
0.2144924949
0
0.1290853183
0
0
0.09202178109
0.5448277573
0.3203327678
0.3418352101
0.07880478611
0.3652563997
0
0.5141749245
-0.8545996562
0.1094933202
0
0
0.07187295252
0.2394255894
0
0.205177817
0.1346233018
0.1593971872
0.2242727118
0.1533347936
0.3139552418
0.4403459965
0.3687145748
0
0.3089972181
0
0
0.02390156842
-0.2037218489
0.2109635144
0.2129831053
0.047469386
0.440212831
0
-0.1580764746
0.2454761487
-0.2659265069
0
0
0.1051299021
0.2843705143
0.4332423176
0
0
0
0.2758607812
0
0.1136295497
0.2079468577
0.1931465146
-0.06523453303
0
0
0.06245742635
0.3929520576
0
0.01020922986
0.1282042665
0.233438346
0.2165387422
0.1865914957
0.1892488387
0.3999310381
0
0.2706227134
0.1157177855
0.04290017595
-0.005383172268
0
0
0.1149442885
0.2141262867
-0.208134434
0.1400026429
0.06081280092
0.1038355693
0.2036683569
0
0
0.3343422991
0
0.0801658726
0.2866177437
0
0
0.4873198423
0.3192567127
0.319175354
0.1728146614
0
0.3016083368
0.3668980662
0.1827907596
0.2118204611
0
0.2447705201
0.2784006947
0
0
0.301454829
0.236418707
0
0.410600805
0
0.3645636937
0
-0.2494429945
0
0
0.09718900897
0
0
0
0.2640696898
0.2428038662
0.1918065709
0.1980005677
0.0324761196
0
0.3798788681
0.2127968468
0.1011744147
0.3578871071
0.3154012855
0
0
0
0.3172775205
0
-0.007809102305
0.1380161967
0
0.5522910615
0
0.3891010496
0
0.3445556567
0.4292505219
0.3193394761
0.1077924867
0
0
0.2005727542
0
0.3470624915
0
0.1543357186
0.1969690046
0.2677015528
0.1893928721
0.2206184856
0.1936076146
0.3531212576
0.1127270486
0.3303847076
0
0.1950718686
0.2968025785
0
0.2465221796
0
0
0.4183607544
0
0
0
0.06859845898
0.3035489286
-0.01760738754
-0.198844629
0
0.2573418494
-0.08882839766
0.0416520826
-0.1645543325
0.04386411873
0
-0.4808636741
0
0
0
-0.05531140881
0.2599986037
0
0.1675923842
0.3441340114
0.4098021903
0.04201655386
0.09798710957
0.1583418353
0
0.2522468403
0.1278290541
0
0.2095251319
0
0.2522296797
0
0
0
0.05631573241
0
0
0.2407771976
0.2398699314
-0.3045438949
-0.2387965936
0
0.352708158
0.16830806
0.1245411411
-0.05231968606
0
0.3597289553
0
0
0.2807997159
0.1437746189
0
0
0.1983885748
0.5136336543
0.09313470035
0
0
-0.3289163624
0
0.2267236658
0.1660024971
0.1524031896
0.2361056854
0.2536268646
0.3043393403
0
-0.0607039945
0
0
0
0.2094880145
-0.259882795
0
0.03065067046
0.3888747275
0.2480822125
0.1875214937
0
0.05352993665
0.3780864884
0.1637410885
0.07545987583
0
-0.0318437844
0.244274845
-0.4764508877
0
0.4046662523
0
0
0
0
0.1467094431
-0.04045234249
0.4048131069
0.3223079997
0.2434482435
-0.08125104869
0.4307104725
0
0
0
0
0
0.2921016815
0
-0.05889016024
0.008032523725
0.3938209573
0.2554451424
0.08121071006
0
0.2693559264
0
0.07495688346
0.2909533914
-0.2160968157
0.1565867685
0.07026137681
0.3789264979
0
0.09571058622
0
0
0.3631094872
0.1151352046
0
0.3462101511
0
0.2303042409
0.1903583482
0.06867361409
0
0.08971455227
0
0
0
0
0
0.234564874
0.2997247817
0.1277318148
0
0.1308657304
0
0.2697141316
0.3048484192
-0.1076625297
0.184747497
0
0
0
0.06761955543
0
0.08587660787
0
0.04451433481
0.2797944887
0.2474882833
0.2590583805
-0.01011868203
0
0
0.1712951185
0.07720417436
0.2340377518
0.3486282176
-0.03754583418
0.2490705349
0.07078576532
0
0
0.08815821846
0.3039484748
0.02858663151
0
0.05016915203
0.4918942928
0.1511463144
0
0
-0.3018180078
0.19165154
0.01242239783
0.3290929787
0
0.3325929003
0
0.2596327575
0
0
0.4368709469
0.223616779
0.3561657848
0.3164546124
0.3223379678
0
0
0.3596282257
0
0.4174888849
0.0255943511
0
0.02549322293
0.3532893473
0.224802645
-0.6996630204
0.3446033446
0
-0.04422522705
0
0
0
0
0.3522608984
0
0.3250446676
0.4049088197
0
0.3783380751
0.3901931363
0.08350330469
0.2759652842
0
0.3356855083
0.1084537065
0
0.160161631
0
0.2860364756
0.2580914845
0.02987732917
0
0
0
0.02938837386
0.4381672872
0.1478313452
-0.1066500215
0.2572172448
0
0.4291483545
0
0
0
0
0
0
0
0
0.2742708714
0
0.06588736588
0.2552263907
0
-0.1567866804
-0.005293704956
0.2337768149
0.4787656459
0.2705358382
-0.3592539714
0.1587084
0
0
0.2205636915
0.1177750585
0
0
0
-0.05381316901
0
0
0.1901312546
0
0.2964622126
0
0.2889963776
0
0.08422108448
0.1683007299
0
0.1900416555
0.1210003542
0.3971986156
0.1484167353
0
0.3280224589
0
0
0
0.1263459065
0
0.3800635351
0
0.1196879773
0
-0.2896954036
-0.699106656
0
0.1185951484
0.2737813609
0
0
0.482700872
0.2311411012
0.3555785507
0.07709531181
0.3210454572
0.2201705607
0.2479333446
0.2760014254
0
0.2621213828
0
0.07968037536
0.300399964
0
0
0
0
0.1062217463
0
0.1039775647
0.08115209092
0.03570380177
-0.01388788033
0.2846769856
0.1721210405
0.3660818168
-0.04067166804
0
0
0
0.07949558998
0.2820706588
0.04726750685
0.2521832409
0
0.2375571531
0
0
0
0
0.03601651187
-0.1753094704
0
0
0.0321378132
0
0
0.1993685031
0.381813977
0
0.06124541635
0
0.2535962538
0.1543386419
0
0.2990273336
0.3260136958
0
0.04650847304
0
-0.3237571488
0
0
-0.09662352005
-0.02163179359
0
0.1454172886
0.02603003525
0.3924910012
0.3772270501
0
-0.02255948491
0.04281182735
-0.04886476019
-0.5509198514
-0.01894866262
0
-0.05099162462
0.08071717216
0
-0.03984179965
0.2565570532
0.07199837824
0.1470358225
0.1190239846
0.2613825425
0
0.143081017
0.3295953091
-0.01231952884
0
0.04459530144
0
0.08593703761
-0.01501185775
0.2317004835
0.1178039403
0
0
0
0
0
0.1111366558
0
0.07896225521
0
-0.402478617
0
0.3951779401
0
0.2455199117
0.1322730028
0
0.2974366668
0.3253713111
0
0
-0.1020743134
0
0.233360302
0
0.2419194081
0
0
0.2016982261
0.1703750949
0.3544874628
0
0
0
0.4457174558
0.08615814306
0
0
0
0
-0.1921961141
0.1150877556
0
-0.06279173439
-0.3296127138
0
0.08908278357
0
0
0.2154005354
0
0.1060283253
0.2787591963
0
0
0
0
0
0.2817559068
0.3435257303
-0.02970582061
-0.02149568569
-0.1960688029
0.01601471406
0
0
0.2785527371
0.03773843831
-0.2688288767
0.05791340676
0
0
0.16231643
0
0.3184522748
0.08171499216
0
0.1469135558
0.3072168684
0
0
0.1886517601
0
0
0
0
0.2034278483
-0.003306618189
-0.05297366175
-0.1202473615
0.3231106932
0
0.1979660701
0.2765585873
0
-0.1842243538
0
0.3375965232
0.05491731464
0
0.1306741828
0
0.1188195835
0
-0.1777500579
0
0
0
0.1633683253
-0.1603441796
0.2332200924
0
0
0
0.4038974189
-0.06317266622
0
0.08665267845
0
0
-0.04896348916
0
-0.5614712768
0.336174333
0.3718731442
0
0
0.2571034737
-0.01056836246
0.2980524825
0.2017261913
0.3060026649
0
0.4648687605
0
0
-0.162281631
0
0
-0.05150315881
0.04836819625
-0.03209886808
0.1459891314
0
0
0.07062728142
0.01298890476
0.1138208069
0
0.2832185739
0.0741647159
0.2287429394
0
0.04810749484
0
0
-0.3018176926
0.2892955035
0
0
0.06181096219
0
0
-0.1437339348
0.2920724581
0.1646107082
-0.1099802853
0
0
0
-0.1346271905
0
0
0.1493163092
0.2105608026
0.1970661233
0.2260405361
0.1064109449
0
0
0
0.1853992013
0.1848097175
0.100093141
0.1323587044
0.3689287022
0
-0.2601602005
0.1251787482
0
0.4549244437
0
0.2253653916
0
0
0.1799264556
-0.0440574564
0
0
0
0
0.3085806889
0.07320695286
0.3996218948
0.3253131136
0.2039618067
0.07878310628
0
-0.1014359109
0
0
0.1756641965
0
0
0
0
0.1258087063
0.4888129937
0.2497673545
0
0
0.09115981888
0.04479881811
0.2286415714
0
0
0.2273007975
0.1723466773
0
0.004261957787
0.4691284074
0
0
0
0.1632960046
0.3055276596
0.1795750594
0
0.2736157157
-0.4071013186
0.2129869029
-0.004641097919
0.2146640436
0.03478819525
0
0.2598162359
0
-0.3289957929
0
0
0.1432123418
0
0.1057087371
0.04744978127
0.2177116223
0
0
0.1763468386
0.1001534958
0.2982533322
0.2848450009
0
0.4905122234
0
0.0781217752
-0.111642233
0
0.1351396179
0
0.1202445652
0.2620086247
0
0.4649426304
0
0.3850339618
0
0
0.08187246362
0
0
0.1915295817
0.2151577199
0
0
0
0
0
0
0.1919498878
0.1333268373
0
0
0.3910254656
0
0
0.09258434433
0
0.2100426649
0.3518739495
0.3341086652
0
-0.05180535604
0.3024460274
0.3171162271
0
0.2281092537
0.07246836265
0.3508462155
0.2986245537
0.257313408
0
0.09882314643
0
-0.05853149919
0
0
0.1681273417
-0.01350684698
0
0
0
-0.07251027079
0
0.2039471927
0.2032102991
0.02654523755
0.3491636168
0
-0.0554983644
0.06679740164
0
0
0.2410855688
0.2117822269
0
0.09831141065
0.09886557597
0.3110482502
0
0
0.1218799686
0
0.116439267
0.1321014826
0
0
0.05778407749
0.3640057675
0.2035897072
0.1254260893
0
0.3091137055
-0.07334484262
0
0
0
0
0
0.3372129454
0.108120438
0.1116304185
0.2998571645
0
0.2306977172
0.1079747061
0.2039675591
0
0.06376067517
0.1790692638
0.2022460959
0.1902494729
0.0854974234
0
-0.03298933609
0
0
0
0
0
0.06022710115
-0.01844391785
0.2433797457
0.08468569864
0
0
0.08008517966
0
0.1364841025
0
0
0
0.1748946521
-0.02568836844
0
0
0.07036053248
-0.5336477694
0
0
0.1835895401
0.1166165824
0
0.1426671631
0.304310881
0
-0.216329407
0
0
0
0.204061563
0
0.1212160122
0.06248061855
0
0
0
0.2103199812
0.2517228655
-0.6915542965
0
0
0
0.006544849862
0.004194239911
0
0.0127313809
-0.05473292098
0.1239908353
0
0
0
0
0
0
0.2791317738
0
0
-0.1196513909
-0.006045835613
-0.01817066897
0
0
-0.02538471064
0
0
0
0
0
0.1219459355
0
0
0
0.190936588
0
0.3010790981
0
0
0
0.02453612597
0.02596313903
0.2629005413
-1.196908319
-0.02879560524
0.1660579169
0.2469879932
-0.05245920511
0.1992617664
-0.1106050393
0.08927615476
-0.1009120749
0.09280288004
0.1298909451
-0.03412957708
0.04952567979
0
0
-0.2075930996
0.2836851967
0.1796527877
0
0
0
0.2667229365
0
0
0
0
0.2365814357
0
0
0
0.1865780436
0.2647358754
0.09534042648
0.2306803288
0
0
0
0
0
0.2583509679
0.1363657712
-0.0008144046231
0.07741116751
0
0.2272794096
0.2328784487
0
-0.09504510938
0.04866751105
-0.5276302688
0
0
0
0
0.1311909084
-0.04378044636
0
0.2258555005
0.2248045393
0
0.4334397805
0
0.07783563995
0.1801749349
0.1471074609
0.2524948981
0.1060013228
-0.09981432527
0
0
0.4279731671
0
0
-0.03249977633
0.03984587198
0.3435993106
-0.1702162703
0.3471418931
0.1043460981
0
0
0
0.1320743206
0.1787006563
0
0.2443502132
0.2781088411
0.2420220392
0.224205146
0.2120318101
0
0
0.1922706073
0
-0.003949847509
0
0.2236140881
0
0.0003209787965
-0.09948268293
0
0.1512565667
0
0.145624642
0
0
0.1121934416
0.07349086606
-0.4868292448
0
0
0
0.2173059505
0
0
0
0
0
0.1504086999
0.335058534
-0.09204652428
-0.5780562083
0.0195298779
0.03805482624
0
0.1327266438
0.3793189086
-0.1804509133
0.3135531685
0
0
0
-0.4928057554
0
-0.3528940599
0
-0.01334159708
0
0
0.3954453633
0
0
-0.05283231776
-0.1082987897
0
0.2031644138
0.002961210545
0.2461992459
0.1859956809
0
0
0.1620017306
0
0.2839123242
0
0.2443587606
0
0.1691710598
0
-0.4512773977
-0.06574414168
-0.2324295139
0
0
0.09365063232
0
0
0
-0.05341496159
0
-0.1058849209
0
0.2500260015
0.1549839779
0
0.1480244928
0
0
0.3153263948
0.1736360314
0
0.3124072996
-0.09377305879
0
0
0.3078363412
0
0.2589945932
-1.258741931
0
0
0
0.2767533494
0
0
0.1714078665
0
0
0
0.1933233223
0
0.09143106664
0
0
0.1392334688
0.1321681629
0.2919806233
0
0.1383430113
0.1332899252
0.2753226693
0.2452536014
0.3277348956
0.1308586349
0.07180325557
0
0.1715724007
0.2442904552
0.09045142611
0
0.4198120815
0
0.1388185577
-0.05993913614
0
0
0
0
0
0
0.300721264
0.4039518224
0
0
0
0
0
0.2419095469
0
0
0.1352898384
-0.005064977281
-0.1306346942
0.09260734267
-0.4928420208
0
0
0
0.1037015959
0
-0.2343236899
0.1051286766
0.1742530095
0.1802823041
0
0
0
0
-0.1396467448
0.1875008682
0.046050717
0
0
0
0
0
0.1525735294
0.1094360627
0
-0.1095132314
0.3690991958
0.09311426708
0
-0.09029304029
0
0
-0.1497712817
0.1463015736
0
0.06930770395
0
0
-0.08441207739
0.01387546204
0
0.2120201023
-0.1072377659
0
0
0
0
0
-0.2097771415
0
0
-0.001635091581
0
0
0.1381792627
0.224740043
0.3015727007
0
0
0
0.119771909
0.1177468565
0
-0.102357038
0
0.2510304481
0.02383687331
0.1664145191
0.09534518847
0.08338675878
0.2148649922
0
0.1790265606
0.405933751
0
-0.01381862395
0
-0.1908909952
0
0
0.07151701588
0.2396977342
0
0.02143307239
0.02139170925
0
0.09369297149
0
0
0
0
-0.2240209309
0
0.1726471167
-0.7923939278
-0.2665894096
0
0.2254422463
0
0
0
0
0
-0.05318203325
0
0.379775498
0
0.2144949815
0.2141021667
0.2472771452
0
-0.04427693466
0.2217234391
0
0
0.2577193052
0
0
0
0.4562188111
0
0
0
0
0
0.2271882781
0.1517561716
0.2021093405
0.227673147
0
-0.005400062428
0.2194865181
0.3020830701
0
-0.02243975506
-0.1825371203
-0.04048487891
0
0.1580007833
0
-0.2947047266
0
0.2373183908
0
0
0
0
0
0.4367125557
0.2013448968
0.2174931667
-0.02722736841
0.0828664418
0.1936775343
0
0.2252817321
0
0.0399667171
0
0
0.2550144147
0.3093274074
-0.1167064783
0
-0.04281723434
0
0.4331824852
0
0.2367569083
0.2608867745
0
0.09817101476
0
0
-0.1219330598
0.2636002121
0.3973423768
0.5008388734
-0.01267226523
0
0.08282065425
0
0
0
0
0
-0.4658127056
-0.055062446
0
-0.02069514738
0
0
0.182085288
-0.02475310005
0.2630664722
0.05735361695
0.2340015749
0
0.1495704681
0
0.4503935503
0
-0.1132881606
0
-0.2104201952
0.3053777528
0.02806889116
-0.2490534421
0.1569245643
0
0
0
0.002337951383
0.1534573489
0
0.2073586731
0.1560829605
0.01916594771
0
0.2887553801
0
0.08503378291
0.08799567395
0
-0.121305013
0.339681458
0.05735125204
0.1927609757
0
0
0
0
0
0.2912317894
-0.1283040599
0
0
0
-0.1163527027
-0.175888198
0.104034022
0
0
0
0.05552319284
0
0.3917387677
0.3665920947
-0.1680473232
0
0.2041474978
0
0.007272469808
0.1405008254
0.3306699387
0
0
0.2112915729
0.2718566841
0
0
0.04420848137
0
0.00359447799
0
0
0
0.05955364659
0.1813443461
0.1330014523
0.3270228109
0.05249343832
0
0.2132089275
0
0.01267790694
0
0
0
0
0
0
0
0.1269081644
0
0.008649998931
0
0
0
0
0
0
0
0
0
0
0
0.122374685
0
0.03133599863
0.2058071468
0.1359024151
0.04175983005
-0.1111929763
0.1102061452
0.2435705158
0
0.1860608705
0
0.119761252
0.2010044568
-0.01372256192
0
0.3156148361
0
0
0
0
0.2694819201
0
-0.1355893357
0
0.0348737987
0
0.05558202243
0
0
0
-0.05130166559
0.3976444881
0
0.1947555512
0
0
0
0
0.1072635743
0
0
0
0.03269730556
0
0
0
0.2163545726
0
-0.1792757303
0.03134964273
0
0
0
0.2343295699
-0.2730345225
0.3192127697
0.05348441792
0
0.004512959283
0.08130674187
0
-0.1424173102
0
-0.1129980259
0
0
0
0
0.2369638681
0.3819050856
0
0
0.2803699522
0
0.05139795986
0.1562893676
0
-0.004391034792
0
0.1612629527
-0.5319994476
0
0
0
-0.475368676
0.2768641105
0
0
0
0
0
0
0
0
-0.4772960559
0
0
0
0.2129365008
0
0
0
0.2921985465
-0.08543089228
0
0.04424880054
0
0.07331176727
0
0
0
0.0388560309
-0.3671648708
-0.2297976393
0.1890600385
0.1143661599
0.3775435506
0.3811659013
-0.1362856997
0.196986596
0
0
-0.07541424045
0
0
0.1195710714
0.05707292217
0.2068549389
0
0
0
-0.2498370199
0
0
0
0.168061744
0
0.105494486
-0.09633579065
0
0.1857679516
0.21968152
0
0
0
-0.05579156491
0
0
0
-0.3182230933
0
-0.1113840122
0
-0.05475322124
0
0.1314078747
0.1590533412
0
0
-0.02960783881
-0.1766808937
0.09830509987
-0.0246087393
0
0.2816623137
0
0
0
0.1039282154
0
0
0.07943368718
0.03619715492
-0.01520807619
0.08667534071
0
0
0.344214226
0.2800853637
0.2995432052
-0.2201335567
0
0
0
-0.4159869152
0.1283924675
0.06183743947
0.129712054
0
-0.1762559038
0
0
0.2074500224
0
0.1506028761
0.1465712291
0.2774743857
0
0
0.02184136223
0.09396408837
0
0.2986994204
0
0
0
0
0.19883912
0
0
0
0
0.04065544284
-0.5782648487
0
0.2973429063
0
0.2543571489
0
0.2222979591
0
-0.203562812
0
0.03120098109
0
0
0
0.1284503569
0
0
0
0.2163642023
0.2524592087
0.1438345336
0
0
0
-0.5414763073
-0.2146326519
0
0
0.1650598225
0.07911274084
0.2054162298
-0.200519024
0.1778006497
-0.1842327687
-0.1400619699
0.02697176334
0.05726698384
0
0.2556612883
0
0.01141012534
0
0.2267091184
0
0.1717216653
0.1952932024
0.1256584508
0
0
0
0.1791636857
0
-0.1447845669
-0.01250179032
0
0.1373609037
0.2028511382
0
-0.004515106452
0
0
0
0.3816612049
0
0
0
0
0.1906501412
0
0
0
0
0
-0.8497118675
0.03359021257
0.2217860685
0
0.171740531
0
0
-0.1848603513
0
0
0
0.04828475832
0.03647735552
0
0
0.08332146418
0.1727568613
0.194234839
0
0.0276360153
0.4192550374
-0.1522560035
0
0
0
0
0
0
0
-0.2156369694
0
0
0
0
0
0.1419095018
0
0
0
-0.01726772616
0
-0.05321884471
0
0
-0.008332153718
0
0.1278799364
0.1298048044
0.206083177
0
0
0
0
0
0.06755422952
0
0.2689789674
0
0
0
-0.139567664
0
-0.01052379813
-0.1484479009
0.2939395753
-0.05664227916
0.3883527024
0
0.01993793932
0
0
0
-0.1355081401
0
0
0
0.008019289643
0.06090435522
0
0
0
0
0
0
0
0
0
0.06651817672
0.2913560704
0.2793768116
0
0.01638265852
-0.02852237191
0
-0.2063871514
0
0
0
-0.1502045555
0
0
0.2466756907
0
0
0.1955890529
0
0.1629886292
0.1035379415
0.1660302569
0.1235454758
-0.04869586206
-0.04604807779
0
0
0.1989562564
0.1773231687
0
0.2381864938
-0.0114134398
-0.02353143081
-0.08458473107
0.2475870222
0.1632995756
0.02284807628
0.2400081492
-0.02024620115
0
0.1647494724
0.2758575303
0
0
0.08187645432
0
0.107241787
0
0.02493207756
0
0.1202510112
0
0
-0.03927949559
0
0
0
0
0
0.1433643625
0.2058589608
0.1021851409
0
0
0.121280008
0.2056189387
-0.01362388608
-0.1900541521
0
0.08670297731
0.1522930522
0
0
0
0
0
0
0
0.07871403213
-0.1141271703
0
0
0
0
0
0
0.1242964483
0.2792210882
0.3097966514
0.003902443639
0
0
0
0
0
0.05607711051
0.04172690654
-0.009593509174
0
0.2201284385
0.01744313389
0
0
0
0
0
0
0
0
0.1478922633
0
0.0143020766
0
0.1310436236
-0.3106154336
0
0.1157970083
0
0
0.2385478162
0
0
-0.2115181745
0
0
0
0
0
0
-0.06103910435
0
0
0
0
0.0173428651
0
0.1123924214
-0.2186884275
0.1187567583
0
0
0.2848626747
0.1038359322
0.02858190149
0
0
0
0
0
0
0
0.1162629959
0
0
0
0
0.0633104949
0
0.2312322959
-0.02554106183
0.01633063373
-0.1047244994
0.1950654483
0
0
0
0
0
0
0.2355513745
0
0
0.1936497362
-0.005325235766
0
0
0
0.3777083557
0
0.1301512745
0
0
0
0
0
0
0
0
0.02600438309
0
0.159065138
0
0
0.1005624245
-0.08949792316
0
0.08689842996
0.3336861391
0
0
0
0.04505975767
0
0.03133527934
0
0
0
0.2235905023
-0.06113346681
0
0.05945032269
0
0.1508467791
0
0
0
0.1121019861
0
0
0.2011150298
0
0
0
-1.108518075
0
0.1515969458
0.1405387454
0.08908388968
0
-0.3576431853
0.06480264589
0.3793912562
0
0
0
-0.04073814303
0
0
0
-0.06666402363
0.003356201798
0.1759212838
-0.6519801145
0.01596000707
0
0.1854561085
-0.0685679702
0
0.04288915316
-0.1811198895
-0.05469165948
0
-0.02788561509
0
0.1348614329
-0.2209594673
0
0
-0.09498134186
-0.1402214997
-0.3394791839
0
0
0.1482988851
0
0
0
0.2347124946
0.07218296629
0.1480525727
0
0
-0.05227994312
0
-0.2389920881
0
0.06338912859
0
0
0
0
0
0.2076489524
-0.7268122243
0.2123482032
-0.08489831285
0.01159463043
0
-0.186874384
0
0
-0.1945503007
0
0
0
0
0
0.1088361199
0.08820362336
-0.1054597643
0
-0.01739421504
0
0
0.326231192
0
-0.1380903397
0
0.008370909721
-0.7350287579
0.2151848814
0
-0.07978926585
0
0
0.2855089396
0
0.3382937973
-0.08028701206
0.03643857182
-0.06119725718
0
0
0
-0.1707768883
-0.08197697204
0
0
0
0
0.001370947975
0
0.01860204388
-0.233242555
-0.184249407
0.01611689932
0.1210339436
0
0
-0.1124117012
0.1146492559
0.1951145881
0
0.295685504
-0.3038214384
0
0
0
-0.163976378
0
-0.2526156136
0.1606275632
0.05899286142
0
0
0
0
0.3626241098
-0.2685280598
0
-0.1714027652
-0.2651983447
0
0
-0.1002498721
0
0
0.3262307093
0
-0.04958041088
0
0.150083272
0.1035222315
0
0
-0.01623475821
0.2116809812
0.1030524372
-0.3233266234
0
0
0
0
0
0
-1.157028688
0.4359901209
0.1010516671
0
0
-0.01773000398
-0.1247244987
0
-0.1478116526
-0.03378387908
0.2667753955
0
0.1105112576
-0.1951746763
0.2177638008
0.08112789754
0.2177282661
0
0.01249512435
0.1535402362
0
0
0
0.2019329654
0.02353347717
-0.002930250487
0.08628646709
0
0
0
0
0.1378004125
0.2398173214
0
0.05285253526
0
0
0
-0.1123486927
0
0
0.08965102782
0.3067827885
0.2740751923
-0.07290883607
0
0
0
0
0
0.2517185432
0
0
0
0.1897623721
0
0.121456454
0
0.08088838439
0
0
-0.7235090336
0
0.1033934302
0
-0.131129164
0
0
0.09455743122
-0.06947981609
-0.257941766
0.2844346384
0
0
0
0
0.07535565323
0.02118746653
0
0.04859112958
0
0
0
0
0
0.0463841446
0
0.1220401016
0
0
0
0
0
-0.3426790902
0.1031058151
0.2027744143
-0.054232141
0.3564409327
0
0.08167123118
-0.2129360702
0.01169380747
-0.3121463443
0.2970729168
0
0.1826614956
0
0
0.1157809188
-0.06988940882
0
0.144491162
0
0.01610335493
0
0
0
0.05864429711
0.0316174719
0
0.09660576171
0
0
0
0
0
0
-0.3200626224
-0.5420719699
0
0
0
0.08862192591
0
0
0
0
0
-0.08759081634
0.07779203862
0
0
0
0
0
0
0
0
0
0.01270212922
-0.05550575614
0
0
-0.2874427656
0
0.2214693567
0
0.09492253602
-0.2042194725
0.1003082163
0
0
0
0
0
0
0.09759091391
0.05841421329
-0.04377818313
0
0
0.197922817
0
-0.08808382598
0
0
0
0
0
0
0
0
0
0
0
0
0
0
0
0
-0.2976550854
-0.01020150937
0
0.02301394209
0.002248903632
0
-0.1287624418
0
0
0.1247065546
-0.2836951721
0
0.265956684
-0.05547211274
-0.2188460299
-0.03976174112
0.1784558701
0
0
0
0
0
0
0.1212782785
0
-0.1600118429
-0.1686693392
0
0
0
0
0
0.1210951916
0.3465957565
0
0
-0.3174287071
0.05768737113
-0.2484532011
0
-0.08046598937
0
-0.07989594902
0
0.2128086105
0
0
0.1174045671
0
0.2308501989
0
0
0
-0.02157983374
-0.4021872772
-0.06862547608
-0.03893058161
0.07847083578
0.07848163608
0
0.1166875833
0
0
0
0
0
0.1017494992
-0.1155177211
0
-0.5341226375
0
0.003331211358
0
0.07996610197
0
0
0
0
0
-0.0665802976
-0.518574054
0.1533086222
-0.0188324001
-0.1025163139
0.08542035787
-0.004738007057
0.4115438325
0
0.1040674841
0
-0.08240784652
0
0
0
0
0
0
0
0
0.06868212067
0.05553974047
0
0
0
-0.03581198931
0
0
-0.008424185075
0
0
0
0
0
0
-0.3667445834
0
-0.3673319253
0
0
0
0
0
-0.09624620769
0
0
0.106440023
0.05520052435
-0.1177079119
0
0
0
0
-0.4192035311
-0.09580595325
-0.2911388866
0
0.03877878861
0
0
0
0
0.01593058997
0.0701104636
0
0
0.09678179659
0.1201744007
-0.0003849397721
0
0
-0.1087759295
0.1112080858
-0.4240040349
0
0.2823134228
-0.06694298513
-0.04689880255
0
-0.1586388345
0
0
0
-0.08057115065
-0.3266998626
0.005281017937
-0.06310345776
-0.1499970248
0
0
0.06300340654
0
0.06023779195
0
0
-0.03166602214
-0.1985718379
0
0
0
0
0
-0.5429108193
-0.05721650891
0
0
0.2508624161
-0.03363599608
0
0
0
0
-0.03514697908
0
0
-0.01023635009
0
0
0
0
0
-0.1163845484
0
0
0
0
0
-0.01804696834
0
0
-0.04646108901
0
0.06425589168
0
0.03915005483
0
0.07663654522
0
0.1887824973
0
0
0
0
0.1329340445
0.1451421855
0
0.03805885856
-0.1277182678
-0.8767284613
0
0
-0.02114463909
0.02295577134
0
0
0
-0.3328444164
0.04359952455
0.05633268344
0
0
0
0
0
0
0
0
0
0
-0.2142890377
0
-0.116552111
0
0
0.1244595234
0
0.03137979089
0
-0.3876036446
0
-0.1985857756
0
0
-0.1038766572
0
0
0
0.1267041255
0.1857625267
0
0
0
0.01186131999
0
0
0.01869298805
0.09068108575
0.2961629841
0
0
0
-0.07654298478
0
0.02833458883
0.07531714644
0.319825735
-0.08408292759
0
-0.01077652959
-0.07363911931
0
0
0
0
0
0
-0.251499601
0
0
0
0
0.2330996057
0
0
-0.2071954272
-0.1723488034
0
0.04576397416
0.09083483999
0
0
0
0
-0.1511622831
0
-3.370194839e-05
0.187714665
0
0
0
0
0.08713547899
0
0.06214907577
0
0
0
0
0
0
0
-0.07734594154
-0.102338694
-0.1268986069
-0.296361661
0
0
0
0
0
0
0.08801564042
0
0
-0.1282372697
0
0
0
0
-0.251274795
-0.0473752134
0.005675123141
0
-0.002599579422
0
-0.08995377455
0
0
-0.09024067828
0
0
-0.9530974463
0.09180542357
0.02210814147
0
0
0
0.2646541541
-0.5881529448
0
0
0
0
0.136820708
-0.1115524722
0
0
0
-0.001258229395
-0.1889207363
0
0
0.05428193487
-0.006809554923
-0.257070985
0
-0.3736844215
0.05354635662
0.3070232379
0.01180117065
0.3838303394
0
0
0
0
0
0
0
0
0
0
0
0
0
-0.09672225732
0
0
0
-0.04199060138
0
-0.4252893992
0
0
0.2682905333
-0.06545472247
0
0
0
0
-0.09103746046
0
0
-0.1404548594
0
0.2961114106
0
0
-0.005977657172
0
0
0
0
-0.01062175461
0
-0.06361245821
0
0
0
0
0
0
0
0
0
-0.5715459698
0
0
0.1635553589
0
0
-0.6059341432
0.1719509024
0
0
0.03361985028
-0.04762440259
-0.06779597508
0
0
0
0
0.2634522422
0.02937831691
-0.1527147707
0
0.1432498225
0
-0.4266101994
0
-0.06838533604
0
-0.1824667861
-0.9452900931
0.004929863169
0
0
0
0
-0.0601132236
0
0.04405452721
0
0
0
-0.1050628768
0
0.1630133969
0.02597311579
0.02047060244
0
0
0
-0.2693044882
0.1294255682
-0.1000271186
-0.1551200531
-0.0007902977336
0
0
0
-0.05189673738
-0.1275146064
0
0
0.04561901744
-0.05694754899
0
0
0
0
0
-0.4361802247
0
-0.9572831712
0.2130513907
0
0.0834911267
0
0
-0.1153355849
0.06024952834
0
0
0
0
0
-0.1039632758
0
0
0
0
-0.194666303
0
0
0
0
0
0
0
0
0
-0.4192567197
0.1933904733
0
-0.1593540883
-0.02412046714
0
0
0
-0.4757097701
0.02956213665
0
0.0008768856586
-0.07676298308
0
0.02921858848
0
-0.05735218889
0
0.105625086
0.001578402285
-0.007990018084
0.000976400731
0
0
0
-0.1760735438
0
-0.05801662505
0.2482153241
0
0
0
0
0
0
0
0
0.01802155294
0
0
0
0
0
0
0
0.1613786466
-0.01212539539
-0.08111416847
-0.1295816398
0
0
-0.08331244947
0
0
0.2857434217
-0.1476777085
0
0
0
-0.3695944235
0
0
-0.1163925092
-0.01870993868
0.1119687542
0
-0.03666108045
0
0
-0.001461260538
0
0
0
-0.232249689
0
0
-0.08159393611
0
0
0
0
0
0
0
-0.09145369067
-0.1834432325
0
0.105011724
0
0
0
0
-0.1384107586
0.1552226117
0
-0.5116531689
0
0
0
0.2231810896
0
0
0
0.02436375949
0
-0.2518040922
0
-0.1242437189
0
0
0.2184501008
-0.05504855247
0
0
0
-0.1255251135
0
0
0.1508786444
0
0
0
-0.3085726165
0
0.08816929547
0
0.165345072
-0.4823716252
0.08317043055
-0.2277486656
-0.4519147711
0
0
0
0
0
0
-0.2509713164
0
0
0
-0.339369131
-0.2167786366
0
0.03227818911
-0.2318297814
-0.01112191872
-0.115180788
-0.2517549184
0.04288871045
0
0
0
0
-0.1716318719
0
0
0
-0.2922699608
0
0
0
0
0
0
0
0.02872361609
-0.0553021558
0
0
0
0
0
0
0
0
-0.3313471163
0
0
-0.1556534959
0
0
0
-0.2960686102
0
0
0
0
0
0
0
0
0
0
0
0
-0.03491477411
0.07552977303
-0.136741561
-0.2750432458
-0.00406945589
0
0
0
0
0
0
-0.2142782576
0
0
0.1293186568
-0.2663909693
0.1597508467
0.06512189023
0
0
0.01758438011
0.2721020635
0
0
0
-0.1695522687
0
-0.2848271517
0
-0.09829177587
-0.1934871414
0
0
0.04159947563
0.1238192086
0
-0.01526955192
0
0
0
0
-0.0223376891
-0.06196806322
0
-0.299428744
-0.218622517
0
0
0.1193782844
-0.1469339916
0
0
0
0
0
0
0
0
0
0.07396783043
0
0
0
0
0.05788781746
0
0.07736564184
0
0.1413741935
-0.1214982375
-0.02098557389
0
-0.2632855417
0
0
0.2173947908
-0.3058224844
0
0
0
-0.04406909357
0
0
0
0
0.05456123657
-0.2625155702
-0.008939153337
0
0
0
0.05675803762
0
-0.04564308701
0.001752278344
0
0.1067372296
0
0
0
0
0
-0.2503916743
0
-0.391343903
0
0
0
0
-0.1652420513
-0.01469121964
0
0
0
0
0
0
-0.1215571955
0
0
0
0
0
-0.1402230644
0
0.06142245219
0
0.1094159708
0
-0.1761427899
0
0
0
0
0
0
0
-0.2536585366
0
0
0
0
0
0.08387029795
0
0
-0.01182068304
0
0
0
0
0
0
0
0
0
-0.2629697923
0
0
0
-0.1102889065
-0.327094563
-0.06482221654
0
-0.3344118524
0.1171880175
0
-0.2927254838
0
0
0
0
-0.1827430711
0
-0.2510974477
0
0
0.2018229396
-0.3412235514
0
-0.08164105379
0.1110978457
0
0
0
0.1097016608
0
0
0
0
0
-0.2603012295
0
-0.05888719019
-0.06025127203
0
0
0.07365515152
-0.2700148421
0
0
0
0
0
-0.2718874012
0.01419026083
0
0
0
0
0.007328846195
0
-0.1266698851
-0.1063663169
0.009249573912
0
0
-0.04798709266
0
-0.1730152895
0
-0.06588180749
0.1457639928
0
0
0
0
0
0
-0.006255908495
0
0
-0.03609134158
-0.07127485886
0
0
-0.114746655
0
0
-0.08054164833
-0.1170824628
-0.2339969234
0
-0.190031207
0
-0.01098393877
0
-0.02424456035
-0.5468295224
0
-0.2923219548
-0.2832378358
0
0
0
0
0
0
0
0
-0.3089593888
0
0
0
0
0
0
0
0
0
0
0.006482911811
0
0
0
-0.244294634
-0.243611592
0
0
0
0
0
-0.1139814537
0
0
-0.1184286282
-0.03460830374
0
0
0
0
0
-0.08707044082
0
0
0
0
-0.2800986524
0
0
0.203124573
0
0
0
0
0
0
-0.02797078519
-0.1205365791
0
0
-0.03094015111
-0.0671847235
0
-0.1409938143
-0.06618623538
0
0
-0.5293295247
0
0.1976735702
0
0.04654764788
0
0
0
-0.009318621891
-0.1380188734
0
0
0
0.1388590642
0
0
-0.0619809371
-0.1325184025
0.0334566345
0
0.05101203191
0
-0.3621334135
0
0
0
0
0
0
0
0
0
0
0
0
0
-0.3430103445
0
-0.8392217368
0
0
0
-0.3483206419
0
-0.09322381614
0
-0.09975814097
0
0
0
0
0
0
0
0
0
-0.03109350529
0
-0.1500496818
0
0
0
-0.3780825086
-0.4121616285
-0.2238822564
0
0
0
0
0
0
-0.3902424839
0
0
-0.0373696502
-0.04922196596
0
-0.2794113071
0
-0.302597262
0
0.1597520844
-0.3938611707
0
0
0
0
0
0
0
0.00890974184
0
-0.4063701929
0
0
0.117866536
0
0
0
0
0
-0.1739039194
0
0
-0.3937767445
-0.4039008885
0
0
0
0
0
0
0
0.1256186752
0
-0.4402471315
0
0
-0.3372523346
-0.4292377134
0
0
0
0
0
0
0
-0.4017049248
0
-0.3222549768
0
0
0
-0.08539198524
0
0
0
0
-0.1851338453
-0.4677307051
0
0
0.05292410674
0
0
0
-0.1026431122
0
0
0
0
0
0
0
-0.437365365
0
0
0
0
0
0
-0.1886961381
-0.6299039751
0
0
0
-0.1702385074
0
0
0
-0.2721252778
0
0
0
0
-0.005947292873
-0.3056377202
-0.27026784
-0.3073697757
0
0
-0.1120264295
-0.2516580929
0
0
-0.03347423141
0
-0.2097989854
0.1883986257
0.08997027024
0.07861549144
0
0
-0.1707550892
0
-0.322314084
-0.1015562491
-0.2834917996
-0.03695191197
-0.08226967103
0
0
0
-0.008925406284
0
0
0
0
0
-0.2434259624
0
0
0
-0.4015847588
0
0
0
0
0
0
0
0
0
-0.1986650058
-0.2137882267
-0.1780547157
0
0
0
0
-0.2560024597
-0.280179401
0
0
0
-0.3041356607
-0.065591724
0
0
0
0
0
0
-0.06562343214
0
-0.1889095503
0
0
0
0.01904609452
0
-0.2708379558
-0.3844712527
0
0
0
0
0
-0.213247732
0.07658040442
-0.1918683425
0
0
-0.1395504482
0
0
