0.6680435730837417
0.6513469487063408
0.6678896866444418
0.6799246891747103
0.6140948162472826
0.6831775935444383
0.6969666209388766
0.6449711912329493
0.7006052288461724
0.7046890121665479
0.6954920494952133
0.6903705803590788
0.7067268047670948
0.6892268151841264
0.694118181698398
0.6958514236389903
0.6871913162236605
0.6650666786778279
0.6865954121901752
0.6929153092649996
0.6909086471990706
0.7012605463279764
0.6914279065889457
0.6908896145696931
0.7015024366797331
0.6628664302006838
0.708034493178408
0.6959124771097128
0.7038240906549613
0.6870929168721751
0.6838152952327446
0.6915916816573182
0.6993244271455117
0.7022215615945464
0.7080310350745602
0.6903796094496147
0.6968818897692467
0.7014036387808835
0.6997599417704832
0.6357296829227176
0.6974101184675531
0.6838747963614836
0.6906639789721855
0.6550457060345092
0.7005409876945331
0.6991593488272582
0.7039898186054185
0.7014744234844302
0.6942923847587286
0.7023484232060463
0.6630672203555069
0.6911535804599531
0.6981616333266553
0.696138953642159
0.6970784992531238
0.7103487354599354
0.6729566431490542
0.6972250171297218
0.7100444452548311
0.643265677533624
0.6988345387036417
0.6980354930858845
0.6833131952996354
0.6749580364000267
0.6473478826064373
0.676569457052137
0.6941934327273727
0.6807909305158981
0.7102670113301683
0.6988797718367421
0.7058474817465026
0.7002348468241959
0.7032097385646431
0.6964991248806643
0.7015485326678771
0.7055637319650835
0.675417892305267
0.6811459485369843
0.7039353418675843
0.6972380695558995
0.7022906856493941
0.7089336631522741
0.7076920047809889
0.6926266593437376
0.6946104188853823
0.6809823501864708
0.6925727000160978
0.686635869417258
0.6889315513693552
0.7023898820956077
0.6819672231339801
0.7115009797300612
0.6953286909088362
0.7001853034013517
0.7092982861648378
0.7003121012452733
0.6953437659628873
0.685334802891722
0.7112398315696661
0.6998925524277119
