0
0
0
0.997703652
0.9972895213
0.9964744219
0.990711314
0.9934275831
0.9967785762
0.9959010419
0.9933923326
0.9979557071
0.9977049645
0.9946220482
0.9915400566
0.994292444
0.9973549409
0.9990313441
0.9975905174
0.9987696935
0.9963733154
0.995211833
0.9965171789
0.9976717673
0.997372594
0.9968311189
0.9972139843
0.9959106047
0.9962976693
0.9983406797
0.99767916
0.992111086
0.9937425163
0.9926224495
0.9908790779
0.9932886408
0.988444444
0.9926715626
0.9926467123
0.9937930497
0.9938315064
0.9936124284
0.9931434992
0.9919773296
0.9928802413
0.9934181358
0.9936903343
0.9935821505
0.9762388844
0.9925380027
0.9930346673
0.9935857106
0
0.6717316812
0.6244229818
0.9910334841
0.9872962407
0.9935840552
0.9941908492
0.9920366961
0.9940948038
0.9932778364
0.9925632184
0.9918282601
0.9939284675
0.9936328314
0.9497971776
0
0.03505060767
-0.004362974982
0.9490253421
0.9545407132
0.9555917676
0.9531403638
0.9543334441
0.953439422
0
0.9425904397
0.9330393564
0.9423634342
0.9427050943
0.9437928708
0.9434013423
0.9415453233
0.942745974
0.94180494
0.9424616291
0.9429354012
0.9434286523
0.9421764063
0.9433660833
0.9407310782
0.9435754661
0.9399287508
0.9445613819
0.9466077623
0
0
0
0.998470802
0.9987094721
0.9968284181
0.9882723079
0.9939204377
0.9966812228
0.9973759232
0.991287866
0.9981013379
0.9974225213
0.9933106465
0.9910252502
0.9939285936
0.9973861517
0.9988296725
0.9986784215
1
0.9965402274
0.995931827
0.9967983868
0.9992961279
0.9990648366
0.9987364659
0.997355319
0.9949270814
0.9976068272
0.9994055697
0.9987819992
0.9911394104
0.9940915603
0.9925186969
0.9894967949
0.9932593689
0.9866285766
0.9924906947
0.9916109561
0.9934029211
0.9934059671
0.9936201257
0.9927265337
0.9918690852
0.9928330683
0.9936083588
0.9939286824
0.9939483703
0.9726632351
0.9914385085
0.9926097384
0.9931878257
0
0.6034841097
0.5008962909
0.9901928509
0.9856614623
0.9932873258
0.9944699564
0.9917323782
0.9940787361
0.9927775983
0.9921888882
0.9917909559
0.9944439316
0.9941242795
0.9481206221
0
-0.003486878933
0.0006624101089
0.9478288092
0.9538158621
0.9547451225
0.9525799332
0.9536786095
0.9526080907
0
0.9440680337
0.9334960028
0.942617026
0.9428231431
0.9437190283
0.9447862541
0.9437051893
0.9433145235
0.9444098253
0.9448891786
0.9450118005
0.9445482146
0.943216223
0.9449998023
0.9422314253
0.9449500364
0.9417444266
0.945597427
0.9475399421
0
0
0
0.9945390991
0.9962246424
0.9936296127
0.9827423328
0.9902462695
0.9939285936
0.9946964279
0.9875880809
0.9959176684
0.9936317346
0.9908911959
0.985689256
0.9897588905
0.9935292972
0.9968733183
0.9958378773
0.9973842649
0.9932818545
0.9919383254
0.9942736385
0.9964794854
0.9956426215
0.9958914055
0.9942129109
0.9919016304
0.9945479364
0.9969838638
0.9955334625
0.9879138095
0.9921792367
0.9903048157
0.9858123375
0.9911684993
0.9811685329
0.9908702813
0.9895077352
0.9914727685
0.9913091139
0.9918804943
0.9906673662
0.9902978098
0.9908625358
0.992108268
0.991849669
0.9914640826
0.9685078416
0.9885722163
0.9900470185
0.9908690842
0
0.541817625
0.4042105833
0.988098304
0.9820196868
0.9910489076
0.9923664006
0.9897859901
0.9914847417
0.991021231
0.989741251
0.9895475808
0.992268939
0.9923348912
0.9482575446
0
0.01360477641
0.02425759877
0.9489121936
0.9542475671
0.9562138854
0.954744728
0.9544834779
0.9545632309
0
0.9393913284
0.9293291617
0.9392079786
0.9378906207
0.9407122388
0.9414859058
0.9393078154
0.9392895988
0.9400473491
0.9395348651
0.9409756099
0.9414564568
0.9403087099
0.9417243322
0.9386027657
0.9427009824
0.9373822163
0.9429480157
0.9438151147
0
0
0
0.9963217537
0.9967730954
0.9961198188
0.9850110491
0.9922056869
0.9953098612
0.9957774334
0.9893105646
0.9972042884
0.9969812313
0.9927163353
0.9880327245
0.9912275031
0.9948183686
0.9984660207
0.9978086953
0.9985179188
0.9937893389
0.992504396
0.9954704119
0.9983121222
0.9973084694
0.9984242494
0.9946765779
0.9934525846
0.9954542615
0.9983234929
0.9975432407
0.9887949078
0.9926401364
0.9919048808
0.9863889424
0.9925674523
0.9817090413
0.9916035647
0.9904051747
0.9924949889
0.9924037961
0.9926162361
0.9917433994
0.9904418973
0.9910104242
0.992833875
0.992514625
0.9918053322
0.969917949
0.9879966928
0.9908653618
0.9921536903
0
0.525944246
0.3786013106
0.989046772
0.9827582414
0.991146875
0.9929810841
0.9895571614
0.9928590858
0.9919198066
0.9894603807
0.9907905734
0.9935408579
0.9933922114
0.944564142
0
-0.0203859476
-0.008706535697
0.9460162981
0.9521194465
0.9538294111
0.9520092539
0.9515667869
0.9525049267
0
0.9407007306
0.9302748287
0.9406150733
0.9402508171
0.9420550347
0.9421355722
0.9407545401
0.9418035195
0.9414850778
0.9423484451
0.9429972993
0.9428076937
0.9431794823
0.9438721737
0.9408657105
0.9436344329
0.9402667363
0.9436227796
0.9471361844
0
0
0
0.9935818813
0.995125724
0.9934748966
0.9791349865
0.9902207104
0.9921535807
0.9928626396
0.986776439
0.9956212371
0.9938404612
0.9899053818
0.9837009481
0.9864918731
0.9924499168
0.9971288451
0.9949476557
0.9963029783
0.9899764384
0.9895831075
0.9921464672
0.9951432809
0.9948105221
0.9950714592
0.9933905166
0.9902088997
0.9942526485
0.9960439649
0.995225737
0.9854592994
0.990981164
0.989742968
0.9833428886
0.9904773326
0.9774737226
0.9896925098
0.9884721893
0.9911881173
0.9912149715
0.9917359868
0.990232308
0.9891438725
0.989957783
0.9914405434
0.9911706291
0.9909266127
0.9666660876
0.9872826218
0.9898725799
0.990496499
0
0.4793301567
0.3205560353
0.9871988484
0.9793593756
0.9888706581
0.991457185
0.9881878512
0.9912623776
0.9896918718
0.9880603963
0.9881975098
0.9919692296
0.9905608176
0.9445394108
0
-0.01832788347
-0.007254594368
0.9461847356
0.9512736448
0.9530462147
0.951960394
0.9523833119
0.9512441926
0
0.9367547267
0.9248290763
0.9372526486
0.9359221337
0.9386579303
0.9397851902
0.9376156176
0.9373349236
0.9376585579
0.9373913482
0.9390258212
0.9390067112
0.9384514839
0.939387338
0.9364441701
0.9407946999
0.9354096769
0.941887704
0.9428175905
0
0
0
0.9949101745
0.9972574337
0.994470777
0.9801943298
0.9923683938
0.9947430585
0.9945914742
0.9884523938
0.9976819651
0.9953734999
0.9909557801
0.9866108662
0.9891680205
0.9946676878
0.9984246964
0.9973871609
0.998771297
0.9913072667
0.9908933003
0.9937846521
0.9973472031
0.9963439619
0.997003089
0.9946855087
0.9922426162
0.9957910618
0.99767916
0.997031234
0.9866890535
0.9928688489
0.9912004389
0.984686387
0.9919959751
0.9777509567
0.9905036875
0.989136335
0.9920726109
0.9917318513
0.992824682
0.9909025518
0.9904416007
0.9912259799
0.9922969635
0.9919313765
0.9915384375
0.9679434483
0.9882930756
0.9896863658
0.9914141899
0
0.4719837455
0.3141754954
0.9877950494
0.980375175
0.9902759791
0.9930483347
0.9885069721
0.9921575704
0.9911925067
0.9885127642
0.9901302562
0.9930201837
0.9922930993
0.9461739336
0
0.005877759153
0.01671055073
0.9476316982
0.9534320026
0.9547787833
0.953140844
0.9530185464
0.9531191085
0
0.9373811443
0.9239045417
0.9366208475
0.9368538483
0.9397527711
0.9406031551
0.9373297186
0.937023719
0.9382465289
0.9364439241
0.9379169556
0.9394313732
0.9377895887
0.9393149172
0.9360370383
0.9395363716
0.9354943911
0.940832345
0.9424862275
