0.9574119270965784
0.8616252168529049
0.5335892496686261
0.9978798409751715
0.9967674019908648
0.9985237245645884
0.9756851381393887
0.984426321794395
0.9361837147587571
0.9700866991079911
0.9834119779739203
0.997422349402302
0.997449272345104
0.9924352978220463
0.9972598607466578
0.904530653448808
0.9872851768487034
0.9667571949884739
0.9872821396196481
0.6035078141231826
0.9973039180887667
0.9951808428310023
0.9980803826795983
0.9979347413845645
0.9957870911053166
0.9956231462744044
0.9979577450041741
0.9903201524441224
0.9906295087415111
0.9891749926671305
0.9315808156209513
0.9960409150018155
0.997318494915599
0.9939655129548273
0.9973053349096629
0.9960618843439892
0.9944343977664718
0.99712083972384
0.9980980211488693
0.9859190757306084
0.9950097607850863
0.997508670507395
0.9943545010671149
0.9286095003905679
0.9958793323351525
0.9883296400970052
0.9935356662516139
0.9984942481393941
0.9977096751862784
0.9944592207220297
0.9982603566696178
0.9981911799604599
0.9983858391650883
0.9984257500093024
0.9983132703221824
0.998712957199886
0.998561983538408
0.9992506580269579
0.9964867488331
0.9986488139953806
0.9885247351660026
0.998893670673132
0.9976531927155212
0.9979391175755072
0.9994949383459586
0.9988065919526733
0.9959231161470328
0.9988075794377681
0.9801199969505681
0.998368244377142
0.9986195270307203
0.998494073001507
0.9967561378712517
0.9972878460912373
0.9991367806601781
0.9979101090396274
0.9991914177662857
0.9983088721172417
0.9970911644907434
0.9972821337969133
0.9980565976556879
0.998684408435486
0.9972850606851784
0.9979948554123019
0.9974684495366302
0.9983088101036452
0.9966122114073823
0.9988449576826972
0.997934609104061
0.9969148118594133
0.9098867208188308
0.9990683687151269
0.996303983401443
0.9970188706957508
0.9955342274620307
0.9980209030067911
0.9978028741917453
0.9972681024233863
0.9971574969881855
0.9933024351680161
