0.9542483680059656
0.9724111539750846
0.9937340721565189
0.9277493090501596
0.9930051372565232
0.9946500450180775
0.9983445791264971
0.9536401996713882
0.989900562196061
0.9978298171688134
0.9945764811975817
0.9980737839702261
0.9980424020157599
0.9960338860589892
0.9978037326229652
0.9973293531884986
0.9932879283074209
0.986992629778561
0.9964394439296741
0.9919475738153678
0.9978158281214675
0.9931887672139078
0.9977702449127905
0.995403044921017
0.9914740497443804
0.9977785034052848
0.9947583829774378
0.997701730012098
0.9978502099675288
0.9941610163303418
0.9961983493125406
0.9841545044595326
0.9973267141246506
0.9962399627331135
0.9925267502415784
0.996439754211529
0.996350148501
0.9923433757081825
0.9958750080221818
0.9951687309487298
0.9404460927553971
0.9978377215289664
0.9976207237449095
0.9972748044018477
0.9974907795036609
0.9955437515829684
0.9984450444825786
0.9989169603266315
0.995687646502587
0.887410383884375
0.9968580071617672
0.9951184836072231
0.9958875122437467
0.9984698285150331
0.9960975310441398
0.9958787885375499
0.9982849597477712
0.9936956640837924
0.9959090268946711
0.9970525991274419
0.9974545854511668
0.9976532389936199
0.9962539746302429
0.9983341472628162
0.9982159471079163
0.998320206225226
0.996222062426756
0.9962684990505315
0.9962484624145906
0.9974978758192722
0.9978054816797686
0.9980218669788538
0.9945480255670975
0.9978416137686459
0.9972250177333837
0.9944541676290706
0.9979236363430897
0.9963241923268766
0.9928561360167147
0.9930076972297597
0.9930733054411429
0.9984745137102973
0.9967670434922182
0.998178476295154
0.9967788225683718
0.9976551648636234
0.9985170147584685
0.9946587520005719
0.9968954761571293
0.9988992893205734
0.9976303847429703
0.9978123374555128
0.9965111281188564
0.9957087930814253
0.9971844884321405
0.9956850432564558
0.9648815933549411
0.9969160081599895
0.998843765663485
0.9975470087592435
