0.9921620600398592
0.9941378312509481
0.9919457494214362
0.995511195926596
0.9954641822623066
0.9983938132689051
0.990867014745743
0.9870752815023198
0.987819574088848
0.9938418625343943
0.9932801001219791
0.9979290572825465
0.9964490862754019
0.9959757634072106
0.9984575449917785
0.9974068726306718
0.998111429371519
0.9896994355273399
0.9984667733929264
0.9915153177522381
0.9911880823977309
0.9976607726593304
0.9987202379817348
0.9978634481019789
0.9946867199383957
0.997138756525015
0.9965930397670197
0.9913124445760686
0.9953169640671549
0.9930459955937045
0.998332400752185
0.9980735301481485
0.9968648559164992
0.9984711394189874
0.9977719365248447
0.9924086562069239
0.9784567088118861
0.9965554536810926
0.998441629463679
0.9989337852129387
0.9976087547629735
0.9948683258331784
0.9965483736820856
0.9979858731643347
0.9981635510444756
0.9981914000199501
0.9960594212068439
0.9974777572048857
0.9860037250404992
0.9978407164997101
0.9966370374169109
0.9978670640821443
0.9982114062289229
0.9934727833469145
0.9952883168128304
0.9938925785299905
0.9942058000999735
0.99733566561875
0.9985557323217011
0.9890811101373069
0.9980980842343138
0.9894071846726493
0.9897194087670158
0.9905300135975382
0.9970978837271977
0.9959170091807056
0.9937338008041087
0.9902130281420856
0.9986443481928823
0.991772850825112
0.9987354073315509
0.998552275102608
0.9984335371356596
0.9981488231922557
0.9981023247743672
0.9984660033783299
0.9980468155543863
0.9981117922729084
0.9980743663178689
0.9988706398140201
0.997623802133222
0.9990783524750033
0.9984092844056569
0.9967105026412965
0.9978614570541668
0.9965905403546076
0.9986490000280517
0.9967112451825131
0.9979384985570856
0.9980371130575032
0.9974756372699136
0.9965391891160126
0.9976862677053489
0.9984975706670105
0.9981702989445216
0.9979249677775979
0.9979745535209433
0.9977751338964679
0.9981689364542408
0.995206691286835
