0.9953715024559683
0.9913517054992979
0.9716188030694981
0.9974888877063619
0.9129618811010374
0.9878752262818156
0.9983641064943507
0.9908536040534219
0.9940006936280984
0.9866260866653979
0.9979369453426352
0.9984439102569305
0.9991835344508935
0.9966014689969525
0.968895468418274
0.9967432104830274
0.9883290586949727
0.9974688024276912
0.9946064649571126
0.9814218227271247
0.9943243825836067
0.9973255548182023
0.9951018160057434
0.9990487095534057
0.9949103519277493
0.9915423766382079
0.9916405138170958
0.9988041883754968
0.9985365714625898
0.9921487649653997
0.9956230678770828
0.9975408202686222
0.9987120969013416
0.9954743233656228
0.9976532199414578
0.9987586374284008
0.9715664215572583
0.9902573318324606
0.9132067170791451
0.9948710240995007
0.9952920992564446
0.9975784184969996
0.9973921626812152
0.9975987080582882
0.9961692149868083
0.9966385570644105
0.9921913520125057
0.9981547697503005
0.9984844616704609
0.9983989246321834
0.9857943944986431
0.9985866492959818
0.9977759041660904
0.7696143442764205
0.9957471646197558
0.9985149381378251
0.9986472365899579
0.9954282685428073
0.9979759376355697
0.9972537872540246
0.9888844145295677
0.9989872435434611
0.9986127920216583
0.9984085638617857
0.9977367234031411
0.9977121601362906
0.9871306572429581
0.9677608256809886
0.9982937510324044
0.9975294243091277
0.9982341574175434
0.9892839814943949
0.9987925980774301
0.9989386152801398
0.9974625893758875
0.9983756231052828
0.9984916209192215
0.9978612269912817
0.9963351749922609
0.9987000162887474
0.9944614166090853
0.9988592434584924
0.9985656003942502
0.9988090513867237
0.997773078580331
0.9973680376943717
0.9984914270506451
0.998044595493534
0.9876669922677385
0.9912491980082296
0.9987843878159335
0.9986034063951275
0.9985685795928709
0.9986155550436424
0.9967666518471052
0.999252585718295
0.9947627585078673
0.9981691357345358
0.9989320983628616
0.9961025518482255
