0.981764808554823
0.9405004175992908
0.9948207335034984
0.9980677116257352
0.9628057321841448
0.9978287892947009
0.9836136041022333
0.998452525798817
0.9992025005420366
0.975707948191225
0.9968250151626088
0.9956899019398571
0.9978857501214352
0.993684781856908
0.9715723859526235
0.988066192003304
0.9986762214504236
0.9993987162214353
0.9810528229010771
0.9986797447613607
0.9923874667774137
0.9958878117694577
0.9860513776833839
0.9946883550359669
0.9980880859154403
0.9860396986273684
0.9843295642390557
0.9954824920077441
0.9829071682777719
0.994885228120982
0.9995078338688496
0.9954000888318606
0.9762297118434722
0.9879834099966365
0.9936788946580739
0.9738413749713225
0.9886107243854299
0.7314211951874166
0.9900336584403475
0.9831164922577087
0.9978087151256682
0.993689674594765
0.9930774304338514
0.9989059561678681
0.9943028754374775
0.9775533158619191
0.9862833043903889
0.9866918771440667
0.9968541087992915
0.9912917048703402
0.9982227297682806
0.9985935727961466
0.9934683755816475
0.9980972035691194
0.9986716833917855
0.9974549123084683
0.9873414940714667
0.9841438513577062
0.9715476513306568
0.9792837420639942
0.9954313378836429
0.9975723299310277
0.9985641499433259
0.9986117202051014
0.993000203931484
0.9994567545871742
0.98321168774758
0.9763414834486994
0.9978304237774058
0.9952609057633296
0.9992203121559726
0.9865088778249502
0.9986824449995346
0.9876008217860563
0.9969567567065755
0.9963068150383556
0.9825908895687581
0.9796044917766534
0.9982500880718661
0.9970331470620055
0.9991621461764035
0.9748294045523106
0.9988414520461113
0.9812804346839923
0.9705524438584321
0.9838137866473784
0.9817499349739591
0.9963734023669697
0.9952374058218035
0.9680625710540379
0.9916535050340913
0.9985191235103698
0.9888964703548684
0.976681162543616
0.9954096691984468
0.9961546708624369
0.9806896920700559
0.9993231629309788
0.9993948670459778
0.9809957725992609
