0.9984331146063279
0.9964714263804649
0.9912126215342135
0.9967544742625586
0.9818308307681404
0.9975800057443105
0.9986161373794362
0.9945266369582094
0.9960921894634812
0.9962569881832875
0.9836002749603002
0.9981998108779442
0.9759495800377769
0.9962971494544932
0.9984138051878755
0.9979616348358156
0.9948540962797923
0.9754944400924479
0.9977090911425661
0.9894455524704968
0.9972370166085585
0.9983974270866653
0.9972843196552942
0.9817938247253037
0.997414591066395
0.9986189630320299
0.9898525050563989
0.9978868885398868
0.9839575896610742
0.9955005061378217
0.9965471516911588
0.9972506229909796
0.998488735808574
0.9974430396308884
0.995220715433203
0.9957581305668699
0.998453514009516
0.9973930875525692
0.995459667723388
0.9890781589332053
0.9901115817008284
0.9982995643785293
0.9952541085767381
0.9976837267689791
0.997467972210077
0.9956832014167021
0.995572289898773
0.9966226436702679
0.9984491409900432
0.9983758190744125
0.994371825098576
0.9989374180436196
0.9987524269962775
0.9985096506649969
0.997660532340215
0.9965512822802838
0.9979862938612587
0.999015115361231
0.9942272727764951
0.9990174243542547
0.9989515718290587
0.9977505163537169
0.9980884506682459
0.9986050093385496
0.998953208197692
0.9974259485618499
0.9972218525490553
0.9960425422834474
0.9979154718597619
0.9982580357530872
0.9958705283955267
0.9973339645267428
0.9978703824595831
0.9979849263918086
0.9960250839840329
0.9988027457857982
0.9984411482823865
0.9909474446347654
0.9986753226552566
0.9974912042814139
0.9956351339081728
0.9986634051284745
0.9990001853813393
0.9966603555462455
0.9979297089373254
0.9878324015384661
0.9983912123269356
0.9986486001919972
0.9882523689705489
0.998367633684053
0.9989195895518935
0.9974445139997641
0.9988830564324529
0.9985434001368139
0.9978638250527397
0.9982082438175544
0.9985203316603827
0.999046512611468
0.9987397918777703
0.9984261386299842
