0.463626248866272
0.30973395473553494
-0.2201015459716188
0.7118302002795287
0.6784064473031765
0.8020970182509793
0.5498290030052132
0.4680325091804213
0.23377018071577296
0.5021829490672222
0.4295184145810304
0.691609848628472
0.7316699064060648
0.5853290042971332
0.841761050886899
0.3315307171447079
0.6027464207221734
0.6122702486437683
0.3947409436408807
0.12034934912145409
0.6973156865919952
0.6258043117378395
0.7258025824624418
0.7432084641746178
0.7821804140386817
0.7227343488405473
0.7776165126487208
0.6159767363774856
0.5792194513833608
0.6376773761794564
0.40763290771884103
0.712929842905922
0.7185395582622429
0.7213386485839712
0.7835953388166981
0.747084127697011
0.7127029935529248
0.7681772726214637
0.7288785058929126
0.5301046440073199
0.7757094401218289
0.7311969831786299
0.6907255206422116
0.2822467339799911
0.6777028298184563
0.3867589223388092
0.6985345212513192
0.8261738089029887
0.7761862082535518
0.8143315036956765
0.7801387698617067
0.828400008485792
0.7613794818401235
0.7408284684202912
0.7855600849079113
0.7862752371054957
0.8214215072029115
0.7885668000611964
0.7412667875091332
0.7803848437361444
0.36039825853967544
0.74764932862736
0.719758392921567
0.7903623703637337
0.8424415989458907
0.833882842000606
0.7073470418796177
0.7938573883616059
0.5057279508208395
0.8179572484393439
0.8175727580105352
0.6975579155621446
0.7310547217199705
0.7661048692101841
0.8263468295959527
0.7391444003421085
0.8304378077584788
0.7592071109173536
0.6793023100023011
0.7227958673091567
0.7056014553328256
0.7901893496707697
0.7459729503577534
0.7121685518568805
0.7936074695828802
0.8250395621380028
0.7727834679585937
0.7775665288929756
0.8345672349638856
0.7563926409784728
0.1843631606138374
0.7788853310637899
0.7574038508062403
0.7786853960408092
0.7072893683152964
0.7790237476181611
0.8160232615824354
0.7205158390663203
0.7863790495212741
0.6470435630252397
