0.858164344223885
0.8143123499822423
0.7784103797689786
0.821631907888448
0.540201826144964
0.6233503124649855
0.7692032678018765
0.782339260115692
0.7370302740429299
0.6590216243408689
0.5773185969350979
0.7112311390069289
0.46874387322450717
0.7852993754454075
0.8601095628691264
0.8454358483061083
0.699467563800527
0.5522460356618455
0.7945603076912318
0.7172782317519191
0.8095185008703526
0.833995194772039
0.7921845268162133
0.5582123979887524
0.765608842044365
0.8698241231784657
0.7443998079222345
0.9055146565824639
0.6005266699811922
0.8360826527253319
0.7584699665024406
0.6807842384727122
0.83771648261511
0.7665199424770176
0.7599154254166914
0.7586352716442301
0.8031600193698987
0.8144622779015397
0.7779529073998408
0.7741047574712108
0.6654646805650287
0.8328918790582359
0.5922691015029727
0.835559827160603
0.8485458915551211
0.7656395964893491
0.6850898607704803
0.8472465162545446
0.849568476850841
0.8050514177364182
0.7445343586190397
0.7218683326657895
0.8778318117911895
0.8839442577317709
0.825345507120273
0.7807400289765211
0.7564132629941318
0.8960307546105053
0.6834444979638333
0.8330610285056482
0.8412993754557526
0.7161864489549852
0.7840345988954383
0.8678173956432559
0.8819298415853152
0.8101874100487558
0.7358962038841427
0.6680134551930826
0.7266660260833026
0.8320499761267974
0.7251436810565917
0.8083037002934822
0.8368592024611793
0.8130860164885032
0.7308332533786422
0.8668024989587821
0.8225045652648707
0.7124344066669301
0.7916770784739764
0.7800788084093638
0.6868774628851786
0.8441012748764433
0.8059586738634479
0.7800249881306417
0.7485016820219831
0.6657145604305242
0.7865064874110318
0.8574185489330216
0.5667813552224353
0.8583488708937893
0.8740989910312496
0.8077731861175073
0.8418644883823347
0.8466544931886015
0.8342758290825185
0.8078962038974435
0.8701124461001912
0.806566074151883
0.8390120136100634
0.8476424797337144
