0.522414003894589
0.6147306883490281
0.6371850589118738
0.37463041023816185
0.5172656473562928
0.5483326532035175
0.7539016467210763
0.3825009747145565
0.5455566162948918
0.6840376119043513
0.6059373415207355
0.7529634846633134
0.6666448854962099
0.6531953327173
0.6537528470549049
0.6370735560443527
0.6451209871381944
0.5751048761879515
0.6498194872799407
0.4580532967124009
0.6461706520634782
0.6824821376106552
0.6224090065021107
0.5996431968954996
0.5223371053652642
0.7233498610203276
0.5938710076401187
0.5856668891907147
0.6197098681228097
0.4516904264745578
0.5915457817575968
0.4984062830393822
0.6675753577010402
0.6932056375250006
0.5914765730812044
0.6333632020044304
0.7634447542102856
0.5716405974418687
0.6900335731903521
0.5750764288718044
0.44806081589042657
0.7264642514579825
0.6389114308952157
0.6973389334762095
0.6490851063248887
0.6256195201014217
0.7272024773395007
0.7028948522199271
0.6315330170065
0.5473214375428963
0.6406647173638216
0.6281456367897419
0.6467589258128131
0.69143697135053
0.6404609362611108
0.6437214339044829
0.6876035796636879
0.600207641398339
0.651757330218926
0.6554792190382469
0.5686167536813854
0.729409465131123
0.6020539657898325
0.7062591628778878
0.746534767611759
0.7853493002884588
0.7019643800150969
0.6123656729174491
0.6171491470962935
0.7284174741028329
0.6882264577512189
0.6995420763413652
0.6371312299413463
0.752526154701449
0.7374069121809036
0.5376591373332335
0.686705768233854
0.5895656446274827
0.6566557665369167
0.34215874164934423
0.23335788037137417
0.6866231234147966
0.6104589750450348
0.6958970860513691
0.6949435442877414
0.7054978674375721
0.791470423222714
0.5773742762841809
0.6240123408385332
0.771396724033954
0.7050134067028258
0.6887609025300263
0.6609889986643699
0.7002303181788224
0.6912277073446642
0.7178170118354072
0.4178858329833696
0.6615157535902448
0.7546667870878581
0.7253184633710429
