0.7652666988439173
0.7290648727920589
0.377691494543583
0.8219740510888957
0.41125612693805835
0.5075790486281254
0.7410937050864483
0.6308351755129805
0.8073964441664526
0.6877960172228202
0.7235828929736507
0.8229043730496635
0.9008668910842483
0.7814012495436782
0.6443171553328665
0.8459394523427222
0.772113407158493
0.8142777512316354
0.7667775109537591
0.49590389245105265
0.727874537109467
0.7748928401239272
0.7793714561747305
0.8743950025642212
0.7368688132067635
0.6724651611045249
0.5844959155332523
0.7999692457028027
0.7675117733277534
0.7169975974414395
0.7422623739958426
0.8193099472921517
0.844770783433328
0.8336184528209843
0.7868370976946104
0.8923901971855176
0.506310427772533
0.6855434888339952
0.49550792897188295
0.6755367612973074
0.7572666988424395
0.7810860164825917
0.7847150409907104
0.8856665066508781
0.7864142240760795
0.7992157618006933
0.7248899568854733
0.8224353677636564
0.8914944739753569
0.7998692937566045
0.5882979337944063
0.8459932726214444
0.7246785200762079
0.28364055747671313
0.7012090342477492
0.8304315234595114
0.8449706873257244
0.7597808747198861
0.848000000156654
0.7668928401224493
0.6407457954090929
0.8705199424962299
0.8629043730570527
0.8733724172685012
0.7769533879378591
0.843586737301442
0.6845055263157831
0.5153022586247468
0.8179990390747063
0.7729283999505706
0.8093339742004482
0.591850072190065
0.8569841423976217
0.8563959636373016
0.7410591063358413
0.8569341664245227
0.8640153773821018
0.7999154254240807
0.7129341663979211
0.8489380107286679
0.7052532437631528
0.867317635912265
0.8526131669042627
0.8639846229371179
0.7364190294488717
0.7941797214345541
0.8666756368732228
0.8052013456557156
0.5918193177450808
0.6779215338285598
0.7635252283966951
0.834548774781752
0.8512945700755711
0.7849226334943528
0.8107909660315679
0.8694127824768039
0.7213916387685367
0.8236655455630189
0.9096703509609346
0.7538683326717011
