0.5703858074985282
0.6675238802881519
0.6355790120582148
0.6757838124233704
0.7673102881610582
0.7603635084673496
0.7640716983910988
0.7341955248071057
0.7158487929800383
0.702893844541839
0.7554944781466885
0.74430315567941
0.7597476939619371
0.7565522282835795
0.7496853923122894
0.7453796101099637
0.7045157338169735
0.7485976778917878
0.7538754879836352
0.7362236176624558
0.7626417268641233
0.7669448402443616
0.7507731522643116
0.7569450790413517
0.7569939822181034
0.7554084078428183
0.7622242302959897
0.7642478917643237
0.7334132145033204
0.757449672673961
0.7569045049720342
0.7497689859071509
0.7715946224459674
0.7598200147315867
0.7594602067592657
0.7627917248631959
0.7572762228167331
0.7549188452453623
0.6890134726795896
0.7328941006814312
0.7278851372825542
0.7717135897586219
0.7642819644059728
0.7617451968737206
0.745094845303667
0.7616538049531691
0.7611493772716202
0.7526957526497318
0.7512192549577421
0.755685368942254
0.7718538303431506
0.7294989089522516
0.7610042653383775
0.7560666622121659
0.7550906892158593
0.7488352232690395
0.7652984073230558
0.6939413014712835
0.6511786424633781
0.7579563339491233
0.7595595200860152
0.7561290699499565
0.765386136761145
0.762434270083903
0.753205105699232
0.769718700021617
0.7526816898792538
0.7566256446751346
0.7633090682723349
0.7577905598464801
0.7530180743373565
0.7591429564080531
0.7661535360049535
0.7576236140048492
0.7555404322163215
0.7662014208925515
0.7544828393777556
0.739557975469269
0.7514324974327836
0.7677371525911941
0.7622356443938415
0.7445598147410991
0.7640839214818123
0.7515179146966797
0.764225156370311
0.7587464326285285
0.7612203523936214
0.6762204475876605
0.7586538000587031
0.7505563777879654
0.7754374946484719
0.7774488377517876
nan
0.7677021372456448
0.760147674418777
0.7658470862782065
0.7673878332232923
0.7583928187930356
0.7595863483212804
0.7566808095097571
