0.45608288260836444
0.4368446720312119
0.4513241875137554
0.4408358355291378
0.4018115942028985
0.4524070021881838
0.019055509527754765
0.018546670720583764
0.02215257496972719
0.027905308464849354
0.01976356471658078
0.01907395589590867
0.018575270498467696
0.02119632322678008
0.01817276574558128
0.018702473110913203
0.021494563509521714
0.027084159069890344
0.020829458806025665
0.019981098960442825
0.018156945653525682
0.01992192758110109
0.01782190429205723
0.01778842663181587
0.017952873706520385
0.01778627076289872
0.018349959950484235
0.01819087964116621
0.01803622212243676
0.01807980049875312
0.01820388349514563
0.018227688426363922
0.01839715752072641
0.018645793559882908
0.018578631120933765
0.020166898470097356
0.02009020090200902
0.019395607833322906
0.018915596831466812
0.01920413046215842
0.017858393444919112
0.01756722475900558
0.02301189730745147
0.021083583583583584
0.02348171944316965
0.030259691381257055
0.021080778558547356
0.02757968272449425
0.02157696812773565
0.0251297257227576
0.021144507959923783
0.02263374485596708
0.020845000311119407
0.021420684578579315
0.021179933452777067
0.023341790503805727
0.021969029334004783
0.02228591902543891
0.021588183310188108
0.04152273041315462
0.02270594858322387
0.022727272727272728
0.021512219959266804
0.02290928186950243
0.021214615920461023
0.4966343664472224
0.2430644864964174
0.14904399907855334
0.2826779234244242
0.1968078650321641
0.022393228164678723
0.024112231477422183
0.022323208163916128
0.22484807562457798
0.02082820828208282
0.02211208539839878
0.020775216561444723
0.020180528691166988
0.020203509806813156
0.020540888602704442
0.02049418604651163
0.020767084171588034
0.022754671488848705
0.01969775251872901
0.019817073170731708
0.04824305149820549
0.046569214793513856
0.04615285308546346
0.047607750098853305
0.6701046564538147
0.6670226561904036
0.6662646013204673
0.6609319549452245
0.05601686254471129
0.04762620192307692
0.04578808335779278
0.04646171327567704
0.046654478976234
0.04716262536498667
0.3291238198328222
0.37516988312041316
0.03345245767180268
0.036118452259944436
0.040283032086310774
0.0338092990323342
0.0396094839609484
0.03325272067714631
0.03354500276090558
0.03395019730575589
0.03376205787781351
0.03359952676722863
0.032904815826283886
0.033073929961089495
0.03273606040901639
0.03306031273268801
0.03425726387753585
0.03422030444684166
0.03463800740686951
0.03317333981408348
0.03307657453556864
0.037717309145880576
0.04215877982010168
0.03657281259461096
0.0361994070192374
0.03544764795144158
0.0336535090794363
0.035362606056852666
0.03613960212018999
0.05385799076720158
0.053304904051172705
0.05514591982155028
0.0644885147667285
0.053665336121143
0.05349035187287174
0.05172522550936731
0.05315848843767625
0.0535142658315936
0.052350161651330517
0.052671232876712326
0.05360989721179295
0.05203666689640912
0.051636881227265535
0.05822404803286459
0.052981414558595764
0.052405102197633315
0.05116959064327485
0.051536414226953785
0.051601717305151916
0.05071086942278713
0.05234703509825796
0.05134099616858238
0.0512012012012012
0.05033973843793381
0.4226596404215747
0.03654155828068872
0.04280967467738196
0.03524585068689003
0.03653452588493898
0.03532846715328467
0.03477210987020827
0.03505878979065099
0.03689575386154712
0.036911087495572086
0.036381884330698784
0.035734423456442066
0.03497595403160327
0.03549571603427173
0.03496633100636313
0.03708572614682073
0.03493879559574337
0.03806896551724138
0.03433131263144872
0.03514632198097451
0.16666666666666666
0.094290007513148
0.024530471444998085
0.10787566040054061
0.5645947143068064
0.06271838910275393
0.18476487694162708
0.4006569125111974
0.5980576895202203
0.026102610261026102
0.1950007308872972
0.024053701286593326
0.1896415487393147
0.4105217499070517
0.23680668697315294
0.02363144994029288
0.025592615900985945
0.023136888057374492
0.022914695146681086
0.02343023616190417
0.02290809327846365
0.02315619567916563
0.02253847201416315
0.0237845831536139
0.02221235006663705
0.022584160813756356
0.022837525188446898
0.02261136712749616
0.02207472593034529
0.0223574711215998
0.021905720256985835
0.022337086948495476
0.02229751024267255
0.02252140464077429
0.02340459993521218
0.022325809617271836
0.02229413879899317
0.02229557202466214
0.022041105598866052
0.02264032612104108
0.022905107412149666
0.023331456808657034
0.02258230075518733
0.022716110019646366
0.02269870609981516
0.022976960261158894
0.02145890768199091
0.023323813409492723
0.023716566633646057
0.023954162639790142
0.024198708626606946
0.026049500888828115
0.026619964973730297
0.02645323204232517
0.024897762809718546
0.02554941350950519
0.024579326923076922
0.02349126521969296
0.0247865275142315
0.02975195990232618
0.025689819219790674
0.0257267355100579
0.023108030040439053
0.029979098238280082
0.02579350863366053
0.024199330783938815
0.024799691271704692
0.025868023020850672
0.023610975185402665
0.027773620264188753
0.02518212279155601
0.024250634873427768
0.02542142468733007
0.02563790268558553
0.023629686092439886
0.02400493674791731
0.023598417678352204
0.4395027411010733
0.44437856666419623
0.42487954445904513
0.019804029809550098
0.018701330553682016
0.02396200618838598
0.029994217982075744
0.0200513510209072
0.019126463031687125
0.018610813197905494
0.02236067843544479
0.018043505595372815
0.019430230950076063
0.02308572882218265
0.031087391594396264
0.02074740657417823
0.020833333333333332
0.01821520381931693
0.017976115650534256
0.01780066200809121
0.018668831168831168
0.018410304743952246
0.01793416572077185
0.018695154521175122
0.0188527878058564
0.019471756313861575
0.019106942889137737
0.021140703838538673
0.019439679817038306
0.01763206344710381
0.017381822846514013
0.02441934457524658
0.021763959390862946
0.02451055958069986
0.03529321696524269
0.02131033170546077
0.031987028301886794
0.022360404497204948
0.026595744680851064
0.02194454805420863
0.024017957351290684
0.021418672042333376
0.02177641882317846
0.021075157253096426
0.024282560706401765
0.022375215146299483
0.022959368436300427
0.022233580373115257
0.0480621239680985
0.024364629279563118
0.022687721559780858
0.02145235655737705
0.4798108676073251
0.32573693336636117
0.37772614854230685
0.02265120261539659
0.026334158258772764
0.023595959595959597
0.020906213559886724
0.023281310460466918
0.020514830785312948
0.0206034923650179
0.021135106663155122
0.024232263964032615
0.019545060369555067
0.020532646048109966
0.05136870564379858
0.6664375715922107
0.6656403940886699
0.6599297698010145
0.058138037599793975
0.04881746513038205
0.046506453048509123
0.04681528662420382
0.04781551609813601
0.047622095628240414
0.3464452391054003
0.03330577536317468
0.03621264719896535
0.03299054865362896
0.03973370707778556
0.03298780487804878
0.03359944463727872
0.03466263985173999
0.03325463743676223
0.03278981194953583
0.03250722009537242
0.03248604347309657
0.032063084433215386
0.032666516820259235
0.03467166979362101
0.03435672514619883
0.033023892862577994
0.037771697826417386
0.043097324177125265
0.03700763358778626
0.036481134042109654
0.0363863620581904
0.05471572892854509
0.056193085067002296
0.05571499875218368
0.06647046156054842
0.05203303684879288
0.05335506270814143
0.054063529906738655
0.05293455137029158
0.05304600082884376
0.054521771492370676
0.05221441980115414
0.052116486314449394
0.05297087378640777
0.05202126978025498
0.052370092848998205
0.05233286036224021
0.05130572408335531
0.052294372294372296
0.05187950566426364
0.051534672224327394
0.05096479599351893
0.4423001490546795
0.036884221055263816
0.04318004676539361
0.035216572504708096
0.036551724137931035
0.03550383028874484
0.034468033186920446
0.03481470758540822
0.03658074298711145
0.037449971412235564
0.03575277337559429
0.03515263644773358
0.034702504889898414
0.03472412846555037
0.03478802992518703
0.03730042529456878
0.03469933461849387
0.03877266387726639
0.03404973135074347
0.03456899087967049
0.14285714285714285
0.11515189713853523
0.02579105396874278
0.13909704589087757
0.5923472046452766
0.06944527378037857
0.23040125660431243
0.46213487197980524
0.5999853822540564
0.027327690447400244
0.22599368158107414
0.024657362788660115
0.24119182253153545
0.45904298459042986
0.26861626248216836
0.02449677174325864
0.027061310782241013
0.0241667189755822
0.0236070480985101
0.024352169840774273
0.023487151146725616
0.023586086086086085
0.0229553264604811
0.024764150943396228
0.022713732499255287
0.02334677912235668
0.023909774436090225
0.023044043858018955
0.022833458929917106
0.0227600476518904
0.022821414615084017
0.023074060290286566
0.02288256793262355
0.023146700031279326
0.024501796798431886
0.02296360485268631
0.02278168758615686
0.022906991339274506
0.02303358767738715
0.023233730058242592
0.023713999140277976
0.023640960809102402
0.022498519834221433
0.023441365660564078
0.023021904336164505
0.02410934632664684
0.02242118726958092
0.024590725392150146
0.024300052826201797
0.02503999443555679
0.024919378481383758
0.028145695364238412
0.02833793873831501
0.02861054072553046
0.02634607231542608
0.027166181153038413
0.025850587238164427
0.02420806935645215
0.026583034647550775
0.031183282655107718
0.027452712151321116
0.027665844710410777
0.02390844813761936
0.033832101436211764
0.028004920761270716
0.025526791089704997
0.026578841914206317
0.027573766675691648
0.02452573869565253
0.03026693034584691
0.02626339174770671
0.025468788159452596
0.027491408934707903
0.027476234283961974
0.02481354987105318
0.02561074159259029
0.024670148433205058
0.02757985257985258
0.13045366696508937
0.21761077497402925
0.44701890008625156
0.39200342679113337
0.3018174894534734
0.46254461187775897
0.17090357464323708
0.14947030778914489
0.044044524383449496
0.4564873932492608
0.02483616494280771
0.06662263843918032
0.024211436448297027
0.021386685892814228
0.021168744925650785
0.021555123036666887
0.023797290021487096
0.021811928450574513
0.0219340093481689
0.020598610821045187
0.020854343077387587
0.02104497472217658
0.021415907126780265
0.021315617799706674
0.02213035266216338
0.023525461522179537
0.02142407397982095
0.022732726782972678
0.02099562370129624
0.021123940965352944
0.021126720284639047
0.02434500506056517
0.02098069455040167
0.45512870062611116
0.4609797672867413
0.4488752556237219
0.021010436104775727
0.020024570024570025
0.02618516653478167
0.032129963898916966
0.020937920901187707
0.020221507681314754
0.019711902956785442
0.023829315599889166
0.01920413046215842
0.020310880829015544
0.025189237325869855
0.034407357386327095
0.022056519832069677
0.022479564032697547
0.018967798853109837
0.01892147587511826
0.01856527550868855
0.01966518020323123
0.019534942340412125
0.01906635393811001
0.019710403776232698
0.02018983268983269
0.020845396641574986
0.020672740014015416
0.022647303435480777
0.020704593234375995
0.018368794326241136
0.01825662123939316
0.027235804730429244
0.023820110525312837
0.025534212759392116
0.04112521021250573
0.022791842919376224
0.037778923337506445
0.02413510618186401
0.0291713535808024
0.02318479277033344
0.02591760299625468
0.022552116234996842
0.022981644530667065
0.022204908453447605
0.025833517332744534
0.02402555910543131
0.02435135526887955
0.023455524224557805
0.05354518093371596
0.026503996634413125
0.024765599741351438
0.02297670239394134
0.49736644093303234
0.39366852886405956
0.43318318318318316
0.02444150385303962
0.028925885453493606
0.025392204431505742
0.02166125135382821
0.025349762546528046
0.021509607187356547
0.021939188691747036
0.02258255104050417
0.024734712573478892
0.02030922431865828
0.020822577869557737
0.052123061276379355
0.6499579092370092
0.6503939440753901
0.6445853887714352
0.05771716649431231
0.04933384088313666
0.04592217086625913
0.04608884905901933
0.04716492940045834
0.047155833279649555
0.3746131909471513
0.03516756309474555
0.038280771064641374
0.03468208092485549
0.04172792830637821
0.03453123090086786
0.03477051460361613
0.03605703317795448
0.035080617958577885
0.03430142225409346
0.033824514400535834
0.033955756422454804
0.033535314690161355
0.034263007947218475
0.03657254430759988
0.03623984186250823
0.034640274076893796
0.03998175737306172
0.04652816178213129
0.039068231841526045
0.03853913043478261
0.03865872246085631
0.05421998668540572
0.05610046069252489
0.05529433891292082
0.06585401038661282
0.05088847844086364
0.053474793506123615
0.053457128789477386
0.052059100911663
0.05281007751937984
0.05382700684505289
0.051391116379610906
0.05155215066634746
0.05256200917502527
0.05079508143951587
0.05165660192590175
0.05086163627237745
0.050056280209229954
0.05128429145553032
0.05111326234269119
0.0510421420964552
0.04954521925608223
0.4698672114402451
0.03832185347526612
0.0450113113347375
0.03689247041047595
0.038154460310148935
0.036851415094339625
0.035378223145545645
0.03601971300188433
0.038468838975007906
0.03867837008492114
0.03744605229753745
0.03652805468527485
0.035964856835851086
0.03628865979381443
0.03565184815184815
0.038931137933440316
0.03581215744892875
0.04062717770034843
0.035045997872207274
0.036105595999705864
0.11560693641618497
0.12222644858628122
0.025381103458949162
0.15277432197063948
0.5828661134783584
0.07051898125901009
0.2543626570915619
0.48591974861010395
0.5874834728955487
0.027673032477800754
0.23299533713270668
0.024847455494747435
0.2659396583060705
0.4688088364503577
0.273818883568008
0.024404230916273736
0.026732673267326732
0.023877202956225127
0.02376549551400589
0.02428283844992451
0.023591451568137665
0.023342141688687555
0.0229481083316105
0.024282147315855183
0.022966076253377363
0.023021051335713406
0.024096385542168676
0.02277406875896924
0.02251775729182409
0.022565395524739993
0.022675379891347137
0.022842164388691258
0.023077537331310388
0.022768727592930374
0.024538866930171276
0.023034302434165474
0.02285839480026291
0.022850993796683126
0.02313587851873075
0.023209845055155262
0.02382494781544663
0.023850410227055904
0.02322292519538519
0.023601942956781665
0.023377791098456467
0.024550439994898608
0.022180166540499622
0.024903421633554083
0.024269264836138175
0.025362572689693826
0.025181341039098897
0.028492201039861352
0.028562980484920165
0.02859499587572175
0.026718721405477947
0.027291907711154972
0.02569410618606917
0.023852596314907874
0.026729937530033637
0.031471487092788866
0.028123149792776792
0.027616279069767442
0.023647411962808406
0.03594118714830278
0.028544382145197698
0.0255819592628516
0.0269596951897468
0.027869996337038544
0.024309971414021993
0.031208073401720896
0.026697030346636987
0.025395568034121963
0.027701022381873445
0.027870267603896905
0.025070028011204483
0.025852895148669796
0.024702463326875174
0.027434503213049927
0.13857592981382333
0.2630434396505068
0.48422612379169155
0.4363327785805976
0.36074623286644225
0.4764757625655226
0.19656151458571752
0.17204068014697943
0.04637686590369457
0.4592270709634961
0.026124803903875282
0.08020831628000999
0.024739939671513243
0.02120075368221818
0.020770788753267898
0.021596410137337943
0.023667943192093505
0.021567683110696054
0.021472027650576025
0.020097572505155765
0.020250948940816218
0.020825034947399183
0.021118177410187195
0.021014419740420967
0.02206585126862682
0.023729850210884525
0.02126537175245406
0.022468883495587517
0.0210073570116081
0.020856129902304777
0.02071991018544026
0.025495753733617846
0.020840539930231113
0.43919652551574373
0.4449906890130354
0.4379310344827586
0.020249653259361997
0.01978167782401544
0.02629107981220657
0.032332898361606494
0.02023121387283237
0.01951639520700294
0.019184347605132764
0.02357276962659064
0.01872588093882457
0.019765587072612525
0.024760076775431863
0.034166275875929526
0.021646111250943872
0.022365091307024142
0.018842828641099534
0.018791521670357483
0.01798507462686567
0.019449541284403668
0.0191175539659429
0.018790414606314188
0.01927140021768359
0.01977401129943503
0.02016546018614271
0.02039524579787608
0.0224293059125964
0.020154539600772698
0.018147909045262176
0.017694543106231836
0.02820615261685977
0.023313745528870722
0.025666873449131513
0.04389195825659914
0.02255446936298
0.04034646135623334
0.023853211009174313
0.02938082356477307
0.022964770665164884
0.02563138905592303
0.022254628455490744
0.02304181940599985
0.021992322207040147
0.025942350332594236
0.023528657520194896
0.024121848127095176
0.02306106673537748
0.054021925769383174
0.026673235273418257
0.02417625268083447
0.022643700406425393
0.4818003322760912
0.4130299251870324
0.43809810865797605
0.024182188135858505
0.029804924848097217
0.025830558037527415
0.021449518223711772
0.02558154520265481
0.021244802494802494
0.021742345806833308
0.02292757272546551
0.02480287835872311
0.020156774916013438
0.020907127429805616
0.0554706082229018
0.6718713945081147
0.668345602479659
0.6638127405545519
0.06042099792099792
0.05182180036742192
0.04784688995215311
0.047609856527053976
0.04913530765234172
0.048772588898244706
0.3703884086204797
0.034259589122432016
0.03778354741732714
0.03380719149444511
0.0410025977673243
0.03375475635203142
0.03385579937304075
0.035384827206388546
0.03418861282242231
0.03369506565141795
0.03288942695722357
0.033263660794266944
0.03247398041919111
0.03376036171816127
0.036529336446486406
0.03534425747666985
0.0339034819792303
0.038971934106162294
0.04591229878677345
0.03870928163916324
0.038437391001046387
0.03755476736907991
0.056261612783351914
0.05839743111044732
0.056925399421310856
0.06792534722222222
0.052486541912330174
0.05528105979233799
0.05542236637991821
0.054115564546718925
0.05467445742904841
0.055903342932264934
0.053942199775533106
0.05363029669534454
0.05436650523355726
0.05279844710449692
0.05340563634869772
0.05281305188798251
0.051836571732765506
0.05334965891201679
0.05254963020630596
0.05321507760532151
0.05150118906064209
0.46583411875589065
0.03763035557230808
0.044583496284708646
0.035705273782488015
0.0381486030089039
0.036561993218339965
0.03518881804806277
0.03532056861038584
0.03757775802970674
0.038109538109538106
0.03723979884142848
0.036210706393898354
0.03513667787150378
0.036109773712084736
0.034871345395354664
0.038765104421317316
0.035451254525028085
0.04045838865208581
0.03460185882943984
0.035369537985410066
0.12994350282485875
0.1302446444416276
0.026456254351357622
0.16633453730227923
0.5961150541651102
0.0738093808179689
0.2820015794385814
0.5206771463119709
0.6032772430009552
0.029100206988920005
0.2448874123292728
0.02566199132020882
0.2917483126496843
0.49343139103652023
0.2875429061784897
0.025448051533898845
0.027773851590106008
0.024356297842727904
0.02482390754291185
0.02486031765961454
0.02433612979269223
0.024241279435839314
0.02350265352539803
0.025359150530918174
0.023721942797087305
0.02395467701213129
0.025132475397426194
0.023886740676063365
0.02336696760488582
0.023513052272296314
0.023495206663523494
0.023498531341791137
0.02356230031948882
0.023625023625023625
0.02545095132196689
0.023908847518834445
0.023479655826163046
0.023814047754765977
0.023836793128131712
0.023961254142238084
0.024649658641753502
0.024856961220597586
0.02368891537544696
0.02453452892459057
0.024127079274689045
0.02561814937547795
0.022883468016010874
0.025978500551267915
0.02490704125597592
0.026363636363636363
0.026047498379397724
0.030158400774711214
0.029710572947430597
0.029575241885678994
0.027682926829268293
0.028905665510440045
0.026902008520998173
0.02475081945280621
0.02803289513176061
0.03287208471383096
0.02977245862884161
0.028820537660450472
0.024217149546385718
0.03924058286474394
0.0297029702970297
0.02648645372446815
0.028605654424447333
0.029126906377287633
0.02549622714364638
0.033619410035903574
0.027910560602418442
0.026463146536981785
0.028699551569506727
0.029406325134085445
0.02609244581609034
0.02714196372732958
0.025547193261064697
0.02935734550388553
0.14850943920072518
0.29818589014846564
0.5185869236355833
0.47850844156061867
0.4098410736254162
0.5034448790766091
0.21872825984006655
0.1933315341391884
0.049828062496859685
0.4796749992389855
0.02796338021661071
0.09536545758165058
0.026321936716925037
0.021898682071927036
0.021823254907478266
0.022134207574757682
0.02516814209036189
0.022412026238881867
0.02225939079222108
0.02101385803012685
0.021356230844504602
0.02158015120426953
0.021929850823913282
0.02182883148713956
0.022656035596986517
0.02450989149521518
0.02186118931004829
0.02347338876521317
0.021496569280912196
0.021710572370950913
0.02140908556418604
0.02748170307076427
0.021759710237115388
0.45549778846899974
0.46130930215237953
0.4530301922655165
0.0213840830449827
0.020507451656607955
0.028367258553486357
0.033948606587043066
0.021328907738644046
0.020840793525746616
0.020467650972688677
0.02513477088948787
0.019591733552423687
0.02051850824899487
0.026142537551933524
0.03617519224339686
0.022329852811674423
0.023490849494673588
0.01940100324579522
0.01940213613094862
0.018972390373542005
0.02054442732408834
0.020145707950586
0.020015220700152207
0.01987179487179487
0.020700765203383004
0.02087237479806139
0.021252638986629133
0.023418452457333504
0.021295644944682484
0.01856594110115237
0.01866322247336132
0.030920421860019174
0.024692145728322592
0.026922481819588426
0.0485154576063667
0.023499361430395913
0.045679285661574795
0.025033187938554902
0.031203120312031204
0.024076946943841143
0.027150678766969173
0.023292613456547883
0.024227921932251553
0.023032754795771892
0.027308288434570817
0.024955093661791123
0.025465657741559955
0.02388617048673706
0.05774694416914437
0.027890965294365605
0.02541988197911938
0.023408783130199264
0.49818758495695514
0.4465365671176507
0.46233805363061165
0.02548268584382084
0.031701393327368016
0.02733392813691297
0.022516112831673225
0.027296723105646042
0.022387568315006254
0.022740696987595982
0.024370860927152318
0.025872627066748317
0.020833333333333332
0.02175414364640884
0.05652063384458944
0.6698366439144107
0.6678778507924237
0.6619916947426153
0.061319836480436055
0.05185185185185185
0.048173874075733814
0.048054036667738824
0.04952987339897831
0.048537406161014755
0.38965852472961476
0.03575028161498785
0.03908328217720483
0.035133843212237094
0.04272784676910124
0.03518881804806277
0.0352695652173913
0.036685902720527616
0.03540779782417731
0.034994317162170246
0.03426268055089016
0.03441078244274809
0.03375334863748571
0.034974482137496245
0.03776423681636952
0.03730577543242451
0.0348952380952381
0.04090493601462523
0.048803676121058466
0.040625
0.04054336468129571
0.03979684129965908
0.056771799628942486
0.05879729428380287
0.056981132075471695
0.06880369648400837
0.05289076490150934
0.05549207256106271
0.055508593970132435
0.0543677073478398
0.05503951199223624
0.05626326963906582
0.054116493979277515
0.053995507060333764
0.0545979252788394
0.052730089066735514
0.05380577427821522
0.053293112116641526
0.05194546059195211
0.053128276826284515
0.052454126953251634
0.053349592256687756
0.05109380793474231
0.4860881216993773
0.03893481416040891
0.04596078431372549
0.03718459495351926
0.03932886939121065
0.03775819945213593
0.03609708020204509
0.03641925850389686
0.039263178022818535
0.03963873557451079
0.03845169545745362
0.03781272337383845
0.03645501972261102
0.037208339086014085
0.036461934997171055
0.0404125447274258
0.036827906393123784
0.042119279557081786
0.03568951384072136
0.03647798742138365
0.1329479768786127
0.1310682700260864
0.026458721291123526
0.16927978012368042
0.58302056748236
0.07303540196610578
0.29309227112295616
0.5235583045297435
0.5894186132193648
0.028718074055969694
0.24364955935717988
0.025399633537625577
0.30159539593501855
0.49055058586367645
0.2865945403740059
0.024830410853705364
0.027852586817859674
0.024097913628004314
0.024095558454039954
0.024665657330305325
0.023771460346145825
0.024170137574151207
0.023168960509025522
0.02502038000877908
0.023248814987585586
0.02363130219610269
0.024559002433090026
0.023098591549295774
0.023204503956177725
0.022577371892440384
0.023173327027666116
0.023153667566041286
0.023552030761836096
0.023113356488790652
0.025107367030062767
0.023283469988107906
0.02291026204069682
0.0234360114322007
0.023379612977483633
0.02368909661309943
0.024478301682431945
0.024597495527728087
0.022837525188446898
0.023891425354931516
0.023678869427948585
0.025006395497569712
0.02261516278363816
0.025495750708215296
0.0244234180958013
0.02566799915842626
0.025292518614820944
0.02989733629300777
0.029083570750237417
0.029280055115397864
0.027091487279843444
0.028840253630599305
0.02613580850024426
0.02441969676640279
0.027590361445783133
0.032866905304262936
0.03030078530152615
0.02860794935784284
0.024393828067597354
0.04029126213592233
0.029626386456509047
0.026235695154614075
0.02852326651038844
0.028681227568441187
0.025299681678908482
0.03411734658934911
0.027823893617359582
0.02630903968368558
0.028518031425209384
0.029599355997275374
0.02601054481546573
0.027552877675265174
0.025230470645317808
0.028872366790582405
0.14799625948821316
0.3068955355827317
0.5140319731511693
0.4829870095078366
0.42465458424166863
0.4968169422462624
0.22292444049014604
0.19911689709827246
0.05007577535272188
0.47127842567274086
0.028242567558915736
0.10392822685966348
0.026224379608251247
0.02170478191997241
0.021258719614021867
0.02202433772592275
0.024467445996868988
0.021878067703867042
0.021781064272451363
0.020684498395502026
0.02059515123293523
0.021423919782685298
0.021534776613399212
0.0212807794839802
0.02231836425411848
0.02444677265141891
0.021586105913919473
0.02316084614957526
0.021564873606135713
0.021518732828677625
0.02093433976257085
0.027664367183954916
0.021354411833162328
0.438780260707635
0.4457867263236391
0.4376234725982293
0.02100334448160535
0.019869184252745895
0.027775858495128862
0.0330554548749547
0.020805121260618
0.020330732335886607
0.019518087608875325
0.024691358024691357
0.018970017187599466
0.019993057965984034
0.02582174665214327
0.0354225257800991
0.02146003775959723
0.022789488091979195
0.019191024505462062
0.01856192587899905
0.01851298895192595
0.02031685492151973
0.019837748764101912
0.01939655172413793
0.019208531414621612
0.020230515031836867
0.02065259614139583
0.020828935331785238
0.022949344304448446
0.020724062939746705
0.018163543685835306
0.017783238489394722
0.031555341983020985
0.0242152466367713
0.0263934171712467
0.050172877449097195
0.023298982269730525
0.047421765184582375
0.024626487718409723
0.030993756112239524
0.02395885599598595
0.02656132430398796
0.02288620470438652
0.02398441013341328
0.022590361445783132
0.02647733155831669
0.024161418840765968
0.024516222901207623
0.02368200296831645
0.05733580508474576
0.027826699542092288
0.02517236893456485
0.023318605792832597
0.48251854094142577
0.4456664375429607
0.4538862451846816
0.025027459595167112
0.0315796285510904
0.02720480753613773
0.021990935034413295
0.02742313705054716
0.021897327335273883
0.022291342664593053
0.024207950261260665
0.02526105651105651
0.02048638646576791
0.02087483759203118
0.05610336620197212
0.6551034535804938
0.6527810100069816
0.6454502593116455
0.06026451234608118
0.05116029715861224
0.046976848730051694
0.046821444739054516
0.04852853745541023
0.047878905996232055
0.3826002193249665
0.03470406465414785
0.03816481190687513
0.03392974687331698
0.0417927249700978
0.03466502765826675
0.03427854803873755
0.03567738824987947
0.03442911255411255
0.03398582923021496
0.03327060088721602
0.033540595480090876
0.03286398203942721
0.03432700993676603
0.03672976845915982
0.03610825121341374
0.034577513166933825
0.04021979699305502
0.048288460011119055
0.03957962018314793
0.0393717277486911
0.038614344462256915
0.05549761620977354
0.05788884744498322
0.05639666919000757
0.06756463176189442
0.05150931278098908
0.054342378463521156
0.05448763250883392
0.05328439438045817
0.054164928382700595
0.05519663802295678
0.05290856781980212
0.053021160189878506
0.05308902983321588
0.051649277428552916
0.052648843693619815
0.05205617694054327
0.05091758425091759
0.05214723926380368
0.05156382079459002
0.052458514949912056
0.05042391789379741
0.48891160742371814
0.03929965990678927
0.046338985699773384
0.03754740834386852
0.03932109668996237
0.0377859778597786
0.03612681248463996
0.03697247040023244
0.039327987781596026
0.03987686139747995
0.03877603168519228
0.037658996712876945
0.036745573395951005
0.037248691820435144
0.03660220994475138
0.04069482384254395
0.03703935431395858
0.042266312700852314
0.03583778685947815
0.03662138216184288
0.15730337078651685
0.13764152143493194
0.02705216649872103
0.17876084108067636
0.5968794539044333
0.07530247396617107
0.3148746678158443
0.548365617433414
0.6019424619233316
0.029411764705882353
0.25369494531480935
0.02625765322224326
0.32361282815795217
0.5103930461073318
0.29773068938363517
0.025763968801943486
0.028720996038483305
0.025057092108601877
0.025066776248202177
0.025836536643770874
0.02470080712496521
0.02504889898416304
0.02402319480878089
0.025755107156285248
0.023884632717440287
0.024340520170507196
0.025317418079525582
0.024115956516306384
0.023943447856491336
0.023491420249477618
0.023875187140493262
0.023776662484316185
0.024278846153846154
0.023809523809523808
0.02600941293039386
0.024451253830279532
0.02384260952241644
0.023809523809523808
0.024125798808070652
0.024352828379674018
0.02557064432245016
0.025452921663689718
0.02401730439322742
0.024617307091533897
0.024683021982144195
0.02587528750319448
0.023425062542642712
0.025869205298013245
0.025295508274231677
0.026111305565278263
0.026631237082964276
0.03089712504329754
0.03050947867298578
0.030652920962199313
0.028639472398632144
0.03051563245010558
0.027191805877332033
0.025299511411552105
0.02838585518402694
0.03421138211382114
0.03206932306324989
0.029615244568515598
0.024838804220398594
0.04351251439306709
0.030803961549665016
0.027150145772594753
0.0294080715450282
0.03006353270373626
0.026102270500154918
0.03603542372715764
0.028661966976238667
0.02693543420902308
0.029423953584749276
0.030387424186161655
0.026820192375201852
0.02834211186355656
0.026084549920431743
0.029941231054747913
0.1549872720990541
0.3288651634761404
0.5331717592663754
0.5082350667355431
0.45634136841502704
0.5155625097567035
0.23708315164143112
0.21406172125224665
0.05329337972648607
0.48859695493216915
0.029459028763903907
0.11785794664595733
0.02732627022276499
0.022272304112452228
0.02192206566946188
0.022744402970220998
0.025302364201436115
0.022902322678505713
0.02251846670048603
0.02129817104880772
0.021261169057768287
0.021978053878804596
0.02228763450672786
0.022383232777128274
0.02331934397937424
0.025472891120539385
0.022348759622482
0.023988559868278206
0.022052908877019127
0.02221417122785208
0.021754769457699108
0.029448504077490736
0.022299041736605803
