0.07971431157665405
0.23760377565000312
0.09481361148427125
0.24954722509323424
0.01891519452157439
0.06798447227114257
0.11554936029106903
0.12464946714425354
0.23439517665778198
0.029275377094745637
0.07144065179072567
0.028287038207054138
0.03578454385539093
0.0427751320866806
0.06642322242259979
0.11579365267644043
0.08300464784546203
0.12178601509791259
0.06308283507823945
0.2094955605420105
0.24470833308191528
0.04001520504924011
0.024485373075773614
0.02258001940830534
0.04632105985083999
0.024057812988758087
0.31549087309665225
0.04124532310538631
0.0162000253823204
0.17871228415856627
0.007193815906179818
0.08495283602392883
0.1504502438495392
0.17616190016269684
