0.19501835107803345
0.3091464936733246
0.18823589384555817
0.09733137488365173
0.19668348133563995
0.1136741042137146
0.24548882991075516
0.02408766746520996
0.10589613020420074
0.11279281973838806
0.2947864532470703
0.08956438302993774
0.2654736191034317
0.041448116302490234
0.05433037877082825
0.07643833756446838
0.16562891006469727
0.0814778059720993
0.13512904942035675
0.05359042063355446
0.3828644519671798
0.18810468912124634
0.2772044837474823
0.17399108409881592
0.1052577793598175
0.12720264494419098
0.07377274334430695
0.2252092808485031
0.030971452593803406
0.01784023642539978
0.22806265950202942
0.37102529406547546
0.03142395615577698
0.26704293489456177
0.43196383118629456
0.06248360872268677
0.4062216579914093
0.20883533358573914
0.22468048334121704
0.47208714485168457
0.027724936604499817
0.14425326883792877
0.10262890160083771
0.12974007427692413
0.1584824174642563
0.04169037938117981
0.09591164439916611
0.08222944848239422
0.12585777044296265
0.055650293827056885
0.044004857540130615
0.19766191020607948
0.08832709491252899
0.16260823607444763
0.06724280118942261
0.13586311787366867
0.05987164378166199
0.08235669136047363
0.0672760009765625
0.40399014949798584
0.3145390525460243
0.08983498066663742
0.11539647355675697
0.20242123305797577
0.12011870741844177
0.2420608401298523
0.08371210098266602
0.06673814356327057
0.27256157994270325
0.013418257236480713
0.11689085513353348
0.24622905254364014
0.028053119778633118
0.016408950090408325
0.2757281959056854
