0.1213872832
0.2133649875
0.18954830390000002
0.1452374528
0.019379845
0.1466173362
0.0
0.141025641
0.1455554441
0.1015625
0.2004573617
0.0760869565
0.0855712572
0.3041455462
0.1644177224
0.0023923445
0.0145876845
0.0
0.2994843955
0.0
0.0
0.002901354
0.1026558597
0.0921106557
0.005899705
0.0
0.1208333333
0.2261484099
0.36559139780000005
0.1150528482
0.0
0.0516605166
0.5712653289
0.0393070342
0.216080402
0.005464480900000001
0.0
0.0087023423
0.0011203758
0.2847241411
0.005076142099999999
0.0
0.0909521707
0.1526548673
2.43078e-05
0.0027932961000000003
0.2580943339
0.1564147627
0.08478976449999999
