0.10173693887071762
0.35603441992376106
0.04374199745724794
0.2973867474549896
0.06642362152514039
0.18599991058939513
0.21302928485066225
0.1268812140562561
0.1474112873164276
0.13559259176254274
0.06977127470217892
0.0838884487748146
0.08432990442057647
0.08092448892872162
0.11004337668418884
0.07414612903485412
0.13455067014141386
0.18478946573000793
0.08769001662731171
0.320544914618396
0.1903160250851654
0.10334353079768371
0.1520100746790863
0.04237400812522585
0.02537080952325287
0.14125099778175354
0.43451136493510745
0.08080376355223995
0.1045524582240181
0.23443672616372374
0.09789262990223083
0.0609106820949295
0.19630785216786806
0.2997574508190155
