0.08953513682487182
0.02655848754196166
0.12391142028785093
0.020462714617526245
0.21303975012233733
0.03249278850722198
0.041035186499357224
0.09488148149279022
0.056259878017999254
0.03367677330970764
0.09023329353517456
0.12660914337735749
0.13161890414738922
0.1463231458685028
0.027725479428002936
0.1252990138278656
0.09216205127260971
0.0657023936510086
0.10402477633553314
0.14005571603775024
0.18993842601776123
0.09204847259816742
0.03504869151994018
0.13965661128875428
0.1488936915921402
0.08495420217514038
0.03436626894628449
0.0114301758439041
0.10877673915818487
0.022390709181629942
0.08919845521450043
0.051415017505300906
0.16265066363014835
0.060866856390667724
0.0516524212193985
0.03725230164008293
0.08771757036447525
0.013961791159329605
0.14828689177049562
0.1038583019762741
0.05235506415119133
0.18308807909488678
0.015945871979163362
0.14815648304561158
0.11892920331888886
0.09185757595171586
0.11025249291756284
0.036569238269725024
0.0691683027979355
