0.42337536811828613
0.3478783071041107
0.3052177429199219
0.3824750483036041
0.2235112190246582
0.18877291679382324
0.27695736289024353
0.3582913279533386
0.23479674756526947
0.34263962507247925
0.2947864532470703
0.4802361726760864
0.35512879490852356
0.26270022988319397
0.36139994859695435
0.5100047588348389
0.16562891006469727
0.19046571850776672
0.13512904942035675
0.05359042063355446
0.3924798369407654
0.47908830642700195
0.3843604624271393
0.17399108409881592
0.3400416970252991
0.12720264494419098
0.1275414526462555
0.2252092808485031
0.1929244101047516
0.49088072776794434
0.2938351333141327
0.3797042667865753
0.302525132894516
0.4361534118652344
0.41755810379981995
0.3063211143016815
0.3437783420085907
0.4590717852115631
0.5028963088989258
0.3488735556602478
0.24931584298610687
0.22095142304897308
0.10262890160083771
0.20708981156349182
0.1584824174642563
0.4454891085624695
0.09591164439916611
0.10981890559196472
0.34636443853378296
0.3490634560585022
0.4654325246810913
0.2350996732711792
0.31625959277153015
0.3532995879650116
0.36091148853302
0.19899442791938782
0.4385206401348114
0.347110390663147
0.4387694001197815
0.4163851737976074
0.4217303693294525
0.1414954960346222
0.1716194450855255
0.3768273591995239
0.19903022050857544
0.36310523748397827
0.5038034319877625
0.06571546196937561
0.3222098648548126
0.2835514545440674
0.11689085513353348
0.24622905254364014
0.25954145193099976
0.21923352777957916
0.3544524013996124
