0.21092242002487183
0.18680649995803833
0.31345972418785095
0.16570016741752625
0.23241959512233734
0.17911012470722198
0.041035186499357224
0.23590712249279022
0.08929556608200073
0.13523927330970764
0.11022406816482544
0.20269609987735748
0.21719016134738922
0.1578224003314972
0.19214320182800293
0.1276913583278656
0.10674973577260971
0.0657023936510086
0.19545961916446686
0.14005571603775024
0.18993842601776123
0.09494982659816742
0.13770455121994019
0.23176726698875427
0.1547933965921402
-0.08495420217514038
0.15519960224628448
0.2375785857439041
0.2568146586418152
0.13744355738162994
0.08919845521450043
0.1030755341053009
0.4086146652698517
0.10017389059066772
0.1644279807806015
0.04271678254008293
0.08771757036447525
0.022664133459329605
0.1494072675704956
0.1808658391237259
-0.04727892205119133
0.18308807909488678
0.07500629872083664
0.3008113503456116
0.11895351111888885
0.09465087205171585
0.14784184098243713
0.11984552443027496
0.15395806729793549
