0.10720141977071762
0.352522075176239
0.3281383812427521
0.2567197382450104
0.23583310842514038
0.33950868248939514
0.28470519185066223
0.2124524712562561
0.2916869819164276
0.13871759176254272
0.37938231229782104
-0.0838884487748146
0.13772456347942352
0.19659613072872162
0.11004337668418884
0.3081377446651459
0.16488046944141388
0.18587449193000793
0.1126900166273117
0.337241530418396
0.1971653401851654
0.22608515620231628
0.3164277970790863
0.26302415132522583
-0.01984594762325287
0.14125099778175354
0.4382357597351074
0.37509685754776
-0.0757904127240181
0.29065969586372375
0.19596442580223083
0.1768515557050705
0.37250831723213196
0.2997574508190155
