0.08517879247665405
0.47095271944999695
0.27706676721572876
0.30455926060676575
0.1504942923784256
0.22149324417114258
0.18722526729106903
0.21022072434425354
0.378670871257782
0.032400377094745636
0.3777129352092743
-0.028287038207054138
0.18626992404460907
0.1584467738866806
0.06642322242259979
0.26649022102355957
0.11333444714546204
0.1228710412979126
0.08808283507823944
0.2261921763420105
0.2515576481819153
0.2894134819507599
0.13993234932422638
0.19807012379169464
-0.040796197950839996
0.024057812988758087
0.3192152678966522
0.41465529799461365
0.044962070882320404
0.23493525385856628
0.09087797999382019
0.32271507382392883
0.4183659255504608
0.17616190016269684
