0.022022627294063568
0.11843064427375793
-0.051071614027023315
0.04783952236175537
0.047508427003566
0.11801543831825256
0.09747992455959321
0.0022317469120025635
-0.08698388934135437
0.1063172146677971
-0.001669377088546753
0.05560141056776047
0.04854536056518555
0.038149356842041016
0.04362015426158905
-0.041647523641586304
0.05154602229595183
0.06300345063209534
0.024607181549072266
0.11104935407638553
-0.05439230799674988
0.0633283257484436
0.1275247016033127
0.019793988716920508
-0.020950250327587124
0.11719318479299545
0.1190204918384552
0.03955844044685364
0.08835243284169769
0.05572444200515747
0.09069881399605101
-0.024042153928999332
0.04585760831832886
0.12359555065631866
