0.6676266193389893
0.6538150906562805
0.9057788848876953
0.4192937910556793
0.6639315485954285
0.5421297550201416
0.5516818165779114
0.4886384904384613
0.7922078371047974
1.0078654289245605
0.6457849144935608
0.9853147268295288
0.6320943236351013
0.9297258853912354
0.5880817174911499
0.9588451385498047
0.7209751605987549
0.882018506526947
0.465375691652298
0.5988950133323669
0.528353214263916
0.7769789695739746
0.820267379283905
0.12479044497013092
0.7096593379974365
0.7514082193374634
0.5615101456642151
0.6460874080657959
0.8139476180076599
0.5716776847839355
0.572872519493103
0.7274888157844543
0.6486874222755432
0.644788384437561
0.6400473713874817
0.6110222339630127
0.8087378740310669
0.7643611431121826
0.2752847373485565
0.3375212848186493
0.7439112663269043
0.810883641242981
0.7168774604797363
0.5951852202415466
0.6578608751296997
0.6050543785095215
0.7687625885009766
0.6125862002372742
0.35075658559799194
0.5817949175834656
0.5341473817825317
0.3993338644504547
0.5137137174606323
0.6734055280685425
0.3933323323726654
0.779633641242981
0.39041176438331604
0.7780925631523132
0.6477961540222168
0.5253369808197021
0.7323763370513916
0.6913926005363464
0.5873738527297974
0.295698344707489
0.7744752168655396
0.750756025314331
0.8173314332962036
0.6264728307723999
0.9107667207717896
0.8034266233444214
0.35527220368385315
0.4982803761959076
0.8733723163604736
0.7505005598068237
0.5248070955276489
0.4081420302391052
0.6542883515357971
0.38950371742248535
0.5628390908241272
0.5057684183120728
0.6194761991500854
0.7468243837356567
0.06593400239944458
0.5025439262390137
0.7523988485336304
0.6122851371765137
0.6633275747299194
0.7391072511672974
0.6215967535972595
0.43838563561439514
0.8178887367248535
0.6363609433174133
0.9462482929229736
0.6816725134849548
0.7926589846611023
0.3393199145793915
0.6888494491577148
0.735967755317688
0.7366420030593872
0.7200779318809509
0.8244500756263733
0.7987072467803955
0.8581211566925049
0.5216228365898132
0.5186473727226257
0.7236394882202148
0.7428756952285767
0.7095086574554443
0.4860176742076874
0.727196216583252
0.7638720870018005
0.12642264366149902
0.7779014110565186
0.6917779445648193
0.5431678891181946
0.6124581098556519
0.7516716122627258
0.7158104181289673
0.4654381573200226
0.30108851194381714
0.9384300112724304
0.4973701536655426
0.5601106286048889
0.3307819664478302
0.7623897790908813
0.49039044976234436
0.7481982707977295
0.7957591414451599
0.7665553092956543
0.5812644362449646
0.5243405699729919
0.9157179594039917
0.7415443658828735
0.6078962683677673
0.7179640531539917
0.7461479902267456
0.7313445806503296
0.6928470134735107
0.6912013292312622
0.8163896203041077
0.733102560043335
0.35341155529022217
0.88271564245224
0.6754080057144165
0.6478444337844849
0.13446885347366333
0.1576266884803772
0.5770782232284546
0.6852723360061646
0.8318517208099365
0.5806969404220581
0.6607909202575684
0.5967251062393188
0.5349304676055908
0.4127877652645111
0.594115138053894
0.7477720379829407
0.6353702545166016
0.9887380599975586
0.5541334748268127
0.6218826174736023
0.5167027115821838
0.6891769766807556
0.531226634979248
0.6638036966323853
0.7908201217651367
0.7491272687911987
0.7309181690216064
0.6225595474243164
0.4983803927898407
0.5608227252960205
0.7891538143157959
0.8584909439086914
0.05056656897068024
0.4402138590812683
0.7953609824180603
0.7088854312896729
0.8307691812515259
0.2525832951068878
0.5863181948661804
0.6558712720870972
0.7658833265304565
0.55045485496521
0.8458245992660522
0.6466606259346008
0.6729397177696228
0.3146970272064209
0.35727792978286743
0.1401744782924652
0.6128827333450317
0.6882930397987366
0.9203606843948364
0.7786480188369751
0.7991037368774414
0.46855929493904114
0.734515368938446
0.536135733127594
0.3249043822288513
0.6969451904296875
0.5231580138206482
0.6319605112075806
0.5277025103569031
0.8339952230453491
0.6404052972793579
0.6060141921043396
0.4645983874797821
0.9384497404098511
0.5824150443077087
0.877627968788147
0.8632717728614807
0.6790221929550171
0.4533877968788147
0.3154418170452118
0.60890793800354
0.6593109369277954
0.6316696405410767
0.8001649379730225
0.8214771747589111
0.5458260774612427
0.5243521928787231
0.7854290008544922
0.6286430358886719
0.6138640642166138
0.8530634641647339
0.8420116901397705
0.7944718599319458
0.8044705390930176
0.5328122973442078
0.4177079498767853
0.8335795402526855
0.7077609300613403
0.6161030530929565
0.6204220056533813
0.7900958061218262
0.6967616677284241
0.7237967252731323
0.3076150715351105
0.28573986887931824
0.6105090379714966
0.6438704133033752
0.5882782936096191
0.7770637273788452
0.7606242895126343
0.7564361691474915
0.19005319476127625
0.05274082347750664
0.7974691390991211
0.7761223912239075
0.8022958636283875
0.7895740270614624
0.8619946241378784
0.8559214472770691
0.6678047180175781
0.6641463041305542
0.31308501958847046
0.64829421043396
0.5718348026275635
0.7570288181304932
0.6014693379402161
0.6088349223136902
0.809894323348999
0.6424212455749512
0.9033277034759521
0.847830593585968
0.5173963308334351
0.6440752744674683
0.8179016709327698
0.7714065313339233
0.8274456858634949
0.7546606063842773
0.42215684056282043
0.69118332862854
0.9400948882102966
0.24904629588127136
0.4786735475063324
0.8141711950302124
0.6876629590988159
0.683917224407196
0.38277536630630493
0.26087090373039246
0.7390837669372559
0.762535572052002
0.5556803941726685
0.4267599284648895
0.8643200993537903
0.6590070724487305
0.4034944176673889
0.9170807600021362
0.7329070568084717
0.3921375870704651
0.5503829717636108
0.6791567802429199
0.5842111110687256
0.8552611470222473
0.29771822690963745
0.5715497732162476
0.49242812395095825
0.927735447883606
0.567685604095459
0.6329625844955444
0.44148552417755127
0.707410454750061
0.649398922920227
0.6453458070755005
0.9058256149291992
0.6830673813819885
0.5144442319869995
0.7334960699081421
0.6075963377952576
0.9138220548629761
0.8356997966766357
0.1622707098722458
0.3091631531715393
0.6826237440109253
0.7613649964332581
0.2738288938999176
0.727176308631897
0.8445150852203369
0.6153824329376221
0.44909414649009705
0.27979740500450134
0.7415000200271606
0.7431237697601318
0.5345337390899658
0.7063271999359131
0.5181151032447815
0.4992891848087311
0.16828849911689758
0.6377968788146973
0.6846563220024109
0.6908352375030518
0.7941439151763916
0.7169410586357117
0.520139753818512
0.6683783531188965
0.79510498046875
0.7280514240264893
0.8639450669288635
0.5496958494186401
0.7881277203559875
0.48764753341674805
0.7174720764160156
0.8556170463562012
0.604207456111908
0.2356453239917755
0.6337538361549377
0.7624682784080505
0.7609334588050842
0.730368435382843
0.2395951747894287
0.5904041528701782
0.7862732410430908
0.5629125833511353
0.7298717498779297
0.8392784595489502
0.802868127822876
0.35891690850257874
0.6239410638809204
0.4742951989173889
0.8572394251823425
0.12241187691688538
0.9660903215408325
0.529224693775177
0.8315926790237427
0.65015709400177
0.7865235805511475
0.3887614607810974
0.5874594449996948
0.7481071949005127
0.6522848606109619
0.9172047972679138
0.598472535610199
0.47009149193763733
0.7209523916244507
0.41535696387290955
0.5974262952804565
0.48287299275398254
0.8512852191925049
0.5570793747901917
0.861789345741272
0.7480499148368835
0.6138819456100464
0.652285635471344
0.4142778217792511
0.947638750076294
0.6020033359527588
0.6221401691436768
0.6303790211677551
0.9397749900817871
0.5104555487632751
0.7129095792770386
0.525610625743866
0.6318332552909851
0.2937276065349579
0.6177050471305847
0.47297486662864685
0.6027353405952454
0.6999443769454956
0.48968935012817383
0.7442672252655029
0.5426532030105591
0.6868621706962585
0.9633897542953491
0.6211913824081421
0.775382399559021
0.7510035037994385
0.7878536581993103
0.8632904291152954
0.9065762758255005
0.26154112815856934
0.5436800122261047
0.6105624437332153
0.3820438086986542
0.6563306450843811
0.4419828951358795
0.7206324338912964
0.30765828490257263
0.7302976846694946
0.6055532097816467
0.3265877664089203
0.7721471786499023
0.6342777609825134
0.7208349108695984
0.5885859131813049
0.5091367363929749
0.4405498802661896
0.4630400538444519
0.6640332341194153
0.74649977684021
0.941775918006897
0.7794879674911499
0.5417186617851257
0.7147952318191528
0.6112491488456726
0.8352299332618713
0.7029744386672974
0.7909805178642273
0.792957067489624
0.6978787183761597
0.8288949728012085
0.8026008605957031
0.7584344148635864
0.5444892048835754
0.6503465175628662
0.384378045797348
0.7741915583610535
0.6267147660255432
0.5471807718276978
0.45797237753868103
0.535969078540802
0.589947521686554
0.9250732660293579
0.6886749267578125
0.6504166126251221
0.7237042188644409
0.6947212219238281
0.7295057773590088
0.5594939589500427
0.8791865110397339
0.41399869322776794
0.6080853939056396
0.707715630531311
0.25185084342956543
0.5969021320343018
0.585912823677063
0.5964682102203369
0.3536192774772644
0.7565445899963379
0.30027055740356445
0.47347211837768555
0.5385841131210327
0.8743177652359009
0.4032371938228607
0.6861436367034912
0.6460138559341431
0.35527220368385315
0.8143099546432495
0.8081709146499634
0.6903268098831177
0.5994166731834412
0.9164807796478271
0.8214644193649292
0.4411294162273407
0.3020775318145752
0.789116621017456
0.9145514369010925
0.9471410512924194
0.6636380553245544
0.6261764168739319
0.19943022727966309
0.5107815861701965
0.45492953062057495
0.9810057878494263
0.7604866623878479
0.9154701828956604
0.46636900305747986
0.37697508931159973
0.6884459257125854
0.6127205491065979
0.8637925386428833
0.24150380492210388
0.041054435074329376
0.812644898891449
0.8734973073005676
0.48388853669166565
0.6976790428161621
0.6970250010490417
0.3695445954799652
0.8338264226913452
0.37846091389656067
0.7779406309127808
0.3523487150669098
0.7893408536911011
0.3612912893295288
0.612204909324646
0.5779336094856262
0.7511839866638184
0.7098230123519897
0.8057516813278198
0.6895501613616943
0.11659882217645645
0.38405749201774597
0.8586218953132629
0.6754647493362427
0.586204469203949
0.2922213673591614
0.7541778087615967
0.2860878109931946
0.6702228784561157
0.6476284265518188
0.6625339984893799
0.539136528968811
0.8587927222251892
0.6368581056594849
0.5805871486663818
0.6470381021499634
0.5926423668861389
0.44642332196235657
0.6212830543518066
0.7554469108581543
0.5628056526184082
0.7464628219604492
1.0067492723464966
0.6333963871002197
0.7253240942955017
0.7191237211227417
0.7165725231170654
0.46816810965538025
0.41372549533843994
0.536674439907074
0.846611738204956
0.7712392210960388
0.9231278896331787
0.6304165124893188
0.6501214504241943
0.6049604415893555
0.7869402766227722
0.7958484292030334
0.6189448237419128
0.7313793897628784
0.7825856804847717
0.7744393348693848
0.30980393290519714
0.7254511713981628
0.6957185864448547
0.6943193674087524
0.6975957155227661
0.6416633129119873
0.9826909303665161
0.597723126411438
0.527582585811615
0.5666264295578003
0.6368891596794128
0.590409517288208
0.6993527412414551
0.48695167899131775
0.35074472427368164
0.44854936003685
0.8085874915122986
0.7156732082366943
0.7945194244384766
0.813484787940979
0.4633299708366394
0.40651464462280273
0.7789196372032166
0.522654116153717
0.3246373236179352
0.74498051404953
0.8685729503631592
0.5007894039154053
0.7656547427177429
0.9058624505996704
0.6868783831596375
0.7276902794837952
0.48435279726982117
0.780104398727417
0.13813456892967224
0.6699487566947937
0.3949492871761322
0.5810781121253967
0.4658683240413666
0.7629573345184326
0.18060268461704254
0.8251980543136597
0.7887383699417114
0.42031410336494446
0.7536746263504028
0.5507970452308655
0.8025029301643372
0.5255022048950195
0.5081661343574524
0.7062670588493347
0.7399051189422607
0.7511369585990906
0.6030679941177368
0.8036118745803833
0.6777098178863525
0.7572230696678162
0.7226150631904602
0.1946699023246765
0.6954301595687866
0.7526558637619019
0.7297062873840332
0.617628812789917
0.690967321395874
0.7754182815551758
0.7072237133979797
0.617891788482666
0.7934580445289612
0.6306297779083252
0.6955746412277222
0.26773613691329956
0.7967225909233093
0.07421965897083282
0.6163514852523804
0.6807312369346619
0.7133592367172241
0.6675577163696289
0.7100852727890015
0.6109665036201477
0.6502963304519653
0.6210366487503052
0.48130691051483154
0.5886038541793823
0.735531210899353
0.7081811428070068
0.8227470517158508
0.6004002094268799
0.7435295581817627
0.8239185810089111
0.4747960865497589
0.8475326299667358
0.7901329398155212
0.674626886844635
0.44628384709358215
0.6032217144966125
0.8159316778182983
0.8416563272476196
0.6477855443954468
0.7029005289077759
0.6124362945556641
0.7909927368164062
0.4312841296195984
0.3984180688858032
0.6758157014846802
0.6642664670944214
0.6477619409561157
0.5456055998802185
0.45621535181999207
0.6686054468154907
0.2494480013847351
0.8239339590072632
0.8020239472389221
0.7701495885848999
0.6239994764328003
0.5408210754394531
0.027023904025554657
0.6784905195236206
0.9076985716819763
0.5755045413970947
0.8285495042800903
0.43224814534187317
0.8376089930534363
0.2627556025981903
0.3014923632144928
0.710868775844574
0.750312328338623
0.762832760810852
0.748127818107605
0.9685646891593933
0.6350988149642944
0.2751981317996979
0.43314939737319946
0.597002387046814
0.6961139440536499
0.5102091431617737
0.498241662979126
0.6764538288116455
0.8356446623802185
0.8499622941017151
0.5137776732444763
0.5877721309661865
0.7146350145339966
0.6671754121780396
0.5804885029792786
0.7354066967964172
0.10934392362833023
0.5867749452590942
0.7945401668548584
0.4363309442996979
0.715772271156311
0.7813410758972168
0.5464072227478027
0.4783266484737396
0.6335264444351196
0.7141979336738586
0.5462424159049988
0.7654976844787598
0.7186102271080017
0.9693783521652222
0.7557288408279419
0.6053540706634521
0.825435996055603
0.8045268058776855
0.6287062764167786
0.43829283118247986
0.30265873670578003
0.6782264113426208
0.7431079149246216
0.6650527715682983
0.7874488234519958
0.7125604748725891
0.739269495010376
0.35019704699516296
0.16642136871814728
0.668225109577179
0.5419617891311646
0.9008212685585022
0.6496472954750061
0.7643498182296753
0.5677156448364258
0.8117339015007019
0.7401375770568848
0.43195316195487976
0.38572123646736145
0.8618756532669067
0.6862179040908813
0.7642379999160767
0.11317121982574463
0.6068999767303467
0.6925797462463379
0.6512799263000488
0.6434639692306519
0.588568925857544
0.40644538402557373
0.7098286151885986
0.539786159992218
0.4714375436306
0.656603991985321
0.5231690406799316
0.7414664626121521
0.5943876504898071
0.3386901021003723
0.6201494932174683
0.7985827922821045
0.8410070538520813
0.5937083959579468
0.645868718624115
0.617152750492096
0.608606219291687
0.6149202585220337
0.6207194328308105
0.6791894435882568
0.7340654730796814
0.9437531232833862
0.6880846619606018
0.7440282106399536
0.7215229272842407
0.6859954595565796
0.5225866436958313
0.7507278323173523
0.8376330733299255
0.8790686130523682
0.5773956775665283
0.42720475792884827
0.5664409399032593
0.44038325548171997
0.804436206817627
0.731060266494751
0.8828930258750916
0.7267541289329529
0.7416095733642578
0.47914257645606995
0.6243108510971069
0.6446561813354492
0.7864646315574646
0.6024872064590454
0.691780686378479
0.6381071209907532
0.7497768402099609
0.6654627919197083
0.5898008346557617
0.5832146406173706
0.8617875576019287
0.5925278663635254
0.5126705169677734
0.6437387466430664
0.6545321345329285
0.5653798580169678
0.8133958578109741
0.907323956489563
0.34107014536857605
0.7264575958251953
0.5714978575706482
0.7538349628448486
0.547529399394989
0.7306267023086548
0.691092848777771
0.7751126289367676
0.5968738794326782
0.6096642017364502
0.6525294780731201
0.7976762056350708
0.34520167112350464
0.8670586347579956
0.9387544393539429
0.6370817422866821
0.6836988925933838
0.7541481256484985
0.5597268342971802
0.5325194001197815
0.6556241512298584
0.8093487620353699
0.526482343673706
0.7311474084854126
0.6907232403755188
0.684120774269104
0.7289304137229919
0.5231398940086365
0.7153753042221069
0.74932861328125
0.725016713142395
0.8436210751533508
0.08618029952049255
0.5198983550071716
0.3682328164577484
0.7740433812141418
0.7690598964691162
0.8107421398162842
0.7330172657966614
0.8450502753257751
0.6548169851303101
0.6095626950263977
0.8543257713317871
0.7644665241241455
0.6206490993499756
0.5013638734817505
0.7599892616271973
0.8463374376296997
0.4172384440898895
0.07739920914173126
0.49180474877357483
0.570512056350708
0.8766442537307739
0.824383556842804
0.4308772385120392
0.7368579506874084
0.7180325984954834
0.27198895812034607
0.5863972902297974
0.41102614998817444
0.1899724006652832
0.8973534107208252
0.5144147872924805
0.40681010484695435
0.48179104924201965
0.09783052653074265
0.7448983192443848
0.11285083740949631
0.7649863958358765
0.6574755311012268
0.641363263130188
0.6057827472686768
0.6742044687271118
0.7570081949234009
0.5732647180557251
0.9160448312759399
0.4653123915195465
0.6536807417869568
0.6877533197402954
0.29596641659736633
0.03843531757593155
0.7878862619400024
0.7375332117080688
0.8119367361068726
0.5912759304046631
0.765582799911499
0.7075185775756836
0.7983191013336182
0.8045356273651123
0.8139688968658447
0.6326499581336975
0.1549878716468811
0.7645752429962158
0.7781329154968262
0.6895062923431396
0.8931189179420471
0.6490152478218079
0.7281181812286377
0.817345917224884
0.8337332010269165
0.7698472142219543
0.5151863098144531
0.5956801772117615
0.6684554815292358
0.6902590394020081
0.8160178661346436
0.6378910541534424
0.7478482127189636
0.7905401587486267
0.5792359113693237
0.7369588613510132
0.8234087228775024
0.792305588722229
0.866118848323822
0.6707177758216858
0.5432233810424805
0.4363878071308136
0.531692624092102
0.6024991273880005
0.7157572507858276
0.4414360821247101
0.9099125862121582
0.5038136839866638
0.6289810538291931
0.7493799924850464
0.4748699963092804
0.48865237832069397
0.6932917833328247
0.5821723937988281
0.5684359073638916
0.6754089593887329
0.508258581161499
0.8598217368125916
0.6288825869560242
0.26978182792663574
0.6041434407234192
0.3795228600502014
0.7873391509056091
0.8188101053237915
0.6913251876831055
0.6242462396621704
0.5140597820281982
0.8703137636184692
0.4020809233188629
0.5153106451034546
0.2716461718082428
0.6766623258590698
0.9387680888175964
0.7334786653518677
0.8190888166427612
0.4660893976688385
0.8277867436408997
0.3314575254917145
0.3976426422595978
0.738416850566864
0.9083279967308044
0.7491603493690491
0.7651530504226685
0.6836629509925842
0.27329325675964355
0.7670212984085083
0.4107261002063751
0.6665675044059753
0.7141293883323669
0.7756584882736206
0.3740490674972534
0.5746259689331055
0.8980697393417358
0.6668114066123962
0.19795173406600952
0.5536154508590698
0.6081830859184265
0.5515292286872864
0.732559859752655
0.7159165143966675
0.7259212732315063
0.5059753060340881
0.38793107867240906
0.7375279664993286
0.595432698726654
0.17897607386112213
0.6928884983062744
0.7073046565055847
0.5763784646987915
0.956147313117981
0.6213889122009277
0.7739039063453674
0.40593093633651733
0.5365113019943237
0.17805860936641693
0.5832334160804749
0.2894909679889679
0.1394331157207489
0.777218222618103
0.455362468957901
0.6046416759490967
0.8639775514602661
0.7587334513664246
0.8112123012542725
0.48232051730155945
0.7944418787956238
0.7703747153282166
0.9091587066650391
0.1453399956226349
0.3414924442768097
0.7341121435165405
0.8085941076278687
0.7228732705116272
0.7434929013252258
0.3895982801914215
0.5066058039665222
0.7398748397827148
0.497604638338089
0.5970243215560913
0.9733004570007324
0.5454765558242798
0.7486620545387268
0.7976285219192505
0.616889238357544
0.6421926021575928
0.5919324159622192
0.8298949599266052
0.618560791015625
0.8721835613250732
0.7929359674453735
0.27875202894210815
0.7455220222473145
0.4902642071247101
0.7277677655220032
0.38060513138771057
0.5674612522125244
0.49960818886756897
0.3499675393104553
0.551767885684967
0.9033209085464478
0.756305456161499
0.600331723690033
0.5970001220703125
0.34821340441703796
0.5647329092025757
0.7945097088813782
0.8058559894561768
0.5727776288986206
0.8070589900016785
0.12949785590171814
0.5190452933311462
0.7373323440551758
0.7985975742340088
0.715803861618042
0.709172248840332
0.8474701642990112
0.5749005079269409
0.4800364673137665
0.8103959560394287
0.8288395404815674
0.7458750009536743
0.5352857708930969
0.24780040979385376
0.8162330985069275
0.6905378103256226
0.7368051409721375
0.5995398163795471
0.6173566579818726
0.6150896549224854
0.7012639045715332
0.8514237403869629
0.4824977219104767
0.7982665300369263
0.36406210064888
0.671096682548523
0.686650812625885
0.6602491140365601
0.7771080136299133
0.6862275004386902
0.7360832691192627
0.8702483773231506
0.9191304445266724
0.867971658706665
0.5374740958213806
0.4960670471191406
0.8177348375320435
0.7173963189125061
0.6760561466217041
0.7490108013153076
0.8580542206764221
0.6773499846458435
0.7220321893692017
0.5013638734817505
0.7300806641578674
0.4552628695964813
0.6950159668922424
0.43863964080810547
0.39076685905456543
0.4758017957210541
0.8700724244117737
0.7331278324127197
0.8204500675201416
0.8860509395599365
0.6062192916870117
0.11058572679758072
0.6088530421257019
0.7384473085403442
0.7811830639839172
0.6148850917816162
0.8302799463272095
0.6347161531448364
0.24164128303527832
0.7369694709777832
0.8418422937393188
0.7959042191505432
0.8354067206382751
0.21737942099571228
0.845831036567688
0.7469962239265442
0.5964611768722534
0.8132495880126953
0.17403100430965424
0.7072569131851196
0.6331967115402222
0.8336511850357056
0.8641604781150818
0.5535359978675842
0.887475848197937
0.6599313616752625
0.5110083818435669
0.7370282411575317
0.4698280394077301
0.49681100249290466
0.46792086958885193
0.5790467262268066
0.7501004934310913
0.29175302386283875
0.8606855869293213
0.606313169002533
0.8776804804801941
0.5377455949783325
1.045265793800354
0.8920916318893433
0.9801338911056519
0.2592759430408478
0.6187307834625244
0.8776571750640869
0.3653316795825958
0.22141677141189575
0.4683547914028168
0.8600078225135803
0.35531851649284363
0.6306471228599548
0.775789737701416
0.6999975442886353
0.4592486619949341
0.7650812864303589
0.1159595474600792
0.5479011535644531
0.784572184085846
0.47597166895866394
0.6548566818237305
0.5428297519683838
0.6445808410644531
0.8441261053085327
0.8461560010910034
0.46442848443984985
0.5779088139533997
0.6096000671386719
0.6094133257865906
0.673014760017395
0.343196302652359
0.50089031457901
0.11333999037742615
0.7787743806838989
0.741767168045044
0.7369088530540466
0.5320049524307251
0.33672940731048584
0.7392998337745667
0.761175811290741
0.707919716835022
0.8064162731170654
0.8088337182998657
0.6840405464172363
0.6144192814826965
0.10859958827495575
0.6717402338981628
0.3137247562408447
0.48129889369010925
0.38023069500923157
0.529096782207489
0.5295838713645935
0.8802982568740845
0.4946170151233673
0.7006672024726868
0.7228420972824097
0.6642650365829468
0.6363682746887207
0.8157258629798889
0.8296074271202087
0.749545156955719
0.5346871018409729
0.6997535228729248
0.6931112408638
0.6141794919967651
0.9213908910751343
0.05094665288925171
0.39541831612586975
0.8565740585327148
0.6004295349121094
0.7255756258964539
0.623235285282135
0.5393365621566772
0.5896298885345459
0.8647221922874451
0.5681690573692322
0.39857161045074463
0.6232143640518188
0.5565621852874756
0.3217465579509735
0.5771452188491821
0.5574244260787964
0.674225926399231
0.1848621964454651
0.7658610343933105
0.678628146648407
0.5472889542579651
0.7083516120910645
0.4444149434566498
0.8759329915046692
0.6773040294647217
0.3930705487728119
0.8180691003799438
0.9162418246269226
0.49694618582725525
0.79460209608078
0.42959627509117126
0.7054779529571533
0.34431201219558716
0.7814160585403442
0.11165063083171844
0.5079297423362732
0.40736493468284607
0.7987830638885498
0.6563620567321777
0.5458545684814453
0.7388311624526978
0.40076780319213867
0.8412281274795532
0.6486861109733582
0.7151581645011902
0.7340899705886841
0.7285363674163818
0.3685690760612488
0.2716074585914612
0.7051979303359985
0.6973019242286682
0.53697270154953
0.3117694556713104
0.345331609249115
0.6906783580780029
0.3925691246986389
0.7082862854003906
0.2943957448005676
0.7046334147453308
0.6221781969070435
0.6265613436698914
0.764665961265564
0.7682348489761353
0.6772903203964233
0.8234632611274719
0.8025157451629639
0.8385452032089233
0.6159073114395142
0.804436206817627
0.7376905679702759
0.6628734469413757
0.395293265581131
0.5087454319000244
0.5469371676445007
0.7297704219818115
0.5060113072395325
0.7950769662857056
0.3824211657047272
0.44850465655326843
0.795091986656189
0.6909516453742981
-0.005370967090129852
0.7123125195503235
0.5733195543289185
0.5984557867050171
0.23935255408287048
0.5314481854438782
0.7031524181365967
0.6508075594902039
0.8706549406051636
0.9961782693862915
0.4712066352367401
0.7972029447555542
0.35347428917884827
0.7080020904541016
0.7481817007064819
0.7985354065895081
0.5851345062255859
0.5910208821296692
0.5684412717819214
0.02339717000722885
0.6935704350471497
0.6762416362762451
0.25030413269996643
0.7035926580429077
0.5160558223724365
0.7126384377479553
0.6926977634429932
0.592043936252594
0.7183164358139038
0.8604278564453125
0.6878244280815125
0.7934869527816772
0.6550821661949158
0.804659366607666
0.8571525812149048
0.7166550159454346
0.8743953108787537
0.8956378698348999
0.745475709438324
0.5669941902160645
0.6802810430526733
0.37201207876205444
0.3598475158214569
0.7335618138313293
0.6707748174667358
0.8636735677719116
0.7280011773109436
0.5733559131622314
0.6496367454528809
0.569685161113739
0.8294184803962708
0.4968924820423126
0.3385144770145416
0.7275353670120239
0.57440584897995
0.804182767868042
0.736972451210022
0.3798528015613556
0.6574075818061829
0.5297865867614746
0.35297927260398865
0.2895472049713135
0.5673495531082153
0.7280313968658447
0.2146158218383789
0.4600403308868408
0.6552064418792725
0.14753693342208862
0.7364710569381714
0.6007062792778015
0.7438393831253052
0.804408848285675
0.7299052476882935
0.717355489730835
0.5988376140594482
0.5966711044311523
0.5633480548858643
0.46647676825523376
0.8654025793075562
0.7572669982910156
0.6420429944992065
0.15069720149040222
0.6905971765518188
0.8041198253631592
0.8066693544387817
0.45424726605415344
0.6970294713973999
0.9953885674476624
0.5245645642280579
0.5379545092582703
0.9275614023208618
0.6525643467903137
0.5380541682243347
0.6147686839103699
0.836316704750061
0.5397613644599915
0.17473125457763672
0.6509838104248047
0.5892285108566284
0.8244431614875793
0.7015018463134766
0.4873604476451874
0.6744487881660461
0.5397385358810425
0.7429043650627136
0.7683738470077515
0.4720369279384613
0.6554401516914368
0.662279486656189
0.7981011867523193
0.8699177503585815
0.5741292238235474
0.5320113301277161
0.6201454401016235
0.3632441759109497
0.7462317943572998
0.29647189378738403
0.5966482758522034
0.9284588694572449
0.1362881362438202
0.44536063075065613
0.509745717048645
0.6304196119308472
0.6722517609596252
0.6251760721206665
0.41061338782310486
0.5014388561248779
0.5997000932693481
0.8085010051727295
0.3605082929134369
0.6984902024269104
0.6381604075431824
0.7580833435058594
0.2572242319583893
0.4052991569042206
0.6631049513816833
0.6812766790390015
0.7608469724655151
0.6044105291366577
0.5815021991729736
0.5794750452041626
0.6661192178726196
0.9589189887046814
0.6187158823013306
0.5690263509750366
0.29465776681900024
0.6690436601638794
0.6404691338539124
0.5512712001800537
0.6709176301956177
0.7178103923797607
0.5428696870803833
0.7770289182662964
0.8244710564613342
0.7703523635864258
0.5947338342666626
0.8236938714981079
0.5873714685440063
0.6180786490440369
0.7120158672332764
0.05715515464544296
0.7478488683700562
0.9435943961143494
0.442653089761734
0.6888586282730103
0.5715839266777039
0.6219238042831421
-0.0006508156657218933
0.8028115034103394
0.5189086198806763
0.9420045614242554
0.46899688243865967
0.7508524656295776
0.5806403160095215
0.5375367999076843
0.5343148112297058
0.5639737248420715
0.596341609954834
0.7242751717567444
0.3955828845500946
0.5586996078491211
0.8849581480026245
0.43909475207328796
0.6867695450782776
0.5084290504455566
0.29234778881073
0.5975341796875
0.7197816967964172
0.059864602982997894
0.7057688236236572
0.6666616797447205
0.792006254196167
0.7549508810043335
0.7459245324134827
0.6440176963806152
0.7277711629867554
0.6739599704742432
0.666299045085907
0.7271507382392883
0.44481292366981506
0.6691755056381226
0.5494224429130554
0.7720260620117188
0.5049409866333008
0.8576174974441528
0.6380794048309326
0.727029025554657
0.5788052082061768
0.5958050489425659
0.7383213639259338
0.6754282712936401
0.6480675935745239
0.6421674489974976
0.38172921538352966
0.6564357280731201
0.41090139746665955
0.7465378046035767
0.5797218084335327
0.9465284943580627
0.5378376245498657
0.855244517326355
1.006920576095581
0.637546181678772
0.7920281291007996
0.6346033215522766
0.671262800693512
0.6759681701660156
0.4403664767742157
0.7334442138671875
0.8118414878845215
0.6736297011375427
0.3432435691356659
0.6344934701919556
0.7359496355056763
0.6196281909942627
0.8412254452705383
0.41219016909599304
0.6742788553237915
0.2246101200580597
0.8216144442558289
0.41168901324272156
0.5164340138435364
0.33752700686454773
0.8567690849304199
0.563262403011322
0.5005264282226562
0.8100937604904175
0.19593733549118042
0.7284324169158936
0.8490211367607117
0.4484291970729828
0.37034687399864197
0.595795750617981
0.15611137449741364
0.5001383423805237
0.5347654223442078
0.6014095544815063
0.6384134292602539
0.6333023309707642
0.7377713918685913
0.32650989294052124
0.668858528137207
0.6356719732284546
0.6673314571380615
0.8439782857894897
0.48781105875968933
0.5415764451026917
0.4738917052745819
0.7168891429901123
0.7405730485916138
0.8072341680526733
1.0748146772384644
0.6502115726470947
0.9321428537368774
0.40786615014076233
0.5362162590026855
0.6046890020370483
0.7717955112457275
0.34194132685661316
0.8272093534469604
0.7287243604660034
0.6758248805999756
0.8722261190414429
0.7780570983886719
0.3897821307182312
0.7859464883804321
0.5568960309028625
0.7481932044029236
0.5030278563499451
0.31935855746269226
0.5140754580497742
0.3988451361656189
0.6035144329071045
0.19460973143577576
0.6716915369033813
0.6483846306800842
0.4958103597164154
0.773794412612915
0.8034266233444214
0.6492714285850525
0.6115751266479492
0.8075466156005859
0.600829005241394
0.5156423449516296
0.6336983442306519
0.12668074667453766
0.7470661401748657
0.7429608106613159
0.5660250782966614
0.4686272442340851
0.6007664203643799
0.6218075156211853
0.9097948670387268
0.700282096862793
0.6426316499710083
0.5793913006782532
0.7101011276245117
0.5644676685333252
0.68610018491745
0.6830227375030518
0.6899698972702026
0.3903750479221344
0.7427589893341064
0.7235903739929199
0.6741058230400085
0.7808002233505249
0.5731333494186401
0.5115415453910828
0.36841127276420593
0.5706820487976074
0.15251484513282776
0.3596409261226654
0.5026497840881348
0.6420495510101318
0.7716001272201538
0.6748999357223511
0.5632205009460449
0.6873800754547119
0.3822006583213806
0.05862828344106674
0.7855664491653442
0.6152633428573608
0.655754566192627
0.43758824467658997
0.5883253812789917
0.6680464744567871
0.4818369150161743
0.5376786589622498
0.3334827721118927
0.38898661732673645
0.7447566986083984
0.4863181412220001
0.7566244602203369
0.7828197479248047
0.4907301962375641
0.42206481099128723
0.6986423134803772
0.7809854745864868
0.6669347286224365
0.44928178191185
0.5142483711242676
0.543302059173584
0.6972171664237976
0.7111438512802124
0.6246256828308105
0.6947746276855469
0.6768226623535156
0.41770362854003906
0.7251282930374146
0.6495310068130493
0.7497372627258301
0.9008368253707886
0.790379524230957
0.5606619715690613
0.42815208435058594
0.5250968933105469
0.779558539390564
0.572123646736145
0.6798175573348999
0.6759282350540161
0.5426750779151917
0.6626319289207458
0.7436826825141907
0.5152983069419861
0.6107987761497498
0.8334323763847351
0.38711655139923096
0.5775536894798279
0.8833324313163757
0.6837407946586609
0.6253455877304077
0.6654325127601624
0.5835121273994446
0.8386985063552856
0.705382227897644
0.725921630859375
0.7878351211547852
0.4220093786716461
0.6161782741546631
0.6962929964065552
0.3857710063457489
0.630223274230957
0.4949246346950531
0.7529909610748291
0.5688169002532959
0.7382415533065796
0.5833711624145508
0.6062246561050415
0.3170340061187744
0.6776354312896729
0.6113921403884888
0.3611312806606293
0.8266630172729492
0.5643898248672485
0.689032793045044
0.6430801153182983
0.7025725841522217
0.5861396193504333
0.7181453108787537
0.6481371521949768
0.6444765329360962
0.4633537232875824
0.777347981929779
0.5561144351959229
0.7853982448577881
0.5436160564422607
0.45367029309272766
0.8553903102874756
0.4980064332485199
0.5680391192436218
0.5396116375923157
0.7103573083877563
0.7842124700546265
0.594012439250946
0.26907622814178467
0.49063995480537415
0.8090351819992065
0.6450955271720886
0.7595574259757996
0.6348949670791626
0.7295042872428894
0.770260214805603
0.731137752532959
0.5945665836334229
0.46380800008773804
0.5296418070793152
0.9071140289306641
0.7412967085838318
0.6096904277801514
0.457173228263855
0.6043192148208618
0.477137953042984
0.1593884527683258
0.5139018893241882
0.7672035098075867
1.1040793657302856
0.5133764743804932
0.7041323184967041
0.7827231884002686
0.7388415336608887
0.4970340132713318
0.9688612222671509
0.7073277235031128
0.8528141975402832
0.62558913230896
0.2326984405517578
0.7406220436096191
0.1400153934955597
0.6740375757217407
0.6840011477470398
0.4264217019081116
0.27215203642845154
0.7846789360046387
0.7012367248535156
0.8640526533126831
0.6944515705108643
0.7592775821685791
0.6741001009941101
0.40464267134666443
0.4346828758716583
0.9533686637878418
0.87204909324646
0.612848162651062
0.8608527183532715
0.2712253928184509
0.6674141883850098
0.4355829656124115
0.7327961921691895
0.5641046166419983
0.6307640075683594
0.3221946060657501
0.42373111844062805
0.3591587245464325
0.6540583372116089
0.2866917550563812
0.6490770578384399
0.6868942975997925
0.4937046468257904
0.5628923177719116
0.4622410535812378
0.7178665995597839
0.6517786979675293
0.8439172506332397
1.0288532972335815
0.3300188481807709
0.6122263669967651
0.7356593012809753
0.6161750555038452
0.8883515000343323
0.5591175556182861
0.5290229916572571
0.6351019740104675
0.844707727432251
0.5766181349754333
0.7907842397689819
0.6766979098320007
0.3784998059272766
0.10198478400707245
0.4458693563938141
0.2425914704799652
0.6066139936447144
0.7935035228729248
0.6112897396087646
0.5968087911605835
0.5353071093559265
0.6720710396766663
0.7891654372215271
0.770071804523468
0.9254544377326965
0.8038341999053955
0.786575436592102
0.7241263389587402
0.865955650806427
0.7519647479057312
0.6834791302680969
0.865397572517395
0.9565762281417847
0.7182087898254395
0.6093116998672485
0.6949371099472046
0.7921593189239502
0.7517648935317993
0.8105767965316772
0.7567028403282166
0.7099047899246216
0.4281289279460907
0.7186493873596191
0.33012959361076355
0.18120479583740234
0.8556029200553894
0.7907364368438721
0.6933242678642273
0.7367071509361267
0.8845393657684326
0.8180633783340454
0.8135256767272949
0.5816663503646851
0.9951064586639404
0.439297080039978
0.8001952171325684
0.7325956225395203
0.18963418900966644
0.7590516805648804
0.5297409892082214
0.8766742944717407
0.8504172563552856
0.7977529168128967
0.6486312747001648
0.5154202580451965
0.41460156440734863
0.6547051668167114
1.0035274028778076
0.8312150239944458
0.32295459508895874
0.6112573742866516
0.8593955636024475
0.5937542915344238
0.639488935470581
0.759941577911377
0.37310537695884705
0.7059481143951416
0.7066638469696045
0.7897704243659973
0.3324744999408722
0.7105581760406494
0.6918420791625977
0.7677507400512695
0.2507344186306
0.5509613156318665
0.5415185689926147
0.7203278541564941
0.6693203449249268
0.9803743362426758
0.5399243235588074
0.32327064871788025
0.4071972668170929
0.6969420313835144
0.04969176650047302
0.6818321943283081
0.13433191180229187
0.5640222430229187
0.8999887704849243
0.2285483181476593
0.778753399848938
0.33309629559516907
0.44381988048553467
0.7220290899276733
0.6921835541725159
0.5766401886940002
0.6752513647079468
0.7013887166976929
0.11967329680919647
0.8466784954071045
0.8680189847946167
0.0659075379371643
0.7252880334854126
0.7396996021270752
0.8895643949508667
0.7390279173851013
0.8254860043525696
0.6553579568862915
0.3272622227668762
0.45686784386634827
0.835661768913269
0.737702488899231
0.6893227100372314
0.778714656829834
0.1712426245212555
0.40861597657203674
0.4210788905620575
0.6695750951766968
0.686203122138977
0.6851550340652466
0.2229483723640442
0.8218746185302734
0.8595171570777893
0.8344329595565796
0.6080682873725891
0.6976510882377625
0.31020021438598633
0.15099051594734192
0.3759249746799469
0.5836095809936523
0.7988524436950684
0.7442570924758911
0.15486666560173035
0.6247016191482544
0.7222448587417603
0.7276406288146973
0.7499289512634277
0.6290359497070312
0.555394172668457
0.6940734386444092
0.7307814359664917
0.26783856749534607
0.5681275129318237
0.15476933121681213
0.2976934611797333
0.5190719962120056
0.8446835279464722
0.24303904175758362
0.46524742245674133
0.7471763491630554
0.673363208770752
0.6631066799163818
0.864136815071106
0.5250446796417236
0.40830057859420776
0.779721736907959
0.5055274963378906
0.6282833814620972
0.29652974009513855
0.8695564270019531
0.7121313214302063
0.7772395610809326
0.8407765030860901
0.4376893937587738
0.45728543400764465
0.7046682834625244
0.8000999689102173
0.5583223700523376
0.6726948022842407
0.7540423274040222
0.6925979852676392
0.6749324202537537
0.7502411603927612
0.7424228191375732
0.2822914719581604
0.8077992796897888
0.7744022011756897
0.6366904973983765
0.8076017498970032
0.7103137969970703
0.7067384719848633
0.7181566953659058
0.7293562293052673
0.545408308506012
0.5596417784690857
0.5631846785545349
0.6481209993362427
0.7300450205802917
0.41214755177497864
0.7934061288833618
0.6947980523109436
0.5490963459014893
0.885369062423706
0.787648618221283
0.6260382533073425
0.41971415281295776
0.2592605948448181
0.5605334043502808
0.5605406165122986
0.6830398440361023
0.6435519456863403
0.818249523639679
0.535927414894104
0.6260541081428528
0.17033174633979797
0.5675936341285706
0.36498773097991943
0.29215097427368164
0.73077392578125
0.27669593691825867
0.7661155462265015
0.4352636933326721
0.5082269310951233
0.7984275817871094
0.5925900340080261
0.9289708137512207
0.8192583918571472
0.7968674302101135
0.5738812685012817
0.690302848815918
0.7424200773239136
0.6721866130828857
0.8237071633338928
0.6083601117134094
0.7391960620880127
0.905877947807312
0.2691623270511627
0.2381143569946289
0.7884848713874817
0.35905084013938904
0.6513496041297913
0.9353154897689819
0.4017074704170227
1.0077567100524902
0.6540629863739014
0.6766064763069153
0.7996929883956909
0.6758740544319153
0.8223706483840942
0.6843120455741882
0.7490936517715454
0.6525184512138367
0.7075988054275513
0.9400017261505127
0.7369439601898193
0.6174964308738708
0.6621849536895752
0.7162147760391235
0.6586906909942627
0.30885568261146545
0.8647003173828125
0.5929181575775146
0.7031960487365723
0.49930158257484436
0.6052634716033936
0.7189583778381348
0.8790422081947327
0.6228516101837158
0.6640262603759766
0.7078607082366943
0.7389525175094604
0.788007378578186
0.616265594959259
0.5612993836402893
0.6924815773963928
0.8670705556869507
0.3891308605670929
0.6143826246261597
0.559495210647583
0.2474939227104187
0.39056065678596497
0.9292320013046265
0.45137104392051697
0.3785606026649475
0.577628493309021
0.5418752431869507
0.468332439661026
0.5143601298332214
0.6625806093215942
0.9150660634040833
0.798359751701355
0.5859852433204651
0.9708518385887146
0.8539413213729858
0.6124515533447266
0.4955056607723236
0.6800026893615723
0.2839774489402771
0.7607859373092651
0.39649292826652527
0.6426621675491333
0.9527169466018677
0.6735222339630127
0.5089933276176453
0.34605708718299866
0.9069026708602905
0.3579101264476776
0.9168611764907837
0.7318717241287231
0.7043505907058716
0.5914234519004822
0.7091176509857178
0.7220734357833862
0.6763473749160767
0.7043918371200562
0.14925017952919006
0.7658439874649048
0.7303469181060791
0.6690465807914734
0.6909568905830383
0.8531279563903809
0.6331840753555298
0.6416282653808594
0.7597879767417908
0.74831223487854
0.6017390489578247
0.2667928636074066
0.7100074291229248
0.7102741599082947
0.5393347144126892
0.5620191693305969
0.36274534463882446
0.6460460424423218
0.8689386248588562
0.7867631912231445
0.974430501461029
0.7957131862640381
0.42037904262542725
0.4460764527320862
0.940697193145752
0.7814943790435791
0.8468590974807739
0.763376772403717
0.41842368245124817
0.6847715377807617
0.5034465193748474
0.6752938032150269
0.7566348314285278
0.2743217349052429
0.48432961106300354
0.46248170733451843
0.7393984794616699
0.8729432821273804
0.4832867681980133
0.8055658340454102
0.6978732347488403
0.8124072551727295
0.2792198061943054
0.5285418033599854
0.31731513142585754
0.3465558588504791
0.6118926405906677
0.8340309858322144
0.6524738073348999
0.7077726125717163
0.6750228404998779
0.3087964653968811
0.7624801397323608
0.8238766193389893
0.40142950415611267
0.6240649223327637
0.6709951162338257
0.8197154998779297
0.6963796019554138
0.3852822184562683
0.7041776776313782
0.8351037502288818
0.6309921741485596
0.6218876242637634
0.8319668769836426
0.7262880802154541
0.3179570138454437
0.8904670476913452
0.5186242461204529
0.6865748167037964
0.6381825804710388
0.437334269285202
0.47565147280693054
0.25788554549217224
0.3536764085292816
0.5934147238731384
0.750950813293457
0.8035892248153687
0.6133415699005127
0.5346229076385498
0.7521792650222778
0.7649700045585632
0.6039820909500122
0.53129643201828
0.5355699062347412
0.7322975397109985
0.7541347742080688
0.39360982179641724
0.6799383163452148
0.5100956559181213
0.4398557245731354
0.4737626910209656
1.0468584299087524
0.7351757287979126
0.607533872127533
0.6853049993515015
0.5937014818191528
0.7193721532821655
0.7187799215316772
0.6445024013519287
0.610942006111145
0.6563887596130371
0.6796098947525024
0.6264280080795288
0.5160514712333679
0.5946546792984009
0.7996487021446228
0.1300327628850937
0.5598748922348022
0.5102869868278503
0.7116825580596924
0.8085193634033203
0.570915699005127
0.8271069526672363
0.6797268390655518
0.4975316822528839
0.7819334268569946
0.7081928253173828
0.5907531380653381
0.44461482763290405
0.8175148963928223
0.7612857818603516
0.7873800992965698
0.5393667817115784
0.6851234436035156
0.6572233438491821
0.35146746039390564
0.40297195315361023
0.7886123657226562
0.8370263576507568
0.5552505850791931
0.18078523874282837
0.7740088701248169
0.7993391752243042
0.24337121844291687
0.21914762258529663
0.6749840974807739
0.5367966294288635
0.12892796099185944
0.6226115226745605
0.6052311658859253
0.9288609027862549
0.6823863387107849
0.1930481344461441
0.7000970840454102
0.5666365027427673
0.4988480508327484
0.30852580070495605
0.7158495783805847
0.2764887511730194
0.6292384266853333
0.9941747784614563
0.523731529712677
0.6515989899635315
0.6243108510971069
0.441474050283432
0.5910693407058716
0.7230497002601624
0.8077435493469238
0.44567063450813293
0.8188738822937012
0.7739481925964355
0.6177585124969482
0.7057943344116211
0.8148074150085449
0.6164861917495728
0.7126836180686951
0.8144878149032593
0.5252633690834045
0.6218750476837158
0.14606893062591553
0.6830199956893921
0.7544137239456177
0.5972051620483398
0.32923415303230286
0.21425139904022217
0.7436196804046631
0.7548025846481323
0.7026983499526978
0.4745253622531891
0.7418724894523621
0.803823709487915
0.6493064165115356
0.7829803824424744
0.7079490423202515
0.5545486807823181
0.5671539306640625
0.39177319407463074
0.6505347490310669
0.24801549315452576
0.8125238418579102
0.285002738237381
0.7401949167251587
0.4167076647281647
0.6045042276382446
0.6390621662139893
0.4613122344017029
0.9205471277236938
0.48767009377479553
0.7648987770080566
0.7378333210945129
0.155588299036026
0.3032729923725128
0.24285277724266052
0.4683067202568054
0.16245898604393005
0.5167285799980164
0.8510437607765198
0.6278044581413269
0.7011133432388306
0.5692824125289917
0.16811372339725494
0.4543883204460144
0.32598164677619934
0.7012187242507935
0.7414716482162476
0.795136570930481
0.6429389715194702
0.7876416444778442
0.7190830707550049
0.7550816535949707
0.6168796420097351
0.6529122591018677
0.7550855278968811
0.7888344526290894
0.835055947303772
0.6720361113548279
0.40165719389915466
0.7254402041435242
0.6922093629837036
0.6868184804916382
0.8833401799201965
0.5536012649536133
0.6353920102119446
0.7192778587341309
0.46214064955711365
0.4496978223323822
0.8051289319992065
0.6630091071128845
0.4649711549282074
0.8651881217956543
0.6636109948158264
0.7586491107940674
0.3609086275100708
0.5065754055976868
0.6873135566711426
0.5190450549125671
0.9049220681190491
0.8343185186386108
0.814407467842102
0.5171574950218201
0.6868067383766174
0.562461256980896
0.529052197933197
0.6706494688987732
0.5765868425369263
0.3197266459465027
0.812853991985321
0.5557917952537537
0.5928400754928589
0.42117583751678467
0.6396104097366333
0.7631252408027649
0.19902867078781128
0.6761128902435303
0.7007178664207458
0.6811288595199585
0.4634556472301483
0.9291423559188843
0.20794826745986938
0.6278680562973022
0.5950618982315063
0.5658640265464783
0.4624497592449188
0.8633052110671997
0.6602342128753662
0.6178004741668701
0.48253217339515686
0.4638838768005371
0.04621452838182449
0.060874391347169876
0.35913869738578796
0.8187969923019409
0.618462085723877
0.5561015605926514
0.6311895847320557
0.43419674038887024
0.7239203453063965
0.324985533952713
0.6021179556846619
0.7542340755462646
0.7375701665878296
0.44613370299339294
0.44928547739982605
0.2934221923351288
0.6788526177406311
0.5827013254165649
0.6900922060012817
0.48652151226997375
0.5596417784690857
0.8294141292572021
0.45091453194618225
0.7947916984558105
0.7698377370834351
0.12395800650119781
0.6523550152778625
0.7662292122840881
0.4388352334499359
0.454041987657547
0.6909983158111572
0.6641484498977661
0.5018932819366455
0.5718616247177124
0.5361408591270447
0.7718223333358765
0.7607299089431763
0.5563327670097351
0.4732968807220459
0.18805092573165894
0.6526302695274353
0.4467727243900299
0.05708486586809158
0.6554641723632812
0.6985472440719604
0.9922963380813599
0.1093594878911972
0.34402671456336975
0.5909273028373718
0.5456229448318481
0.2521190941333771
0.7697466611862183
0.2375672161579132
0.4947907030582428
0.4534493386745453
0.5654669404029846
0.8556191921234131
0.7250316143035889
0.5399074554443359
0.4432954788208008
0.6247317790985107
0.9846448302268982
0.9857755899429321
0.6620575189590454
0.39647701382637024
0.8307385444641113
0.696357250213623
0.7272376418113708
0.6936348676681519
0.7265281677246094
0.6541767120361328
0.7286741733551025
0.5839956402778625
0.708970844745636
0.5988447666168213
0.8422297835350037
0.5355460047721863
0.44162946939468384
0.6837413311004639
0.5855090022087097
0.828587532043457
0.8148440718650818
0.4573371708393097
0.512663722038269
0.6096582412719727
0.909605860710144
0.399934858083725
0.8530962467193604
0.6609053611755371
0.753632664680481
0.9459364414215088
0.6910279989242554
0.5978755354881287
0.4827587306499481
0.7267383337020874
0.4916640520095825
0.7545357346534729
0.7131800055503845
0.7343327403068542
0.6979119777679443
0.558965802192688
0.5881921648979187
0.3502912223339081
0.9770582318305969
0.5094643831253052
0.6159440875053406
0.8289719820022583
0.6617977023124695
0.6917145252227783
0.5920588970184326
0.8704929947853088
0.32439911365509033
0.46621155738830566
0.8453121781349182
0.736308217048645
0.7165579795837402
0.8140120506286621
0.49670591950416565
0.6413899660110474
0.737149715423584
0.8817629814147949
0.6360124945640564
0.6571059226989746
0.6604280471801758
0.6724042296409607
0.9513901472091675
0.3903951942920685
0.9300661087036133
0.49462753534317017
0.7774481177330017
0.840932309627533
0.5907502174377441
0.6325450539588928
0.5982874631881714
0.5315892100334167
0.5727750658988953
0.6208586692810059
0.6985622048377991
0.705594539642334
0.7754895687103271
0.8231939673423767
0.8072670102119446
0.715889573097229
0.6521594524383545
0.5351958274841309
0.6561142802238464
-0.0022844895720481873
0.6161093711853027
0.5605177283287048
0.8682999610900879
0.8108566999435425
0.5882638692855835
0.6206375956535339
0.6732540726661682
0.8396657109260559
0.5673474669456482
0.5299088954925537
0.5068151950836182
0.868186354637146
0.5896281599998474
0.6451332569122314
0.37275728583335876
0.6186398267745972
0.6236240863800049
0.5247949361801147
0.1800737977027893
0.6276240944862366
0.43570518493652344
0.7955670356750488
0.39951208233833313
0.5209627151489258
0.794302225112915
0.3018932640552521
0.7079617977142334
0.5619074702262878
0.6704348921775818
0.6817891001701355
0.21494504809379578
0.5826213955879211
0.7679040431976318
0.8104875683784485
0.7958769798278809
0.6640098094940186
0.6886192560195923
0.34639260172843933
0.8269700407981873
0.509326159954071
0.6617841720581055
0.5558162927627563
0.7254986763000488
0.8749000430107117
0.7632428407669067
0.5729140639305115
0.6543876528739929
0.32049989700317383
0.636784553527832
0.7900633811950684
0.5247857570648193
0.7266227602958679
0.2942567467689514
0.8912532329559326
0.6771544814109802
0.4241405725479126
0.8223274946212769
0.3526832163333893
0.3507242202758789
0.648952841758728
0.37642279267311096
0.7578566074371338
0.21974745392799377
0.7537232637405396
0.6579166650772095
0.6635739803314209
0.8539978265762329
0.6801580786705017
0.5328076481819153
0.736709713935852
0.16674229502677917
0.7374935746192932
0.9146655797958374
0.626379132270813
0.5733705759048462
-0.05909878760576248
0.4157205820083618
0.5916211009025574
0.5887112617492676
0.6512209177017212
0.633259654045105
0.8693281412124634
0.6199855804443359
0.5774644017219543
0.7194321751594543
0.25572526454925537
0.7247298359870911
0.3507278561592102
0.25447848439216614
0.3572835326194763
0.5207953453063965
0.6737688779830933
0.7490198612213135
0.6899973154067993
0.37240898609161377
0.6572484970092773
0.5907268524169922
0.5938805341720581
0.7638726830482483
0.7826608419418335
0.520656168460846
0.7291852235794067
0.7369921207427979
0.4396829903125763
0.7557639479637146
0.7391782999038696
0.566043496131897
0.4140259921550751
0.6385531425476074
0.5948070883750916
0.6676958203315735
0.7144707441329956
0.678413987159729
0.9408454895019531
0.7714206576347351
0.6452096104621887
0.4329816401004791
0.7244352102279663
0.8416380882263184
0.7885427474975586
0.6479709148406982
0.4192763864994049
0.7692064642906189
0.8233146667480469
0.6854342222213745
0.22111719846725464
0.22585058212280273
0.8105583786964417
0.6638548374176025
0.43974629044532776
0.5479518175125122
0.6094446182250977
0.49856606125831604
0.13121691346168518
0.6615325212478638
0.7589142322540283
0.7450355291366577
0.5996577143669128
0.7296802997589111
0.5827952027320862
0.04263072460889816
0.28458282351493835
0.8358873128890991
0.7478783130645752
0.6438188552856445
0.6963448524475098
0.7297247648239136
0.8749415278434753
0.29452741146087646
0.7668204307556152
0.6882896423339844
0.6928535103797913
0.5656514167785645
0.5643327832221985
0.9709882736206055
0.7286472916603088
0.2683285176753998
0.6742479801177979
0.42089012265205383
0.6946003437042236
0.5740967988967896
0.7443753480911255
0.7777692079544067
0.5541695356369019
0.20287474989891052
0.4250202476978302
0.7498252391815186
0.6496908664703369
0.6856075525283813
0.4883593022823334
0.5077462196350098
0.7217992544174194
0.8153288960456848
0.8025157451629639
0.4668060541152954
0.5654506683349609
0.235111266374588
0.7422999739646912
0.6506157517433167
0.4332112669944763
0.6528898477554321
0.35848674178123474
0.45036011934280396
0.6294900178909302
0.6313450932502747
0.6025810241699219
0.5695661902427673
0.9679363965988159
0.5159858465194702
0.5339601039886475
0.530265748500824
0.3531090319156647
0.5732746124267578
0.9129619598388672
0.2250928282737732
0.05258587747812271
0.6765649318695068
0.6139079332351685
0.7140883207321167
0.7963440418243408
0.5183072686195374
0.35576722025871277
0.5527673363685608
0.7114452123641968
0.23221373558044434
0.6967599987983704
0.6780622005462646
0.8168240785598755
0.8417530059814453
0.14279833436012268
0.7518702745437622
0.35905203223228455
0.8195902705192566
0.6324577331542969
0.11971288174390793
0.20143896341323853
0.5610595941543579
0.5776506662368774
0.23916161060333252
0.5465362668037415
0.703576922416687
0.042806267738342285
0.5106619596481323
0.9189282655715942
0.14581435918807983
0.761121392250061
0.7797744870185852
0.6463693380355835
0.04466681927442551
0.7297234535217285
0.7045120000839233
0.32419630885124207
0.6740970611572266
0.8504714965820312
0.7552942037582397
0.4200994670391083
0.978712797164917
0.4508731961250305
0.751699686050415
0.8546819090843201
0.7943772077560425
0.33699312806129456
0.628635048866272
0.613669753074646
0.6941055059432983
0.5251578688621521
0.8326284885406494
0.9304273128509521
0.621016800403595
0.7327574491500854
0.5940136313438416
0.7065995931625366
0.8166350722312927
0.7849855422973633
0.5492647290229797
0.4667920172214508
0.6385596990585327
0.3974018394947052
0.35535550117492676
0.606814980506897
0.5639773011207581
0.49808070063591003
0.5840034484863281
0.8568102121353149
0.5286737084388733
0.6321985721588135
0.5913599729537964
0.7993968725204468
0.5673332214355469
0.7100066542625427
0.4949628710746765
0.7478996515274048
0.42014068365097046
0.6648763418197632
0.7058011293411255
0.893329381942749
0.4238276779651642
0.6460899710655212
0.30434903502464294
0.8217036128044128
0.787841796875
0.8393783569335938
0.3645929992198944
0.26992475986480713
0.6995770931243896
0.5186417102813721
0.8444461226463318
0.8799084424972534
0.25365540385246277
0.11399508267641068
0.2659750282764435
0.7671632766723633
0.6185369491577148
0.7453137636184692
0.6119690537452698
0.6245579719543457
0.7662835121154785
0.4468643069267273
0.39567050337791443
0.7972090840339661
0.6036922335624695
0.7757919430732727
0.4220685064792633
0.17869782447814941
0.6483064889907837
0.7202999591827393
0.7908152341842651
0.5905031561851501
0.48545804619789124
0.7168380618095398
0.5902175307273865
0.8072500228881836
0.2979288399219513
0.7671716213226318
0.7124605178833008
0.22153371572494507
0.49439510703086853
0.6239917278289795
0.7166256904602051
0.6331136226654053
0.5687234401702881
0.7321178317070007
0.7268423438072205
0.8669065237045288
0.5068814754486084
0.4316854178905487
0.6812782287597656
0.7611513733863831
0.2573946714401245
0.7279717922210693
0.7356970310211182
0.7649438381195068
0.5673877000808716
0.8103357553482056
0.6385097503662109
0.33667075634002686
0.22662633657455444
0.6961205005645752
0.6190565228462219
0.7662581205368042
0.5545495748519897
0.1312500238418579
0.5479387044906616
0.9248968958854675
0.7938163876533508
0.7666970491409302
0.545920193195343
0.7075859308242798
0.6355845332145691
0.632939338684082
0.6331111192703247
0.4048362970352173
0.7414532899856567
0.6819908618927002
0.569551944732666
0.7552965879440308
0.6696969270706177
0.7978003025054932
0.2423161268234253
0.5993924140930176
0.867538571357727
0.5451052188873291
0.7986220717430115
0.8969664573669434
0.48557427525520325
0.7107808589935303
0.5928348302841187
0.5264720916748047
0.4657749831676483
0.6839141249656677
0.045705415308475494
0.7841157913208008
0.7894148826599121
0.5365341305732727
0.8007985949516296
0.7272566556930542
0.7147497534751892
0.3015475273132324
0.75608229637146
0.721723198890686
0.7715838551521301
0.8109814524650574
0.539086639881134
0.5441642999649048
0.6620947122573853
0.5569923520088196
0.66157466173172
0.7329698204994202
0.6969242095947266
0.6244697570800781
0.6683293581008911
0.6126433610916138
0.7469565272331238
0.4231720566749573
0.6462427377700806
0.7734630703926086
0.861808717250824
0.7340296506881714
0.6839891076087952
0.12210221588611603
0.6559654474258423
0.8016289472579956
0.6924696564674377
0.5937875509262085
0.6701306104660034
0.47290194034576416
0.4049338698387146
0.4593300223350525
0.6931325793266296
0.17476342618465424
0.5008816123008728
0.4455924332141876
0.11561945080757141
0.7987836599349976
0.5742543339729309
0.49773940443992615
0.7864837646484375
0.8584145307540894
0.30872049927711487
0.5773544311523438
0.5818474292755127
0.1842060089111328
0.7792771458625793
0.6379027962684631
0.6658768653869629
0.13068535923957825
0.44143548607826233
0.7586860656738281
0.7626604437828064
0.7290252447128296
0.6145948171615601
0.4259550869464874
0.6413193345069885
0.639784574508667
0.8668990135192871
0.7138750553131104
0.252054899930954
0.7738089561462402
0.6469211578369141
0.8093467950820923
0.5354689359664917
0.8135584592819214
0.5788884162902832
0.6839666366577148
0.9553437829017639
0.5184724926948547
0.524672269821167
0.6079189777374268
0.5588984489440918
0.4136301279067993
0.701604962348938
0.6637063026428223
0.5936317443847656
0.6498506665229797
0.45980191230773926
0.5752660632133484
0.7491356134414673
0.2961408495903015
0.6315374374389648
0.9660468101501465
0.3159881830215454
0.6501725912094116
0.6032067537307739
0.06063954159617424
0.7686885595321655
0.925409197807312
0.7587367296218872
0.3388459384441376
0.5943373441696167
0.5629753470420837
0.6515880823135376
0.7382796406745911
0.5776424407958984
0.550471305847168
0.8102071285247803
0.6863440871238708
0.7856431007385254
0.6837627291679382
0.11289407312870026
0.5537400841712952
0.6047489643096924
0.7480708360671997
0.6250314712524414
0.6638912558555603
0.761479914188385
0.7032178044319153
0.7378028631210327
0.8135786056518555
0.4479503333568573
0.7002739906311035
0.7613005638122559
0.7859710454940796
0.6030842065811157
0.49692419171333313
0.42759475111961365
0.5819708704948425
0.7091235518455505
0.5054839253425598
0.49636635184288025
0.7320582270622253
0.6144663691520691
0.6127117276191711
0.9413861036300659
0.3311208188533783
0.5482268333435059
0.4611067473888397
0.6695148944854736
0.7387770414352417
0.199691504240036
0.6475020051002502
0.6811225414276123
0.6257086992263794
0.3988189995288849
0.6256977319717407
0.6737295389175415
0.5785285234451294
0.7062119245529175
0.8533254265785217
0.6026902198791504
0.615180253982544
0.4724734425544739
0.6945449113845825
0.5130704045295715
0.718363344669342
0.7160377502441406
0.7777004837989807
0.654838502407074
0.7363017201423645
0.23995235562324524
0.7296055555343628
0.7226835489273071
0.41416993737220764
0.5941711664199829
0.6662540435791016
0.7321242690086365
0.6538946628570557
0.08482539653778076
0.7849127054214478
0.8904927372932434
0.800616979598999
0.8057843446731567
0.3759337365627289
0.7445113658905029
0.7468975186347961
0.868257999420166
0.7255196571350098
0.7906478643417358
0.6480927467346191
0.5171107053756714
0.22566759586334229
0.5812985897064209
0.8856065273284912
0.5411803722381592
0.504654586315155
0.3616958558559418
0.5799147486686707
0.579011082649231
0.7688031196594238
0.6081569194793701
0.2975521981716156
0.7929098606109619
0.5859313607215881
0.5662654042243958
0.5827013254165649
0.6600762605667114
0.5239338278770447
0.7094528675079346
0.03584172576665878
0.7303966879844666
0.6917545795440674
0.8875858783721924
0.4971785843372345
0.7735806107521057
0.7971590161323547
0.6394602060317993
0.182485893368721
0.5107817649841309
0.8864831924438477
0.2717793881893158
0.7404049634933472
0.17809239029884338
0.4779185950756073
0.3138030171394348
0.2850213646888733
0.6426005363464355
0.8395175933837891
0.4213976562023163
0.7303919196128845
0.9276301264762878
0.6396223306655884
0.44464951753616333
0.8820229172706604
0.7130534052848816
0.7319047451019287
0.8550631403923035
0.460237056016922
0.5340913534164429
0.5854329466819763
0.6394895315170288
0.7608630657196045
0.7807576656341553
0.6066195964813232
0.485061377286911
0.747675359249115
0.0852743536233902
0.6059734225273132
0.7965545654296875
0.5807400941848755
0.5017867088317871
0.9026373028755188
0.8068511486053467
0.9400240778923035
0.5247244238853455
0.5113799571990967
0.565365731716156
0.39262154698371887
0.41387316584587097
0.42037996649742126
0.7514386773109436
0.914242148399353
0.7709751129150391
0.7734870314598083
0.20149409770965576
0.7538514137268066
0.6023721098899841
0.5601611733436584
0.6170788407325745
0.40143898129463196
0.6813349723815918
0.05082911252975464
0.7403847575187683
0.5371019244194031
0.4388965666294098
0.7818058729171753
0.7181235551834106
0.6422100067138672
0.47864630818367004
0.611052393913269
1.0488426685333252
0.6056137084960938
0.7894618511199951
0.5544076561927795
0.6783419847488403
0.7370359301567078
0.40406349301338196
0.8447022438049316
0.6086397767066956
0.8433890342712402
0.5493252873420715
0.662590503692627
0.5535303950309753
0.9020746946334839
0.4182460606098175
0.22060829401016235
0.7337542176246643
0.7925065755844116
0.3784843981266022
0.06523967534303665
0.2049410045146942
0.801992654800415
0.2632838785648346
0.359422504901886
0.7991666793823242
0.6720380187034607
0.7717202305793762
0.38236406445503235
0.6122794151306152
0.658307671546936
0.25805771350860596
0.09376783668994904
0.5495836734771729
0.2863132059574127
0.5671532154083252
0.6247053742408752
0.7253533005714417
0.8370596170425415
0.7337696552276611
0.8893636465072632
0.29482558369636536
0.45764073729515076
0.7209770083427429
0.7083048820495605
0.6958024501800537
0.5633388161659241
0.6852184534072876
0.7818125486373901
0.6313891410827637
0.34319785237312317
0.315141499042511
0.528138279914856
0.49628785252571106
0.739755392074585
0.5351263284683228
0.7571678161621094
0.6275069713592529
0.46416643261909485
0.7065088748931885
0.5397329330444336
0.6482831239700317
0.6462426781654358
0.6032959222793579
0.42460593581199646
0.6027274131774902
0.842991828918457
0.71271812915802
0.6988176703453064
0.7844078540802002
0.7521069645881653
0.6321202516555786
0.8234550952911377
0.34625542163848877
0.29514896869659424
0.7933984994888306
0.7678446769714355
0.3803456127643585
0.31564822793006897
0.8092315793037415
0.5747812986373901
0.7220765352249146
0.47731104493141174
0.5837802290916443
0.6848730444908142
0.22516202926635742
0.5247987508773804
0.7876364588737488
0.37413278222084045
0.3086312711238861
0.6992881298065186
0.6996374130249023
0.7842923402786255
0.7557531595230103
0.36599886417388916
0.26114383339881897
0.6357624530792236
0.5637723803520203
0.09513455629348755
0.7824947237968445
0.5928972959518433
0.48091307282447815
0.7256435751914978
0.16932621598243713
0.3058428168296814
0.7103909254074097
0.5458601713180542
0.836610734462738
0.35806575417518616
0.8647578954696655
0.7963032722473145
0.7054763436317444
0.8652182817459106
0.4513055384159088
0.5605788230895996
0.7471644878387451
0.1937727928161621
0.3832835853099823
0.6780462861061096
0.7682169675827026
0.9245222806930542
0.2897075116634369
0.6033153533935547
0.8227452039718628
0.5885696411132812
0.8865727186203003
0.5452167391777039
0.6054587960243225
0.5605055689811707
0.486795037984848
0.8148277997970581
0.40111956000328064
0.5984355211257935
0.6817528605461121
0.7095066905021667
0.44716382026672363
0.3927856385707855
0.06906276196241379
0.6721001863479614
0.41137632727622986
0.9390883445739746
0.6731054186820984
0.7697396278381348
0.04539916664361954
0.5010902285575867
0.9525880813598633
0.31911537051200867
0.8314465284347534
0.6954646110534668
0.6618384718894958
0.04050242900848389
0.5712287425994873
0.7191901803016663
0.6502593755722046
0.5685473680496216
0.6484306454658508
0.7387243509292603
0.7867198586463928
0.6663519144058228
0.6611727476119995
0.7079561948776245
0.507934033870697
0.4628940522670746
0.47968360781669617
0.6268136501312256
0.5221707820892334
0.4570333659648895
0.691667377948761
0.660919189453125
0.7204573154449463
0.7534406185150146
0.3019290268421173
0.9392927289009094
0.09863223880529404
0.6097519397735596
0.6856086254119873
0.4243626594543457
0.6655985713005066
0.6693097352981567
0.741693377494812
0.8243966102600098
0.33773723244667053
0.6163986921310425
0.6897638440132141
0.7115916013717651
0.7450740933418274
0.5829845666885376
0.30243754386901855
0.5062409043312073
0.7293005585670471
0.8529062271118164
0.7874172925949097
0.8129401206970215
0.8018624782562256
0.5899875164031982
0.4610261023044586
0.8367514610290527
0.6502918004989624
0.5393306612968445
0.4942595958709717
0.9112928509712219
0.631095290184021
0.7113310098648071
0.32380345463752747
0.749052882194519
0.6476275324821472
0.8047962784767151
0.916744589805603
0.6319873929023743
0.5686139464378357
0.6253994703292847
0.2917780876159668
0.720180869102478
0.6523257493972778
0.7357961535453796
0.7437322735786438
0.7874639630317688
0.5153934955596924
0.5765706300735474
0.6113846898078918
0.896163284778595
0.6790054440498352
0.5603220462799072
0.6794301271438599
0.5764111876487732
0.5854485034942627
0.5732676386833191
0.5907809138298035
0.5781430006027222
0.8329068422317505
0.35711273550987244
0.8646562695503235
0.12883830070495605
0.5329959392547607
0.768089234828949
0.4606342017650604
0.5886723399162292
0.7269537448883057
0.6098055839538574
0.5904642939567566
0.701287567615509
0.6800019145011902
0.7234792113304138
0.3346252143383026
0.7064705491065979
0.49323031306266785
0.6402751207351685
0.6466054916381836
0.7545965313911438
0.7266227006912231
0.599204421043396
0.6612996459007263
0.6552661657333374
0.6719030141830444
0.7044426202774048
0.8666732311248779
0.7087847590446472
0.3886663615703583
0.36601388454437256
0.7264142036437988
0.5852769613265991
0.5343887209892273
0.8282070755958557
0.6185470223426819
0.8732788562774658
0.6198930740356445
0.7779802083969116
0.10875705629587173
0.4883919656276703
0.44799065589904785
0.642330527305603
0.8136539459228516
0.7812566757202148
0.6887497901916504
0.6193633079528809
0.5744602084159851
0.40718621015548706
0.5214455723762512
0.2550201117992401
0.7075339555740356
0.7545614838600159
0.5207701325416565
0.3003022372722626
0.4800598919391632
0.4059735834598541
0.7247703075408936
0.6518709659576416
0.0987897738814354
0.5741757154464722
0.5449041724205017
0.8152774572372437
0.7614151239395142
0.6268768310546875
0.41561174392700195
0.7382083535194397
0.7839863300323486
0.28790122270584106
0.8241547346115112
0.8521560430526733
0.47492483258247375
0.6268191337585449
0.7676587700843811
0.803118884563446
0.6592344045639038
0.7471500635147095
0.598511815071106
0.34008505940437317
0.5137666463851929
0.7986334562301636
0.8729037046432495
0.515245258808136
0.6109191179275513
0.6839537620544434
0.7467659711837769
0.7119282484054565
0.7667498588562012
0.3306913673877716
0.7296947240829468
0.689285159111023
0.3391152024269104
0.6990137100219727
0.7873302102088928
0.7383502125740051
0.32219043374061584
0.4679320156574249
0.6118971109390259
0.531582772731781
0.6205676198005676
0.5804337859153748
0.7826449275016785
0.5195431113243103
0.7986564636230469
0.7030648589134216
0.6540744304656982
0.7612923383712769
0.42173001170158386
0.5509633421897888
0.48968204855918884
0.5920109748840332
0.156322181224823
0.8531850576400757
0.6510311365127563
0.44729164242744446
0.47069451212882996
0.4774826467037201
0.5375097393989563
0.4423837959766388
0.7895529270172119
0.5046830773353577
0.7116190195083618
0.41245153546333313
0.6576473116874695
0.8472895622253418
0.6458966732025146
0.7131534814834595
0.5970170497894287
0.590552031993866
0.5793513059616089
0.49725303053855896
0.3920351564884186
0.516681969165802
0.3051515519618988
0.8764238953590393
0.4552815854549408
0.10485412925481796
0.6961325407028198
0.8160293102264404
0.22066453099250793
0.8800509572029114
0.47019973397254944
0.49567851424217224
0.5651845335960388
0.8178998231887817
0.3112630844116211
0.5477355122566223
0.7521870732307434
0.6997647285461426
0.8627011775970459
0.7378256320953369
0.6820625066757202
0.8064636588096619
0.5552505850791931
0.7067598104476929
0.40055540204048157
0.34185218811035156
0.714328408241272
0.6059911251068115
0.41587579250335693
0.152114599943161
0.6854264140129089
0.6287251710891724
0.4507080018520355
0.7469189167022705
0.6149949431419373
0.7835891246795654
0.5828019976615906
0.9198604822158813
0.7915246486663818
0.4382694363594055
0.477611780166626
0.5403103828430176
0.27509742975234985
0.6601928472518921
0.3706159293651581
0.7435263395309448
0.5767745971679688
0.505675733089447
0.29073020815849304
0.7248947620391846
0.6867757439613342
0.6032195091247559
0.7260077595710754
0.6528295278549194
0.7326750755310059
0.7311700582504272
0.2611715495586395
0.6145169138908386
0.8596785068511963
0.6736971139907837
0.7266521453857422
0.3233744204044342
0.6439700126647949
0.7203685641288757
0.41527730226516724
0.4321072995662689
0.8095990419387817
0.2513424754142761
0.31901276111602783
0.8000591993331909
0.690540075302124
0.6782909631729126
0.7185651659965515
0.6382691860198975
0.5969234704971313
0.5834704637527466
0.654883086681366
0.37864580750465393
0.18341508507728577
0.5532956123352051
0.3207269012928009
0.7312295436859131
0.5981429815292358
0.17166060209274292
0.8269496560096741
0.7005317211151123
0.5454928874969482
0.2521311342716217
0.9043596386909485
0.46499142050743103
0.39694908261299133
0.7207326889038086
0.8422105312347412
0.3876163959503174
0.719338059425354
0.31492936611175537
0.5231752991676331
0.8476128578186035
0.5830613374710083
0.38976842164993286
0.3438540995121002
0.9648036956787109
0.7822781801223755
0.6481767892837524
0.48304399847984314
0.6874072551727295
0.7581943273544312
0.8053455352783203
0.6854755282402039
0.5805344581604004
0.5595046281814575
0.35817113518714905
0.8310861587524414
0.5959941744804382
0.7387168407440186
0.5838057994842529
0.5350984930992126
0.8323835134506226
0.7824701070785522
0.39926716685295105
0.675674319267273
0.44241586327552795
0.776545524597168
0.8277859687805176
0.40643349289894104
0.6265411972999573
0.5682328939437866
0.7835221290588379
0.7341301441192627
0.6468565464019775
0.6059287190437317
0.7350626587867737
0.640130877494812
0.42773330211639404
0.5407971143722534
0.5416420698165894
0.679478108882904
0.3557906448841095
0.573749303817749
0.6188888549804688
0.8366937637329102
0.48719996213912964
0.4296658933162689
0.7712395191192627
0.5956421494483948
0.7426073551177979
0.6329277753829956
0.8233146667480469
0.7092047333717346
0.600601315498352
0.6560224294662476
0.4358311593532562
0.24670323729515076
0.6188538074493408
0.04541275277733803
0.7724840044975281
0.9231584668159485
0.760942816734314
0.736578643321991
0.22092899680137634
0.4991627633571625
0.3910827338695526
0.7558211088180542
0.6405574083328247
0.7348545789718628
0.791702151298523
0.5222533941268921
0.870337724685669
0.514270544052124
0.8000072240829468
0.6889780759811401
0.7171056270599365
0.05280992388725281
0.8391263484954834
0.5979017019271851
0.623485803604126
0.1715400516986847
0.5763062238693237
0.06991234421730042
0.6171282529830933
0.5677127838134766
0.8090018033981323
0.5761682987213135
0.6983458995819092
0.8463894128799438
0.8930017352104187
0.7277021408081055
0.2991456389427185
0.4972600042819977
0.6800137758255005
0.9297081828117371
0.7000402212142944
0.4582369029521942
0.6518528461456299
0.41778919100761414
0.7275319695472717
0.3851633071899414
0.6219685077667236
0.5277246236801147
0.7986558675765991
0.7291364669799805
0.93259596824646
0.6658331155776978
0.3421870768070221
0.39838549494743347
0.7911944389343262
0.5661190748214722
0.6488391160964966
0.578353226184845
0.7222868204116821
0.33678701519966125
0.712037205696106
0.4623592793941498
0.7489191293716431
0.5587775111198425
0.3607220947742462
0.7213674187660217
0.5475897789001465
0.6121049523353577
0.6929278373718262
0.5596062541007996
0.8087440133094788
0.7172449827194214
0.32174989581108093
0.8249014616012573
0.545006275177002
0.7136553525924683
0.7118848562240601
0.39575040340423584
0.8008895516395569
0.693343997001648
0.4944796860218048
0.17883680760860443
0.14931905269622803
0.4725353717803955
0.8050874471664429
0.41132065653800964
0.7059297561645508
0.8058176040649414
0.5782405138015747
0.5609938502311707
0.5384439826011658
0.5861287713050842
0.502604603767395
0.4870792329311371
0.030717939138412476
0.025269299745559692
0.4710259735584259
