0.5769198536872864
0.6211187243461609
0.6411396861076355
0.6383140087127686
""
""
0.6185821294784546
0.6342816352844238
0.6644585132598877
""
0.6262307167053223
0.6205494999885559
0.6446226835250854
0.6330772042274475
0.603657066822052
0.6679578423500061
0.6603683233261108
0.6310975551605225
0.6079773902893066
0.6595666408538818
0.634784996509552
0.6454282999038696
0.6711825132369995
0.6589301824569702
0.653937816619873
0.6705220937728882
0.6661036014556885
0.6712387800216675
0.6285423040390015
0.6497244238853455
0.6648023724555969
0.6555884480476379
0.6614475846290588
0.6760667562484741
0.669718861579895
0.6553199887275696
0.6833457946777344
""
0.6283128261566162
0.6727149486541748
0.6069454550743103
0.6694552898406982
0.6658123135566711
0.6712305545806885
0.6705496311187744
0.6445679068565369
0.6177400350570679
0.6266089677810669
0.6433555483818054
0.652275800704956
0.6490744948387146
0.6713970899581909
0.6698565483093262
0.6703259944915771
0.6682611703872681
0.643617570400238
""
0.6185981035232544
0.6577085256576538
0.6428979635238647
0.6638043522834778
0.6303572654724121
0.662939190864563
0.6707180738449097
0.6143575310707092
0.6693602800369263
0.6620191335678101
0.6322973966598511
0.6552600860595703
0.6793904900550842
0.6654661893844604
0.6741710305213928
0.6527373790740967
0.6730619668960571
0.6726373434066772
0.6627148389816284
0.6414215564727783
0.6641514897346497
0.642137885093689
0.6717140674591064
0.6637405157089233
0.6529221534729004
0.67606520652771
0.689475417137146
0.6571916341781616
0.6722777485847473
0.6632751226425171
0.6564638614654541
0.656196117401123
0.6197476387023926
0.6522561311721802
0.6566226482391357
0.6597326993942261
0.6837624311447144
0.6355445384979248
0.6527526378631592
0.6793165802955627
0.658536970615387
0.6701538562774658
0.6603506207466125
