0.7625373403769836
0.7529387330235171
0.761522102703084
0.7652651071533938
0.755538514783959
0.7600180660789653
0.7682822101384823
0.7672737873472331
0.7566578382360476
0.7446557875246782
0.7581008587780451
0.7612261137305086
0.7592883200663164
0.7616722043961762
0.7541474335639378
0.7553855576606159
0.7599582429503439
0.7632206321118624
0.7585498684434375
0.7599033382468864
0.6977920501270701
0.7609923408756668
0.7656133933261324
0.7634198087265878
0.7670634830207004
0.7642901900564996
0.7631549120518057
0.7634585177595166
0.7359698522223637
0.7672070836225839
0.7660611702602905
0.7691235205315727
0.7598432772007837
0.766093448252223
0.7661165878529634
0.7642298931912461
0.7644730686803474
0.7648823353509966
0.7462859017588493
0.7672462615485378
0.7452988887732241
0.7597305152398554
0.7662998670684341
0.7651870127242699
0.7650587444259126
0.7607885522901985
0.7615813264857605
0.7426082507320129
0.7529483321554604
0.7631501432354333
0.7511275142524843
0.7693259936427512
0.7649506911559507
0.759157461764624
0.7652046389459561
0.7633880295138848
0.762733879123083
0.7645082086052266
0.7508027987523098
0.7576751197145404
0.7615120375417825
0.7654758078259879
0.7585480593599954
0.7615873648854484
0.7647730564112591
0.7623876691943023
0.7638773822140503
0.7634288014911308
0.75351683012663
0.7638008646450944
0.7659925083448946
0.7653046496868638
0.7632194437121926
0.7659687368179678
0.7584907478522818
0.7603064662363346
0.7661565926010385
0.7574011835504331
0.7691972565903495
0.7652435982428172
0.7653173109722686
0.7657956546957998
0.7656100472841256
0.7655122457800468
0.7653944806907755
0.7628047342345492
0.7647022837077537
0.7663360307535079
0.7683404020315938
0.7601276845132086
0.7585854583313698
0.7672213693238346
0.7634472616028464
0.7590938423466309
0.7631174643771532
0.7662729649789561
0.7640022592830166
0.7641140177189079
0.7602363528297447
0.7640289883497302
