0.5000494583703771
0.5256777210880856
0.5857063418294086
0.4826628197491578
0.525045690451138
0.5043835597978339
0.49576420462163234
0.504362562586686
0.49740621569618915
0.4374876844994263
0.5213767194309801
0.574223054541017
0.5283346702751062
0.5420016675228766
0.5378193584343429
0.5755490138436086
0.5243957802622156
0.568812991856198
0.5368408009064722
0.4836577084412546
0.5771705380558996
0.5793252310359837
0.5680524262079528
0.548231787954193
0.5700222270787627
0.5710630471702454
0.568672281378714
0.5528543094070004
0.5195818224127526
0.5079204233645199
0.5375529563179042
0.5591587949611322
0.5359028525682175
0.5576736797143192
0.5603029971547249
0.5723947661245059
0.5502574355740975
0.5144520141711713
0.461310259965401
0.5601767222599052
0.30256295938442374
0.5768501847719282
0.5590298954149189
0.5306076912888464
0.4629126825481062
0.5586254074723898
0.5354895428807268
0.5238220925528925
0.5584192994310181
0.486654914518647
0.5669604983212804
0.509815713298548
0.5818146399757202
0.606476739352694
0.5948785506588544
0.5826949188903016
0.5394438718329432
0.5505303993190198
0.5319336505914379
0.5892157194634462
0.5729611804766165
0.5235863842763611
0.5332163031460372
0.5935620692640726
0.4790163168171901
0.5550606060943837
0.5763109647245337
0.5792924958005483
0.5520718716638096
0.5602798856410657
0.48226025931709615
0.5592400133403639
0.5782583102445324
0.5341958084646886
0.5384510245363747
0.5403629372625615
0.5658871617153117
0.5710492677504296
0.5672611667198005
0.572518575237725
0.5439598761833652
0.5706881594628761
0.5501108196309781
0.5663192084974724
0.5772772738792347
0.5681933554063864
0.5483505534297481
0.5707305184200876
0.41705674188969816
0.54038903796253
0.5278924947802746
0.565754689726924
0.5889071042037625
0.5679619634709523
0.5888033575667367
0.5868804358860938
0.581994064061258
0.561159289671849
0.5084692671336907
0.5667716692349158
