0.7004421949386597
0.7311753034591675
0.5653278827667236
0.5640279054641724
0.43376559019088745
0.47319552302360535
0.21293115615844727
0.6434227824211121
0.3321831524372101
0.7524058818817139
0.5164421796798706
0.20008495450019836
0.4509868621826172
0.6852747201919556
0.604649007320404
0.6608031392097473
0.371736615896225
0.653523325920105
0.15385673940181732
0.6099445819854736
0.6015779972076416
0.5453182458877563
0.7508740425109863
0.6469624042510986
0.73475182056427
0.30460667610168457
0.6203985214233398
0.43626922369003296
0.6933631896972656
0.6618810892105103
0.679175853729248
0.6911380887031555
0.6627167463302612
0.5800987482070923
0.2899664640426636
0.6560771465301514
0.5513830780982971
0.6141564846038818
0.6992707252502441
0.7386306524276733
0.3689047694206238
0.4673471450805664
0.7151416540145874
0.7319419384002686
0.7088606357574463
0.33299538493156433
0.7396581172943115
0.2049843668937683
0.8450864553451538
0.6354107856750488
0.39886629581451416
0.6551011800765991
0.5965877175331116
0.33785611391067505
0.6327736377716064
0.6090483665466309
0.6365267038345337
0.6241410970687866
0.34619489312171936
0.6355413198471069
0.5290712118148804
0.5112674236297607
0.5315349102020264
0.674805760383606
0.4698139429092407
0.23017069697380066
0.7500648498535156
0.35447776317596436
0.6080886125564575
0.48995310068130493
0.5799064636230469
0.4915353059768677
0.3343101143836975
0.7364075183868408
0.6944761276245117
0.6246745586395264
0.6439757347106934
0.47749799489974976
0.6408924460411072
0.7178442478179932
0.37150588631629944
0.7617442607879639
0.6137083768844604
0.507331132888794
0.7962057590484619
0.63514244556427
0.4847567081451416
0.5865750312805176
0.6064763069152832
0.3200179934501648
0.330234169960022
0.4365597665309906
0.6534463167190552
0.711491584777832
0.12419132888317108
0.508742094039917
0.5794045925140381
0.6877912282943726
0.6534053087234497
0.6596662402153015
0.6785787343978882
0.7383807301521301
0.6608619689941406
0.35218244791030884
0.6933586597442627
0.7623000144958496
0.6592179536819458
0.721189022064209
0.6384468674659729
0.5711331367492676
0.5606740713119507
0.667910635471344
0.7789952754974365
0.7782802581787109
0.2038884162902832
0.7214819192886353
0.6470381021499634
0.22431975603103638
0.6662828922271729
0.674477219581604
0.5527396202087402
0.09800700843334198
0.6746145486831665
0.6228054761886597
0.6698187589645386
0.7152199745178223
0.17150747776031494
0.463637113571167
0.771880030632019
0.7172591686248779
0.5950522422790527
0.659447193145752
0.5741960406303406
0.5059040784835815
0.7658485174179077
0.8051662445068359
0.5521386861801147
0.5552294850349426
0.7228897213935852
0.6678688526153564
0.4379866123199463
0.6692174673080444
0.46118438243865967
0.3818557858467102
0.4403916597366333
0.5184003114700317
0.16060224175453186
0.5382846593856812
0.6297321915626526
0.4031360447406769
0.6309123635292053
0.6705799698829651
0.6806057691574097
0.4317706823348999
0.09124445915222168
0.752611517906189
0.5819566249847412
0.5360922813415527
0.5511503219604492
0.48461487889289856
0.1020406037569046
0.4062826335430145
0.45279595255851746
0.518301248550415
0.677240788936615
0.5801869034767151
0.5519492626190186
0.7063194513320923
0.6046633720397949
0.3559626042842865
0.7247569561004639
0.2286095917224884
0.646945059299469
0.4839407205581665
0.5505746603012085
0.6339221000671387
0.692714512348175
0.6416448354721069
0.6744754910469055
0.6801208257675171
0.6356558799743652
0.29015234112739563
0.6493462324142456
0.6071748733520508
0.6205434203147888
0.6788438558578491
0.45886141061782837
0.21028053760528564
0.7302484512329102
0.739769697189331
0.5949263572692871
0.5971693992614746
0.7712475061416626
0.6928167343139648
0.37252455949783325
0.6427780389785767
0.3538229465484619
0.5853101015090942
0.250052809715271
0.6359862685203552
0.25518491864204407
0.5537242293357849
0.516878604888916
0.2512544095516205
0.5587838888168335
0.5136351585388184
0.6546453237533569
0.21195456385612488
0.6077604293823242
0.5750434994697571
0.47582700848579407
0.8093948364257812
0.6135956048965454
0.41616880893707275
0.5284180641174316
0.1492847502231598
0.5567556619644165
0.548911452293396
0.6027273535728455
0.5222221612930298
0.7039356231689453
0.30020394921302795
0.6130901575088501
0.6878235340118408
0.6867129802703857
0.6104106307029724
0.32807809114456177
0.3789888024330139
0.7267800569534302
0.5683457255363464
0.5595398545265198
0.7345615029335022
0.6172436475753784
0.7372190952301025
0.23563434183597565
0.7925654649734497
0.5185292959213257
0.5522428750991821
0.5594347715377808
0.19136732816696167
0.6617532968521118
0.395362913608551
0.24461407959461212
0.601043164730072
0.7216205596923828
0.6787896752357483
0.6414089202880859
0.6375802755355835
0.5146957635879517
0.30257904529571533
0.5894172191619873
0.6258329153060913
0.6549364924430847
0.6139658689498901
0.7727704048156738
0.6286110877990723
0.5897195339202881
0.5172234177589417
0.5085549354553223
0.46679556369781494
0.7267647385597229
0.5647154450416565
0.5170665979385376
0.5738412141799927
0.8184407949447632
0.737678050994873
0.721941351890564
0.47273966670036316
0.5251268744468689
0.2658902704715729
0.35342392325401306
0.572019100189209
0.6465775370597839
0.5721079111099243
0.6807101368904114
0.6777113080024719
0.4742155075073242
0.36466550827026367
0.8358314037322998
0.6259100437164307
0.6517239809036255
0.6001783609390259
0.3273727297782898
0.4638175666332245
0.6973558664321899
0.6322911977767944
0.634769082069397
0.6393018960952759
0.760657548904419
0.5753281712532043
0.2054392397403717
0.6476011276245117
0.6138945817947388
0.5132920742034912
0.5828781127929688
0.6923244595527649
0.4005042612552643
0.531722903251648
0.5181693434715271
0.4204516112804413
0.4262416362762451
0.6855049133300781
0.7347275614738464
0.6734567880630493
0.35883602499961853
0.750829815864563
0.6656484603881836
0.4825563132762909
0.2844775319099426
0.37184441089630127
0.36856067180633545
0.6114741563796997
0.6745247840881348
0.4939781129360199
0.23421525955200195
0.19557762145996094
0.6568359136581421
0.49693602323532104
0.7167931795120239
0.6748485565185547
0.5230026841163635
0.3357124328613281
0.41806232929229736
0.5219072699546814
0.4940945506095886
0.43396714329719543
0.5239690542221069
0.6322944164276123
0.6602464318275452
0.7942237854003906
0.4601205587387085
0.46880394220352173
0.5298354625701904
0.5004851222038269
0.27644410729408264
0.616509199142456
0.6875739693641663
0.7102835774421692
0.6545734405517578
0.5862678289413452
0.6326266527175903
0.3088044226169586
0.7239751815795898
0.19902341067790985
0.7232896089553833
0.381165087223053
0.6630390882492065
0.7133201360702515
0.6220566034317017
0.623102068901062
0.6300017833709717
0.6256766319274902
0.6337487697601318
0.5481364727020264
0.4591749310493469
0.41403716802597046
0.4190620183944702
0.6490640640258789
0.4194300174713135
0.42996054887771606
0.4352063536643982
0.6453288793563843
0.4419509172439575
0.5251408815383911
0.20293059945106506
0.384470671415329
0.6779895424842834
0.4856225252151489
0.7569511532783508
0.584815502166748
0.6998170614242554
0.4720902442932129
0.36929887533187866
0.4456348717212677
0.3183864951133728
0.40928950905799866
0.5985509753227234
0.7312310934066772
0.5482308864593506
0.7291857004165649
0.7043672800064087
0.21884696185588837
0.29163339734077454
0.6628687381744385
0.6592527627944946
0.2099372148513794
0.48488736152648926
0.557828426361084
0.60243821144104
0.32578203082084656
0.6377687454223633
0.6609604358673096
0.6280255317687988
0.5478233098983765
0.34451669454574585
0.5586288571357727
0.631454586982727
0.44075727462768555
0.6321357488632202
0.26539015769958496
0.547109842300415
0.6809382438659668
0.5808718204498291
0.45848023891448975
0.5139579176902771
0.696704626083374
0.4643310606479645
0.7579632997512817
0.5938307642936707
0.4895668625831604
0.7188060283660889
0.5081220269203186
0.6521462202072144
0.6776820421218872
0.6153269410133362
0.4806828200817108
0.43468934297561646
0.6012107133865356
0.6099932193756104
0.5854194164276123
0.605344295501709
0.5204486846923828
0.6933766603469849
0.6735438108444214
0.6628366708755493
0.699266791343689
0.637725830078125
0.6463369131088257
0.7229199409484863
0.6050435304641724
0.4574812054634094
0.6165497303009033
0.6291211843490601
0.6810519695281982
0.6382277607917786
0.2782191038131714
0.6046874523162842
0.5368152856826782
0.7282803654670715
0.6924046874046326
0.5828765630722046
0.7315500974655151
0.3106399178504944
0.546735405921936
0.49653559923171997
0.3212689459323883
0.6281411647796631
0.6424394249916077
0.6036009788513184
0.7624392509460449
0.4834437370300293
0.7627295255661011
0.540328323841095
0.6586360931396484
0.4836699366569519
0.42294564843177795
0.666390061378479
0.7326674461364746
0.6746238470077515
0.7974750995635986
0.7034416198730469
0.6678503751754761
0.7630828619003296
0.6376055479049683
0.6204622983932495
0.6947599649429321
0.6716885566711426
0.6377854347229004
0.39031440019607544
0.5519189834594727
0.545188307762146
0.1603841781616211
0.4699273705482483
0.5275180339813232
0.6041033267974854
0.6268419623374939
0.5552984476089478
0.530949592590332
0.6832157373428345
0.3982629179954529
0.7248990535736084
0.48434555530548096
0.6432387828826904
0.4906154274940491
0.4393754005432129
0.6092493534088135
0.3473387062549591
0.06541544198989868
0.4512195587158203
0.7057300806045532
0.07963879406452179
0.798912525177002
0.6054855585098267
0.3188251554965973
0.5601489543914795
0.5153553485870361
0.19416841864585876
0.47440803050994873
0.6473951935768127
0.6096441745758057
0.7104241847991943
0.5550937652587891
0.713607668876648
0.5076204538345337
0.15044498443603516
0.09384351968765259
0.6409400105476379
0.47329214215278625
0.708510160446167
0.64498370885849
0.5197588801383972
0.49570539593696594
0.6773387789726257
0.3989212214946747
0.14956268668174744
0.5178223848342896
0.17651835083961487
0.7439960837364197
0.46247154474258423
0.2055225968360901
0.6112216114997864
0.3954007625579834
0.4691627025604248
0.32849276065826416
0.6320034265518188
0.30403098464012146
0.6324203014373779
0.42942196130752563
0.23554614186286926
0.4597194492816925
0.5706549882888794
0.6574550867080688
0.641233503818512
0.5669958591461182
0.03987106680870056
0.6732690930366516
0.49499228596687317
0.6817324161529541
0.6838887929916382
0.5654027462005615
0.5778091549873352
0.7434232234954834
0.5197112560272217
0.6427971124649048
0.384272962808609
0.5555954575538635
0.33369702100753784
0.6771469116210938
0.13740141689777374
0.4077037572860718
0.05892455577850342
0.7693103551864624
0.2481842041015625
0.43403032422065735
0.7046487331390381
0.634856104850769
0.629433274269104
0.5456823110580444
0.5050596594810486
0.1875692754983902
0.6787334680557251
0.584709644317627
0.781559944152832
0.5954998731613159
0.6567888259887695
0.7386801242828369
0.5231468677520752
0.25597086548805237
0.7985855340957642
0.2830738425254822
0.49751633405685425
0.27199432253837585
0.6863471865653992
0.5551391839981079
0.5421534776687622
0.688011884689331
0.6825428009033203
0.68244469165802
0.677993893623352
0.42741361260414124
0.5302863717079163
0.6341890096664429
0.6163489818572998
0.6292847394943237
0.41458261013031006
0.6532458662986755
0.7383395433425903
0.6122541427612305
0.2013453245162964
0.30592095851898193
0.6345055103302002
0.7039774656295776
0.3079823851585388
0.8034931421279907
0.17060920596122742
0.6580641269683838
0.2948400378227234
0.5002522468566895
0.6359161138534546
0.6526539325714111
0.6434285640716553
0.7035211324691772
0.5625449419021606
0.5298917293548584
0.7191582918167114
0.6594309210777283
0.7405068278312683
0.7025839686393738
0.7016932368278503
0.6048383712768555
0.447113037109375
0.4486240744590759
0.5952696204185486
0.676324725151062
0.6521691083908081
0.19994394481182098
0.7360162734985352
0.4624044895172119
0.6127660870552063
0.21755672991275787
0.6460767984390259
0.3772466778755188
0.6110014915466309
0.26974156498908997
0.2238103151321411
0.2963845729827881
0.7914398908615112
0.6295459270477295
0.5352146625518799
0.5603339076042175
0.48222240805625916
0.44833600521087646
0.5776724815368652
0.4766576588153839
0.46941331028938293
0.693987250328064
0.40384814143180847
0.6125527024269104
0.6067993640899658
0.7621508836746216
0.5651872158050537
0.5685688853263855
0.6631414294242859
0.5539605617523193
0.6150214672088623
0.562303900718689
0.7273057699203491
0.6080522537231445
0.6739309430122375
0.7260823249816895
0.8229720592498779
0.1766429990530014
0.35548263788223267
0.6126165390014648
0.6769928932189941
0.4712090492248535
0.7733290791511536
0.5744307041168213
0.5864795446395874
0.4958692193031311
0.5973626375198364
0.5628171563148499
0.6176197528839111
0.5679531097412109
0.5262253880500793
0.6042684316635132
0.674528956413269
0.5815898180007935
0.3418040871620178
0.5636224746704102
0.7214143872261047
0.37853795289993286
0.43082958459854126
0.4828794002532959
0.22568587958812714
0.49749016761779785
0.5541560649871826
0.6398611664772034
0.5714112520217896
0.2872016429901123
0.486578106880188
0.6662217974662781
0.6066612005233765
0.6755145788192749
0.42351725697517395
0.10727909207344055
0.5671875476837158
0.685621976852417
0.5464762449264526
0.39403313398361206
0.4410199522972107
0.6923621892929077
0.6294407844543457
0.5127003192901611
0.6119481325149536
0.6310298442840576
0.5164840817451477
0.20086750388145447
0.6625317335128784
0.6193768382072449
0.6593701243400574
0.6883538961410522
0.7041058540344238
0.6598206758499146
0.1347396820783615
0.3645860254764557
0.659134030342102
0.6532067060470581
0.777799129486084
0.24562160670757294
0.6135826110839844
0.7133822441101074
0.6227311491966248
0.47582370042800903
0.63387531042099
0.46326786279678345
0.647601842880249
0.4875646233558655
0.5385900735855103
0.7194191217422485
0.41288885474205017
0.6961368322372437
0.7830684185028076
0.6954692602157593
0.40776488184928894
0.6101887226104736
0.22031179070472717
0.6586998701095581
0.43498146533966064
0.6834393739700317
0.6177732944488525
0.6401435136795044
0.7120027542114258
0.598363995552063
0.4701831340789795
0.14379246532917023
0.43723630905151367
0.5445101857185364
0.6847308278083801
0.55260169506073
0.7304205894470215
0.7138592004776001
0.416088342666626
0.1756691336631775
0.7125594019889832
0.3421615958213806
0.56905198097229
0.6894487738609314
0.6493951082229614
0.42165669798851013
0.6522033214569092
0.627137303352356
0.684195876121521
0.5756076574325562
0.6553340554237366
0.395072340965271
0.6674124002456665
0.5641436576843262
0.377869188785553
0.710302472114563
0.5868632793426514
0.5568550825119019
0.5813564658164978
0.2796679139137268
0.6870803833007812
0.17591392993927002
0.27387240529060364
0.7264323234558105
0.8930339813232422
0.6307955980300903
0.6011412143707275
0.6638399362564087
0.5739201307296753
0.4161277413368225
0.6656090021133423
0.5013014078140259
0.4856370985507965
0.5994198322296143
0.4913303256034851
0.14502651989459991
0.6927130222320557
0.2199401706457138
0.2467065006494522
0.4625553488731384
0.8000938892364502
0.6047014594078064
0.5103527307510376
0.6274906396865845
0.7190538644790649
0.48872363567352295
0.5904808044433594
0.6577306985855103
0.3352195620536804
0.2542373239994049
0.15376856923103333
0.6540799140930176
0.20238763093948364
0.6772594451904297
0.7063516974449158
0.3518456220626831
0.6495294570922852
0.38336455821990967
0.6939286589622498
0.43346232175827026
0.4906744062900543
0.7138748168945312
0.7453472018241882
0.3943251967430115
0.5882096290588379
0.320034384727478
0.5956931114196777
0.5465395450592041
0.5323268175125122
0.8063186407089233
0.5428900718688965
0.6486777067184448
0.6280056238174438
0.3999153971672058
0.3105311691761017
0.45302319526672363
0.5974196195602417
0.7584991455078125
0.42428040504455566
0.6049094796180725
0.7026066184043884
0.7436923980712891
0.49724215269088745
0.45721161365509033
0.5671346783638
0.2734629511833191
0.23526537418365479
0.7244649529457092
0.6801427602767944
0.639843225479126
0.4970281720161438
0.5570226907730103
0.563392162322998
0.46259209513664246
0.363299697637558
0.7401957511901855
0.4555525779724121
0.23442386090755463
0.7634456157684326
0.8534163236618042
0.5086311101913452
0.3607466518878937
0.7551125288009644
0.24971866607666016
0.5894017219543457
0.7054891586303711
0.5161409378051758
0.36287829279899597
0.6427285671234131
0.3762127757072449
0.7436355352401733
0.3266420364379883
0.43771231174468994
0.6999979019165039
0.607422411441803
0.48394155502319336
0.7137957811355591
0.3769354224205017
0.4590988755226135
0.6646219491958618
0.6214622259140015
0.5460306406021118
0.3344126045703888
0.6207495927810669
0.42752203345298767
0.5404660105705261
0.4279441833496094
0.6795468330383301
0.6821177005767822
0.5677916407585144
0.6817872524261475
0.5650444626808167
0.48990845680236816
0.6453590393066406
0.7047674655914307
0.6900616884231567
0.3154431879520416
0.6483746767044067
0.6457456350326538
0.1345941126346588
0.5125476121902466
0.5858064889907837
0.11425808072090149
0.10512714087963104
0.22391366958618164
0.5141223669052124
0.6267286539077759
0.08471877872943878
0.6101366281509399
0.7373940944671631
0.4198383390903473
0.6338773965835571
0.6236255168914795
0.719954252243042
0.6929932832717896
0.7079503536224365
0.5425482988357544
0.6921474933624268
0.7018467783927917
0.6086109280586243
0.4830954670906067
0.6489862203598022
0.544779896736145
0.6473222970962524
0.6260857582092285
0.814143180847168
0.5183631181716919
0.6168555617332458
0.10538840293884277
0.6540440917015076
0.6324577331542969
0.6303781270980835
0.6906285285949707
0.3748224973678589
0.2728564143180847
0.30308932065963745
0.7313080430030823
0.6326103210449219
0.5234924554824829
0.36045199632644653
0.723052978515625
0.4955142140388489
0.6357054710388184
0.23704639077186584
0.49435698986053467
0.5845543146133423
0.6094828844070435
0.6246316432952881
0.6738882064819336
0.6822758913040161
0.5366877317428589
0.5061138868331909
0.4270242154598236
0.6082930564880371
0.6514731645584106
0.4315463900566101
0.2995160222053528
0.6578702926635742
0.4955013394355774
0.7148572206497192
0.401619017124176
0.3784008026123047
0.28004056215286255
0.5997925996780396
0.7123209238052368
0.5113022327423096
0.7151023149490356
0.6241399049758911
0.4010058343410492
0.8073053359985352
0.596682071685791
0.6403237581253052
0.619782567024231
0.3860800266265869
0.4804322123527527
0.3424795866012573
0.6889081001281738
0.6556946039199829
0.4673948884010315
0.6563894748687744
0.6259472370147705
0.46369028091430664
0.6458523273468018
0.6733846664428711
0.7276155948638916
0.6412208080291748
0.6082775592803955
0.6933995485305786
0.557630181312561
0.8484126329421997
0.450412392616272
0.44389110803604126
0.529297947883606
0.34338659048080444
0.43535861372947693
0.8317297697067261
0.6009659171104431
0.7219251394271851
0.24195170402526855
0.6683952808380127
0.21169009804725647
0.7124009132385254
0.5468476414680481
0.6345895528793335
0.7095730304718018
0.6914517879486084
0.6446249485015869
0.2841550409793854
0.4044939875602722
0.5895219445228577
0.6668148040771484
0.6701377630233765
0.4374743103981018
0.17626513540744781
0.39470505714416504
0.5859999656677246
0.60555100440979
0.6581461429595947
0.12760072946548462
0.6893479824066162
0.37724053859710693
0.3699646294116974
0.6878794431686401
0.6801952123641968
0.22850559651851654
0.6968865394592285
0.42336979508399963
0.6961965560913086
0.5946123003959656
0.6613204479217529
0.4889397621154785
0.5839036703109741
0.4675307273864746
0.5442973971366882
0.7016024589538574
0.6467665433883667
0.6794314384460449
0.575436532497406
0.46837422251701355
0.2288031280040741
0.6380484700202942
0.7850347757339478
0.4929998517036438
0.1281321942806244
0.5415240526199341
0.6285325288772583
0.6139423847198486
0.6759414672851562
0.7791870832443237
0.5828913450241089
0.743492841720581
0.5269347429275513
0.6630867719650269
0.5689546465873718
0.6015171408653259
0.547599732875824
0.7411656975746155
0.6487517356872559
0.13961255550384521
0.6965647339820862
0.6872515678405762
0.6705073118209839
0.3325921893119812
0.4795156717300415
0.2007099688053131
0.3021962642669678
0.19112610816955566
0.5518418550491333
0.5778718590736389
0.2362203598022461
0.21288380026817322
0.5553558468818665
0.6830493211746216
0.6867645978927612
0.491956502199173
0.7091572284698486
0.6332495212554932
0.358593225479126
0.5828607082366943
0.4903186559677124
0.6116316318511963
0.7121756076812744
0.34337279200553894
0.6177055239677429
0.11108651757240295
0.4231971204280853
0.4681047797203064
0.5773129463195801
0.644698977470398
0.6675993204116821
0.7658624649047852
0.6405258178710938
0.6065427660942078
0.3521758019924164
0.2287047952413559
0.6997724771499634
0.4048553705215454
0.6815153360366821
0.5721313953399658
0.6848526000976562
0.5800087451934814
0.316645085811615
0.5996966361999512
0.23986713588237762
0.41865232586860657
0.4852849245071411
0.702017068862915
0.08449706435203552
0.4770650267601013
0.5195369124412537
0.49175775051116943
0.3362622559070587
0.622683048248291
0.18984678387641907
0.6065695285797119
0.634706974029541
0.4666554927825928
0.23519578576087952
0.8268979787826538
0.6064677238464355
0.6782582998275757
0.6318600177764893
0.7551459074020386
0.7601842284202576
0.1319805532693863
0.12239497900009155
0.5790992379188538
0.7035409212112427
0.6228859424591064
0.49745187163352966
0.6667071580886841
0.5170574188232422
0.6181908845901489
0.16852061450481415
0.5078973770141602
0.26292866468429565
0.371570885181427
0.5952433943748474
0.6311924457550049
0.6424963474273682
0.7289429903030396
0.4983290433883667
0.5998233556747437
0.4501323699951172
0.4957915246486664
0.4831923842430115
0.3848465085029602
0.4343158006668091
0.6724061965942383
0.2848115861415863
0.6413669586181641
0.5867040157318115
0.6258293390274048
0.17755252122879028
0.3054167628288269
0.4138715863227844
0.14570225775241852
0.3819137215614319
0.45971614122390747
0.11309903860092163
0.6524413824081421
0.6342064142227173
0.5170086622238159
0.14042595028877258
0.5916242599487305
0.6905663013458252
0.5096213817596436
0.49717676639556885
0.6759863495826721
0.6246215105056763
0.7723921537399292
0.6158244013786316
0.6463285684585571
0.6597508192062378
0.7185494899749756
0.46751153469085693
0.5863732099533081
0.4324488043785095
0.7936378717422485
0.756748616695404
0.44608789682388306
0.768704891204834
0.38512125611305237
0.5558580160140991
0.29663392901420593
0.5524699091911316
0.5890429019927979
0.5999323129653931
0.7863441705703735
0.40737974643707275
0.8481839895248413
0.329942911863327
0.6748265027999878
0.6087667942047119
0.3801157474517822
0.661298930644989
0.18713347613811493
0.44746121764183044
0.40776222944259644
0.5131798386573792
0.5865921378135681
0.3594513535499573
0.34671080112457275
0.4020078778266907
0.5593270063400269
0.7198461294174194
0.5987154841423035
0.6536296606063843
0.5395397543907166
0.4707593023777008
0.24282601475715637
0.5662280321121216
0.2265370488166809
0.5971993803977966
0.6262248754501343
0.7696219682693481
0.5202214121818542
0.6009039878845215
0.6826694011688232
0.6924010515213013
0.3606109321117401
0.6829566955566406
0.7073690891265869
0.42661145329475403
0.34317895770072937
0.7015653252601624
0.6675388813018799
0.4237915873527527
0.2518777549266815
0.6315823793411255
0.6669438481330872
0.7794770002365112
0.6762256622314453
0.8113757371902466
0.5561293363571167
0.16538234055042267
0.5333847999572754
0.49146798253059387
0.5898922085762024
0.7631998062133789
0.380542516708374
0.46536192297935486
0.7754405736923218
0.6297322511672974
0.44241955876350403
0.8200231790542603
0.46902382373809814
0.6441925168037415
0.382243275642395
0.6798202991485596
0.8262051343917847
0.6642429828643799
0.7246342897415161
0.6435307264328003
0.6658039093017578
0.5920093059539795
0.587486743927002
0.5275604724884033
0.6845942735671997
0.22504152357578278
0.8069384098052979
0.5073786973953247
0.4839021861553192
0.4820593297481537
0.6032755374908447
0.353742778301239
0.6262085437774658
0.5365878343582153
0.403470516204834
0.6263177394866943
0.11402353644371033
0.3129994869232178
0.7511860132217407
0.6816962957382202
0.657021701335907
0.5002957582473755
0.7290637493133545
0.6476958394050598
0.42991432547569275
0.42934149503707886
0.7396240830421448
0.696266770362854
0.7368236780166626
0.5184441208839417
0.6355412602424622
0.09498076140880585
0.4165749251842499
0.14852464199066162
0.35749468207359314
0.39689314365386963
0.4649171829223633
0.638157844543457
0.6372100710868835
0.21498101949691772
0.715618371963501
0.60869961977005
0.3796628415584564
0.41938742995262146
0.6488733291625977
0.3492739796638489
0.6967382431030273
0.43921566009521484
0.3625907301902771
0.6042853593826294
0.6932176351547241
0.4362200200557709
0.7290123105049133
0.6652182340621948
0.6875019073486328
0.6504706144332886
0.44462525844573975
0.36564236879348755
0.4231131970882416
0.4344799220561981
0.5379867553710938
0.579657793045044
0.7243081331253052
0.3688403069972992
0.6573652029037476
0.6624306440353394
0.711811900138855
0.5603201389312744
0.5780355930328369
0.6461765170097351
0.6142747402191162
0.6093313694000244
0.5943954586982727
0.23322464525699615
0.6710147857666016
0.5635994672775269
0.5968887209892273
0.6279334425926208
0.4173172116279602
0.3147069811820984
0.8026856184005737
0.6174780130386353
0.38752281665802
0.6876994371414185
0.5540553331375122
0.4824136793613434
0.19648852944374084
0.6118379831314087
0.6424179077148438
0.7953294515609741
0.7237957715988159
0.7243365049362183
0.5887420177459717
0.5047401785850525
0.2942884862422943
0.6323983669281006
0.6534706354141235
0.4893549382686615
0.46980762481689453
0.5534486770629883
0.6900914907455444
0.5615034103393555
0.5095860958099365
0.350231409072876
0.7862589359283447
0.6455800533294678
0.4676353335380554
0.5658496022224426
0.2681531608104706
0.7224314212799072
0.5196841359138489
0.4828973710536957
0.5261911153793335
0.6100811958312988
0.6221299171447754
0.4224269688129425
0.5304476022720337
0.5858024954795837
0.3270469903945923
0.5158031582832336
0.5391303300857544
0.5021141767501831
0.45487791299819946
0.37986528873443604
0.6259604692459106
0.4659980535507202
0.8108252286911011
0.5089749693870544
0.163617342710495
0.668377161026001
0.7112990617752075
0.510132908821106
0.7376959323883057
0.6387878656387329
0.4647533893585205
0.642891526222229
0.09181970357894897
0.4918544292449951
0.34728413820266724
0.6886243224143982
0.5216184854507446
0.650158166885376
0.6592961549758911
0.19137446582317352
0.40370088815689087
0.08371764421463013
0.07684026658535004
0.08208796381950378
0.6958422660827637
0.48848703503608704
0.7397631406784058
0.6310843229293823
0.7059575319290161
0.6118144989013672
0.6903334856033325
0.6415113210678101
0.17670348286628723
0.7672336101531982
0.4499426484107971
0.7612200975418091
0.7062278985977173
0.5199378728866577
0.23749500513076782
0.6314480304718018
0.7437664866447449
0.5477523803710938
0.6794159412384033
0.4538288116455078
0.6418130397796631
0.6828205585479736
0.47149503231048584
0.4277985095977783
0.7002005577087402
0.2075914740562439
0.599856972694397
0.49007487297058105
0.6797347068786621
0.2054828554391861
0.5739706754684448
0.41876769065856934
0.6602972149848938
0.14476436376571655
0.6102622151374817
0.4909589886665344
0.313342809677124
0.677513599395752
0.42291897535324097
0.20990216732025146
0.6208906769752502
0.6528462171554565
0.1893635392189026
0.6774619817733765
0.7783458232879639
0.3768654763698578
0.5373203158378601
0.6304579973220825
0.5977025032043457
0.38724106550216675
0.663716733455658
0.39285439252853394
0.7530256509780884
0.778515100479126
0.620773434638977
0.3513568639755249
0.7107982635498047
0.2559839189052582
0.6589486002922058
0.48927032947540283
0.45998382568359375
0.6626914739608765
0.5442996025085449
0.6281003952026367
0.41597074270248413
0.11051560938358307
0.599844217300415
0.7435798048973083
0.6894145011901855
0.08673557639122009
0.6318472623825073
0.18434147536754608
0.5324060916900635
0.23676222562789917
0.627137303352356
0.6774535179138184
0.08512739837169647
0.7044081687927246
0.30210039019584656
0.7217093706130981
0.4439695179462433
0.1761789470911026
0.14035342633724213
0.5918481349945068
0.6907191276550293
0.49295908212661743
0.724631667137146
0.6316686868667603
0.7038934230804443
0.6845171451568604
0.189397931098938
0.5012643337249756
0.32079046964645386
0.4563148319721222
0.5808519721031189
0.6993944048881531
0.3680465817451477
0.508279025554657
0.7382764220237732
0.1270218789577484
0.6049165725708008
0.5813146829605103
0.14334258437156677
0.6375813484191895
0.4092779755592346
0.6558389663696289
0.6641783714294434
0.3763029873371124
0.8318597078323364
0.470042884349823
0.6528826951980591
0.7460780143737793
0.4309563934803009
0.6491438150405884
0.5201625823974609
0.3430321514606476
0.5315351486206055
0.18577824532985687
0.7706178426742554
0.5908153057098389
0.5800753235816956
0.7058270573616028
0.8450860977172852
0.5023629665374756
0.4199288785457611
0.4965839385986328
0.6502976417541504
0.6486117839813232
0.635689377784729
0.2821642756462097
0.18368889391422272
0.4493105113506317
0.7014545798301697
0.7126554250717163
0.41326308250427246
0.6316684484481812
0.8298828601837158
0.16559365391731262
0.6070989966392517
0.39366334676742554
0.5788617730140686
0.7442221641540527
0.5173110961914062
0.6351780891418457
0.6620538830757141
0.423418253660202
0.5026241540908813
0.5356823205947876
0.7116429805755615
0.6352666616439819
0.356867253780365
0.560565710067749
0.6837300062179565
0.5098474621772766
0.6329182386398315
0.6201457977294922
0.7190123200416565
0.7285246849060059
0.3636745810508728
0.6083790063858032
0.5313721895217896
0.7487662434577942
0.68501216173172
0.12881720066070557
0.28004056215286255
0.28777873516082764
0.6211996674537659
0.38688987493515015
0.5161776542663574
0.1832752227783203
0.30864012241363525
0.49034836888313293
0.8044317960739136
0.529998779296875
0.8324421644210815
0.621212363243103
0.4898974299430847
0.6856303215026855
0.527412474155426
0.5409010648727417
0.10953190922737122
0.641187846660614
0.47316640615463257
0.6325861215591431
0.6879196166992188
0.11148002743721008
0.6078543663024902
0.5781210064888
0.4641479253768921
0.436516135931015
0.7411479949951172
0.7066946029663086
0.6352260112762451
0.5380741953849792
0.5987519025802612
0.6188482046127319
0.663524866104126
0.5750919580459595
0.3364294171333313
0.6532952785491943
0.5878040790557861
0.5106255412101746
0.1088901162147522
0.6499993801116943
0.6520379781723022
0.6823484897613525
0.48124852776527405
0.6396714448928833
0.19929957389831543
0.5120804309844971
0.5011924505233765
0.5337247848510742
0.4892532229423523
0.5314708352088928
0.5553641319274902
0.4571963846683502
0.3418406844139099
0.3779263198375702
0.4438425302505493
0.7006585001945496
0.5326447486877441
0.8325567245483398
0.6067631244659424
0.4703369736671448
0.6182221174240112
0.7249016165733337
0.6946697235107422
0.5461790561676025
0.42072755098342896
0.44739028811454773
0.3971026837825775
0.6462358236312866
0.4820770025253296
0.595980167388916
0.5993307828903198
0.45403867959976196
0.459378182888031
0.256425142288208
0.5728625059127808
0.32426759600639343
0.4919983446598053
0.4994180202484131
0.46918410062789917
0.7656809091567993
0.6671191453933716
0.6310218572616577
0.5484238862991333
0.7138944864273071
0.6933584213256836
0.6278501152992249
0.5141335725784302
0.06441013514995575
0.20966428518295288
0.7045239806175232
0.387371301651001
0.3869011700153351
0.8391990661621094
0.6830769181251526
0.6259803175926208
0.6118159294128418
0.7151179909706116
0.42776551842689514
0.3172193765640259
0.5569317936897278
0.30853819847106934
0.45436805486679077
0.5732599496841431
0.504953920841217
0.32601091265678406
0.622018575668335
0.7771942615509033
0.4131736755371094
0.5054172277450562
0.4415108561515808
0.5054709911346436
0.7269132733345032
0.787800669670105
0.4575735330581665
0.6775028705596924
0.3340016305446625
0.45427611470222473
0.2824128568172455
0.5885578989982605
0.6647225022315979
0.6717654466629028
0.4998664855957031
0.44380298256874084
0.636239767074585
0.6856328845024109
0.7142153978347778
0.5332064032554626
0.6886045932769775
0.7117270231246948
0.5507532358169556
0.4678477942943573
0.6740585565567017
0.6326361894607544
0.316609650850296
0.6638331413269043
0.6491053104400635
0.5809158086776733
0.7103037238121033
0.6321141719818115
0.7891085147857666
0.2789221704006195
0.23102614283561707
0.5712685585021973
0.6529111862182617
0.23586620390415192
0.6066299676895142
0.4977167248725891
0.7250847816467285
0.5964932441711426
0.7342286109924316
0.6298543214797974
0.7825015783309937
0.6294491291046143
0.7250654697418213
0.6871129274368286
0.5539729595184326
0.654761791229248
0.6923097968101501
0.630137026309967
0.5114269852638245
0.5187229514122009
0.6897227168083191
0.8020442724227905
0.7080274820327759
0.649246335029602
0.5062654614448547
0.7059029936790466
0.4441835880279541
0.5151569843292236
0.430745005607605
0.797466516494751
0.7165840268135071
0.4612298011779785
0.22026832401752472
0.6590762734413147
0.6333574056625366
0.6134222745895386
0.3337339460849762
0.47262269258499146
0.7160056829452515
0.7249819040298462
0.27280113101005554
0.5936146974563599
0.4716353416442871
0.7149434089660645
0.41458261013031006
0.3981078267097473
0.6471848487854004
0.737564206123352
0.7230516672134399
0.6651028394699097
0.3158465027809143
0.4521763324737549
0.7226349115371704
0.34357064962387085
0.6567679643630981
0.6177045106887817
0.5684690475463867
0.6910021305084229
0.4675915837287903
0.730417013168335
0.6017165184020996
0.388102650642395
0.7104870676994324
0.6824923157691956
0.6051594018936157
0.6883955597877502
0.444985955953598
0.6983047723770142
0.495604544878006
0.5366590023040771
0.725890040397644
0.6027016639709473
0.6386139392852783
0.6019923686981201
0.7231342792510986
0.66139817237854
0.23780956864356995
0.5566408634185791
0.6367770433425903
0.4013166129589081
0.623531699180603
0.39234253764152527
0.3313868045806885
0.4260575473308563
0.4244801998138428
0.6256556510925293
0.6544966697692871
0.2976667284965515
0.6071635484695435
0.7469511032104492
0.4633457064628601
0.6543611288070679
0.5365339517593384
0.6380540132522583
0.4497090280056
0.6981950402259827
0.4519834518432617
0.5284625291824341
0.5917462110519409
0.6266219615936279
0.6427223682403564
0.5362145900726318
0.6759930849075317
0.14156505465507507
0.502735435962677
0.6046370267868042
0.5560579299926758
0.6994649171829224
0.39182519912719727
0.43201684951782227
0.5776563882827759
0.10684168338775635
0.5287951231002808
0.34671080112457275
0.5790742635726929
0.6346001625061035
0.7197079658508301
0.6102017164230347
0.6898236870765686
0.7003883123397827
0.6958686113357544
0.4714222848415375
0.41802459955215454
0.6687096953392029
0.26443299651145935
0.6689231991767883
0.5653132200241089
0.2994846999645233
0.49607378244400024
0.5210304260253906
0.7232339382171631
0.5998700857162476
0.4857126772403717
0.6161596775054932
0.13846781849861145
0.544029712677002
0.4704170823097229
0.7149161100387573
0.7210614681243896
0.4496956467628479
0.7448407411575317
0.5052169561386108
0.7276222109794617
0.6554757356643677
0.4534425139427185
0.394343763589859
0.1449553519487381
0.7173828482627869
0.615738034248352
0.4247526228427887
0.6174730062484741
0.6043695211410522
0.35784393548965454
0.5664251446723938
0.6757118105888367
0.5527591109275818
0.13277272880077362
0.427420049905777
0.5927996039390564
0.5571838617324829
0.43594640493392944
0.3438745141029358
0.5391070246696472
0.7826991081237793
0.7565958499908447
0.4674605429172516
0.6743960380554199
0.667446494102478
0.7054242491722107
0.3584810495376587
0.6082758903503418
0.5518089532852173
0.5599145889282227
0.490281343460083
0.46743661165237427
0.4387679994106293
0.6191645860671997
0.411623477935791
0.6486897468566895
0.42092153429985046
0.6636859774589539
0.29707467555999756
0.4635084271430969
0.5829342603683472
0.5997835397720337
0.7982271909713745
0.5875548124313354
0.3379285931587219
0.25967976450920105
0.6874585151672363
0.7386714220046997
0.5916281938552856
0.7760342359542847
0.6892814636230469
0.8392027616500854
0.7450793981552124
0.24733011424541473
0.5899943709373474
0.45183032751083374
0.718212366104126
0.45978182554244995
0.7153503894805908
0.6456185579299927
0.0959169864654541
0.7237337827682495
0.3362818658351898
0.7920292615890503
0.6502707600593567
0.3616165518760681
0.5673144459724426
0.4572117328643799
0.6109390258789062
0.6909197568893433
0.5867921113967896
0.6394092440605164
0.3384273052215576
0.6825472116470337
0.4628904163837433
0.3571787476539612
0.4728597402572632
0.6253989934921265
0.7044311761856079
0.21244065463542938
0.12736406922340393
0.5404857397079468
0.7167526483535767
0.553602933883667
0.6168103218078613
0.5591064691543579
0.6402982473373413
0.6023482084274292
0.5484604239463806
0.6454546451568604
0.1148187667131424
0.5220342874526978
0.5900619626045227
0.34167909622192383
0.5565178394317627
0.23962919414043427
0.4726329445838928
0.6292424201965332
0.6879196166992188
0.3719952702522278
0.6710525751113892
0.6358309984207153
0.4363357424736023
0.25771158933639526
0.6564202308654785
0.5995995998382568
0.44759759306907654
0.32446929812431335
0.7421844005584717
0.6731561422348022
0.7902487516403198
0.5228515863418579
0.4166179895401001
0.7804892063140869
0.5615192651748657
0.6768763065338135
0.6707289218902588
0.5203077793121338
0.6830027103424072
0.5838139057159424
0.6100900173187256
0.6068120002746582
0.4654037058353424
0.5875084400177002
0.5119074583053589
0.7333320379257202
0.2716752588748932
0.7084422707557678
0.7206855416297913
0.6628584861755371
0.6720535755157471
0.7665420770645142
0.6865842342376709
0.5273638963699341
0.40325048565864563
0.41298502683639526
0.4638429582118988
0.31069415807724
0.628555417060852
0.5033209323883057
0.5888980627059937
0.3608574867248535
0.29751867055892944
0.7444664239883423
0.37285178899765015
0.5003500580787659
0.700652003288269
0.09274402260780334
0.28886643052101135
0.5344552397727966
0.6343666315078735
0.7070199251174927
0.6329768896102905
0.7169355154037476
0.4743875563144684
0.09187127649784088
0.6008819341659546
0.6249356269836426
0.6544061899185181
0.7488225698471069
0.660123348236084
0.39265280961990356
0.6527988314628601
0.4860933721065521
0.5962262153625488
0.6077752113342285
0.7797569036483765
0.6548562049865723
0.5266515016555786
0.6788723468780518
0.18134865164756775
0.2864290475845337
0.6814018487930298
0.5432962775230408
0.5532318353652954
0.5560370683670044
0.7580291032791138
0.6164664030075073
0.6228276491165161
0.4532695412635803
0.6870383024215698
0.7305095195770264
0.3980090022087097
0.5071572065353394
0.4533494710922241
0.23138323426246643
0.6097058057785034
0.6185458898544312
0.4985390901565552
0.6618300676345825
0.44991251826286316
0.5929761528968811
0.4746873378753662
0.1680832803249359
0.6298640966415405
0.5774915814399719
0.22609640657901764
0.4734075665473938
0.7791203856468201
0.7092664241790771
0.6072920560836792
0.576202392578125
0.5425301790237427
0.7257376909255981
0.3753605782985687
0.5763385891914368
0.25524917244911194
0.7877014875411987
0.5797592401504517
0.5340757369995117
0.657619833946228
0.5937660932540894
0.5715137720108032
0.23099857568740845
0.5040720105171204
0.524858832359314
0.7530866861343384
0.6579768657684326
0.696540355682373
0.6286005973815918
0.7081140279769897
0.5110350251197815
0.5896674394607544
0.6725075244903564
0.7699646949768066
0.32610785961151123
0.6320258378982544
0.2394929677248001
0.6961725950241089
0.7848811149597168
0.6747148036956787
0.6418296098709106
0.422213077545166
0.4421795606613159
0.5047899484634399
0.7051928639411926
0.6574354767799377
0.2180529534816742
0.4288853108882904
0.6763749122619629
0.5510140657424927
0.7896782159805298
0.6705381870269775
0.8363326787948608
0.5504655838012695
0.7278802394866943
0.7071751356124878
0.3331923484802246
0.0719883143901825
0.544277548789978
0.28806957602500916
0.6837804913520813
0.5557248592376709
0.6908718347549438
0.6629089117050171
0.26733720302581787
0.7396771907806396
0.0729391872882843
0.7017832398414612
0.3294525444507599
0.7310152053833008
0.7297143340110779
0.5094410181045532
0.5904950499534607
0.6766287684440613
0.195964977145195
0.7255455255508423
0.6432045102119446
0.43683016300201416
0.6033128499984741
0.630973219871521
0.6673133373260498
0.4347101151943207
0.668138861656189
0.5446103811264038
0.5290416479110718
0.6592342257499695
0.377236008644104
0.1897246092557907
0.2900329530239105
0.2955211400985718
0.7338529825210571
0.581770122051239
0.4826219975948334
0.8199378252029419
0.5450887680053711
0.49321743845939636
0.8562617301940918
0.7456059455871582
0.6040792465209961
0.5012831091880798
0.5652587413787842
0.4936029016971588
0.6620496511459351
0.6274755001068115
0.7717198133468628
0.540605902671814
0.704506516456604
0.17820808291435242
0.8450095653533936
0.5024367570877075
0.3440207540988922
0.7177355289459229
0.5581636428833008
0.654143214225769
0.18775531649589539
0.40930330753326416
0.7551834583282471
0.6084510684013367
0.10848730802536011
0.46991366147994995
0.32215645909309387
0.5698180794715881
0.6312755942344666
0.6813470125198364
0.37645387649536133
0.36391404271125793
0.7314968109130859
0.8029946088790894
0.5180501937866211
0.7177085876464844
0.6299605965614319
0.6029627323150635
0.2280689924955368
0.6277536153793335
0.6819014549255371
0.43439292907714844
0.7074799537658691
0.4293280839920044
0.5836434960365295
0.6438348889350891
0.6751757860183716
0.14712995290756226
0.6416343450546265
0.12176051735877991
0.5963962078094482
0.3007434010505676
0.2994067370891571
0.5775033235549927
0.6620690822601318
0.5147972106933594
0.6529987454414368
0.714958667755127
0.4377274513244629
0.09239746630191803
0.31741607189178467
0.5862721800804138
0.5910407304763794
0.5268925428390503
0.6497814655303955
0.46208739280700684
0.33313214778900146
0.44380950927734375
0.40351712703704834
0.15726101398468018
0.6989285945892334
0.7412302494049072
0.27454638481140137
0.9203104972839355
0.7049257755279541
0.07234334945678711
0.5361064076423645
0.5915366411209106
0.6701338291168213
0.6519906520843506
0.6684812307357788
0.4697211682796478
0.5797696113586426
0.49639660120010376
0.6841026544570923
0.671515166759491
0.4971362352371216
0.4688357710838318
0.4408482313156128
0.1387045681476593
0.6793334484100342
0.32404381036758423
0.6980997323989868
0.14217980206012726
0.5680786371231079
0.8309265375137329
0.649163007736206
0.2733054757118225
0.7992786169052124
0.43317604064941406
0.6453383564949036
0.4850046634674072
0.202353835105896
0.6658556461334229
0.6356947422027588
0.6738017797470093
0.19967490434646606
0.727990984916687
0.589185357093811
0.6240408420562744
0.5701193809509277
0.6247153282165527
0.5357571840286255
0.3688981533050537
0.5874477028846741
0.7035434246063232
0.6335593461990356
0.6393382549285889
0.565007209777832
0.5472613573074341
0.7856959104537964
0.5500789880752563
0.7248148322105408
0.21515995264053345
0.7297389507293701
0.7856203317642212
0.6549887657165527
0.4795699715614319
0.2767602205276489
0.31119340658187866
0.6554629802703857
0.6372381448745728
0.5780818462371826
0.572486162185669
0.3040212392807007
0.22664287686347961
0.508857250213623
0.2786076068878174
0.6529076099395752
0.3643750846385956
0.6211696863174438
0.4128120243549347
0.24181950092315674
0.45975983142852783
0.5465428829193115
0.670822262763977
0.6773089170455933
0.23767708241939545
0.38974669575691223
0.6525081396102905
0.6217982769012451
0.5810882449150085
0.28829216957092285
0.4925660192966461
0.5957671403884888
0.6530947685241699
0.5277323126792908
0.6358200311660767
0.780097246170044
0.6420701742172241
0.7602145671844482
0.7491028904914856
0.6630584001541138
0.4599749743938446
0.650182843208313
0.5980618000030518
0.6828773021697998
0.09265956282615662
0.7345801591873169
0.6905775666236877
0.29212507605552673
0.19665229320526123
0.4534637928009033
0.671588659286499
0.2890176773071289
0.6431039571762085
0.6740337014198303
0.323467493057251
0.43622562289237976
0.4911711812019348
0.48662230372428894
0.6274969577789307
0.6865029335021973
0.4881678819656372
0.6744265556335449
0.3227280378341675
0.7151686549186707
0.06124667823314667
0.6486780047416687
0.3617761433124542
0.5020534992218018
0.7199028730392456
0.7015286684036255
0.2758338153362274
0.4648802578449249
0.6520357131958008
0.37895429134368896
0.24466221034526825
0.566234827041626
0.48642829060554504
0.4578143060207367
0.46313515305519104
0.3675042986869812
0.3834110498428345
0.40364721417427063
0.6195425391197205
0.5239014625549316
0.5556557178497314
0.3886519968509674
0.5764410495758057
0.3257783353328705
0.4781378507614136
0.692215621471405
0.5273258090019226
0.7808377146720886
0.7255688905715942
0.20842576026916504
0.2587502598762512
0.6866869926452637
0.697424054145813
0.5871666669845581
0.39271724224090576
0.4540743827819824
0.4778285324573517
0.6775977611541748
0.6030924320220947
0.5892109274864197
0.10859370231628418
0.5970007181167603
0.4879898726940155
0.5481117367744446
0.6388698816299438
0.3899476230144501
0.6885672807693481
0.7369048595428467
0.649503231048584
0.642376184463501
0.4730035960674286
0.5764420032501221
0.34463801980018616
0.6862808465957642
0.570785403251648
0.5257151126861572
0.6062837839126587
0.35516542196273804
0.5280695557594299
0.6157464385032654
0.7147965431213379
0.6847593784332275
0.7089272737503052
0.3069826364517212
0.4362907409667969
0.4268471300601959
0.7100732922554016
0.6525783538818359
0.48410460352897644
0.658236026763916
0.7403468489646912
0.5415563583374023
0.6398870944976807
0.5737112760543823
0.5151050090789795
0.6516000032424927
0.593759298324585
0.7364157438278198
0.6723470687866211
0.6016305685043335
0.5214852690696716
0.5334886312484741
0.6344118118286133
0.38332751393318176
0.5062940716743469
0.6240617036819458
0.5396052598953247
0.7311666011810303
0.5933032631874084
0.37005069851875305
0.4082590341567993
0.49798041582107544
0.41431593894958496
0.5697775483131409
0.6612767577171326
0.5379757285118103
0.04405468702316284
0.7460302114486694
0.5796797275543213
0.640049397945404
0.1137559711933136
0.556107759475708
0.6457583904266357
0.48430752754211426
0.5918772220611572
0.6549428701400757
0.7123473882675171
0.625488817691803
0.3907049000263214
0.39413419365882874
0.21288380026817322
0.4592975974082947
0.7068947553634644
0.26422783732414246
0.7311002016067505
0.4559314250946045
0.6306695938110352
0.6082587242126465
0.674799919128418
0.6079205870628357
0.554506778717041
0.7150485515594482
0.37793779373168945
0.5669177770614624
0.5942026376724243
0.2639046013355255
0.7203590869903564
0.3602892756462097
0.4795739948749542
0.6164498329162598
0.5603159666061401
0.746271014213562
0.4628744125366211
0.27720531821250916
0.5622314214706421
0.5389743447303772
0.48609083890914917
0.5552107095718384
0.5591541528701782
0.479458212852478
0.45533326268196106
0.35182875394821167
0.6184260845184326
0.323233425617218
0.6774964332580566
0.8065327405929565
0.5160093307495117
0.5515331029891968
0.5719268918037415
0.5954573750495911
0.4346465468406677
0.5482580065727234
0.5997902154922485
0.761937141418457
0.7311261296272278
0.7065485715866089
0.30550500750541687
0.38320600986480713
0.608722984790802
0.4772701561450958
0.16240614652633667
0.4568142294883728
0.5824281573295593
0.5892765522003174
0.6752669811248779
0.5620391368865967
0.5287432074546814
0.643767237663269
0.6386092901229858
0.8015366792678833
0.6927563548088074
0.624372124671936
0.5732322931289673
0.5013089776039124
0.6308994293212891
0.7053081393241882
0.7153336405754089
0.654827892780304
0.45458751916885376
0.6181931495666504
0.6435538530349731
0.48530271649360657
0.6985467672348022
0.649194598197937
0.37945184111595154
0.34708651900291443
0.2880566418170929
0.5544263124465942
0.44508346915245056
0.4052322804927826
0.21583816409111023
0.35697636008262634
0.6747106313705444
0.1849374771118164
0.23786701261997223
0.5322371125221252
0.5633248686790466
0.6523303389549255
0.53985595703125
0.663249135017395
0.6401315927505493
0.46621808409690857
0.5621470212936401
0.55620276927948
0.4759586453437805
0.6492476463317871
0.48686325550079346
0.6303410530090332
0.43479442596435547
0.6315622329711914
0.5739669799804688
0.44568461179733276
0.3773573935031891
0.5994190573692322
0.40151211619377136
0.6891266107559204
0.6968780159950256
0.6306218504905701
0.7104184627532959
0.6997970342636108
0.6279830932617188
0.7913061380386353
0.5987423658370972
0.5772572755813599
0.27761027216911316
0.261165589094162
0.10787749290466309
0.4138811230659485
0.6604515910148621
0.6921548843383789
0.11049667000770569
0.6769009828567505
0.3594774007797241
0.7066548466682434
0.6156365871429443
0.6267613172531128
0.6908265352249146
0.46862298250198364
0.7177830934524536
0.4956013858318329
0.5521306395530701
0.5496683120727539
0.4296838641166687
0.7232300043106079
0.5084301233291626
0.7338411808013916
0.4417074918746948
0.5716085433959961
0.21591947972774506
0.3397608995437622
0.47390830516815186
0.12967102229595184
0.6639010906219482
0.4978311359882355
0.5563103556632996
0.671865701675415
0.6656107902526855
0.5778021812438965
0.3321833610534668
0.5762186050415039
0.6534355282783508
0.6571670770645142
0.7110307216644287
0.5123443603515625
0.6213170289993286
0.45237448811531067
0.7499057054519653
0.6127115488052368
0.6718243360519409
0.5559101104736328
0.7864452600479126
0.5021440386772156
0.5233029723167419
0.12467522919178009
0.5555237531661987
0.2567961812019348
0.29640793800354004
0.76140296459198
0.6704001426696777
0.6868047714233398
0.7312618494033813
0.3914143741130829
0.5376864671707153
0.5534124374389648
0.4594882130622864
0.3869565427303314
0.29407426714897156
0.44388020038604736
0.3378162384033203
0.17842674255371094
0.6467670202255249
0.6992769241333008
0.3568227291107178
0.6307234764099121
0.09476514160633087
0.5355697274208069
0.4728873074054718
0.7470455169677734
0.5929430723190308
0.707269549369812
0.7384728193283081
0.6135882139205933
0.6740084886550903
0.6162199378013611
0.66094970703125
0.50184166431427
0.35011953115463257
0.7863041162490845
0.6960004568099976
0.6547071933746338
0.780042290687561
0.6317949295043945
0.6340980529785156
0.6480538845062256
0.47307896614074707
0.6498377919197083
0.7098022699356079
0.43941962718963623
0.5337995290756226
0.42812713980674744
0.4485267698764801
0.6046451330184937
0.31142306327819824
0.4800052046775818
0.47420647740364075
0.6734498739242554
0.6245402693748474
0.5774946212768555
0.7846018075942993
0.5822232365608215
0.668070912361145
0.6607909798622131
0.6237459182739258
0.7398242950439453
0.6878085136413574
0.6792933940887451
0.3791671395301819
0.4921364188194275
0.56905198097229
0.6578269004821777
0.616724967956543
0.2801470160484314
0.3195025324821472
0.22405888140201569
0.43800088763237
0.664196252822876
0.7647373676300049
0.7079280614852905
0.7180002927780151
0.6694735288619995
0.36717838048934937
0.7276612520217896
0.487119197845459
0.3429912328720093
0.7263078093528748
0.5093780159950256
0.5599183440208435
0.685059666633606
0.4584733247756958
0.4354553818702698
0.4216518700122833
0.6799538135528564
0.5090420246124268
0.34006521105766296
0.6165361404418945
0.6468195915222168
0.6983739137649536
0.5292556285858154
0.6169769763946533
0.7136126756668091
0.5922539234161377
0.4582207202911377
0.6600786447525024
0.7028416395187378
0.5688501000404358
0.3081696629524231
0.43414464592933655
0.657220721244812
0.7735058069229126
0.5325764417648315
0.16403689980506897
0.31459519267082214
0.5851279497146606
0.5909762382507324
0.5418922305107117
0.3397632837295532
0.7346513271331787
0.505072832107544
0.30760830640792847
0.6172676086425781
0.15435992181301117
0.4091438949108124
0.28502967953681946
0.60059654712677
0.7094745635986328
0.6777795553207397
0.6388852596282959
0.5406920909881592
0.7442927360534668
0.13235409557819366
0.6644787192344666
0.6395096778869629
0.6595203876495361
0.7329655885696411
0.4273306131362915
0.5583142638206482
0.5290026068687439
0.22093524038791656
0.7589153051376343
0.05511444807052612
0.6462485790252686
0.6023420095443726
0.35174843668937683
0.6737810373306274
0.31846147775650024
0.6820589303970337
0.690599799156189
0.42557501792907715
0.20195773243904114
0.5566767454147339
0.5880607962608337
0.5454728603363037
0.5291714668273926
0.5904792547225952
0.12843875586986542
0.32429957389831543
0.5067288875579834
0.46536093950271606
0.4741542339324951
0.5791054964065552
0.5135307908058167
0.5120224952697754
0.5886285901069641
0.4628036320209503
0.577195405960083
0.6292688846588135
0.6884593963623047
0.6728261113166809
0.12393152713775635
0.6375386714935303
0.6025018692016602
0.598628044128418
0.7235722541809082
0.666266918182373
0.6565172672271729
0.7185713052749634
0.6689720153808594
0.4325096309185028
0.6379916667938232
0.7822357416152954
0.5281804800033569
0.600394070148468
0.6193834543228149
0.5052739381790161
0.30130869150161743
0.19646605849266052
0.23852406442165375
0.6486252546310425
0.4285607933998108
0.5932488441467285
0.16423462331295013
0.596910834312439
0.34901168942451477
0.5276416540145874
0.47095853090286255
0.4709492325782776
0.6509839296340942
0.7460705041885376
0.6739609241485596
0.49529552459716797
0.578281581401825
0.4798271358013153
0.5075922012329102
0.43099817633628845
0.4990008473396301
0.6742584705352783
0.7027087211608887
0.585214376449585
0.6129046678543091
0.5164771676063538
0.5059139132499695
0.494134783744812
0.4205078184604645
0.451083779335022
0.6520074605941772
0.613614559173584
0.6749112606048584
0.39974159002304077
0.6610689759254456
0.7295843362808228
0.6641466617584229
0.5743726491928101
0.6224936246871948
0.6103829145431519
0.40228670835494995
0.7100443840026855
0.713066577911377
0.3730132281780243
0.6305035948753357
0.24790321290493011
0.6957926750183105
0.5301793813705444
0.6776564121246338
0.693248987197876
0.4035164415836334
0.44099700450897217
0.5770967602729797
0.5404365062713623
0.5121367573738098
0.7139928936958313
0.6070989966392517
0.6534571051597595
0.547613263130188
0.5290704965591431
0.2007579803466797
0.5590788125991821
0.6041052341461182
0.1111440658569336
0.5562666654586792
0.623923659324646
0.3332309424877167
0.6785273551940918
0.7937687635421753
0.20192940533161163
0.4563708007335663
0.5179678201675415
0.6567535400390625
0.4422400891780853
0.7049898505210876
0.5725219249725342
0.63580322265625
0.5262392163276672
0.5466270446777344
0.7096142768859863
0.5732989311218262
0.5851179361343384
0.6832889318466187
0.3944892883300781
0.6226290464401245
0.6034891605377197
0.7474782466888428
0.49128109216690063
0.4793665409088135
0.29407528042793274
0.6517053842544556
0.6224111914634705
0.5171518325805664
0.590788722038269
0.6415424346923828
0.6676783561706543
0.31022006273269653
0.4960172176361084
0.371521919965744
0.42187410593032837
0.6651780009269714
0.6312371492385864
0.5848343968391418
0.7660975456237793
0.22873668372631073
0.5426367521286011
0.48420387506484985
0.37656980752944946
0.6312056183815002
0.6843864321708679
0.7044817209243774
0.34303170442581177
0.3483778238296509
0.6782817840576172
0.6491934061050415
0.5371807813644409
0.5315841436386108
0.6361034512519836
0.2743031978607178
0.6083554029464722
0.6722108721733093
0.4417950510978699
0.6533026695251465
0.561658501625061
0.5186479091644287
0.4317030906677246
0.6949068307876587
0.5699712038040161
0.5369250774383545
0.6852998733520508
0.4436042904853821
0.6247738599777222
0.7461799383163452
0.5082488656044006
0.11031770706176758
0.7274378538131714
0.5114269852638245
0.48699718713760376
0.7315505743026733
0.4163164794445038
0.6666363477706909
0.5893231630325317
0.4152732491493225
0.6288497447967529
0.2132132649421692
0.456466406583786
0.6378705501556396
0.7862584590911865
0.24140149354934692
0.6711499691009521
0.6771646738052368
0.6558221578598022
0.7875046730041504
0.24093763530254364
0.5069481730461121
0.21614524722099304
0.6928970813751221
0.6848303079605103
0.6250523328781128
0.5909343957901001
0.6190141439437866
0.16513174772262573
0.6831947565078735
0.6055078506469727
0.26738855242729187
0.6181188821792603
0.6695114374160767
0.2611663043498993
0.14380009472370148
0.44975554943084717
0.6992626190185547
0.55203777551651
0.6547414660453796
0.4777543544769287
0.6537680625915527
0.6640537977218628
0.08778154850006104
0.31890687346458435
0.717206597328186
0.6327224969863892
0.5421972274780273
0.5081755518913269
0.712082028388977
0.37771859765052795
0.528913140296936
0.44790852069854736
0.8254572153091431
0.6410574913024902
0.64716637134552
0.6764581203460693
0.6437003016471863
0.6269536018371582
0.7412495613098145
0.4262699782848358
0.5213828086853027
0.34426310658454895
0.621391773223877
0.44837671518325806
0.7204364538192749
0.7591630220413208
0.544336199760437
0.3291143476963043
0.5240676403045654
0.5627603530883789
0.2614278495311737
0.5056665539741516
0.5153621435165405
0.39114174246788025
0.6226690411567688
0.5398890376091003
0.4287390112876892
0.6626224517822266
0.2734769582748413
0.3328748345375061
0.1559072881937027
0.5447676181793213
0.5643181800842285
0.5307740569114685
0.5069937109947205
0.6487981677055359
0.5049542784690857
0.5824533700942993
0.5914205312728882
0.6845388412475586
0.34176957607269287
0.6827843189239502
0.5785969495773315
0.6003267765045166
0.6108993291854858
0.6932889223098755
0.3525305986404419
0.44965294003486633
0.6836826801300049
0.7761127948760986
0.7844052314758301
0.6946606636047363
0.6734271049499512
0.5136396884918213
0.6375182867050171
0.579586386680603
0.3120972216129303
0.5931528210639954
0.22388777136802673
0.5933698415756226
0.7348283529281616
0.49733513593673706
0.39249780774116516
0.7347146272659302
0.3300779461860657
0.5450533628463745
0.5755933523178101
0.4773889183998108
0.6673640012741089
0.5522462129592896
0.7030250430107117
0.6649305820465088
0.48929309844970703
0.6880620718002319
0.6352227926254272
0.2307213991880417
0.480933278799057
0.31697729229927063
0.7153195738792419
0.4783388376235962
0.7638888359069824
0.6454325318336487
0.4331061542034149
0.282079815864563
0.6901804208755493
0.46854764223098755
0.4638504385948181
0.4924582540988922
0.9213050603866577
0.8489091396331787
0.20638507604599
0.19247210025787354
0.6717668175697327
0.48819515109062195
0.4093511402606964
0.6463267803192139
0.7059398889541626
0.4307277798652649
0.771509051322937
0.6051923036575317
0.5191627740859985
0.648678183555603
0.47733020782470703
0.6890577077865601
0.4200449585914612
0.5902800559997559
0.7126368284225464
0.20175087451934814
0.5873981714248657
0.530657947063446
0.39627957344055176
0.6271416544914246
0.7375433444976807
0.22523461282253265
0.23741382360458374
0.2911663353443146
0.25419577956199646
0.1183357983827591
0.5028234124183655
0.49085065722465515
0.5074796080589294
0.5899778604507446
0.7056393623352051
0.4164057672023773
0.5785725116729736
0.31497353315353394
0.6580641269683838
0.3091205358505249
0.6653038263320923
0.39442500472068787
0.5814312696456909
0.49313050508499146
0.5692732334136963
0.6534835696220398
0.7330728769302368
0.6520270109176636
0.7373727560043335
0.3342527747154236
0.6582034230232239
0.22963659465312958
0.7973328828811646
0.705649733543396
0.38119742274284363
0.4438859224319458
0.32310715317726135
0.6614209413528442
0.7808284759521484
0.5024685859680176
0.5137585401535034
0.6756324768066406
0.3192603588104248
0.6562411189079285
0.556241512298584
0.6532245874404907
0.6651208400726318
0.5573662519454956
0.7343365550041199
0.3773563802242279
0.5409160852432251
0.4264780879020691
0.6767343878746033
0.7245054244995117
0.6274974346160889
0.6549215316772461
0.1959432065486908
0.5880200266838074
0.44744426012039185
0.2676408886909485
0.5901575088500977
0.8362122774124146
0.5789270401000977
0.5670285820960999
0.5888428688049316
0.5778542757034302
0.5546129941940308
0.6563962697982788
0.6743762493133545
0.6987291574478149
0.6571556329727173
0.589015007019043
0.5298788547515869
0.6465364694595337
0.6832082271575928
0.6715465188026428
0.7972937822341919
0.5989759564399719
0.6913039088249207
0.49072617292404175
0.5812078714370728
0.6962364315986633
0.224952831864357
0.7900986671447754
0.1493641883134842
0.7179201245307922
0.7187210321426392
0.6128357648849487
0.619693398475647
0.641136646270752
0.32486850023269653
0.4101165235042572
0.5740325450897217
0.5258296132087708
0.6498064398765564
0.44318392872810364
0.4919925034046173
0.41206979751586914
0.12365320324897766
0.3363436460494995
0.0888068675994873
0.45158544182777405
0.09893321990966797
0.5278864502906799
0.49607425928115845
0.4670865833759308
0.39486220479011536
0.8103476762771606
0.6716554164886475
0.6485074758529663
0.4800160825252533
0.5420317649841309
0.5572452545166016
0.48344698548316956
0.666046142578125
0.5451817512512207
0.2695870101451874
0.4731488823890686
0.6406213045120239
0.5312744975090027
0.3273024559020996
0.17967772483825684
0.664112389087677
0.6362411379814148
0.6335530281066895
0.5658228993415833
0.19472484290599823
0.7569354772567749
0.7282278537750244
0.6882681846618652
0.6311517953872681
0.306841105222702
0.17042356729507446
0.11195413768291473
0.5251016020774841
0.511049747467041
0.6870861649513245
0.26163411140441895
0.5615130066871643
0.5718324184417725
0.6275049448013306
0.6317189931869507
0.5235599279403687
0.7638696432113647
0.4420228600502014
0.5232412219047546
0.4121304154396057
0.42268505692481995
0.06588795781135559
0.3679511845111847
0.5866785645484924
0.4526844620704651
0.5825341939926147
0.28408485651016235
0.36227041482925415
0.5762004852294922
0.6471753120422363
0.71686851978302
0.5374550223350525
0.6928980350494385
0.4720894694328308
0.6031326055526733
0.5781083703041077
0.5022512674331665
0.6901240348815918
0.627432107925415
0.6627531051635742
0.6806232929229736
0.512244462966919
0.23286257684230804
0.3651147484779358
0.6715524196624756
0.6507928371429443
0.7117112874984741
0.4497453272342682
0.684213399887085
0.6851625442504883
0.7470970749855042
0.6626236438751221
0.4675534963607788
0.6688715219497681
0.36311864852905273
0.5231006741523743
0.5718454122543335
0.44074201583862305
0.6527140140533447
0.6297684907913208
0.6083866357803345
0.6401697993278503
0.4069892168045044
0.622319221496582
0.45782649517059326
0.8479187488555908
0.5620696544647217
0.47525084018707275
0.655266284942627
0.6369553804397583
0.09291967749595642
0.8184362649917603
0.527732253074646
0.5967162847518921
0.449224054813385
0.6249970197677612
0.714729905128479
0.5298906564712524
0.6993435621261597
0.2564060091972351
0.5066999197006226
0.4754747152328491
0.43577951192855835
0.7138898372650146
0.4275157153606415
0.3417384922504425
0.09386955201625824
0.6108795404434204
0.6900360584259033
0.3986651301383972
0.6453440189361572
0.49155744910240173
0.415740430355072
0.4005403518676758
0.23951265215873718
0.6764050722122192
0.13315927982330322
0.46173936128616333
0.7116470336914062
0.8531972169876099
0.7812855243682861
0.5339934229850769
0.6591383218765259
0.7446250915527344
0.6664654016494751
0.7198823690414429
0.5393763780593872
0.1755468100309372
0.4011405110359192
0.4235798418521881
0.1840762048959732
0.6415241956710815
0.5637587904930115
0.6254860162734985
0.5398894548416138
0.5999782085418701
0.6849688291549683
0.6916754245758057
0.5866385102272034
0.6846481561660767
0.5307018160820007
0.6309640407562256
0.19412526488304138
0.7217344045639038
0.7519408464431763
0.7167155146598816
0.5421196818351746
0.3922244906425476
0.37208354473114014
0.6511509418487549
0.6286392211914062
0.467052161693573
0.4649193286895752
0.5813814401626587
0.3639126420021057
0.6048761606216431
0.7129514217376709
0.5880876779556274
0.7261993885040283
0.48551273345947266
0.6744899749755859
0.37745964527130127
0.5943965911865234
0.5946280360221863
0.7383207082748413
0.7092695236206055
0.7677687406539917
0.4126477837562561
0.5658243894577026
0.7120459675788879
0.5755856037139893
0.44786593317985535
0.479722797870636
0.2963981032371521
0.6818914413452148
0.779200553894043
0.5518420934677124
0.5876781940460205
0.4405324459075928
0.57208251953125
0.4450201988220215
0.6270921230316162
0.5786203145980835
0.3474394977092743
0.5698938965797424
0.8365304470062256
0.7546741962432861
0.6566331386566162
0.6614366769790649
0.6760106086730957
0.1896645724773407
0.70444655418396
0.4149456024169922
0.30722540616989136
0.7129262685775757
0.2696055471897125
0.7221522331237793
0.3483128547668457
0.6215010285377502
0.2531016170978546
0.6539821624755859
0.6687431335449219
0.23128162324428558
0.5513213872909546
0.7561315298080444
0.41541117429733276
0.5261088013648987
0.15241298079490662
0.7060884237289429
0.3911811113357544
0.3102688789367676
0.7632509469985962
0.6842824220657349
0.7075068950653076
0.2953554689884186
0.6957015991210938
0.5518361330032349
0.5874552130699158
0.6464083194732666
0.6095786690711975
0.6023557782173157
0.5623241662979126
0.7165261507034302
0.7926390171051025
0.8584394454956055
0.6876488924026489
0.6903797388076782
0.32523903250694275
0.42557623982429504
0.6934179067611694
0.6080319881439209
0.6832495927810669
0.3683381676673889
0.5819242596626282
0.6763930320739746
0.6528590321540833
0.5367522835731506
0.620598554611206
0.23628179728984833
0.565007209777832
0.5850360989570618
0.7629964351654053
0.6547659635543823
0.41034820675849915
0.6853232383728027
0.4735039472579956
0.47946059703826904
0.3735876679420471
0.5084574222564697
0.6147524118423462
0.5499159097671509
0.5957112312316895
0.6559972763061523
0.385591983795166
0.5215608477592468
0.7016197443008423
0.6567583084106445
0.6054102182388306
0.22979089617729187
0.6749411821365356
0.4759202301502228
0.5353599786758423
0.6487554311752319
0.1010010689496994
0.7469180822372437
0.6433609127998352
0.7267248630523682
0.6014938354492188
0.5553768873214722
0.5808547139167786
0.2514048218727112
0.6749554872512817
0.6472891569137573
0.5930137038230896
0.6815253496170044
0.5602917671203613
0.5804601907730103
0.21028131246566772
0.6360898017883301
0.4486803710460663
0.78379225730896
0.41598373651504517
0.7089642286300659
0.4328954219818115
0.6523807644844055
0.4992128610610962
0.8156440258026123
0.711931586265564
0.5704059600830078
0.5698108673095703
0.5591747760772705
0.5874731540679932
0.4277294874191284
0.6037955284118652
0.6001541614532471
0.6899551153182983
0.7163275480270386
0.6363011598587036
0.6558728218078613
0.735802412033081
0.6300870180130005
0.11134664714336395
0.6056286096572876
0.652306079864502
0.6141531467437744
0.7398710250854492
0.701499879360199
0.6407603025436401
0.7463113069534302
0.6758037805557251
0.622050404548645
0.5394871234893799
0.6611099243164062
0.7783254384994507
0.6442391872406006
0.6845721006393433
0.30278754234313965
0.4768536388874054
0.048405468463897705
0.2078200876712799
0.6879774332046509
0.7467005252838135
0.4830755889415741
0.5141292810440063
0.6818416714668274
0.7097328901290894
0.6819941997528076
0.6813873052597046
0.6032755374908447
0.6863236427307129
0.508865475654602
0.48624229431152344
0.3575255572795868
0.6718521118164062
0.653508186340332
0.5383683443069458
0.6149799823760986
0.6720886826515198
0.3816397786140442
0.6793909072875977
0.6232388019561768
0.7526426911354065
0.42069530487060547
0.2985844016075134
0.6324851512908936
0.6579297780990601
0.6642141342163086
0.6388381719589233
0.19295914471149445
0.17765936255455017
0.48830196261405945
0.7037851810455322
0.40403953194618225
0.7550009489059448
0.5079718828201294
0.6485772132873535
0.7129685878753662
0.514335036277771
0.7439202070236206
0.6110326051712036
0.6353214979171753
0.4353523850440979
0.3860832154750824
0.690445601940155
0.591589093208313
0.36631879210472107
0.526196300983429
0.763363242149353
0.08823186159133911
0.7536756992340088
0.7196435928344727
0.5875552892684937
0.3894939124584198
0.28350284695625305
0.47716689109802246
0.6193943023681641
0.5610628724098206
0.605443000793457
0.42376387119293213
0.3384942412376404
0.7049421668052673
0.7022616863250732
0.5813066959381104
0.5285245180130005
0.5467244386672974
0.315085232257843
0.6981244087219238
0.5535287857055664
0.47747915983200073
0.30735868215560913
0.2846025228500366
0.4175991117954254
0.5277203321456909
0.4807521402835846
0.6771140098571777
0.6683491468429565
0.2199551910161972
0.31709927320480347
0.5776059627532959
0.6726514101028442
0.6852068901062012
0.2515181601047516
0.6092056035995483
0.15265217423439026
0.603946328163147
0.07725788652896881
0.47678741812705994
0.596041202545166
0.5698300004005432
0.39428794384002686
0.7487747669219971
0.7040203809738159
0.7218928337097168
0.7151840925216675
0.7371782064437866
0.6433637142181396
0.7037919759750366
0.3087603747844696
0.1222129762172699
0.6079596877098083
0.6158195734024048
0.29081016778945923
0.24622923135757446
0.33041900396347046
0.433906614780426
0.7333066463470459
0.17599600553512573
0.3280421495437622
0.4131743013858795
0.4013715386390686
0.6563258171081543
0.6950443387031555
0.6262041926383972
0.6234337091445923
0.6781551241874695
0.4327014088630676
0.16486436128616333
0.44411003589630127
0.3386228084564209
0.7294121980667114
0.5383235216140747
0.5709999799728394
0.6000344157218933
0.6060619950294495
0.576117992401123
0.2870861887931824
0.5853549242019653
0.582176685333252
0.6403566598892212
0.3681378662586212
0.40831613540649414
0.4076654314994812
0.6091941595077515
0.5651040077209473
0.7130114436149597
0.32364773750305176
0.25311145186424255
0.34352099895477295
0.6444122791290283
0.516573429107666
0.31785035133361816
0.40318194031715393
0.5850920677185059
0.7128559350967407
0.7218261361122131
0.5507312417030334
0.6899921894073486
0.06473271548748016
0.5851809978485107
0.5417938232421875
0.6386851072311401
0.5905119180679321
0.7063164114952087
0.7356340885162354
0.7865945100784302
0.31862083077430725
0.6226613521575928
0.6713448762893677
0.34534668922424316
0.6295713186264038
0.4419868588447571
0.6840072870254517
0.6547123193740845
0.4698687791824341
0.5906811952590942
0.4319879412651062
0.4179643988609314
0.6274625062942505
0.3867228329181671
0.7432500123977661
0.6068003177642822
0.3588930368423462
0.28723281621932983
0.08944763243198395
0.581443727016449
0.6083245277404785
0.5353769063949585
0.6488254070281982
0.5505075454711914
0.6117947101593018
0.5121310353279114
0.8909194469451904
0.6952552199363708
0.5075843930244446
0.7991667985916138
0.698729932308197
0.5099159479141235
0.4459506571292877
0.40986400842666626
0.6707899570465088
0.43499520421028137
0.73432457447052
0.38687145709991455
0.6197879314422607
0.3402457535266876
0.6414443254470825
0.7997593879699707
0.6697361469268799
0.48601943254470825
0.6117546558380127
0.46970757842063904
0.6280282735824585
0.5718252658843994
0.6411981582641602
0.5554943084716797
0.6002360582351685
0.5364691019058228
0.7029092311859131
0.5588687658309937
0.6643588542938232
0.6845232248306274
0.26815974712371826
0.4460524618625641
0.6492955684661865
0.5208839178085327
0.20270389318466187
0.3792864680290222
0.7369093894958496
0.6804441213607788
0.3982055187225342
0.4702438414096832
0.7063696980476379
0.5630822777748108
0.36044830083847046
0.5848757028579712
0.19696100056171417
0.6611191034317017
0.6988825798034668
0.5805609226226807
0.22263740003108978
0.6476969718933105
0.6809332370758057
0.28487950563430786
0.22352948784828186
0.6777471303939819
0.6800574064254761
0.6486591100692749
0.40986907482147217
0.37133413553237915
0.5942679643630981
0.653484582901001
0.4729205071926117
0.5797838568687439
0.5414258241653442
0.45045825839042664
0.7832745313644409
0.5283471941947937
0.6708140969276428
0.18655242025852203
