0.8404335975646973
0.8447567224502563
0.6168270707130432
0.30297940969467163
0.6313310861587524
0.46244338154792786
0.056086648255586624
0.725459098815918
0.503227949142456
0.7705341577529907
0.6400449275970459
0.4507655203342438
0.5839436054229736
0.6171144247055054
0.715769350528717
0.5937344431877136
0.46076664328575134
0.6889748573303223
0.1522258073091507
0.5783292055130005
0.7539364695549011
0.6227482557296753
0.914695680141449
0.7304199934005737
0.9155013561248779
0.5968854427337646
0.6997430324554443
0.2839110493659973
0.7369828224182129
0.7104735374450684
0.7556966543197632
0.5447811484336853
0.7352057695388794
0.7209575772285461
0.3745739758014679
0.8867586851119995
0.8422847986221313
0.6640801429748535
0.7349807620048523
0.8176660537719727
0.5683757662773132
0.4969504773616791
0.7103913426399231
0.8095117807388306
0.8439265489578247
0.48217275738716125
0.8078147172927856
0.1497562825679779
0.8536696434020996
0.6126562356948853
0.48185494542121887
0.8150418400764465
0.651599645614624
0.24066221714019775
0.6305860280990601
0.6683710813522339
0.8055727481842041
0.846843957901001
0.35882678627967834
0.7844222784042358
0.7562119960784912
0.6247339248657227
0.6425652503967285
0.8415361642837524
0.5519753098487854
0.5196468830108643
0.7988491058349609
0.4325816333293915
0.5479997992515564
0.5597017407417297
0.6167116761207581
0.5288413763046265
0.4092765152454376
0.8465299606323242
0.7185613512992859
0.6339846253395081
0.5992872714996338
0.5625818371772766
0.5534196496009827
0.7278016805648804
0.34990277886390686
0.8186182975769043
0.7274200916290283
0.6356061100959778
0.8644399642944336
0.6704857349395752
0.6157605648040771
0.5781896114349365
0.5821089744567871
0.3290965259075165
0.3905963897705078
0.5713574886322021
0.6800381541252136
0.7542932629585266
0.1822231113910675
0.5777010321617126
0.6128520965576172
0.7619820833206177
0.8258817791938782
0.9231173396110535
0.8640915751457214
0.7262376546859741
0.7380484342575073
0.2519024908542633
0.789681077003479
0.7991042137145996
0.7643662691116333
0.8540000915527344
0.5523213148117065
0.715255618095398
0.8527635931968689
0.7867487668991089
0.8865866661071777
0.8588192462921143
0.16994374990463257
0.9132004380226135
0.6635878086090088
0.3007083833217621
0.6016251444816589
0.8101266026496887
0.46651163697242737
0.08254100382328033
0.6317867040634155
0.7825816869735718
0.7444154024124146
0.8032568693161011
0.17284002900123596
0.36845627427101135
0.9292547106742859
0.7098066806793213
0.6466755270957947
0.6215953826904297
0.6266411542892456
0.6118884086608887
0.8007208704948425
0.8850148320198059
0.6094876527786255
0.7273680567741394
0.8785611987113953
0.7092151641845703
0.22875264286994934
0.7306307554244995
0.5179522633552551
0.47559136152267456
0.4417618215084076
0.5378723740577698
0.302048921585083
0.6487932801246643
0.7314220070838928
0.7255667448043823
0.6127163171768188
0.6191805601119995
0.6505386829376221
0.681684136390686
0.052850909531116486
0.7989602088928223
0.7793110609054565
0.6254932880401611
0.6783570647239685
0.5250278115272522
0.13474398851394653
0.6330472826957703
0.5326276421546936
0.5890713930130005
0.6864000558853149
0.5314595103263855
0.7411547899246216
0.7739587426185608
0.5346348881721497
0.3247716724872589
0.7324516773223877
0.3664587438106537
0.6333065629005432
0.7721116542816162
0.7547696828842163
0.5459606051445007
0.6522446274757385
0.6788429021835327
0.8228931427001953
0.7726166248321533
0.47414299845695496
0.479348748922348
0.7059531211853027
0.7050081491470337
0.7658485174179077
0.7066065669059753
0.5133519768714905
0.23865139484405518
0.9165688157081604
0.7829080820083618
0.6765890121459961
0.5895932912826538
0.8605622053146362
0.8745940923690796
0.7257335782051086
0.7839727401733398
0.5424945950508118
0.5767830014228821
0.2978847622871399
0.6691412925720215
0.37350738048553467
0.5383270382881165
0.7539284825325012
0.5331757068634033
0.6384174823760986
0.5455071926116943
0.8127938508987427
0.433225154876709
0.5939386487007141
0.6490665674209595
0.34946760535240173
0.9239425659179688
0.7255239486694336
0.6536107063293457
0.4941771328449249
0.20860648155212402
0.6510522365570068
0.7032696008682251
0.4183504283428192
0.612922191619873
0.8308319449424744
0.25236639380455017
0.6607829332351685
0.7265987396240234
0.6232918500900269
0.6296223998069763
0.46219977736473083
0.7055134773254395
0.8703296184539795
0.6424261927604675
0.6836140751838684
0.7474695444107056
0.7104058265686035
0.6761508584022522
0.42282962799072266
0.7695993781089783
0.5517547130584717
0.7605836391448975
0.40159884095191956
0.3460748493671417
0.7690225839614868
0.32936984300613403
0.28495079278945923
0.7166469693183899
0.8201907873153687
0.846949577331543
0.5836710333824158
0.6885868310928345
0.8193385004997253
0.4574955999851227
0.7398729920387268
0.6852114200592041
0.6088745594024658
0.5464621782302856
0.5986037850379944
0.6247729659080505
0.721297025680542
0.614618718624115
0.5052655339241028
0.6444631814956665
0.9075098037719727
0.6415607333183289
0.7338874340057373
0.4452270567417145
0.8396905660629272
0.8915982246398926
0.8244062662124634
0.47526875138282776
0.59608393907547
0.32579636573791504
0.4609334468841553
0.7434125542640686
0.7119920253753662
0.739916205406189
0.7244594097137451
0.6768515706062317
0.47353532910346985
0.40281814336776733
0.8429356813430786
0.560028612613678
0.6841694116592407
0.7156550884246826
0.5413373708724976
0.5364968776702881
0.7766105532646179
0.7647372484207153
0.5863547921180725
0.7185221910476685
0.7298000454902649
0.6084532141685486
0.274190753698349
0.6337071061134338
0.7276890277862549
0.5029360055923462
0.6123719811439514
0.8272112607955933
0.6451486349105835
0.6213340163230896
0.7936533689498901
0.5780999064445496
0.5793697237968445
0.7987829446792603
0.7449834942817688
0.8319190740585327
0.19035685062408447
0.8475968837738037
0.8102765083312988
0.5888807773590088
0.36623522639274597
0.46404504776000977
0.539688229560852
0.5614184737205505
0.7605758905410767
0.6463158130645752
0.12222063541412354
0.20735138654708862
0.7090137004852295
0.39412176609039307
0.9140595197677612
0.7371935844421387
0.6036088466644287
0.26172834634780884
0.4906662106513977
0.6985446214675903
0.7441595196723938
0.5714384317398071
0.6029483079910278
0.5381255149841309
0.9305216073989868
0.808017373085022
0.6854051351547241
0.6500228047370911
0.6131595373153687
0.6339871287345886
0.6337294578552246
0.5093057155609131
0.7399541139602661
0.8289765119552612
0.6609723567962646
0.6461944580078125
0.5765034556388855
0.40999385714530945
0.7617220878601074
0.31302034854888916
0.925031304359436
0.5995078682899475
0.7746990323066711
0.7657781839370728
0.8260936141014099
0.6943309903144836
0.6716517210006714
0.696969747543335
0.7562928199768066
0.8532248735427856
0.6459603309631348
0.42313551902770996
0.294625848531723
0.6590021848678589
0.5593746900558472
0.7254962921142578
0.6113607287406921
0.7862448692321777
0.5968990325927734
0.7402256727218628
0.15894627571105957
0.5301962494850159
0.5397824645042419
0.5656753778457642
0.9812828898429871
0.5171573758125305
0.7686862945556641
0.7573350667953491
0.4075832664966583
0.5331666469573975
0.4245508015155792
0.5179352760314941
0.6552551984786987
0.7520452737808228
0.6126127243041992
0.8226230144500732
0.8000459671020508
0.2502496838569641
0.5143463611602783
0.9396466612815857
0.7745405435562134
0.40058836340904236
0.6969524621963501
0.6716490387916565
0.7033684253692627
0.2397516667842865
0.6859686374664307
0.6786784529685974
0.743133008480072
0.5345268845558167
0.5438634753227234
0.7044016718864441
0.6696547269821167
0.5676960945129395
0.7823228240013123
0.4387180209159851
0.5611756443977356
0.7487283945083618
0.4870359003543854
0.5925465226173401
0.7066730260848999
0.8272346258163452
0.6199228763580322
0.8360002636909485
0.7469820976257324
0.5278118252754211
0.8937270641326904
0.7602138519287109
0.6883188486099243
0.6921164393424988
0.7193084955215454
0.5930043458938599
0.5185962319374084
0.6405866742134094
0.6823799014091492
0.616923451423645
0.45232275128364563
0.6588319540023804
0.7820159792900085
0.698655366897583
0.7229751348495483
0.6610791087150574
0.6146304607391357
0.6157501935958862
0.7067322731018066
0.7385729551315308
0.6348800659179688
0.7285190224647522
0.844904899597168
0.8071824312210083
0.6970812678337097
0.247679203748703
0.6909475922584534
0.615593671798706
0.8896204233169556
0.767487645149231
0.6512967944145203
0.8029204607009888
0.3188205063343048
0.4749142825603485
0.48766377568244934
0.4810657799243927
0.5475291609764099
0.6502549648284912
0.5490095615386963
0.793012797832489
0.646703839302063
0.9529142379760742
0.6032723784446716
0.58335280418396
0.7226470112800598
0.30425751209259033
0.7646456360816956
0.6876709461212158
0.8862169981002808
0.8610399961471558
0.8523179292678833
0.6952539086341858
0.745495080947876
0.7466500997543335
0.9213050603866577
0.75490403175354
0.7284029126167297
0.8056167364120483
0.3923693895339966
0.6182191371917725
0.4990726411342621
0.3294103443622589
0.5593919157981873
0.6419095993041992
0.5914285182952881
0.513687014579773
0.7685554027557373
0.6679720282554626
0.8725456595420837
0.7905367612838745
0.8095117807388306
0.5117412805557251
0.5516663789749146
0.7377897500991821
0.6678916215896606
0.5719184875488281
0.5055064558982849
0.11047865450382233
0.6542124152183533
1.0076134204864502
0.04314785450696945
0.9156866669654846
0.7935975790023804
0.3927757143974304
0.5860334634780884
0.6030848622322083
0.6298280358314514
0.7978640794754028
0.7379224300384521
0.6106229424476624
0.7303060293197632
0.7934515476226807
0.7359668612480164
0.4499194920063019
0.17144188284873962
0.05105054751038551
0.7999927997589111
0.6412738561630249
0.7718346118927002
0.7018789052963257
0.4815967082977295
0.5372277498245239
0.7630664110183716
0.4644888937473297
0.19840389490127563
0.804890513420105
0.5381560325622559
0.9412437081336975
0.37307366728782654
0.14728862047195435
0.6249790191650391
0.3163008689880371
0.5569581985473633
0.29357221722602844
0.8056586980819702
0.4283430576324463
0.6228783130645752
0.5131823420524597
0.25236809253692627
0.5676283240318298
0.6650464534759521
0.7670540809631348
0.6621589660644531
0.6223057508468628
0.05116100609302521
0.7632625102996826
0.6556016206741333
0.7499266862869263
0.814822793006897
0.6963035464286804
0.6289384365081787
0.6900348663330078
0.7174245119094849
0.6280160546302795
0.5091440081596375
0.6623947620391846
0.4576282203197479
0.7666595578193665
0.11406716704368591
0.36161503195762634
0.09524177014827728
0.7201154828071594
0.3011920154094696
0.6664237976074219
0.8652303814888
0.7171218991279602
0.5222917199134827
0.7309020161628723
0.4637924134731293
0.06618150323629379
0.5771102905273438
0.5681206583976746
0.8142887353897095
0.6143147349357605
0.6659116148948669
0.8640897274017334
0.6436396837234497
0.40662968158721924
0.8953073620796204
0.6627334952354431
0.6359266042709351
0.4445495903491974
0.862587571144104
0.6053824424743652
0.5677499771118164
0.7139242887496948
0.635967493057251
0.6611179113388062
0.8647063374519348
0.5801125764846802
0.6357162594795227
0.6401667594909668
0.7863608002662659
0.6571817398071289
0.35554400086402893
0.6770192384719849
0.807331919670105
0.6838871240615845
0.3023165762424469
0.5148084163665771
0.7668492794036865
0.8390032052993774
0.44829338788986206
1.0070552825927734
0.1718212366104126
0.8708622455596924
0.3344239592552185
0.5974104404449463
0.7035766839981079
0.7742490768432617
0.6513295769691467
0.7758922576904297
0.6618932485580444
0.6881600618362427
0.8011144399642944
0.6895262002944946
0.8349400162696838
0.8087189197540283
0.792780339717865
0.7288051843643188
0.4820398986339569
0.23247769474983215
0.6626989245414734
0.7508739829063416
0.6419501900672913
0.190156489610672
0.7828835248947144
0.5613091588020325
0.7173560857772827
0.3960683047771454
0.6517515182495117
0.2050076127052307
0.5536772012710571
0.25284895300865173
0.3574005365371704
0.4232061207294464
0.9064256548881531
0.6822068691253662
0.5680162906646729
0.5497643947601318
0.5452544093132019
0.6006450653076172
0.5809857845306396
0.5641335844993591
0.7931011915206909
0.6814660429954529
0.6229419708251953
0.7976113557815552
0.8396993279457092
0.9013931751251221
0.3007480800151825
0.7071307897567749
0.6489825248718262
0.6027974486351013
0.64982008934021
0.6726298332214355
0.6968835592269897
0.7171159982681274
0.755256712436676
0.6831339597702026
0.9438670873641968
0.292133092880249
0.3408087193965912
0.5227299928665161
0.8064231872558594
0.6564689874649048
0.7635756731033325
0.6465023756027222
0.41812506318092346
0.5410356521606445
0.5514577627182007
0.7711402177810669
0.6964520215988159
0.584441065788269
0.6898664236068726
0.5620214939117432
0.8049238324165344
0.8299146890640259
0.6100676655769348
0.2962821424007416
0.8158472180366516
0.49800679087638855
0.2020796835422516
0.5379829406738281
0.22157257795333862
0.6920635104179382
0.6486987471580505
0.8659252524375916
0.3988315165042877
0.26030319929122925
0.3813171684741974
0.8907585144042969
0.4553920030593872
0.8550124168395996
0.6620328426361084
0.20919853448867798
0.6353299617767334
0.9050785303115845
0.4418468773365021
0.7339667081832886
0.591981828212738
0.7447662353515625
0.6566957235336304
0.6337279677391052
0.8066567182540894
0.7566332817077637
0.6386046409606934
0.4300330579280853
0.6636791229248047
0.7245674133300781
0.7370982766151428
0.792366087436676
0.6717326045036316
0.6748108267784119
0.10616768896579742
0.3917074203491211
0.7457967400550842
0.7411226630210876
0.8737137317657471
0.35140201449394226
0.6050817966461182
0.75539630651474
0.5544700026512146
0.6865311861038208
0.6974893808364868
0.3924722373485565
0.6938304305076599
0.7139904499053955
0.7912557125091553
0.965566098690033
0.46120139956474304
0.7977557182312012
0.7988301515579224
0.845733106136322
0.45628276467323303
0.693865954875946
0.4196615517139435
0.7904796600341797
0.47999969124794006
0.7849200367927551
0.6463791728019714
0.6622332334518433
0.7487878203392029
0.6641180515289307
0.5777827501296997
0.14537447690963745
0.475826621055603
0.7097765803337097
0.7590028047561646
0.7236776351928711
0.8198106288909912
0.8633236289024353
0.5537588000297546
0.12612174451351166
0.7692052721977234
0.5730887651443481
0.717278003692627
0.778455376625061
0.5703040361404419
0.5561646819114685
0.6868324279785156
0.7311075925827026
0.8436528444290161
0.3602599799633026
0.6614558696746826
0.5044448375701904
0.7138098478317261
0.8689479827880859
0.3974124491214752
0.7645772695541382
0.7317107319831848
0.7410159707069397
0.7006610035896301
0.5014650225639343
0.7933386564254761
0.06874768435955048
0.22886571288108826
0.779314398765564
0.9642109274864197
0.6445772647857666
0.6656377911567688
0.6950832605361938
0.36224034428596497
0.5422531366348267
0.7829561233520508
0.6027936935424805
0.5996506214141846
0.6703983545303345
0.580180823802948
0.16267865896224976
0.8666465878486633
0.22700542211532593
0.39060285687446594
0.48295608162879944
0.7765563726425171
0.6889713406562805
0.7008821964263916
0.6876476407051086
0.6766710877418518
0.7255045175552368
0.52889484167099
0.7936184406280518
0.36126235127449036
0.3847254514694214
0.18342262506484985
0.6682358980178833
0.24299213290214539
0.6494892835617065
0.7656834125518799
0.183729350566864
0.6179699897766113
0.6264487504959106
0.7922309637069702
0.5604484677314758
0.6577868461608887
0.651900053024292
0.8734530210494995
0.42118746042251587
0.5637825727462769
0.34353315830230713
0.4875088930130005
0.5722498893737793
0.4288657605648041
0.7369526624679565
0.5336394906044006
0.5740138292312622
0.6358886361122131
0.3265670835971832
0.35559239983558655
0.6140726208686829
0.6213517785072327
0.9172055721282959
0.5781674981117249
0.5479545593261719
0.7363519072532654
0.828154444694519
0.3240097761154175
0.614757776260376
0.5678005218505859
0.3516557514667511
0.2958332896232605
0.7951390147209167
0.9002716541290283
0.8240251541137695
0.6387410163879395
0.5215259194374084
0.6546823382377625
0.5368437170982361
0.411586195230484
0.8078038692474365
0.7079153060913086
0.21936672925949097
0.9101759195327759
0.9088049530982971
0.6348901391029358
0.38162630796432495
0.6836206316947937
0.46576687693595886
0.7074266672134399
0.9122955799102783
0.7914920449256897
0.4831303656101227
0.7738127708435059
0.580848217010498
0.9028632044792175
0.39507895708084106
0.5363354086875916
0.7583723068237305
0.6110796928405762
0.5078172087669373
0.7686965465545654
0.5652993321418762
0.8343786001205444
0.7841252088546753
0.753917932510376
0.7895174026489258
0.6147716045379639
0.6712695360183716
0.2846022844314575
0.6196556091308594
0.31351718306541443
0.6713688969612122
0.7101025581359863
0.5118309259414673
0.7500314116477966
0.7083956003189087
0.49776092171669006
0.6915105581283569
0.7862846851348877
0.7363784313201904
0.263444185256958
0.8109128475189209
0.7198160886764526
0.22043544054031372
0.7476167678833008
0.5606541037559509
0.05012042075395584
0.255673348903656
0.480697363615036
0.6158849000930786
0.6041808128356934
0.02715715765953064
0.7425763010978699
0.8881986141204834
0.35421231389045715
0.7291059494018555
0.7440856695175171
0.7393525242805481
0.8097971677780151
0.7764281034469604
0.5827351808547974
0.7963643074035645
0.8896099328994751
0.5695367455482483
0.6855297088623047
0.715162456035614
0.49496734142303467
0.7096779346466064
0.6608315706253052
0.8904805183410645
0.27813273668289185
0.7469298839569092
0.054895009845495224
0.7369073033332825
0.563444972038269
0.5718483924865723
0.6381948590278625
0.5779120922088623
0.5237104892730713
0.3250766694545746
0.7894570827484131
0.7038662433624268
0.5254397988319397
0.27448585629463196
0.7384425401687622
0.5943094491958618
0.44616952538490295
0.2432539165019989
0.628855288028717
0.4276594817638397
0.4959706962108612
0.7609130144119263
0.7280486822128296
0.6482008695602417
0.7993915677070618
0.5452518463134766
0.4421835243701935
0.7922990322113037
0.7380871772766113
0.5607276558876038
0.3995516896247864
0.657236635684967
0.33283254504203796
0.6040091514587402
0.6660069227218628
0.5846322178840637
0.36209991574287415
0.7386449575424194
0.7612271308898926
0.4868534207344055
0.8142333030700684
0.5891923904418945
0.5075327157974243
0.9472669363021851
0.6506234407424927
0.7618796825408936
0.7659101486206055
0.600132405757904
0.6510317325592041
0.4154062569141388
0.8331810832023621
0.7371810674667358
0.4265289008617401
0.916042685508728
0.689569354057312
0.35299962759017944
0.8298879861831665
0.9046767950057983
0.703741192817688
0.8233991861343384
0.6261840462684631
0.6971033811569214
0.6754410266876221
0.9959039688110352
0.5236049294471741
0.5834367871284485
0.5920170545578003
0.574313223361969
0.6126633882522583
0.8273464441299438
0.7435038685798645
0.8248711228370667
0.35918980836868286
0.6668013334274292
0.3328438699245453
0.8428207635879517
0.6760106086730957
0.7159566283226013
0.7866665124893188
0.6712250709533691
0.7092722654342651
0.5995590686798096
0.5750816464424133
0.6432090997695923
0.778091549873352
0.7374250888824463
0.39688840508461
0.23564231395721436
0.5162774324417114
0.6899911165237427
0.44658705592155457
0.7364889979362488
0.2606275677680969
0.8145189881324768
0.4109514653682709
0.5272693037986755
0.8088434934616089
0.7305412292480469
0.3708372116088867
0.85454261302948
0.46492740511894226
0.6914892792701721
0.7266820669174194
0.6385864019393921
0.6487494111061096
0.6859718561172485
0.6201969385147095
0.5485296249389648
0.7520453929901123
0.6316804885864258
0.7300065755844116
0.6274911761283875
0.5802890658378601
0.22349154949188232
0.5134971141815186
0.920453667640686
0.3961701989173889
0.21810996532440186
0.6453922390937805
0.5754013061523438
0.6469649076461792
0.6470670104026794
0.8548804521560669
0.6769309043884277
0.6725320219993591
0.636428952217102
0.7106751203536987
0.6233110427856445
0.7946057319641113
0.5276818871498108
0.9158694744110107
0.7370282411575317
0.382480651140213
0.8782041072845459
0.7495826482772827
0.525240421295166
0.45186951756477356
0.46920761466026306
0.3842889368534088
0.18831408023834229
0.13155744969844818
0.7421048283576965
0.761637270450592
0.16994577646255493
0.2245461344718933
0.4566996395587921
0.6671164035797119
0.7329664826393127
0.49856099486351013
0.7833318710327148
0.6511176824569702
0.2719314694404602
0.8454839587211609
0.6645724773406982
0.5673742294311523
0.9118213653564453
0.628517746925354
0.7878586649894714
0.10862331092357635
0.47290846705436707
0.6243000030517578
0.5639063715934753
0.7947508096694946
0.6742537021636963
0.8851833343505859
0.7395435571670532
0.6057373285293579
0.4686088562011719
0.2622084617614746
0.8329180479049683
0.5146618485450745
0.6967700123786926
0.6350350975990295
0.8343709707260132
0.7462393045425415
0.4133785665035248
0.7338680028915405
0.13831090927124023
0.32417452335357666
0.54227614402771
0.7398417592048645
0.15217038989067078
0.5993345975875854
0.6228829622268677
0.569399893283844
0.46918052434921265
0.3696974813938141
0.5317788124084473
0.7755632996559143
0.6773139238357544
0.5503852367401123
0.4830695390701294
0.9067090153694153
0.7388931512832642
0.7459799647331238
0.8195444941520691
0.8454916477203369
0.8727055788040161
0.16703662276268005
0.04534165561199188
0.5814969539642334
0.7152712345123291
0.5208888053894043
0.5985806584358215
0.6477780938148499
0.77232426404953
0.599165141582489
0.37925902009010315
0.6406363248825073
0.24366843700408936
0.5174190402030945
0.6282080411911011
0.8075265288352966
0.7277935743331909
0.770553469657898
0.4597107172012329
0.6008598208427429
0.4769887328147888
0.4849831759929657
0.6889705061912537
0.48606032133102417
0.4843927323818207
0.6040435433387756
0.1112014651298523
0.45297789573669434
0.6846780776977539
0.5834364295005798
0.27667778730392456
0.3253084421157837
0.3608938753604889
0.02524419128894806
0.29596325755119324
0.3371019661426544
0.04575400799512863
0.605530858039856
0.7207678556442261
0.43814781308174133
0.30389314889907837
0.48817500472068787
0.805321216583252
0.7284126281738281
0.5437154173851013
0.8417755961418152
0.6744130849838257
0.772757351398468
0.41376563906669617
0.8592690825462341
0.7776458263397217
0.7181493043899536
0.5925325155258179
0.6640433669090271
0.48542284965515137
1.0433903932571411
0.7333882451057434
0.5797293782234192
0.8241350650787354
0.2871176600456238
0.5072240829467773
0.39593103528022766
0.5972434282302856
0.6032793521881104
0.6532343626022339
0.9786428213119507
0.6431127786636353
0.6668058037757874
0.4592897593975067
0.8555892705917358
0.7952325344085693
0.4469362497329712
0.7704229354858398
0.13038025796413422
0.6815675497055054
0.4179714620113373
0.6823463439941406
0.7719983458518982
0.23953202366828918
0.5560170412063599
0.5394421219825745
0.7146984338760376
0.6526316404342651
0.6987707018852234
0.6914042830467224
0.44123563170433044
0.4492785632610321
0.2773389220237732
0.5784779787063599
0.4001230001449585
0.5250710248947144
0.6880318522453308
0.8301088213920593
0.6481006741523743
0.7197041511535645
0.8618302345275879
0.8223013877868652
0.3400186002254486
0.5712498426437378
0.906875729560852
0.3300439715385437
0.4362318217754364
0.7957137823104858
0.5806342363357544
0.5575662851333618
0.34323081374168396
0.7834330201148987
0.7770735025405884
0.9795324802398682
0.738917350769043
0.844062089920044
0.6109321713447571
0.20174145698547363
0.6541823744773865
0.734599232673645
0.7414324283599854
0.8078254461288452
0.23409950733184814
0.5590636730194092
0.8510943055152893
0.714468240737915
0.5697304010391235
0.997120201587677
0.6627024412155151
0.790585994720459
0.43477392196655273
0.5662439465522766
0.924367368221283
0.8752214312553406
0.7369955778121948
0.6514574289321899
0.7758091688156128
0.5654287934303284
0.7879459857940674
0.7909964323043823
0.8284302949905396
0.249191552400589
0.8090648651123047
0.7513476610183716
0.3578719198703766
0.6494156718254089
0.5734822750091553
0.3085387349128723
0.8341889381408691
0.7241607904434204
0.2783920466899872
0.6212875843048096
0.3932151198387146
0.16894018650054932
0.7956738471984863
0.7879263758659363
0.6925121545791626
0.5114747881889343
0.7988568544387817
0.7541366219520569
0.522845983505249
0.3825070559978485
0.9394861459732056
0.7670145034790039
0.8172703981399536
0.7430569529533386
0.6726807355880737
0.27954402565956116
0.5399479866027832
0.1504458487033844
0.522449254989624
0.45354577898979187
0.6136997938156128
0.6525447368621826
0.7586374878883362
0.39600375294685364
0.5768458247184753
0.8221346139907837
0.46093031764030457
0.5184640288352966
0.814262866973877
0.478091299533844
0.793837308883667
0.45465758442878723
0.3360358774662018
0.5978773832321167
0.661996603012085
0.3465099036693573
0.7073147296905518
0.8421435356140137
0.8017446994781494
0.7082287669181824
0.5504217743873596
0.38899222016334534
0.5519416928291321
0.7131850123405457
0.550940215587616
0.6544373035430908
0.9230247735977173
0.45511263608932495
0.7392865419387817
0.7016186714172363
0.6550545692443848
0.5566574931144714
0.5743815302848816
0.7849864959716797
0.7836735248565674
0.6954415440559387
0.756360650062561
0.5633324384689331
0.6685463786125183
0.5848745703697205
0.6281067728996277
0.723808765411377
0.5851704478263855
0.4306785762310028
0.821129322052002
0.6245659589767456
0.533145010471344
0.8020657896995544
0.678235650062561
0.4039527475833893
0.31954070925712585
0.7164238095283508
0.7426598072052002
0.7774852514266968
0.741852879524231
0.8723594546318054
0.6194245219230652
0.5867445468902588
0.291787326335907
0.8286184668540955
0.6318110227584839
0.558043897151947
0.6546845436096191
0.6774986386299133
0.8280532956123352
0.6508250832557678
0.6347776651382446
0.2762308120727539
0.7176762819290161
0.6484744548797607
0.6268121004104614
0.45429089665412903
0.20239019393920898
0.9277182817459106
0.36478522419929504
0.5605683922767639
0.6833893060684204
0.5485386252403259
0.8053721785545349
0.38905975222587585
0.4952056109905243
0.5806418061256409
0.4576783776283264
0.5257270932197571
0.8791912198066711
0.5753511190414429
0.5131168961524963
0.5027117729187012
0.7116798162460327
0.5641286969184875
0.9213024377822876
0.689987063407898
0.09422086924314499
0.6789851188659668
0.7804250717163086
0.7275944948196411
0.8066162467002869
0.7083990573883057
0.5973057746887207
0.7311526536941528
0.12263187021017075
0.537426233291626
0.3964344561100006
0.8405816555023193
0.7988672256469727
0.7214018106460571
0.6566339731216431
0.22275176644325256
0.5410880446434021
0.24350333213806152
0.06558816134929657
0.11485499143600464
0.7952749729156494
0.4519357681274414
0.5945237874984741
0.8578616976737976
0.870686411857605
0.6596726179122925
0.5695809125900269
0.7581290006637573
0.12276415526866913
0.7348775863647461
0.4313740134239197
0.8442732095718384
0.8522769212722778
0.6100658774375916
0.3025466203689575
0.7280202507972717
0.8122607469558716
0.7063113451004028
0.7478364706039429
0.5118629932403564
0.742062509059906
0.582145094871521
0.6488234996795654
0.40809667110443115
0.7773696780204773
0.3025030195713043
0.5826186537742615
0.6992961168289185
0.8061344623565674
0.07735707610845566
0.7528682947158813
0.3886582851409912
0.7657551765441895
0.06617235392332077
0.7470404505729675
0.3087397813796997
0.6703968048095703
0.7346773147583008
0.7138110399246216
0.16627240180969238
0.6456282138824463
0.874011754989624
0.17845070362091064
0.7827122211456299
0.7649259567260742
0.5027723908424377
0.6063461303710938
0.7621811628341675
0.712958574295044
0.4392698109149933
0.7380857467651367
0.17891594767570496
0.8111519813537598
0.9556018114089966
0.6252278089523315
0.27524033188819885
0.8657131791114807
0.5389196276664734
0.7079336643218994
0.71733558177948
0.7310141324996948
0.6553652882575989
0.7116153240203857
0.7663172483444214
0.5929052829742432
0.1366872489452362
0.5380292534828186
0.891716480255127
0.7178999185562134
-0.0031975507736206055
0.732306718826294
0.15509051084518433
0.7379046082496643
0.3395104706287384
0.7311075925827026
0.742058515548706
0.12787480652332306
0.8257572054862976
0.5840195417404175
0.8185878992080688
0.5784004926681519
0.4841879904270172
0.15027394890785217
0.5249373316764832
0.7871187329292297
0.5854217410087585
0.736103355884552
0.5851432681083679
0.7966052889823914
0.7063859701156616
0.30218103528022766
0.5897167325019836
0.346932977437973
0.4324256479740143
0.6238889098167419
0.7381262183189392
0.4148080348968506
0.4390833079814911
0.6024870872497559
0.0230870358645916
0.701302170753479
0.5887112021446228
0.1472133845090866
0.6165230870246887
0.4862786829471588
0.7024146318435669
0.7195537686347961
0.2239108383655548
0.9463889002799988
0.4977283179759979
0.8363142609596252
0.756293535232544
0.487603098154068
0.6917957067489624
0.5115564465522766
0.43104907870292664
0.7149817943572998
0.24356529116630554
0.7900470495223999
0.647354006767273
0.7015477418899536
0.658059298992157
0.8183394074440002
0.690805971622467
0.6371925473213196
0.561002790927887
0.6856942176818848
0.7547756433486938
0.7800637483596802
0.34559813141822815
0.3740678131580353
0.6334279775619507
0.8646526336669922
0.6908382773399353
0.46075695753097534
0.639660120010376
0.9419212341308594
0.24900338053703308
0.771005392074585
0.4511333703994751
0.6653757095336914
0.7638342380523682
0.6708770990371704
0.6783232092857361
0.7781755924224854
0.3154345154762268
0.7146987915039062
0.7045849561691284
0.7296826243400574
0.5205970406532288
0.5846748948097229
0.439767986536026
0.7500198483467102
0.5219387412071228
0.7641931772232056
0.7818623781204224
0.8008549809455872
0.6429755687713623
0.4391598701477051
0.5538710355758667
0.6743013858795166
0.8336662650108337
0.7063378095626831
0.2948101758956909
0.36209991574287415
0.1943853497505188
0.7683960199356079
0.5006607174873352
0.6294050812721252
0.3002215325832367
0.3850262463092804
0.556079089641571
0.8982545137405396
0.7430049777030945
0.9384137392044067
0.7108427286148071
0.6527886390686035
0.8130460977554321
0.655982255935669
0.6004793643951416
0.026062898337841034
0.7612274885177612
0.7898495197296143
0.8140734434127808
0.8042023181915283
0.11617287993431091
0.611527681350708
0.6485496759414673
0.5272706151008606
0.5872828364372253
0.7867419719696045
0.8527761697769165
0.7270827293395996
0.7611792087554932
0.6274935007095337
0.6145867705345154
0.7219626903533936
0.6116345524787903
0.42159271240234375
0.7872571349143982
0.6409577131271362
0.5007724165916443
0.14153866469860077
0.7248064279556274
0.6188489198684692
0.8151443004608154
0.5775738954544067
0.7936518788337708
0.15566757321357727
0.4830363690853119
0.5482619404792786
0.6851798295974731
0.5774088501930237
0.5041841268539429
0.6184832453727722
0.4974706470966339
0.30794376134872437
0.3695584237575531
0.6174906492233276
0.8246720433235168
0.7591689825057983
0.8284962177276611
0.6708310842514038
0.5845757722854614
0.601017415523529
0.9014835357666016
0.651512622833252
0.42712682485580444
0.27241384983062744
0.6169562935829163
0.39733225107192993
0.688928484916687
0.6371310353279114
0.6904210448265076
0.6746695041656494
0.5440115332603455
0.5912995338439941
0.2224309742450714
0.5671198964118958
0.4757896959781647
0.4471389353275299
0.642973780632019
0.5666882395744324
0.8819493055343628
0.6735383868217468
0.7541128396987915
0.6535618901252747
0.7384281754493713
0.7407412528991699
0.6900569200515747
0.4862709939479828
0.04260553419589996
0.2986617386341095
0.7222024202346802
0.6764719486236572
0.3394704759120941
0.8796626329421997
0.8071275353431702
0.6571751832962036
0.7083011269569397
0.8761003017425537
0.4648267328739166
0.5372945666313171
0.6882926225662231
0.43256551027297974
0.6123710870742798
0.6650189161300659
0.6426898241043091
0.3713076710700989
0.6143063306808472
0.8693614602088928
0.389072448015213
0.5970091819763184
0.5069117546081543
0.5000319480895996
0.8327395915985107
0.8988719582557678
0.48973605036735535
0.7393708229064941
0.5600630044937134
0.5596768260002136
0.506962776184082
0.5170943140983582
0.7733548283576965
0.6732165813446045
0.4709137976169586
0.4791680872440338
0.6990278363227844
0.7932295203208923
0.8737483620643616
0.42609670758247375
0.7801202535629272
0.8647153377532959
0.6984343528747559
0.4948176443576813
0.8116624355316162
0.7355877161026001
0.43817639350891113
0.6943548321723938
0.7105050086975098
0.5947408676147461
0.7761983871459961
0.6012715697288513
0.8554683923721313
0.2726508677005768
0.5425573587417603
0.9037014245986938
0.687774121761322
0.4706336557865143
0.734180212020874
0.5715139508247375
0.9686388969421387
0.6390200853347778
0.7567887306213379
0.6576594114303589
0.7807489633560181
0.7564369440078735
0.6696023344993591
0.6911889314651489
0.6643577218055725
0.7624890804290771
0.6921170949935913
0.616127073764801
0.5131322145462036
0.5972809791564941
0.758788526058197
0.81784588098526
0.7079592943191528
0.5836961269378662
0.4865622818470001
0.6926559805870056
0.5929648876190186
0.6388309001922607
0.4514807164669037
0.9129289984703064
0.7488182783126831
0.525597870349884
0.38031938672065735
0.8539998531341553
0.5779309272766113
0.7521047592163086
0.3850407302379608
0.5160876512527466
0.945321798324585
0.8629595637321472
0.47307679057121277
0.6273161172866821
0.6853044629096985
0.940605878829956
0.35554400086402893
0.4546720087528229
0.6533468961715698
0.7723647952079773
0.8230313062667847
0.8108794093132019
0.38196897506713867
0.6953664422035217
0.7133203148841858
0.5778698325157166
0.6469700336456299
0.607499897480011
0.5630216598510742
0.8109338283538818
0.5298438668251038
0.9170213937759399
0.6365102529525757
0.46207213401794434
0.7675943374633789
0.3944493234157562
0.7162296175956726
0.7871430516242981
0.35963916778564453
0.7267627716064453
0.4093917906284332
0.616226315498352
0.8109840154647827
0.7742441892623901
0.599250853061676
0.7205958366394043
0.8620216846466064
0.6734973192214966
0.47332215309143066
0.6375867128372192
0.7838178873062134
0.38420507311820984
0.6030133962631226
0.3559821546077728
0.29234105348587036
0.4755413830280304
0.5511562824249268
0.6565237045288086
0.39064040780067444
0.4091951847076416
0.6293532848358154
0.9398402571678162
0.5342370867729187
0.6495115756988525
0.583520233631134
0.86033695936203
0.6355910301208496
0.8102979063987732
0.25628548860549927
0.6152300238609314
0.3694489896297455
0.6858189105987549
0.6947288513183594
0.4911159574985504
0.8187471628189087
0.09875432401895523
0.4580475986003876
0.5865148305892944
0.6292111873626709
0.7982972264289856
0.41534844040870667
0.44531071186065674
0.6564695835113525
0.11035362631082535
0.5137009620666504
0.5560170412063599
0.6270828247070312
0.6814344525337219
0.870418906211853
0.5231927037239075
0.7478854656219482
0.6058168411254883
0.7889163494110107
0.450004905462265
0.7008191347122192
0.8656264543533325
0.5257623195648193
0.6291876435279846
0.7003934383392334
0.3543708324432373
0.465666800737381
0.5856705904006958
0.9024039506912231
0.6430617570877075
0.4364933669567108
0.5191209316253662
0.2455030381679535
0.6989710927009583
0.4979493319988251
0.7665225267410278
0.6910842657089233
0.5081387758255005
0.8122642636299133
0.6871500611305237
0.7074406147003174
0.730636715888977
0.5171019434928894
0.4047740399837494
0.1333884745836258
0.838292121887207
0.47210702300071716
0.2553243339061737
0.7450227737426758
0.7605821490287781
0.7245617508888245
0.6181949377059937
0.6440923810005188
0.5658717155456543
0.24522358179092407
0.5120294690132141
0.8547853827476501
0.7333309650421143
0.5654645562171936
0.59210205078125
0.5167020559310913
0.8283532857894897
0.981052577495575
0.5410561561584473
0.5838279724121094
0.721126914024353
0.785193681716919
0.5621301531791687
0.7898308038711548
0.420155793428421
0.7682284712791443
0.5170433521270752
0.7424758672714233
0.32456812262535095
0.6888312101364136
0.4079696834087372
0.915885329246521
0.5134570598602295
0.6676092147827148
0.2588382065296173
0.6885539293289185
0.540967583656311
0.5336897969245911
0.8000913858413696
0.664674699306488
0.34391751885414124
0.5041128993034363
0.7680544853210449
0.847369909286499
0.7453608512878418
0.8749684691429138
0.772574245929718
0.9288381338119507
0.6562183499336243
0.4686731994152069
0.6404553651809692
0.5664112567901611
0.7782847285270691
0.30998656153678894
0.9566754102706909
0.574333906173706
0.12241600453853607
0.9013853073120117
0.6827982664108276
0.8640554547309875
0.8042057752609253
0.6325784921646118
0.8310974836349487
0.5258805751800537
0.5980379581451416
0.8619317412376404
0.8302578926086426
0.6587450504302979
0.26778846979141235
0.9359143972396851
0.7069381475448608
0.5966540575027466
0.6798624396324158
0.6247937083244324
0.7870104908943176
0.4659465551376343
0.26923540234565735
0.6642966270446777
0.8045593500137329
0.48377537727355957
0.5103215575218201
0.5608530640602112
0.6208917498588562
0.6920112371444702
0.5767384767532349
0.6286345720291138
0.00850372388958931
0.7123278975486755
0.6914967894554138
0.3453478515148163
0.8215542435646057
0.4225187599658966
0.5681986212730408
0.7220488786697388
0.8042023181915283
0.3666031062602997
0.7821277379989624
0.7448971271514893
0.35197708010673523
0.3338778614997864
0.593801736831665
0.651356041431427
0.5897961854934692
0.5529215931892395
0.8698841333389282
0.7691037654876709
0.7698644399642944
0.5728211402893066
0.46238383650779724
0.8188050389289856
0.6788895130157471
0.6365089416503906
0.7163220643997192
0.627236545085907
0.75083327293396
0.5191617012023926
0.6910590529441833
0.6904455423355103
0.4543662667274475
0.6682699918746948
0.6913981437683105
0.826958179473877
0.39768916368484497
0.8409661054611206
0.7659471035003662
0.7454887628555298
0.7340743541717529
0.8378372192382812
0.7290083765983582
0.5883587598800659
0.4257478415966034
0.5233633518218994
0.5879801511764526
0.2753637731075287
0.7121939659118652
0.7079991102218628
0.6021806001663208
0.35173434019088745
0.2701031565666199
0.8080621957778931
0.3707977831363678
0.32829079031944275
0.6831008791923523
0.056233376264572144
0.4166368842124939
0.516042947769165
0.855200469493866
0.7427695393562317
0.685741662979126
0.8802870512008667
0.46953871846199036
0.13431024551391602
0.545866072177887
0.7012712955474854
0.6975785493850708
0.7056130170822144
0.6976337432861328
0.5346405506134033
0.7047278881072998
0.5833198428153992
0.6446138024330139
0.794876754283905
0.8859849572181702
0.6668801307678223
0.45705389976501465
0.8112705945968628
0.1224265992641449
0.057380661368370056
0.7868455648422241
0.5737868547439575
0.655204713344574
0.6805461645126343
0.7947781085968018
0.7086458802223206
0.7648013830184937
0.5913693308830261
0.7810568809509277
0.7376588582992554
0.3853479325771332
0.4760296046733856
0.4795904755592346
0.35344135761260986
0.5821776390075684
0.5298393964767456
0.7317608594894409
0.6175128817558289
0.5289443135261536
0.7343394756317139
0.5193780064582825
0.18071073293685913
0.6551636457443237
0.7592683434486389
0.37662962079048157
0.5989933013916016
0.8845890760421753
0.6934674978256226
0.3121126592159271
0.5673392415046692
0.6207358837127686
0.9774033427238464
0.44439709186553955
0.42884865403175354
0.38054484128952026
0.7889578342437744
0.5969728231430054
0.6999703049659729
0.9024584293365479
0.3464198410511017
0.5938801169395447
0.18067467212677002
0.7663754224777222
0.5603437423706055
0.8427110910415649
0.7104511260986328
0.8976272344589233
0.8026164770126343
0.803126335144043
0.49794337153434753
0.7271187901496887
0.7825993299484253
0.7781273126602173
0.6935062408447266
0.6885957717895508
0.3694765269756317
0.809134840965271
0.8296402096748352
0.736810564994812
0.7370761632919312
0.6685435771942139
0.1253345012664795
0.4410925805568695
0.8738481998443604
0.7416234016418457
0.1014552041888237
0.29788053035736084
0.6918593645095825
0.5348367691040039
0.774655818939209
0.625706672668457
0.9037182331085205
0.49826744198799133
0.863945722579956
0.7356709837913513
0.5246002674102783
0.11338241398334503
0.46862247586250305
0.3561820685863495
0.7635695338249207
0.6380818486213684
0.6619573831558228
0.7397242784500122
0.39867472648620605
0.887252926826477
0.05725332349538803
0.798337996006012
0.17493528127670288
0.8355511426925659
0.8599674701690674
0.6086198091506958
0.6123199462890625
0.6592614650726318
0.10735729336738586
0.7779793739318848
0.7663370370864868
0.5591411590576172
0.32990142703056335
0.5103440284729004
0.6503639817237854
0.7292230129241943
0.7060081362724304
0.6905434131622314
0.5766113996505737
0.6872998476028442
0.44219064712524414
0.3834500312805176
0.28672289848327637
0.4928950071334839
0.8375020027160645
0.5987694263458252
0.6375144720077515
1.05440092086792
0.49523136019706726
0.5404271483421326
0.8422954082489014
0.977005124092102
0.6082255244255066
0.5858402252197266
0.6133028268814087
0.49810323119163513
0.7093704342842102
0.8543218374252319
0.7389390468597412
0.5607669949531555
0.7015698552131653
0.1573614478111267
0.7847821116447449
0.5933119058609009
0.5112658143043518
0.8934827446937561
0.6235382556915283
0.7228109836578369
0.29618188738822937
0.3774704337120056
0.82583087682724
0.6061486005783081
0.23475709557533264
0.5359600186347961
0.3173583745956421
0.6156562566757202
0.6461073160171509
0.7742863893508911
0.4151518642902374
0.5929707884788513
0.8171982169151306
0.8457056283950806
0.6052663326263428
0.7291268706321716
0.8257783651351929
0.6133571863174438
0.4315730035305023
0.7389404773712158
0.842144250869751
0.32485607266426086
0.7337088584899902
0.5475549101829529
0.6445156931877136
0.7012213468551636
0.7316713333129883
0.1997445821762085
0.5956820249557495
0.19490709900856018
0.6454732418060303
0.14318498969078064
0.32819506525993347
0.5537060499191284
0.7503753900527954
0.5995241403579712
0.6868711113929749
0.725553035736084
0.6238433122634888
0.05361633375287056
0.25121065974235535
0.5938761234283447
0.7208048105239868
0.5833922624588013
0.7354258298873901
0.4404560327529907
0.2209508717060089
0.7992607951164246
0.5667193531990051
0.40628018975257874
0.744498610496521
0.8295552730560303
0.130375936627388
0.8849997520446777
0.7361416220664978
0.15131625533103943
0.47602978348731995
0.5274056196212769
0.5994405746459961
0.6783459186553955
0.7109182476997375
0.5783212780952454
0.6911237835884094
0.4465992748737335
0.7474713921546936
0.7543034553527832
0.5584821105003357
0.11381629854440689
0.6088163256645203
0.17064855992794037
0.8250157833099365
0.2836225926876068
0.8262408375740051
0.15241992473602295
0.7033866047859192
1.0085338354110718
0.660598874092102
0.4205554723739624
0.8920124769210815
0.5287944078445435
0.8321226835250854
0.5373350381851196
0.12905648350715637
0.5063623189926147
0.7442885637283325
0.7707051038742065
0.24015557765960693
0.6255282163619995
0.6674485206604004
0.7307872772216797
0.6088855266571045
0.7152267694473267
0.4812676012516022
0.1624838411808014
0.6295849084854126
0.9948777556419373
0.6741210222244263
0.7665313482284546
0.6599377393722534
0.6654331684112549
0.8428572416305542
0.6346424221992493
0.9393758773803711
0.47331351041793823
0.7748922109603882
0.9325348138809204
0.7856465578079224
0.5675645470619202
0.36292093992233276
0.5254850387573242
0.7444276213645935
0.7324075698852539
0.7124466896057129
0.7320026159286499
0.1460292935371399
0.26022979617118835
0.72160804271698
0.5635619163513184
0.682018518447876
0.45530447363853455
0.7848652601242065
0.31413450837135315
0.20030805468559265
0.47805920243263245
0.5949262380599976
0.7737220525741577
0.8150147199630737
0.5606781840324402
0.547966480255127
0.8531274795532227
0.7082963585853577
0.46526721119880676
0.3924669921398163
0.5906928181648254
0.6759480834007263
0.8644692301750183
0.5873253345489502
0.7004483938217163
0.7450333833694458
0.8134037852287292
0.6454472541809082
0.7555754780769348
0.7915206551551819
0.49533942341804504
0.7486057281494141
0.5886828303337097
0.7901421785354614
0.28102099895477295
0.959243893623352
0.8139137029647827
0.3157118856906891
0.2327600121498108
0.6095821857452393
0.4778621792793274
0.374798983335495
0.6367368698120117
0.8003168702125549
0.4667928218841553
0.6398600935935974
0.5516871809959412
0.5443598031997681
0.7319127917289734
0.6774688363075256
0.6873799562454224
0.8162049055099487
0.5051472783088684
0.8586418628692627
0.12426485121250153
0.7994113564491272
0.36175116896629333
0.4765271246433258
0.5616057515144348
0.7883129119873047
0.49185147881507874
0.731904149055481
0.6806282997131348
0.6058982014656067
0.48968812823295593
0.7269790172576904
0.6122525930404663
0.4278334677219391
0.4208485186100006
0.34146326780319214
0.530883252620697
0.5976303815841675
0.6857629418373108
0.4974185824394226
0.6914032697677612
0.4501701295375824
0.6166881322860718
0.4906025826931
0.5397694110870361
0.8135599493980408
0.7704947590827942
0.8267651796340942
0.6849787831306458
0.3748573064804077
0.36725714802742004
0.6102006435394287
0.9414294958114624
0.555722177028656
0.5106431245803833
0.6751776933670044
0.7192978858947754
0.814003586769104
0.594684362411499
0.49610599875450134
0.226351797580719
0.6800762414932251
0.2549628019332886
0.5656942129135132
0.5789766907691956
0.5014030933380127
0.7157015800476074
0.755810022354126
0.7784363627433777
0.7252243757247925
0.608181357383728
0.7294068336486816
0.3150438368320465
0.8338573575019836
0.40165022015571594
0.25858139991760254
0.7105543613433838
0.3370727002620697
0.8157715201377869
0.5354827046394348
0.7420830726623535
0.7817844152450562
0.6592375040054321
0.3993259072303772
0.6571404933929443
0.5667349100112915
0.7776074409484863
0.7604594230651855
0.35592296719551086
0.7083266377449036
0.9955477118492126
0.4056617021560669
0.8059977293014526
0.6848547458648682
0.6454328298568726
0.6644573211669922
0.5754591226577759
0.742196798324585
0.7588803768157959
0.6864556074142456
0.5629299283027649
0.758589506149292
0.5348135232925415
0.6009793877601624
0.6135447025299072
0.578598141670227
0.5161914229393005
0.7237523794174194
0.735305666923523
0.3901394009590149
0.5705251097679138
0.5763722062110901
0.5975397825241089
0.5506401658058167
0.7215616106987
0.5538684725761414
-0.0094510018825531
0.8491238355636597
0.609036922454834
0.725658118724823
0.09405399858951569
0.8877803683280945
0.6394230723381042
0.5764002799987793
0.555766224861145
0.601523756980896
0.880943775177002
0.6427674889564514
0.7410589456558228
0.4620586335659027
0.2245461344718933
0.5736258029937744
0.575116753578186
0.3708110451698303
0.6793153285980225
0.5938960313796997
0.7199240922927856
0.6033872365951538
0.7308250665664673
0.5152744650840759
0.5952036380767822
0.675991415977478
0.4474885165691376
0.6648356914520264
0.6942758560180664
0.5298206210136414
0.7501177191734314
0.3927783668041229
0.4061479866504669
0.6064393520355225
0.6486359238624573
0.8295276761054993
0.4543845057487488
0.20369309186935425
0.46686384081840515
0.5173691511154175
0.5412906408309937
0.7874040603637695
0.5464084148406982
0.3784950375556946
0.39846140146255493
0.5793173909187317
0.7247284650802612
0.3856406509876251
0.8066709041595459
0.7837490439414978
0.44342514872550964
0.8172290921211243
0.5923410058021545
0.8372753858566284
0.40125060081481934
0.70835280418396
0.4703650176525116
0.7169948816299438
0.7223688960075378
0.8882620334625244
0.3631729781627655
0.35955503582954407
0.6297293901443481
0.4740629196166992
0.26198381185531616
0.6508914232254028
0.592360258102417
0.6571323871612549
0.6865558624267578
0.7084367871284485
0.6043112277984619
0.6500266194343567
0.7368506193161011
0.8576668500900269
0.7928221225738525
0.5465847253799438
0.6474694013595581
0.5736746191978455
0.8029395937919617
0.657463550567627
0.8066417574882507
0.6789020299911499
0.46003398299217224
0.7211858034133911
0.6460455656051636
0.4141119718551636
0.8754010200500488
0.7520805597305298
0.44396817684173584
0.5429726839065552
0.3093298077583313
0.6309475898742676
0.23612302541732788
0.33365198969841003
0.18402385711669922
0.5033142566680908
0.9316982626914978
0.18563982844352722
0.5130696296691895
0.5246670842170715
0.5890324711799622
0.7461181879043579
0.6676540374755859
0.6708092093467712
0.6357306241989136
0.5609259009361267
0.7624999284744263
0.6334210634231567
0.6092379093170166
0.5876806378364563
0.5632915496826172
0.56759113073349
0.3828100264072418
0.7391014099121094
0.615919828414917
0.6010890603065491
0.4632919132709503
0.7313507795333862
0.4352424442768097
0.7873764038085938
0.6616591215133667
0.7163790464401245
0.9277780055999756
0.7330523729324341
0.6095889210700989
0.9623545408248901
0.6921583414077759
0.3761887848377228
0.21555909514427185
0.3685246407985687
0.32527390122413635
0.560810923576355
0.6689465641975403
0.7172136306762695
0.28998836874961853
0.7203100919723511
0.33809512853622437
0.771601676940918
0.762965202331543
0.5246900916099548
0.8515195250511169
0.4885891377925873
0.9080625772476196
0.4078918993473053
0.622622013092041
0.5311785936355591
0.5441868305206299
0.8461350202560425
0.2706942558288574
0.75609290599823
0.39729171991348267
0.6537097692489624
0.4405824840068817
0.4349694550037384
0.6541973352432251
0.2341899871826172
0.6481510400772095
0.7944369316101074
0.4725053906440735
0.8025699853897095
0.8233473300933838
0.7117959260940552
0.5851296186447144
0.609531819820404
0.5872011184692383
0.7338387966156006
0.8983455896377563
0.6257569193840027
0.6636778712272644
0.6217250823974609
0.9297502040863037
0.7252920866012573
0.629055380821228
0.45621177554130554
0.8656647205352783
0.6184637546539307
0.7141771912574768
-0.058986879885196686
0.5640769004821777
0.37579596042633057
0.3540174067020416
0.8924525380134583
0.691787838935852
0.7016362547874451
0.8508325219154358
0.5439080595970154
0.7274390459060669
0.6616469621658325
0.6248610019683838
0.39244258403778076
0.3196757733821869
0.45215335488319397
0.14775243401527405
0.42651957273483276
0.8076307773590088
0.7850817441940308
0.5605329871177673
0.7208618521690369
0.12365808337926865
0.6874948740005493
0.5062658190727234
0.8258193731307983
0.6842007040977478
0.8012105822563171
0.877386212348938
0.589400053024292
0.5346258878707886
0.7793673276901245
0.7899821996688843
0.6946803331375122
0.5714178085327148
0.996190071105957
0.6870462894439697
0.7263016104698181
0.939917266368866
0.6947447657585144
0.7114534974098206
0.8437857627868652
0.5279021859169006
0.7307505011558533
0.737471342086792
0.44210997223854065
0.7017399072647095
0.5523425340652466
0.5859455466270447
0.7131466269493103
0.3847379684448242
0.5355123281478882
0.40444234013557434
0.6637248992919922
0.6629612445831299
0.5484248399734497
0.8373389840126038
0.7190837264060974
0.8155772089958191
0.6963286995887756
0.5536044836044312
0.8353877067565918
0.7617934942245483
0.6204131841659546
0.24298343062400818
0.5726277232170105
0.717278003692627
0.6922956705093384
0.6149716377258301
0.4827728867530823
0.11253077536821365
0.46457639336586
0.5548155903816223
0.7584223747253418
0.8686460256576538
0.8039942383766174
0.7636728286743164
0.7387306094169617
0.4953237771987915
0.8213402628898621
0.6623988747596741
0.41528311371803284
0.8439468145370483
0.4364001452922821
0.7402898669242859
0.8212347030639648
0.5029957294464111
0.4621889591217041
0.4939875602722168
0.7149569988250732
0.5694258213043213
0.4410038888454437
0.8900060653686523
0.8824755549430847
0.9051967859268188
0.3376723825931549
0.7967153787612915
1.1042524576187134
0.647680938243866
0.56556236743927
0.5882688760757446
0.6628516912460327
0.7500618696212769
0.433364599943161
0.4375181496143341
0.7988895177841187
0.9399599432945251
0.7493464946746826
0.16715386509895325
0.3553582727909088
0.5695759654045105
0.7202258706092834
0.6153469681739807
0.4658145606517792
0.6740973591804504
0.682876467704773
0.3706965744495392
0.5967670679092407
0.2486613392829895
0.39952585101127625
0.5157375931739807
0.5905841588973999
0.8206310868263245
0.6804157495498657
0.6925525069236755
0.7883442640304565
0.7361264824867249
0.3082941770553589
0.6708232760429382
0.7970130443572998
0.6738717555999756
0.7980291247367859
0.6135503053665161
0.3427162170410156
0.5940575003623962
0.4443313181400299
0.7684255242347717
0.031761229038238525
0.6082590818405151
0.743277370929718
0.33002379536628723
0.771094799041748
0.40682485699653625
0.8184680342674255
0.7549004554748535
0.6062296628952026
0.32228559255599976
0.6236519813537598
0.5954533219337463
0.510936439037323
0.5641722083091736
0.6770526170730591
0.22133353352546692
0.33666446805000305
0.39513811469078064
0.5400593280792236
0.5401174426078796
0.7652878761291504
0.5777458548545837
0.733117938041687
0.611312985420227
0.46846911311149597
0.7237213253974915
0.7049614191055298
0.7545121312141418
0.8140942454338074
0.178911030292511
0.7871978878974915
0.6727882623672485
0.577204167842865
0.4729023873806
0.780683159828186
0.7937464714050293
0.8095008730888367
0.7549223899841309
0.6999524831771851
0.7723999619483948
0.8155543804168701
0.5251436829566956
0.6110712289810181
0.6242518424987793
0.5088505148887634
0.6121999621391296
0.30600014328956604
0.22580885887145996
0.678219199180603
0.43992817401885986
0.6713665723800659
-0.004922010004520416
0.7227309942245483
0.3512253761291504
0.5738616585731506
0.6655956506729126
0.39333221316337585
0.7456524968147278
0.7432832717895508
0.6722681522369385
0.36131882667541504
0.560476541519165
0.6013131141662598
0.7247556447982788
0.49922284483909607
0.5356787443161011
0.7705817222595215
0.8361070156097412
0.7783911228179932
0.7239030003547668
0.7073906064033508
0.5055573582649231
0.32205769419670105
0.3106318414211273
0.6226130723953247
0.7953490018844604
0.7192211747169495
0.8466291427612305
0.5118070244789124
0.7734725475311279
0.7336554527282715
0.6923196315765381
0.61155104637146
0.7222267389297485
0.8874748945236206
0.40524744987487793
0.825672447681427
0.8286522626876831
0.14010998606681824
0.45347341895103455
0.415425568819046
0.8163978457450867
0.4120860993862152
0.5198322534561157
0.754973292350769
0.5120538473129272
0.3587876856327057
0.7042026519775391
0.572393536567688
0.5569900274276733
0.6887961030006409
0.771005392074585
0.7174989581108093
0.7065141201019287
0.5666390061378479
0.2929334342479706
0.6315352916717529
0.6823702454566956
0.06589268147945404
0.7132502794265747
0.6251147985458374
0.4985053837299347
0.785876989364624
0.9856946468353271
0.46374741196632385
0.5716426968574524
0.5661700367927551
0.5753582715988159
0.554714560508728
0.8678473234176636
0.5892615914344788
0.7984818816184998
0.5032628178596497
0.3592994809150696
0.793572723865509
0.5211663246154785
0.7105289697647095
0.9710213541984558
0.5794081687927246
0.6540664434432983
0.6204806566238403
0.8940184116363525
0.7086179256439209
0.1939014494419098
0.47806432843208313
0.5735252499580383
0.31969788670539856
0.6323678493499756
0.7028489112854004
0.7064265012741089
0.6013381481170654
0.3611716032028198
0.5165451765060425
0.43482956290245056
0.5383514165878296
0.7147118449211121
0.5875282287597656
0.6087489128112793
0.886237621307373
0.3375367820262909
0.5044659972190857
0.46468386054039
0.5205379128456116
0.6397809982299805
0.6900965571403503
0.6540728211402893
0.3982551395893097
0.5299289226531982
0.7582167983055115
0.5346275568008423
0.5795541405677795
0.605288028717041
0.7789146304130554
0.3480236232280731
0.5854616165161133
0.9322795271873474
0.659947395324707
0.782779335975647
0.5165944695472717
0.4972213804721832
0.5960463881492615
0.8586736917495728
0.7486481070518494
0.6445738673210144
0.7480156421661377
0.4178907871246338
0.9476906061172485
0.9953907132148743
0.561896800994873
0.1152096539735794
0.7640718221664429
0.5131322145462036
0.44848397374153137
0.753446102142334
0.5712342262268066
0.6815900802612305
0.644608736038208
0.4215560257434845
0.7545276880264282
0.1555812954902649
0.5596937537193298
0.4688367545604706
0.810634195804596
0.40153267979621887
0.613699734210968
0.8241164684295654
0.81475830078125
0.9226870536804199
0.26350852847099304
0.6019890308380127
0.17939308285713196
0.8273561000823975
0.84369957447052
0.7254389524459839
0.670235276222229
0.6898661851882935
0.04331517219543457
0.8609049916267395
0.5743188261985779
0.3823297321796417
0.6941960453987122
0.7475618124008179
0.38916757702827454
0.15114203095436096
0.30414310097694397
0.7758042216300964
0.44750699400901794
0.6819262504577637
0.6898794174194336
0.6889938712120056
0.8342821598052979
0.008375860750675201
0.6845228672027588
0.7941638231277466
0.6451724767684937
0.6387395858764648
0.5315157771110535
0.8138399124145508
0.5420591831207275
0.5880956053733826
0.4269239604473114
0.8687343597412109
0.6639903783798218
0.5449023246765137
0.7887477278709412
0.7306758165359497
0.4716639816761017
0.7291093468666077
0.544181764125824
0.7473863363265991
0.5206329822540283
0.6714529991149902
0.6435128450393677
0.6523048877716064
0.9401254653930664
0.6106631755828857
0.17432501912117004
0.6207189559936523
0.6062591075897217
0.5768717527389526
0.5785132050514221
0.5779988169670105
0.6108037233352661
0.5780341625213623
0.6308806538581848
0.4763433337211609
0.7044248580932617
0.3087853491306305
0.5719902515411377
0.17644301056861877
0.573598325252533
0.6700363755226135
0.6984795331954956
0.6525578498840332
0.6846343278884888
0.7511143684387207
0.6890069246292114
0.5415149927139282
0.761235237121582
0.1846046894788742
0.8515278100967407
0.7109402418136597
0.7959047555923462
0.6960477828979492
0.657376766204834
0.325248122215271
0.6425217986106873
0.7025558948516846
0.5677202343940735
0.9230254292488098
0.7526149749755859
0.7882512211799622
0.546256959438324
0.7061400413513184
0.5215103626251221
0.38989895582199097
0.708127498626709
0.5141275525093079
0.6327577829360962
0.8146095275878906
0.48523977398872375
0.43730777502059937
0.8740233778953552
0.32372233271598816
0.5564641952514648
0.7318440675735474
0.76654052734375
0.683943510055542
0.748958945274353
0.8095731139183044
0.781708836555481
0.5639140009880066
0.7670987844467163
0.6774224042892456
0.37794962525367737
0.4662998914718628
0.4638161361217499
0.8475197553634644
0.403964638710022
0.8253440856933594
0.7513593435287476
0.49396756291389465
0.49719637632369995
0.9399625062942505
0.5862420201301575
0.4992673099040985
0.5382189154624939
0.9396031498908997
1.0753611326217651
0.446079820394516
0.35840728878974915
0.43902334570884705
0.59662926197052
0.4117474853992462
0.6195377707481384
0.8457393646240234
0.6681442856788635
0.9739681482315063
0.7232203483581543
0.3056707978248596
0.8068103790283203
0.5688662528991699
0.8244622945785522
0.5553378462791443
0.6071987748146057
0.8772236108779907
0.04771663248538971
0.6736857891082764
0.532207727432251
0.42743244767189026
0.7866631746292114
0.7086887955665588
0.23819655179977417
0.3059351444244385
0.3791787326335907
0.4422720670700073
0.3877408802509308
0.6928490400314331
0.6074080467224121
0.6455119252204895
0.5383664965629578
0.778497576713562
0.5457260012626648
0.6153117418289185
0.3615197241306305
0.8245869874954224
0.3585241436958313
0.6373515725135803
0.5924588441848755
0.695219874382019
0.44509753584861755
0.49634209275245667
0.7567711472511292
0.7810336351394653
0.7909798622131348
0.8830821514129639
0.32085707783699036
0.635939359664917
0.37609654664993286
0.7855105400085449
0.798214316368103
0.5363070368766785
0.2628003656864166
0.2476547658443451
0.7293140888214111
0.8529618978500366
0.46156585216522217
0.7935231924057007
0.9068101644515991
0.4150092601776123
0.7842069268226624
0.603154182434082
0.6931431889533997
0.737991213798523
0.6955257654190063
0.8482348322868347
0.44922682642936707
0.7046228647232056
0.6694396734237671
0.7572613954544067
0.822688102722168
0.8328835964202881
0.7318845987319946
0.5589445233345032
0.7946310043334961
0.7163999080657959
0.22241786122322083
0.8180481195449829
0.7977598905563354
0.320094496011734
0.6721833944320679
0.6847225427627563
0.7005648612976074
0.64794921875
0.7423876523971558
0.7504819631576538
0.8236987590789795
0.7493423819541931
0.7738628387451172
0.6339973211288452
0.6743825078010559
0.8342241048812866
0.8281570672988892
0.8579684495925903
0.9077967405319214
0.8975123167037964
0.5479136109352112
0.7548811435699463
0.8455026149749756
0.2262379229068756
0.9148038625717163
0.12000590562820435
0.5710964798927307
0.8309421539306641
0.8443037271499634
0.6222029328346252
0.7741310596466064
0.47544941306114197
0.576292872428894
0.35930386185646057
0.6199384927749634
0.7542015314102173
0.5728328227996826
0.5296425819396973
0.5817733407020569
0.18080049753189087
0.3462517559528351
0.05750827491283417
0.6233096718788147
0.07484722137451172
0.5490766763687134
0.7006428241729736
0.6609821915626526
0.3311852812767029
0.8085689544677734
0.8270303606987
0.7245504856109619
0.6683223247528076
0.6666344404220581
0.632846474647522
0.5823031663894653
0.7703067064285278
0.6267752647399902
0.44884374737739563
0.4882829487323761
0.7655230164527893
0.721185028553009
0.40543824434280396
0.28374937176704407
0.7660072445869446
0.6424685716629028
0.5792907476425171
0.5845263600349426
0.2401340901851654
0.9827663898468018
0.7341855764389038
0.7443172931671143
0.29415884613990784
0.25378692150115967
0.17409293353557587
0.15711632370948792
0.706153392791748
0.4566141963005066
0.8546304106712341
0.2616086006164551
0.614790678024292
0.6071050763130188
0.6640106439590454
0.8004950284957886
0.631768524646759
0.8801388144493103
0.317742258310318
0.619002103805542
0.5756696462631226
0.6324695348739624
0.029835939407348633
0.269893616437912
0.5755650401115417
0.6991233229637146
0.7997509241104126
0.1730622947216034
0.5371217727661133
0.749229907989502
0.7104882001876831
0.6585527658462524
0.5065029263496399
0.7986021041870117
0.7169548273086548
0.5681920051574707
0.5971276164054871
0.6739270687103271
0.7689591646194458
0.7051225900650024
0.638741135597229
0.921130895614624
0.6100993156433105
0.2815638780593872
0.36574628949165344
0.8165286183357239
0.7362556457519531
0.8316092491149902
0.6314291954040527
0.8121947646141052
0.7535260915756226
0.8474482297897339
0.7801628112792969
0.43460604548454285
1.045866847038269
0.5098087787628174
0.5042639970779419
0.6948551535606384
0.4132539927959442
0.7625278234481812
0.8044968843460083
0.6628658771514893
0.6637858748435974
0.5353502035140991
0.7693881392478943
0.6361448168754578
0.8603246212005615
0.7386463284492493
0.5287396907806396
0.7630890607833862
0.6809032559394836
0.04083341360092163
0.7934982776641846
0.6094550490379333
0.37179216742515564
0.41203853487968445
0.6528449654579163
0.8250033855438232
0.5253231525421143
0.8015115261077881
0.6429051160812378
0.5435734987258911
0.6758370399475098
0.6433694362640381
0.7412295341491699
0.5943636298179626
0.25824251770973206
0.33718135952949524
0.5977268218994141
0.7191709876060486
0.5412060022354126
0.6811621189117432
0.5518431067466736
0.4716159403324127
0.48529672622680664
0.319846510887146
0.7189587354660034
0.2950568199157715
0.6130039691925049
0.5032173991203308
0.7843658924102783
0.8519645929336548
0.539838433265686
0.7795282602310181
0.787799060344696
0.6654006242752075
0.7373580932617188
0.6831280589103699
0.2545306384563446
0.6223381757736206
0.5086286664009094
0.29020825028419495
0.696120023727417
0.6866861581802368
0.7893418669700623
0.603766679763794
0.7997089624404907
0.7204490900039673
0.8171667456626892
0.30295073986053467
0.6663329601287842
0.6912713646888733
0.7127137184143066
0.221546471118927
0.8750478029251099
0.8564385175704956
0.7133052945137024
0.6126921772956848
0.4895329475402832
0.37185999751091003
0.8182235956192017
0.5026260614395142
0.4302861988544464
0.2594771981239319
0.683699369430542
0.49919843673706055
0.4160667657852173
0.7201633453369141
0.5102588534355164
0.8161643743515015
0.6642643213272095
0.6710530519485474
0.560895562171936
0.5685667395591736
0.5664761662483215
0.8397004008293152
0.9046435356140137
0.84600830078125
0.5043751001358032
0.5995770692825317
0.8296342492103577
0.5944081544876099
0.4141344726085663
0.6173229813575745
0.5664156079292297
0.7401736974716187
0.8940993547439575
0.5582866072654724
0.6291804313659668
0.40694743394851685
0.7238863110542297
0.5552701950073242
0.7651532888412476
0.7310799956321716
0.2979185879230499
0.6115558743476868
0.9810388088226318
0.780724287033081
0.5861438512802124
0.8090348839759827
0.7909899950027466
0.17128969728946686
0.9406442642211914
0.5907132625579834
0.3953932225704193
0.7844191789627075
0.4591478407382965
1.0452419519424438
0.435337096452713
0.7968708872795105
0.29161202907562256
0.7423502802848816
0.7089412212371826
0.37925827503204346
0.6762503385543823
0.7884049415588379
0.7221798896789551
0.6663964986801147
0.19397059082984924
0.5746353268623352
0.20629826188087463
0.3220086395740509
0.9391418695449829
0.7210666537284851
0.7554436326026917
0.334513783454895
0.6775239706039429
0.6482685208320618
0.7380616664886475
0.6195893287658691
0.5160169005393982
0.7274154424667358
0.5279443264007568
0.7222914099693298
0.8928403258323669
0.9649455547332764
0.7269254922866821
0.8044078350067139
0.5656652450561523
0.4225896894931793
0.6896360516548157
0.5241050720214844
0.6231904625892639
0.5993688702583313
0.5967410802841187
0.35148513317108154
0.8167881965637207
0.5820494890213013
0.7901994585990906
0.1413130760192871
0.6599377393722534
0.6560284495353699
0.8033430576324463
0.4428376257419586
0.3771185576915741
0.7340661287307739
0.5072419047355652
0.565351128578186
0.8388413786888123
0.5628916025161743
0.5571370720863342
0.5888599753379822
0.6526552438735962
0.6673324108123779
0.5622785091400146
0.5911432504653931
0.8360595107078552
0.8027463555335999
0.6505675911903381
0.27103835344314575
0.6315282583236694
0.5138604044914246
0.6631932258605957
0.8111727237701416
0.17922383546829224
0.6784505248069763
0.7609139084815979
0.7890130281448364
0.7183172702789307
0.6827113032341003
0.6550694704055786
0.34694260358810425
0.7061751484870911
0.6305822134017944
0.6857720613479614
0.8030377626419067
0.5099192261695862
0.6074923872947693
0.3237585723400116
0.6784579753875732
0.5365003943443298
1.0218405723571777
0.47344276309013367
0.747299075126648
0.47958147525787354
0.6284668445587158
0.6754432916641235
0.9280704259872437
0.7094632983207703
0.5943467020988464
0.7403819561004639
0.7286450266838074
0.5963208675384521
0.4797719419002533
0.6751397848129272
0.6950709819793701
0.9655978083610535
0.7049363255500793
0.43313291668891907
0.8524708151817322
0.8640186786651611
0.5866654515266418
-0.0019409582018852234
0.7656282186508179
0.7274819612503052
0.7426351308822632
0.7302806973457336
0.7340469360351562
0.6775771975517273
0.8070114850997925
0.6842684149742126
0.6492033004760742
0.4953165352344513
0.6628443002700806
0.7117207050323486
0.6833078861236572
0.531316876411438
0.3402372896671295
0.5293494462966919
0.0385819673538208
0.3645997643470764
0.710513710975647
0.7771779298782349
0.7825571298599243
0.7000648975372314
0.531515896320343
0.6959867477416992
0.6391525268554688
0.7704336643218994
0.5734822750091553
0.8450603485107422
0.38960251212120056
0.5369089841842651
0.4629019796848297
0.5636119246482849
0.752907395362854
0.6622790098190308
0.6806654930114746
0.7876927852630615
0.5418027639389038
0.7506569027900696
0.539017915725708
0.866595983505249
0.6724006533622742
0.26913532614707947
0.6183733940124512
0.6195969581604004
0.6997272968292236
0.7596853375434875
0.3206935524940491
0.35869908332824707
0.6494576930999756
0.8126035332679749
0.3985178470611572
0.8730586767196655
0.5400558114051819
0.7231000661849976
0.815181314945221
0.6312767863273621
0.8522189855575562
0.5961355566978455
0.8304983377456665
0.6527645587921143
0.28716960549354553
0.8370110392570496
0.6144286394119263
0.6765277981758118
0.6646647453308105
0.8798357844352722
0.07641559839248657
0.8326550722122192
0.8322886228561401
0.6655211448669434
0.41491803526878357
0.42026033997535706
0.41624245047569275
0.6997858881950378
0.6742419600486755
0.7572716474533081
0.5495206117630005
0.17805135250091553
0.6800978779792786
0.6490943431854248
0.6733145117759705
0.722149133682251
0.7398536205291748
0.4145938754081726
0.7779393792152405
0.6255015134811401
0.3380579650402069
0.48762246966362
0.5355718731880188
0.4830514192581177
0.6513030529022217
0.4958861768245697
0.8560259938240051
0.7296538352966309
0.35650983452796936
0.3155093193054199
0.6653536558151245
0.7177486419677734
0.7948134541511536
0.2552706003189087
0.6699836850166321
0.32070598006248474
0.8430172204971313
0.09207100421190262
0.528272271156311
0.6806627511978149
0.6635867357254028
0.6145172119140625
0.7926637530326843
0.8241106271743774
0.5299180746078491
0.7401596307754517
0.8912608623504639
0.6839632391929626
0.6936875581741333
0.3512043058872223
0.1465141773223877
0.7328146696090698
0.5459667444229126
0.32147133350372314
0.08558231592178345
0.4786066710948944
0.7134895920753479
0.8743071556091309
0.11043278127908707
0.47302529215812683
0.6487798690795898
0.5865855813026428
0.6939326524734497
0.6904834508895874
0.6053366661071777
0.6837511658668518
0.7982621192932129
0.5366500616073608
0.17146718502044678
0.8172439336776733
0.28574949502944946
0.6759899854660034
0.6695957183837891
0.5845386981964111
0.6147701740264893
0.7148294448852539
0.4664163887500763
0.1721181571483612
0.641048014163971
0.6844245195388794
0.8788628578186035
0.3308097720146179
0.6229467988014221
0.45920321345329285
0.5889047980308533
0.46998265385627747
0.7125478386878967
0.5136350989341736
0.30591869354248047
0.2402564287185669
0.709817111492157
0.6708104610443115
0.5175936818122864
0.5565185546875
0.6124933362007141
0.7332635521888733
0.9029779434204102
0.556694507598877
0.9209074974060059
0.030870594084262848
0.6973655819892883
0.5614078044891357
0.5602288246154785
0.8266044855117798
0.9316587448120117
0.8249505162239075
0.8222148418426514
0.5273800492286682
0.6880125999450684
0.8668255805969238
0.4481567144393921
0.6548155546188354
0.4606266915798187
0.7427365779876709
0.6658198237419128
0.5349779725074768
0.6883808374404907
0.737774133682251
0.6007317304611206
0.509044349193573
0.4013231098651886
0.7942102551460266
0.5910835266113281
0.46184056997299194
0.2966170907020569
0.27238723635673523
0.736912727355957
0.71149742603302
0.525324821472168
0.6720748543739319
0.6522172689437866
0.6640597581863403
0.669305682182312
0.9670524001121521
0.6927711963653564
0.44626033306121826
0.8533090353012085
0.8035051226615906
0.8129721879959106
0.4389832615852356
0.6570170521736145
0.7056131362915039
0.674832820892334
0.7754296064376831
0.2824229598045349
0.7304166555404663
0.3534959852695465
0.7525444626808167
0.9761597514152527
0.8090733885765076
0.5371507406234741
0.7302694320678711
0.6189745664596558
0.768377423286438
0.574653148651123
0.7296087145805359
0.5729421973228455
0.7369269132614136
0.8317756652832031
0.6631445288658142
0.3293716609477997
0.8444640040397644
0.8826384544372559
0.6434707045555115
0.36554083228111267
0.32259419560432434
0.5690677165985107
0.4247295558452606
0.48699453473091125
0.7881456017494202
0.8584591150283813
0.3910490572452545
0.556023895740509
0.6953020095825195
0.7294532656669617
0.2469165027141571
0.8612284660339355
0.1556394398212433
0.6645644307136536
0.6819332838058472
0.6028648614883423
0.29503360390663147
0.8318393230438232
0.6262500286102295
0.26607346534729004
0.25603652000427246
0.6799667477607727
0.6436833143234253
0.7579112648963928
0.5913259983062744
0.6525193452835083
0.668448805809021
0.7256335020065308
0.4897267520427704
0.8004477024078369
0.6465262174606323
0.5358647108078003
0.9259675741195679
0.6968766450881958
0.38069209456443787
0.5340154767036438
