0.1799175888299942
0.37865763902664185
0.6695321798324585
0.7199521064758301
0.24900668859481812
0.08369143307209015
0.3349965214729309
0.9184011816978455
0.784119725227356
0.8233063817024231
0.9518159627914429
0.09620033204555511
0.4559866786003113
0.8469250798225403
0.6028691530227661
0.8373463749885559
0.4147733151912689
0.2800225615501404
0.8609015941619873
0.6149752140045166
0.7780748009681702
0.16715577244758606
0.6695916056632996
0.38640350103378296
0.3180680274963379
0.7730991244316101
0.8990698456764221
0.31922781467437744
0.22797629237174988
0.6782820224761963
0.29346948862075806
0.03156833350658417
0.49031952023506165
0.6425715684890747
0.08176334202289581
0.7570993304252625
0.6740577816963196
0.2667613625526428
0.7596767544746399
0.7799118757247925
0.9664592742919922
0.4708385169506073
0.6635710000991821
0.5063936710357666
0.8261069655418396
0.7866462469100952
0.19674037396907806
0.7531158924102783
0.9198792576789856
0.6046491861343384
0.7416286468505859
0.48405760526657104
0.6408191919326782
0.8141864538192749
0.1603449434041977
0.7792859077453613
0.763371467590332
0.7894734144210815
0.813899040222168
0.7101042866706848
0.36044085025787354
0.22704550623893738
0.4072612226009369
0.17918109893798828
0.24529731273651123
0.44610896706581116
0.23135799169540405
0.4684067368507385
0.7526186108589172
0.7704755067825317
0.3098546862602234
0.7641156911849976
0.7153955698013306
0.7026323080062866
0.6691155433654785
0.8160390853881836
0.4712820053100586
0.15630462765693665
0.8093090057373047
0.6886594295501709
0.523030161857605
0.7975979447364807
0.8074951171875
0.805516242980957
0.8572947978973389
0.8739310503005981
0.23486757278442383
0.04842202365398407
0.5600606799125671
0.49042221903800964
0.27183961868286133
0.7097471356391907
0.7644501328468323
0.8059368133544922
0.7498372793197632
0.772079586982727
0.24238210916519165
0.8773547410964966
0.3093033730983734
0.31797900795936584
0.5347064137458801
0.14206451177597046
0.8314759731292725
0.7850756049156189
0.7080457210540771
0.5187387466430664
0.28771907091140747
0.6643508672714233
0.7635775804519653
0.9138612151145935
0.47233352065086365
0.6871294975280762
0.09570938348770142
0.2713797390460968
0.8662847280502319
0.936471700668335
0.792843222618103
0.913993239402771
0.7420772910118103
0.7508624792098999
0.16834604740142822
0.7994359731674194
0.6351779699325562
0.43265873193740845
0.7732496857643127
0.9263397455215454
0.7645418047904968
0.4548967480659485
0.6583198308944702
0.7548722624778748
0.9470376968383789
0.35467100143432617
0.7849634289741516
0.7553544044494629
0.748682975769043
0.48674461245536804
0.7370493412017822
0.7554540038108826
1.0367765426635742
0.6417124271392822
0.6285242438316345
0.6991968154907227
0.7300715446472168
0.8144470453262329
0.23148232698440552
0.7169202566146851
0.20054136216640472
0.7825080156326294
0.32915040850639343
0.6788575649261475
0.7956821918487549
0.4846165180206299
0.21787568926811218
0.34140491485595703
0.4134053885936737
0.8914003372192383
0.4318399429321289
0.7664114236831665
0.6515743732452393
0.7528121471405029
0.9377001523971558
0.6478301286697388
0.2396988570690155
0.6429042220115662
0.8110957741737366
0.6821867823600769
0.888661801815033
0.43936657905578613
0.6597058773040771
0.7182978987693787
0.25203683972358704
0.8428105115890503
0.7698922157287598
0.5832270383834839
0.6956924200057983
0.7816165685653687
0.3181759715080261
0.7406792640686035
0.4148518145084381
0.6254535913467407
0.9002078771591187
0.7484517693519592
0.36231282353401184
0.7618210911750793
0.5946669578552246
0.8326015472412109
0.8272068500518799
0.7845776081085205
0.8015812635421753
0.3651200532913208
0.697116494178772
0.7543836832046509
0.8173010349273682
0.32533958554267883
0.7963734269142151
0.2403993159532547
0.3667779564857483
0.11644558608531952
0.5665624141693115
0.7740105390548706
0.6231017112731934
0.6208350658416748
0.935430645942688
0.3555411100387573
0.8797841668128967
0.6622309684753418
0.8387200832366943
0.6604806780815125
0.7282170057296753
0.32906728982925415
0.7845155000686646
0.7917003631591797
0.6484203338623047
0.6128172874450684
0.8681957721710205
0.7959028482437134
0.8322354555130005
0.7144284248352051
0.9272027015686035
0.07262423634529114
0.3730168640613556
0.8726431131362915
0.6535241603851318
0.3466930091381073
0.714697539806366
0.6917688846588135
0.798410177230835
0.20804867148399353
0.8301835060119629
0.6183085441589355
0.7887275218963623
0.19349533319473267
0.23074635863304138
0.8977774977684021
0.8738832473754883
0.6139079928398132
0.7782169580459595
0.7338595986366272
0.052496954798698425
0.7823339700698853
0.732388973236084
0.8351806402206421
0.39888256788253784
0.7557603120803833
0.281353622674942
0.20663392543792725
0.5714110732078552
0.5326490998268127
0.18927887082099915
0.3665478229522705
0.7356745004653931
0.708830714225769
0.8128578662872314
0.7545686364173889
0.3369006812572479
0.7323276996612549
0.0676911398768425
0.1563795655965805
0.6212747097015381
0.634799063205719
0.42307382822036743
0.8254643678665161
0.9368295669555664
0.599036693572998
0.19821102917194366
0.3916259706020355
0.829491376876831
0.3068125247955322
0.8187299966812134
0.37603214383125305
0.502917468547821
0.16051708161830902
0.8244682550430298
0.905022144317627
0.789466381072998
0.9263752698898315
0.87486332654953
0.920907735824585
0.7620245218276978
0.7031983137130737
0.7695955038070679
0.804443359375
0.28362712264060974
0.8138624429702759
0.36114072799682617
0.8443833589553833
0.814807116985321
0.708337664604187
0.814225435256958
0.41962388157844543
0.6884522438049316
0.8246333003044128
0.6609910130500793
0.7497848272323608
0.18087643384933472
0.8811807632446289
0.7310937643051147
0.791377067565918
0.8074767589569092
0.1857602894306183
0.5153279900550842
0.17344734072685242
0.5792308449745178
0.7024663686752319
0.6330140829086304
0.5680230855941772
0.7916958332061768
0.6944184303283691
0.6772407293319702
0.7270476818084717
0.5265139937400818
0.2868100702762604
0.7997097969055176
0.6006106734275818
0.6313447952270508
0.30659639835357666
0.4764276146888733
0.7083504796028137
0.8727651834487915
0.24388764798641205
0.7404609322547913
0.8759262561798096
0.7326876521110535
0.967165470123291
0.6189048886299133
0.6676393747329712
0.7871781587600708
0.5583668947219849
0.6900010704994202
0.7384061813354492
0.3519500195980072
0.650862455368042
0.3570241928100586
0.9397773742675781
0.7358945608139038
0.324882447719574
0.6144949197769165
0.5135979652404785
0.8147251009941101
0.6044343709945679
0.23512208461761475
0.7614666223526001
0.6832534074783325
0.6665588617324829
0.9734188318252563
0.7668834328651428
0.1676473170518875
0.22930258512496948
0.8653120994567871
0.8494853377342224
0.6651326417922974
0.4937053918838501
0.5210975408554077
0.7717267274856567
0.6354508399963379
0.8074264526367188
0.8617892265319824
0.8262274265289307
0.7541513442993164
0.6417503952980042
0.8281937837600708
0.7851524353027344
0.666325032711029
0.7945669293403625
0.5317359566688538
0.8759897351264954
0.2746009826660156
1.0481797456741333
0.4575997292995453
0.7863568067550659
0.5033692121505737
0.8068851232528687
0.8364226222038269
0.8180422186851501
0.725440263748169
0.7363772988319397
0.7975623607635498
0.3150012791156769
0.8669106960296631
0.34517741203308105
0.47904765605926514
0.8388838768005371
0.716666579246521
0.7501392364501953
0.8319659233093262
0.12797480821609497
0.36826956272125244
0.3155878186225891
0.7644036412239075
0.6769676208496094
0.7739205360412598
0.6569609642028809
0.8760408163070679
0.7738468050956726
0.7150058150291443
0.5261905789375305
0.7712053060531616
0.7218307256698608
0.572535514831543
0.3114418387413025
0.4796106815338135
0.6939553022384644
0.45152685046195984
0.30890506505966187
0.8209893703460693
0.7056506276130676
0.8065904378890991
0.5384259819984436
0.326443612575531
0.9240568280220032
0.771584689617157
0.6756713390350342
0.2889217734336853
0.6089506149291992
0.1677880734205246
0.6070257425308228
0.6391524076461792
0.7927286028862
0.19659490883350372
0.895356297492981
0.5864076018333435
0.3646204471588135
0.3987572193145752
0.6582096815109253
0.8529128432273865
0.5677300095558167
0.8862137198448181
0.5837149024009705
0.811241090297699
0.8483812808990479
0.5306680202484131
0.28442347049713135
0.7148588299751282
0.7318975329399109
0.35444191098213196
0.6003299355506897
0.7643444538116455
0.22535842657089233
0.6424185037612915
0.7903389930725098
0.6743226051330566
0.7523728013038635
0.8801361322402954
0.7644200325012207
0.7822422981262207
0.22971487045288086
0.2787579298019409
0.6045706272125244
0.6890071034431458
0.17390519380569458
0.8750761151313782
0.6883357763290405
0.7390400171279907
0.6378660202026367
0.4892399311065674
0.6098023653030396
0.6573470830917358
0.6898021697998047
0.6559934616088867
0.8662865161895752
0.5911453366279602
0.7858326435089111
0.33343082666397095
0.3283551335334778
0.7114531993865967
0.6034957766532898
0.5716627836227417
0.2985171377658844
0.5946012735366821
0.6989482641220093
0.9537786245346069
0.23222491145133972
0.2552505135536194
0.840557336807251
0.9247099161148071
0.6379225850105286
0.6704913973808289
0.8648504614830017
0.3104914426803589
0.2397226095199585
0.6655588746070862
0.49271896481513977
0.7847570180892944
0.7752281427383423
0.8174363374710083
0.5226067900657654
0.8317956328392029
0.3946171998977661
0.7052557468414307
0.6249642372131348
0.18996009230613708
0.3183227777481079
0.5307931900024414
0.8238534331321716
0.7826961278915405
0.745000958442688
0.3048337399959564
0.4282359480857849
0.8650881052017212
0.7803361415863037
0.6963624358177185
0.2952423393726349
0.5339077711105347
0.8341211080551147
0.6625858545303345
0.5641017556190491
0.5849883556365967
0.43248361349105835
0.801512598991394
0.3575260639190674
0.6383392214775085
0.9840043783187866
0.39910823106765747
0.684802234172821
0.4612802565097809
0.8996977806091309
0.7858383655548096
0.354865163564682
0.5318599939346313
0.2031385749578476
0.42404571175575256
0.7075313329696655
0.7097067832946777
0.8240589499473572
0.6817564964294434
0.861816942691803
0.5184556841850281
0.8318477869033813
0.6299170851707458
0.6721192598342896
0.7437653541564941
0.586872935295105
0.5351461172103882
0.7977961301803589
0.8402422666549683
0.7899803519248962
0.5341079235076904
0.6281732320785522
0.5300391912460327
0.5866371393203735
0.37018895149230957
0.670803427696228
0.21364620327949524
0.17820967733860016
0.3157185912132263
0.08953894674777985
0.7153999209403992
0.9031698703765869
0.7966035008430481
0.8129132986068726
0.8100669980049133
0.6226674318313599
0.13082614541053772
0.546505331993103
0.32637861371040344
0.5539887547492981
0.7428939342498779
0.7745963335037231
0.6129797101020813
0.6466502547264099
0.1827920526266098
0.7384088039398193
0.8427998423576355
0.5140969753265381
0.852290153503418
0.7132751941680908
0.5389275550842285
0.8141377568244934
0.8701782822608948
0.19919836521148682
0.7705963253974915
0.7126024961471558
0.38437017798423767
0.8413193821907043
0.46366506814956665
0.36963045597076416
0.5540943145751953
0.6157589554786682
0.9457981586456299
0.13603898882865906
0.7322323322296143
0.6377304792404175
0.6316366195678711
0.7024799585342407
0.3940446674823761
0.26029324531555176
0.9248598217964172
0.3860834240913391
0.41231146454811096
0.18161773681640625
0.7734057903289795
0.4215428829193115
0.3636544942855835
0.5389561653137207
0.43258941173553467
0.7916228771209717
0.7755533456802368
0.7924743890762329
0.7944247722625732
0.8459903597831726
0.8741927146911621
0.7377218008041382
0.43864887952804565
0.9959485530853271
0.784538745880127
0.564127504825592
1.035696268081665
0.7109115719795227
0.8027521371841431
0.7077181339263916
0.6351463198661804
0.8672126531600952
0.8194994926452637
0.6390854120254517
0.3968023955821991
0.7588227391242981
0.8379026651382446
0.5083886384963989
0.2500975728034973
0.6819714307785034
0.398695707321167
0.5108588933944702
0.8069537878036499
0.7254929542541504
0.5672228336334229
0.7313676476478577
0.7679712772369385
0.6995770931243896
0.6463253498077393
0.7654156684875488
0.8081867694854736
0.808349609375
0.23898634314537048
0.9172139167785645
0.5730968713760376
0.7743585109710693
0.8346663117408752
0.5422943830490112
0.19994166493415833
0.20779456198215485
0.32192927598953247
0.7173416614532471
0.26122212409973145
0.6702395677566528
0.8815281391143799
0.7224759459495544
0.18221569061279297
0.7281110286712646
0.35132497549057007
0.4763026833534241
0.8190354108810425
0.5211030840873718
0.6921617984771729
0.24509656429290771
0.26537394523620605
0.749616265296936
0.4206528663635254
0.1928483545780182
0.19322511553764343
0.7819981575012207
0.6106497049331665
0.7676428556442261
0.8224118947982788
0.4604104161262512
0.39847511053085327
0.38581353425979614
0.6354951858520508
0.21115119755268097
0.6668797731399536
0.7462670207023621
0.8453184962272644
0.3224412202835083
0.6947705745697021
0.7628438472747803
0.6033123731613159
0.7779741883277893
0.6310549378395081
0.7946555018424988
0.8132308721542358
0.6798743009567261
0.6961610317230225
0.9088302850723267
0.23195838928222656
0.590813934803009
0.7417575120925903
0.28015047311782837
0.18497712910175323
0.6540363430976868
0.4176945686340332
0.24622245132923126
0.5692002177238464
0.7161141633987427
0.5599388480186462
0.613693356513977
0.4530000686645508
0.694556713104248
0.8355710506439209
0.613102912902832
0.62713223695755
0.31310853362083435
0.3006460964679718
0.4634688198566437
0.6641867160797119
0.8375741243362427
0.8360193371772766
0.4141770899295807
0.5542987585067749
0.5202294588088989
0.18676650524139404
0.7935889959335327
0.8042559027671814
0.6929869055747986
0.7142839431762695
0.6279633045196533
0.21248982846736908
0.8141529560089111
0.883902907371521
0.6772274971008301
0.7438971996307373
0.5446524620056152
0.540084719657898
0.40483587980270386
0.829825758934021
0.3680424690246582
0.5927814841270447
0.2920149862766266
0.9448009133338928
0.8271287679672241
0.9558976292610168
0.7543772459030151
0.6987656354904175
0.6280126571655273
0.8995970487594604
0.713043212890625
0.311943918466568
0.788894772529602
0.7293241024017334
0.8722155094146729
0.6434280872344971
0.6933720707893372
0.7555230855941772
0.14369794726371765
0.7358376979827881
0.4712277352809906
0.8536648750305176
0.24074390530586243
0.7879582643508911
0.7019014358520508
0.8737266063690186
0.22095201909542084
0.5971663594245911
0.5988118648529053
0.7167460918426514
0.7177419662475586
0.8182738423347473
0.6403472423553467
0.7114846706390381
0.9975713491439819
0.8261045217514038
0.7677716016769409
0.7466869354248047
0.6943442225456238
0.4885900914669037
0.09095790982246399
0.7795323133468628
0.7713614106178284
0.8036260604858398
0.71160489320755
0.41577985882759094
0.7345467805862427
0.2970737814903259
0.7056230306625366
0.6824803948402405
0.8016194105148315
0.470206081867218
0.712363600730896
0.7490037679672241
0.6638758778572083
0.7974380254745483
0.5204749703407288
0.16831862926483154
0.8199642300605774
0.6287721991539001
0.6851649284362793
0.9382438659667969
1.0979152917861938
0.6913814544677734
0.8337845802307129
0.37788552045822144
0.19953572750091553
0.3297840654850006
0.8310303688049316
0.8468291759490967
0.8692954778671265
0.833694338798523
0.6942542195320129
0.7746078968048096
0.7158114910125732
0.11283434927463531
0.5172494649887085
0.7226848602294922
0.6580024361610413
0.6146928668022156
0.5486265420913696
0.4327397346496582
0.7395856380462646
0.7360196113586426
0.6441417932510376
0.4440298080444336
0.7175902128219604
0.7911175489425659
0.7923265695571899
0.6820797920227051
0.8271949291229248
0.8468077182769775
0.5854989290237427
0.9126304984092712
0.7455171346664429
0.23570144176483154
0.592809796333313
0.8054457902908325
0.3857541084289551
0.7359567284584045
0.6005058884620667
0.7000425457954407
0.4790298044681549
0.7914671301841736
0.23348203301429749
0.6796694397926331
0.8839833736419678
0.5833005905151367
0.6418628692626953
0.8923885822296143
0.7358537316322327
0.7535983920097351
0.6760443449020386
0.6676081418991089
0.7794170379638672
0.7661060094833374
0.47576814889907837
0.6781513094902039
0.9230117797851562
0.7700084447860718
0.7407559156417847
0.779178261756897
0.8758272528648376
0.5125319361686707
0.8883377313613892
0.09829054772853851
0.38872629404067993
0.7132052183151245
0.16013838350772858
0.7470607161521912
0.3878101110458374
0.3116888999938965
0.20314574241638184
0.8158186674118042
0.4013313055038452
0.6964616775512695
0.3601877689361572
0.7841613292694092
0.5421844720840454
0.6858586072921753
0.11431076377630234
0.502044141292572
0.4621085524559021
0.5048093199729919
0.5013056397438049
0.8671517372131348
0.1857646107673645
0.7879263162612915
0.4137696921825409
0.6894736886024475
0.7347254157066345
0.6268936395645142
0.8331495523452759
0.5731413960456848
0.8825973272323608
0.6417850255966187
0.7396621704101562
0.8389809727668762
0.7102633714675903
0.13042552769184113
1.0172717571258545
0.6525561809539795
0.8555265665054321
0.6370124816894531
0.40472590923309326
0.7609099745750427
0.7625235319137573
0.6811172962188721
0.1802639365196228
0.8882486820220947
0.28923434019088745
0.6851918697357178
0.24179312586784363
0.63960200548172
0.7684469223022461
0.2893514633178711
0.7789705395698547
0.31156402826309204
0.6098619699478149
0.446306437253952
0.25291144847869873
0.6358442306518555
0.891920804977417
0.679940938949585
0.8862302303314209
0.4674682021141052
0.7601848840713501
0.1856643259525299
0.3684041202068329
0.9050166606903076
0.7975000143051147
0.4686519503593445
0.6341390609741211
0.17163614928722382
0.9995579123497009
0.7197175621986389
0.7481274604797363
0.7474108338356018
0.8685693740844727
0.8032019138336182
0.7796851992607117
0.9308106303215027
0.9020453691482544
0.8408737778663635
0.7782836556434631
0.787712812423706
0.20891834795475006
0.6153587102890015
0.48048073053359985
0.6259476542472839
0.8056865930557251
0.7292340993881226
0.8707897663116455
0.9502310752868652
0.2559361159801483
0.6895285844802856
0.593399167060852
0.5667904019355774
0.45654046535491943
0.7439541816711426
0.13937407732009888
0.36378979682922363
0.7868476510047913
0.5537553429603577
0.27857279777526855
0.5145735144615173
0.6859399080276489
0.6970870494842529
0.8703458905220032
0.23331888020038605
0.7559066414833069
0.8679396510124207
0.7838919162750244
0.41556787490844727
0.7577531337738037
0.8045574426651001
0.7343672513961792
0.14640504121780396
0.26456379890441895
0.6725718975067139
0.7534441947937012
0.7559613585472107
0.49927112460136414
0.8009149432182312
0.5144046545028687
0.6646898984909058
0.7252200841903687
0.11259035766124725
0.18693412840366364
0.8085882663726807
0.1733846366405487
0.5669853687286377
0.2670722007751465
0.7930938005447388
0.9140864610671997
0.2566312551498413
-0.09701749682426453
0.7386215329170227
0.7446873188018799
0.8461161851882935
0.9091687202453613
0.8867765665054321
0.24367396533489227
0.7537701725959778
0.7697739601135254
0.7512171268463135
0.09081558883190155
0.37632012367248535
0.9076663255691528
0.7178015112876892
0.619882345199585
0.774712085723877
0.41117075085639954
0.43025243282318115
0.13634736835956573
0.8178863525390625
0.32320696115493774
0.3532502055168152
0.9058631658554077
0.7334908843040466
0.2625120282173157
0.34910905361175537
0.6014838814735413
0.40197575092315674
0.7849363088607788
0.7774028182029724
0.42230597138404846
0.7847498655319214
0.9365760087966919
0.8878762722015381
0.729537844657898
0.3636176586151123
0.24343004822731018
0.7598115801811218
0.3456178605556488
0.8126864433288574
0.8234797716140747
0.9007498025894165
0.4057126045227051
0.5366182923316956
0.680209755897522
0.7967888712882996
0.8350059390068054
0.760940670967102
0.5366910696029663
0.3098028302192688
0.8871937394142151
0.7321817874908447
0.3949986398220062
0.8101935386657715
0.898810625076294
0.1966816782951355
0.8204934597015381
0.8444570302963257
0.7420512437820435
0.2600859999656677
0.6772515773773193
0.7951620221138
0.3583720326423645
0.8599047660827637
0.3947584629058838
0.43659210205078125
0.7033466696739197
0.8470202088356018
0.588110089302063
0.5182291269302368
0.7336304187774658
0.693199872970581
0.7830950617790222
0.7099583148956299
0.8411532044410706
0.6870404481887817
0.12844087183475494
0.7375621795654297
0.5480324029922485
0.30169478058815
0.7710334062576294
0.6612775921821594
0.8146995306015015
0.6989020109176636
0.7687262296676636
0.810022234916687
0.13986773788928986
0.6339884996414185
0.6671432256698608
0.7917007207870483
0.8301644325256348
0.8864096403121948
0.48024842143058777
0.8729541897773743
0.3676193058490753
0.5429140329360962
0.7517586946487427
0.12122009694576263
0.7367019057273865
0.8645944595336914
0.5561578273773193
0.7049362659454346
0.7619353532791138
-0.011124715209007263
0.7439011335372925
0.417949914932251
0.7962490916252136
0.13103623688220978
0.6820546388626099
0.23984158039093018
0.6547681093215942
0.6885160207748413
0.7525111436843872
0.6689765453338623
0.4229108691215515
0.772323489189148
0.43196794390678406
0.3105678856372833
0.6733701825141907
0.896540641784668
0.7928192615509033
0.635757327079773
0.03944086283445358
0.4169725179672241
0.4294503927230835
0.1632077544927597
0.7202096581459045
0.5097837448120117
0.15566405653953552
0.6099997758865356
0.6151120662689209
0.8550010919570923
0.910895586013794
0.7321034669876099
0.7588285207748413
0.7674443125724792
0.7008381485939026
0.4215378165245056
0.8532280921936035
0.2186673879623413
0.7323169112205505
0.6167348623275757
0.23210489749908447
0.6953362822532654
0.4351738393306732
0.5421740412712097
0.22418387234210968
0.35535672307014465
0.5576077699661255
0.8413105010986328
0.017792843282222748
0.7623439431190491
0.5521182417869568
0.4413593113422394
0.8642627000808716
0.7927896976470947
0.8234542608261108
0.18431997299194336
0.7999730706214905
0.8019633293151855
0.8268352150917053
0.6339946389198303
0.23153655230998993
0.38046807050704956
0.7873198986053467
0.877053439617157
0.779090404510498
0.6601639986038208
0.49700629711151123
0.8278214931488037
0.2568671405315399
0.7869141101837158
0.024943262338638306
0.6712212562561035
0.2060670256614685
0.2594464421272278
0.6727114915847778
0.9323603510856628
0.690483808517456
0.3678750693798065
0.8312059640884399
0.43220576643943787
0.6441398859024048
0.7880227565765381
0.6976122856140137
0.8152472972869873
0.41718441247940063
0.2813858985900879
0.7757638692855835
0.3078426122665405
0.6457816362380981
0.6224625706672668
0.7512737512588501
0.9303312301635742
0.36137816309928894
0.7922091484069824
0.8373281955718994
0.4720321297645569
0.6205095648765564
0.17053893208503723
0.40300828218460083
0.5339247584342957
0.7040140628814697
0.670070230960846
0.7504966259002686
0.5345419645309448
0.3546784818172455
0.8281466364860535
0.29473423957824707
0.07522855699062347
0.7398852705955505
0.562973141670227
0.4395042061805725
0.7894676923751831
0.37074023485183716
0.5956249237060547
0.5773893594741821
0.6275750994682312
0.6983928084373474
0.8343608379364014
0.6995033025741577
0.6387584209442139
0.8562377691268921
0.8246070146560669
0.29334837198257446
0.5298349857330322
0.8346726894378662
0.3489415645599365
0.5377905368804932
0.7587237358093262
0.22040879726409912
0.469200074672699
0.7261722087860107
0.5389067530632019
0.793008029460907
0.9070959687232971
0.22480738162994385
0.8076925277709961
0.8235201835632324
0.8179024457931519
0.7385265231132507
0.2514335513114929
0.5638617277145386
0.6870927810668945
0.7085302472114563
0.5734310746192932
0.8504164218902588
0.454392671585083
0.7340880632400513
0.7040557861328125
0.8774360418319702
0.33316898345947266
0.6253960728645325
0.7646795511245728
0.7480613589286804
0.6636034250259399
0.31464579701423645
0.8711875081062317
0.7634328603744507
0.7782701253890991
0.6810685992240906
0.8505337238311768
0.8046655058860779
0.7801327705383301
0.4333156943321228
0.3734447956085205
0.47790277004241943
0.19876042008399963
0.4764455258846283
0.7010834217071533
0.5266842842102051
0.6655287146568298
0.14777697622776031
0.5565915703773499
0.23593613505363464
0.4891437590122223
0.505150556564331
0.24307334423065186
0.6225917339324951
0.6708991527557373
0.6499189138412476
0.28207090497016907
0.7631440162658691
0.17276859283447266
0.42626267671585083
0.7056140899658203
0.22712239623069763
0.1118888184428215
0.6209230422973633
0.7923657894134521
0.7054921388626099
0.4902024269104004
0.7426536679267883
0.7994322776794434
0.8134942054748535
0.7851198315620422
0.8127462863922119
0.315569132566452
0.49258244037628174
0.37629184126853943
0.7000370025634766
0.2871699333190918
0.5822669267654419
0.5066002607345581
0.8365045785903931
0.774885892868042
0.7174503803253174
0.17234043776988983
0.905044436454773
0.24662359058856964
0.6154601573944092
0.7751938700675964
0.762094259262085
0.18242931365966797
0.7307580709457397
0.34807440638542175
0.8404388427734375
0.6860867738723755
0.524665355682373
0.5136462450027466
0.7718874216079712
0.29922789335250854
0.35770702362060547
0.3162284195423126
0.140951007604599
0.37295085191726685
0.6508225202560425
0.263729453086853
0.657299816608429
0.7975995540618896
0.19896471500396729
0.12941527366638184
0.5709435939788818
0.8895887136459351
0.21942955255508423
0.5085213780403137
0.8572990298271179
0.8590371608734131
0.512257993221283
0.830868124961853
0.7094836235046387
0.2778083086013794
0.4649685323238373
0.26059502363204956
0.8593119978904724
0.7058506011962891
0.8569566607475281
0.3423174023628235
0.7573226690292358
0.5926169157028198
0.7812083959579468
0.1991482973098755
0.4088372588157654
0.269378662109375
0.4446600675582886
0.7924975156784058
0.6213079690933228
0.822165846824646
0.7236653566360474
0.36319273710250854
0.8599317073822021
0.8704279661178589
0.8037064671516418
0.5765863656997681
0.3405839204788208
0.14314231276512146
0.6843488216400146
0.5549135804176331
0.13042986392974854
0.7660748958587646
0.8877880573272705
0.4097338318824768
0.8971567153930664
0.6623222827911377
0.20357289910316467
0.8204318881034851
0.9168721437454224
0.2208041250705719
0.13425329327583313
0.6712664365768433
0.7525104880332947
0.4159511625766754
0.5496299266815186
0.9022939205169678
0.7049798965454102
0.5956059694290161
0.8074119091033936
0.81587815284729
0.869102418422699
0.9109326601028442
0.28476643562316895
0.703305721282959
0.669080376625061
1.0142078399658203
0.661479651927948
0.5661462545394897
0.5838563442230225
0.8438891172409058
0.8442011475563049
0.8391324281692505
0.3391152322292328
0.6952791213989258
0.7753446102142334
0.6760526895523071
0.46862322092056274
0.636604905128479
0.8477752804756165
0.740627110004425
0.6534212231636047
0.22629135847091675
0.6674478650093079
0.6479267477989197
0.8445982336997986
0.575730562210083
0.1735033392906189
0.4709894061088562
0.7575360536575317
0.17343807220458984
0.8532314896583557
0.679447591304779
0.8481719493865967
0.8228095173835754
0.7259457111358643
0.7772324681282043
0.8393805027008057
0.8876805305480957
0.3177333176136017
0.3551410436630249
0.4024905860424042
0.456983745098114
0.7310736179351807
0.39247000217437744
0.7394348382949829
0.7352688908576965
0.6145148277282715
0.9347267150878906
0.7961876392364502
0.38160717487335205
0.8109619617462158
0.7705502510070801
0.7829380035400391
0.6698364019393921
0.28964346647262573
0.5662227869033813
0.23213595151901245
0.7620459794998169
0.372429758310318
0.21674856543540955
0.850176990032196
0.8036031723022461
0.7665009498596191
0.9764126539230347
0.4266063868999481
0.8045023679733276
0.84992516040802
0.7258105278015137
0.6473679542541504
0.31687289476394653
0.7303845882415771
0.8008389472961426
0.19719676673412323
0.7882401943206787
0.47857725620269775
0.6573615074157715
0.7124084234237671
0.6430150270462036
0.6369224190711975
0.8307254910469055
0.7357125282287598
0.8375579714775085
0.6029819250106812
0.7389375567436218
0.6960045695304871
0.5600830912590027
0.678248405456543
0.5845519304275513
0.6039380431175232
0.7693849205970764
0.8062682151794434
0.8091797828674316
0.8462170362472534
0.7668427228927612
0.7879650592803955
0.3925250470638275
0.5325102806091309
0.7102782130241394
0.7859002351760864
0.5323394536972046
0.8846502304077148
0.20725947618484497
0.06605692952871323
0.6272310614585876
0.7164533138275146
0.8619599342346191
0.7475415468215942
0.6828779578208923
0.7571995854377747
0.7341697216033936
0.8501037359237671
0.7261847257614136
0.37174296379089355
0.17182518541812897
0.7670191526412964
0.7701117992401123
0.5904169082641602
0.5938050746917725
0.8975024223327637
0.31340184807777405
0.5415307283401489
0.9287149906158447
0.8490481376647949
0.36488211154937744
0.5262131690979004
0.876025915145874
0.6754814982414246
0.7604959607124329
0.5276402235031128
0.2078341394662857
0.3061240315437317
0.4707401394844055
0.3959696888923645
0.8172723054885864
0.8891733288764954
0.8806228041648865
0.6843856573104858
0.7749264240264893
0.9068197011947632
0.6893887519836426
0.611791729927063
0.5280231237411499
0.24873216450214386
0.7622076272964478
0.7837027311325073
0.2439548373222351
0.9037930965423584
0.6692379117012024
0.10688919574022293
0.82435542345047
0.6727120280265808
0.6127117872238159
0.8796542882919312
0.6731705665588379
0.20337969064712524
0.6187039017677307
0.7015924453735352
0.6003650426864624
0.6725935935974121
0.7928985953330994
0.2735583782196045
0.5283299088478088
0.7273114919662476
0.8719820976257324
0.7939314842224121
0.8247783184051514
0.5907377004623413
0.14773601293563843
0.4662051498889923
0.8328382968902588
0.8106204271316528
0.8088500499725342
0.8446507453918457
0.8242064714431763
0.7564217448234558
0.7106561660766602
0.5711052417755127
0.6609536409378052
0.2225227653980255
0.7656439542770386
0.555970311164856
0.5217688083648682
0.3874305486679077
0.4559636414051056
1.0021579265594482
0.8037203550338745
0.7372689843177795
0.7918934226036072
0.7444828748703003
0.9549930095672607
0.8739228844642639
0.6014261245727539
0.6956546306610107
0.7880924344062805
0.8400154113769531
0.4173816442489624
0.9092197418212891
0.775514543056488
0.7887526154518127
0.3458830416202545
0.5102185010910034
0.07593223452568054
0.8100528717041016
0.20899170637130737
0.46813949942588806
0.4241701662540436
0.8638288378715515
0.857403039932251
0.7234206199645996
0.8291881084442139
0.9370956420898438
0.4837798476219177
0.3656526207923889
0.8504869937896729
0.5631181001663208
0.7057130336761475
0.24000698328018188
0.18721523880958557
0.7012947797775269
0.618615984916687
0.22961416840553284
0.7700464725494385
0.4818938374519348
0.9500342011451721
0.8335776329040527
0.5924314260482788
0.6349533796310425
0.74851393699646
0.5743681788444519
0.31033629179000854
0.7690370082855225
0.26423048973083496
0.7048229575157166
0.44200748205184937
0.38181671500205994
0.6241364479064941
0.8542821407318115
0.7648112773895264
0.668506383895874
0.8890061974525452
0.3378552794456482
0.5604470372200012
0.8672728538513184
0.8314899206161499
0.4787048101425171
0.8569234013557434
0.6190316081047058
0.21617139875888824
0.710198163986206
0.7749778032302856
0.7789332866668701
0.42464858293533325
0.7834674119949341
0.09843500703573227
0.7490440607070923
0.6941438913345337
0.746585488319397
0.5315639972686768
0.4207836985588074
0.7816033959388733
0.8118873238563538
0.3178308606147766
0.2628942131996155
0.31552743911743164
0.8409116268157959
0.25285404920578003
0.5205627679824829
0.9930484294891357
0.6457582116127014
0.8139629364013672
0.8816689252853394
0.7912344932556152
0.5225391983985901
0.6488843560218811
0.8251228332519531
1.0215471982955933
0.7933456301689148
0.5777862668037415
0.8332179188728333
0.37362176179885864
0.6833568811416626
1.0368542671203613
0.4735718369483948
0.1872490495443344
0.7680433392524719
0.6698365807533264
0.4240567684173584
0.8305565714836121
0.9086942076683044
0.7681267857551575
0.7797865867614746
0.7695562839508057
0.4919792711734772
0.7867987155914307
0.7204870581626892
0.5677090883255005
0.6868699789047241
0.5212675929069519
0.8698955178260803
0.4549081027507782
0.8833322525024414
0.8422312140464783
0.8395731449127197
0.4948139190673828
0.26049256324768066
0.10607725381851196
0.8776768445968628
0.12661930918693542
0.6197927594184875
0.753381609916687
0.7852430939674377
0.9621540904045105
0.4887784719467163
0.4308975636959076
0.6644600629806519
0.805357038974762
0.8770495653152466
0.3816867470741272
0.7014697790145874
0.6291689872741699
0.8260113000869751
0.7195344567298889
0.8045656681060791
0.6796983480453491
0.3111809492111206
0.5745745897293091
0.8335717916488647
0.7729700803756714
0.5069896578788757
0.5135046243667603
0.8690826892852783
0.4127775728702545
0.7724517583847046
0.8558488488197327
0.7449750304222107
0.7595507502555847
0.24791350960731506
0.7080068588256836
0.625633716583252
0.7656066417694092
0.7581363916397095
0.6930232048034668
0.484225332736969
0.40584272146224976
0.5519466400146484
0.935855507850647
0.8636804819107056
0.7549351453781128
0.8436475992202759
0.6435022950172424
0.7281709909439087
0.6106901168823242
0.8448382019996643
0.7321627140045166
0.851338267326355
0.6732479929924011
0.8697852492332458
0.601138174533844
0.10439740121364594
0.5910834670066833
0.7983481884002686
0.6792656779289246
0.7380244731903076
0.5382887125015259
0.3982546925544739
0.37250328063964844
0.4282957911491394
0.9613134860992432
0.6401853561401367
0.7684044241905212
0.24086564779281616
0.7347933650016785
0.6863243579864502
0.8684036135673523
0.7073982357978821
0.5520322322845459
0.5813124775886536
0.7102196216583252
0.44654250144958496
0.6287427544593811
0.5380908250808716
0.6206520795822144
0.6764770746231079
0.43530184030532837
0.7238713502883911
0.5850958824157715
0.7244810461997986
0.8071721792221069
0.4959239363670349
0.7971622943878174
0.6653444766998291
0.7877002954483032
0.8085125684738159
0.5186196565628052
0.7016875743865967
0.550648033618927
0.2128128856420517
0.6049789190292358
0.6623444557189941
0.4384782612323761
0.8574268817901611
0.5922744274139404
0.23339888453483582
0.6636868715286255
0.7628954648971558
0.8844776153564453
0.8704259395599365
0.8678039312362671
0.6473186016082764
0.3562238812446594
0.2634231448173523
0.6528140306472778
0.7213228940963745
0.5960150957107544
0.8078441023826599
0.740676999092102
0.5454282760620117
0.3974597752094269
0.7919027805328369
0.6402887105941772
0.851314902305603
0.39121758937835693
0.4276413917541504
0.7514633536338806
0.5147655010223389
0.7032273411750793
0.6329845190048218
0.9229633808135986
0.8636331558227539
0.6042569875717163
0.7440544366836548
0.8958896398544312
0.4819900393486023
0.7305669188499451
0.5869641900062561
0.5030509233474731
0.26613202691078186
0.7500057220458984
0.5369303226470947
0.5778183937072754
0.7595124244689941
0.7510442137718201
0.7926937341690063
0.5681323409080505
0.746833860874176
0.7014608383178711
0.6686539649963379
0.8722625374794006
0.5456066131591797
0.5019950270652771
0.5677610635757446
0.5426033139228821
0.6909944415092468
0.4216783046722412
0.7051218748092651
0.39614933729171753
0.3803149163722992
0.7349015474319458
0.42000508308410645
0.7241275906562805
0.7721834182739258
0.39846882224082947
0.4432663321495056
0.7299050092697144
0.5642691850662231
0.6063076853752136
0.7457631826400757
0.7679574489593506
0.8013584613800049
0.7565068006515503
0.5268852114677429
0.6477020978927612
0.6209812760353088
0.4627789855003357
0.2594771087169647
0.3484572768211365
0.5276389122009277
0.21146869659423828
0.7568554282188416
0.5875951647758484
0.821868896484375
0.5343101024627686
0.8389779925346375
0.7414115071296692
0.8148541450500488
0.6741944551467896
0.6623328924179077
0.5892998576164246
0.7826780080795288
0.7131360173225403
0.3060680329799652
0.9126415252685547
0.4550015330314636
0.7231312990188599
0.650455892086029
0.330552875995636
0.7822660207748413
0.9408391118049622
0.5209705233573914
0.4634675681591034
0.5740038156509399
0.25328129529953003
0.4207550287246704
0.726047694683075
0.8338686227798462
0.8818467259407043
0.6021102070808411
0.5379178524017334
0.5019440650939941
0.8406999707221985
0.7066341638565063
0.8872172832489014
0.23631420731544495
0.49269890785217285
0.8272801041603088
0.6655091643333435
0.7443909645080566
0.7304984331130981
0.6718920469284058
0.5198460817337036
0.6429733633995056
0.5048958659172058
0.8625731468200684
0.36662423610687256
0.5194068551063538
0.4932115077972412
0.7417157888412476
0.8321349024772644
0.7002549767494202
0.7599365711212158
0.7992485761642456
0.7555314302444458
0.8007493615150452
0.6476513147354126
0.2461102306842804
0.31900298595428467
0.7659576535224915
0.6904160976409912
0.75235915184021
0.83003830909729
0.678655207157135
0.29116684198379517
0.7151479721069336
0.44563838839530945
0.5218663811683655
0.6565698385238647
0.5121092796325684
0.5721108913421631
0.4005999267101288
0.6384641528129578
0.44916772842407227
0.40048760175704956
0.777823805809021
0.7968619465827942
0.38270968198776245
0.7902075052261353
0.3904782831668854
0.6297933459281921
0.6831421852111816
0.4871705174446106
0.48873257637023926
0.5847817063331604
0.5200487971305847
0.6075314879417419
0.7344510555267334
0.6155694723129272
0.37058478593826294
0.5320963263511658
0.7926879525184631
0.36358216404914856
0.754072904586792
0.6747157573699951
0.7404783964157104
0.6592041850090027
0.7622530460357666
0.6237883567810059
0.31617921590805054
0.8136575818061829
0.7820457220077515
0.3642491102218628
0.44257694482803345
0.28885331749916077
0.867460310459137
0.6619107723236084
0.7294859886169434
0.678099513053894
0.4975012242794037
0.8201751708984375
0.2567288279533386
0.7160582542419434
0.4425090551376343
0.4259899854660034
0.7294750213623047
0.7683087587356567
0.2591117024421692
0.7862327694892883
0.8270679712295532
0.6453187465667725
0.7896028757095337
0.7465648651123047
0.7522851228713989
0.5314425230026245
0.6299315690994263
0.7377963066101074
0.44066286087036133
0.8202017545700073
0.35154515504837036
0.5908589959144592
0.7627659440040588
0.37797069549560547
0.7433511018753052
0.6539375185966492
0.7786314487457275
0.6789398193359375
0.6546759605407715
0.3333033323287964
0.630382239818573
0.7313908934593201
1.005754828453064
0.7370768785476685
0.15312480926513672
0.5289748907089233
0.21613219380378723
0.3666844964027405
0.6983612775802612
0.44929128885269165
0.7097132802009583
0.8178586959838867
0.5156475305557251
0.7888158559799194
0.6766183376312256
0.7929672002792358
0.5952295064926147
0.5409851670265198
0.7629287242889404
0.7693980932235718
0.7328384518623352
0.8461006879806519
0.8591710925102234
0.8537707328796387
0.45852670073509216
0.7515962719917297
0.8007466793060303
0.2555043697357178
0.865858256816864
0.4387342929840088
0.31458035111427307
0.7465857267379761
0.9250727891921997
0.6678466796875
0.7492507696151733
0.8113368153572083
0.5823359489440918
0.866025984287262
0.9535006284713745
0.7647949457168579
0.8052665591239929
0.3002133369445801
0.6901164054870605
0.6897691488265991
0.8923489451408386
0.8707202672958374
0.9010990858078003
0.5459158420562744
0.8014453649520874
0.5758105516433716
0.8019493818283081
0.9268289804458618
0.8524242043495178
0.7266530990600586
0.7380147576332092
0.5880213379859924
0.7718203067779541
0.9699186086654663
0.31874096393585205
0.7943297028541565
0.8650858402252197
0.40075767040252686
0.540846586227417
0.49602004885673523
0.8607428669929504
0.4549108147621155
0.525577962398529
0.7157843112945557
0.6058803796768188
0.8295775055885315
0.825136125087738
0.6550596952438354
0.7008630037307739
0.6235023736953735
0.8241825103759766
0.8001298904418945
0.7470775246620178
0.7745122909545898
0.6107636094093323
0.7234561443328857
0.47699904441833496
0.502190351486206
0.7528119087219238
0.8720828294754028
0.8416250944137573
0.8216772675514221
0.6306058764457703
0.7703714370727539
0.7560571432113647
0.7165541648864746
0.8435720801353455
0.5086395740509033
0.8676759004592896
0.878964364528656
0.7089888453483582
0.538644552230835
0.7138331532478333
0.6152263879776001
0.2795332074165344
0.4708569049835205
0.843293309211731
0.8297359943389893
0.6210662722587585
0.7630911469459534
0.41583892703056335
0.640628457069397
0.7162963151931763
0.8076034784317017
0.6243453025817871
0.7764397263526917
0.7775676250457764
0.5020476579666138
0.7697865962982178
0.3148077428340912
0.23295488953590393
0.75967937707901
0.5311904549598694
0.686080813407898
0.4665718078613281
0.42194658517837524
0.396498441696167
0.6645282506942749
0.7591860890388489
0.6779582500457764
0.7425466179847717
0.7049919366836548
0.6625221967697144
0.7898623943328857
0.6705622673034668
0.7934210300445557
0.6924303770065308
0.598047137260437
0.4951055645942688
0.5674575567245483
0.6332232356071472
0.7323837876319885
0.49984633922576904
0.49176687002182007
0.6399379968643188
0.6198225021362305
0.6751987338066101
0.7696930170059204
0.6546049118041992
0.48355841636657715
0.74839186668396
0.26226767897605896
0.8268904685974121
0.8106067180633545
0.8080677390098572
0.5043988227844238
0.7115398049354553
0.2996239960193634
0.6807900071144104
0.6846331357955933
0.723393976688385
0.7978068590164185
0.29160261154174805
0.28356558084487915
0.5774821043014526
0.5966403484344482
0.5446200370788574
0.565856397151947
0.4267609715461731
0.8414637446403503
0.6656373143196106
0.6743234395980835
0.6792784929275513
0.6563862562179565
0.763009786605835
0.7702234387397766
0.7774778008460999
0.9088575839996338
0.48115214705467224
0.32415133714675903
0.4592782258987427
0.5095311999320984
0.7760809659957886
0.7388066053390503
0.6164764165878296
0.6596309542655945
0.4888916015625
0.7992210388183594
0.49012047052383423
0.8475667834281921
0.620485782623291
0.4250403642654419
0.8902570009231567
0.2389478236436844
0.7540993690490723
1.0182048082351685
0.45186859369277954
0.8157044649124146
0.5500830411911011
0.3413800001144409
