0.6019992761128896
0.578432466626257
0.5910571423023372
0.5773179527315824
0.5573215536600744
0.6045936856078682
0.5679929564419648
0.5731031848784324
0.5612393842288399
0.6549271751364194
0.6071615973572971
0.5299948561709665
0.5555839395159735
0.5893563578907945
0.5823623669095532
0.6212973349527027
0.5054019289566595
0.5875686425864384
0.576203085141578
0.529198017105356
0.5898042797598395
0.6558274269887002
0.5808240878102449
0.6182590857873991
0.6413758989476971
0.6239556813366105
0.5723266488736892
0.5613540908799144
0.5755113907832801
0.6307706321916926
0.6286826133276282
0.5934125727845789
0.6386685707252787
0.5861646889480655
0.5523494401012219
0.6716822862164208
0.6297472005434004
0.5141803394200956
0.6357992001236541
0.5143089024276225
0.5839428137949889
0.6152606766998009
0.6026788456060368
0.6498900246786322
0.6483487425821388
0.6278792430845246
0.6063099451784686
0.634919462390534
0.5486646533408032
0.6009316013883654
0.602038264573152
0.6051152267972164
0.5777515049299744
0.6201998440597359
0.5983859747579058
0.6041977700951524
0.609255571042722
0.6032057273546707
0.6078492118684904
0.6489917928163255
0.6521767403028034
0.6494164828524182
0.6355483079847329
0.6181466933950129
0.6305195021622427
0.596910156575607
0.6355631083475533
0.6220421093174017
0.6303721223321868
0.582188989424223
0.5158165150797982
0.6440570495261092
0.608243798833092
0.6182137439248705
0.6267046656584135
0.6175250200652703
0.6257955245779658
0.6425737063713091
0.6007269568844321
0.6398943072017226
0.6443054759409107
0.6236555823842784
0.5232976931479046
0.6461462122111491
0.6247447072659494
0.5983824059808954
0.6344288754258032
0.6663483793982681
0.5632374939950039
0.6097305832659312
0.6160817859076411
0.6314677722928629
0.6258063873026605
0.6490800933799418
0.6076833951676425
0.5860957926849324
0.6163637129864004
0.6430730001025415
0.6443070865294809
0.6382672062177748
