0.2420022582
0.04842342342
0.00535833891
0.00174596246
0.00123877361
0.0073327222700000005
0.2216386555
0.164053076
0.1257731959
0.1567398119
0.14128035320000001
0.1232876712
0.03102111159
0.4082464884
0.0019334880099999999
0.00035688794000000005
0.0039447731800000005
0.027837259099999997
0.00532481363
0.2488
0.00377180575
0.00646352724
0.004518072289999999
0.0010197144800000002
0.21800620899999998
0.40420939019999996
0.09915014164000001
0.01500535906
0.09594095941000001
0.352303523
0.4647151072
0.00107095047
0.3890436397
0.005594817429999999
0.00450958286
0.0010760401699999999
0.03559322034
0.0038961038999999996
0.0
0.01643444087
0.00271084337
0.00445930881
0.0
0.0481870229
0.46277056279999995
0.00251572327
0.07569539444000001
0.004626952
0.0068779904300000005
0.4206349206
0.02717622081
0.4231827112
0.00085324232
0.1369642282
0.00082372323
0.4085195531
0.00503144654
0.023305084749999996
0.3479776848
0.00520532099
0.00299238303
0.05371024735
0.00302780072
0.2267235252
0.0020533880900000002
0.0
0.0015015015
0.0016734845700000001
0.0
0.00134498991
0.2111937035
0.03703703704
0.0005149330600000001
0.0
0.0021905805
0.4658008658
0.1214470284
0.01242236025
0.03614457831
0.3457688808
0.00043271311
0.2848979592
0.0
0.056497175139999994
0.475862069
0.4024205749
0.032973621099999996
0.3872714963
0.0976226606
0.005841121500000001
0.4382733813
0.11724137929999999
0.1695059625
0.04838709677
0.1604803493
0.01625207297
0.2281043207
0.4364343404
0.0138483965
0.00646298472
0.00624549604
0.37739872069999997
0.4333791209
0.00142755175
0.008431272359999999
0.03229527105
0.00031456433
0.02718734553
0.0016729401899999998
0.0
0.4216261526
0.0300400534
0.08403361345
0.4679602888
0.060573857599999996
0.4612352168
0.0023923445
0.2315504401
0.159170766
0.0
0.1265229616
0.2895586652
0.00201207243
0.00187265918
0.034058268360000005
0.3643867925
0.00139958013
0.01355421687
0.41692667710000003
0.02091254753
0.0063041765199999995
0.00173761946
0.0026595744700000003
0.16859946480000002
0.0
0.2929936306
0.41717259319999994
0.1290322581
0.00552956189
0.00120144173
0.0068728522299999996
0.2344658024
0.39930555560000003
0.00766493293
0.1393989983
0.41290893019999997
0.07891770011
0.03691639522
0.00477178423
0.00213980029
0.4365136298
0.1377029465
0.0
0.00825940655
0.00181488203
0.0
0.0007874015700000001
0.4377104377
0.2789699571
0.0
0.43589743589999996
0.00627567321
0.3648802737
0.019973368840000002
0.3582089552
0.00347222222
0.4208998549
0.1084158416
0.3905228758
0.00529355149
0.45978391360000004
0.0153256705
0.0031496063
0.030355594099999997
0.00263296472
0.4377188594
0.00204081633
0.47100382690000003
0.02626123013
0.1143552311
0.21187584350000002
0.00430416069
0.1972336066
0.0024154589400000002
0.0
0.42071197410000005
0.052863436119999996
0.004784689
0.00391006843
0.3491992883
0.34916201119999996
0.1986940299
0.3670485974
0.00116640747
0.382629108
0.1126158232
0.00472255018
0.446094873
0.1608565737
0.00057736721
0.00706991359
0.3158928159
0.40080971660000003
0.1565217391
0.00092250923
0.05946337926
0.00487210719
0.26887661139999997
0.01245311328
0.00079522863
0.03204897371
0.0037406483800000003
0.0765993266
0.0
0.00170565302
0.01185770751
0.261682243
0.08860759493999999
0.03229166667
0.17321313589999998
0.00102845389
0.04139784946
0.0202020202
0.00159489633
0.00431034483
0.01762632197
0.39387186630000004
0.27985865719999997
0.0
0.00240706071
0.2925486876
0.00188916877
0.01538461538
0.0
0.0
0.0
0.41046277670000003
0.00069492703
0.42551674980000004
0.12381951730000001
0.1894495413
0.025679758310000002
0.0074152542399999995
0.0022455089799999998
0.00613496933
0.01896333755
0.4503144654
0.00047483381
0.3293709757
0.02803738318
0.3725490196
0.0005020080300000001
0.1920152091
0.09990662932
0.2120786517
0.00808229243
0.4616747895
0.0
0.4744525547
0.00145067698
0.1216216216
0.0
0.43638170969999995
0.00457846542
0.00350058343
0.00140449438
0.11646884269999999
0.4227467811
0.00131176213
0.00563909774
0.00389294404
0.01284246575
0.2049418605
0.311627907
0.0027109454399999997
0.049800796810000006
0.2602979842
0.3845697329
0.00186915888
0.0042298202299999995
0.08779293459
0.01220657277
0.1902173913
0.3096774194
0.0039893617
0.44736842109999997
0.43293885600000004
0.0037709976
0.0
0.3644562334
0.2123212321
0.00277777778
0.00816104461
0.04
0.00516505726
0.4426035503
0.25281102650000004
0.00442099258
0.00907029478
0.1048177083
0.0
0.0
0.00789096126
0.00081900082
0.44715447150000004
0.007976794780000001
0.00101626016
0.4216380182
0.09023255814
0.03409090909
0.00926517572
0.1516646116
0.00198570294
0.0254060808
0.02749140893
0.054054054049999994
0.0026099925400000002
0.00080775444
0.02474690664
0.00607902736
0.4058224163
0.0
0.00709849157
0.5326481258
0.059691912709999996
0.00052938062
0.2026431718
0.044025157229999994
0.009635974299999999
0.12476370510000001
0.0
0.0
0.1930261519
0.00546448087
0.1522793404
0.0024691357999999997
0.4207704527
0.0017331022500000001
0.00098039216
0.020128479659999997
0.1902803738
0.4560148384
0.4430665163
0.03338278932
0.01806239737
0.02219979818
0.40697674419999996
0.0046918589900000005
0.03949685535
0.06225680934
0.42628205129999996
0.00465549348
0.0900611129
0.00515055468
0.00241472985
0.38235294119999996
0.0009319664499999999
0.3283070596
0.09958008398000001
0.1120987654
0.013698630140000001
0.00169204738
0.00406173842
0.00319488818
0.4384485666
0.05432595573000001
0.01892744479
0.3297959184
0.02698249228
0.00380904012
0.0
0.0035097981900000003
0.008130081300000001
0.00944138474
0.0
0.00474415452
0.0
0.0009596929
0.3189389266
0.4819277108
0.01201923077
0.16927083329999998
0.00287356322
0.04895104895
0.09388458225999999
0.2874432678
0.2720702117
0.0
0.09343065693
0.3946791862
0.1175018514
0.0030845157299999996
0.01227154047
0.00046685340999999997
0.00248550124
0.027646129539999998
0.043453401940000004
0.1133556726
0.00193573364
0.0038167938899999997
0.48311897109999996
0.0
0.02473498233
0.2771084337
0.0
0.00516431925
0.0074418604700000005
0.00419084462
0.0042625746
0.41432887350000003
0.0
0.4540659341
0.00475687104
0.00261951539
0.3513636364
0.03959276018
0.024275646050000002
0.3334367246
0.00202020202
0.42337507449999995
0.4512331839
0.11756238
0.2329020333
0.1041990669
0.24864864860000002
0.4366219668
0.0031974420500000002
0.0
0.1751778987
0.33651896899999995
0.0
0.078125
0.07169459963000001
0.00560161326
0.2895683453
0.0026954177899999997
0.1679586563
0.0014015416999999999
0.36297640649999996
0.014689265540000001
0.0
0.0011709601899999999
0.00234741784
0.01383399209
0.0014561339600000001
0.4015992892
0.0
0.0048
0.00097751711
0.0
0.0
0.4102106391
0.0077903682699999996
0.26781326780000003
0.01245551601
0.00565770863
0.00220555801
0.3966352281
0.1285975331
0.38132911389999996
0.00064850843
0.1636615811
0.39784946239999996
0.2359550562
0.00159680639
0.00072533849
0.0
0.00323232323
0.29340028690000003
0.2158808933
0.037914691939999995
0.06576980568
0.01456953642
0.00974658869
0.0
0.00367647059
0.00291757841
0.4356385664
0.1135385634
0.40697674419999996
0.0
0.09174722520999999
0.06171284635
0.00353982301
0.4516339869
0.3879500367
0.03081367357
0.02261904762
0.1765276431
0.009358288769999999
0.00130718954
0.00033068782999999996
0.124621376
0.0
0.005068574839999999
0.02985074627
0.04298554123
0.03594771242
0.04839506173
0.3989817792
0.07381546135
0.00190839695
0.39682539679999995
0.40101522840000003
0.2879884226
0.015608180840000001
0.11904761900000001
0.00376506024
0.0
0.00098522167
0.25249169439999997
0.00067385445
0.00609080842
0.0016286644999999999
0.0007604562700000001
0.3728222997
0.00746268657
0.2742574257
0.12019103210000001
0.1
0.3885125982
0.00098309084
0.32953181270000004
0.30453563710000003
0.0
0.11872909699999999
0.00367647059
0.00108510308
0.012681159420000001
0.03203661327
0.0013218770699999999
0.021844660189999997
0.03573792191
0.08139534883999999
0.3150955834
0.0018438844500000002
0.00228832952
0.00879541109
0.354338843
0.102357985
0.00836320191
0.3671650374
0.37673130190000004
0.0088619403
0.43564356439999996
0.2266571632
0.00351457515
0.4306569343
0.00109379273
0.0018621973899999999
0.001995439
0.00175746924
0.0084306096
0.02544529262
0.05893933801
0.00420168067
0.01300954033
0.07307171854
0.01379582184
0.2726027397
0.0
0.00600858369
0.0
0.030674846630000002
0.00171428571
0.03937007874
0.1343930636
0.00838926174
0.00724233983
0.2464985994
0.09096013475999999
0.00267022697
0.4272151899
0.01307800093
0.0
0.05813514534
0.00320512821
0.01520912548
0.00195694716
0.3275193798
0.09461031408000001
0.003125
0.0
0.00189393939
0.008213552360000001
0.4175925926
0.4462427746
0.05237981344
0.0
0.00821256039
0.00149700599
0.0061757719700000005
0.22432294330000002
0.017881705640000002
0.4828209765
0.00061919505
0.00198807157
0.3058103976
0.00039432177
0.0038064165300000005
0.00299132516
0.011096316020000002
0.00263596004
0.00091962479
0.00337186898
0.5266272189
0.0005246589699999999
0.08159163987
0.00293613898
0.0019723865900000003
0.38803680980000005
0.00285062714
0.00160440064
0.0
0.02407407407
0.1288014311
0.012820512820000001
0.0
0.1568627451
0.00456781448
0.0152284264
0.03383458647
0.015100671139999999
0.0
0.00897832817
0.00346020761
0.35329341319999996
0.02002107482
0.0
0.00232288037
0.14528462190000002
0.00225988701
0.4811320755
0.26944444440000004
0.444
0.4468538926
0.00061443932
0.3943592281
0.3504992118
0.00373134328
0.0
0.059523809520000005
0.1010752688
0.0
0.00049603175
0.01442307692
0.1981898781
0.2921582235
0.0
0.043235704320000005
0.0
0.00769230769
0.10659072419999999
0.0043290043299999996
0.0
0.4050847458
0.0052258305299999995
0.0
0.08512467756
0.052213393870000006
0.00052110474
0.1661375661
0.05057471264
0.45685279190000005
0.4598348348
0.0
0.00255972696
0.00117260788
0.0013360053399999999
0.1935483871
0.1670183901
0.00151408095
0.005600000000000001
0.1389920424
0.42700729930000003
0.0
0.4400458979
0.02244389027
0.03906935909
0.00116346713
0.00587659158
0.0
0.00581395349
0.00341880342
0.08097165992000001
0.00125628141
0.4244402985
0.0045924225
0.06896551724
0.4492078285
0.0315625
0.02411347518
0.2926284438
0.00215672178
0.11247443759999999
0.043159609120000005
0.00361827227
0.01111993646
0.00140911226
0.4469756481
0.0029784065500000003
0.00333174679
0.1484962406
0.0027137042099999995
0.4145695364
0.2271371769
0.00832702498
0.0
0.00648298217
0.0025884383100000003
0.00073475386
0.00290135397
0.07690411634
0.023515344759999997
0.0035460992899999997
0.3686458778
0.00102854204
0.01109877913
0.00070175439
0.00102459016
0.3705109489
0.19750519749999998
0.0
0.1367437285
0.4395373291
0.0042052144699999995
0.0026929982000000003
0.0014154281699999998
0.0
0.43097694169999995
0.03869407497
0.00172228202
0.011534025370000001
0.1745086361
0.00491266376
0.00228136882
0.00122129946
0.2669212079
0.00337964701
0.0
0.2374145432
0.0064516129
0.2001334223
0.03353658537
0.0028348688900000003
0.4649827784
0.00523560209
0.0029010734
0.4368669818
0.4858599907
0.00279329609
0.040605095540000004
0.1835748792
0.4131403118
0.4227979275
0.00095328885
0.00656660413
0.00445235975
0.00514018692
0.3081285444
0.4466628637
0.0008680555600000001
0.00106609808
0.00114285714
0.1683980317
0.0128102482
0.46936542670000003
0.07751147374
0.1138461538
0.19302325580000002
0.0026857654399999997
0.034811758639999996
0.0
0.3951329654
0.33729216149999997
0.02967563837
0.05607476636
0.08412483039
0.0704467354
0.00066533599
0.0
0.3220035778
0.40062111799999994
0.00243309002
0.11134235170000001
0.0
0.0
0.0007369196799999999
0.0358056266
0.021117166209999996
0.0034013605400000004
0.2685224839
0.00202546296
0.0
0.4925373134
0.0011148272
0.00619578686
0.0032499187499999997
0.22796934870000002
0.0005777007499999999
0.3590963139
0.04301075269
0.00137362637
0.1820491109
0.00256904303
0.00926705981
0.2246330568
0.2225274725
0.00192604006
0.151481888
0.00932400932
0.00064516129
0.024361259660000002
0.3209876543
0.0033898305099999996
0.027027027029999998
0.1259600614
0.3558379666
0.00121138704
0.03588070829
0.004615384619999999
0.04372623574
0.035
0.3523600439
0.0
0.00221276596
0.0012674271200000002
0.0010020040099999999
0.1734475375
0.00039619651
0.0027835768999999997
0.059952846080000004
0.00474934037
0.3114186851
0.00078802206
0.00468994268
0.01428571429
0.0
0.001171875
0.1197263398
0.0018761726100000001
0.2702312139
0.2928475034
0.2588383838
0.00064536947
0.02996914941
0.3269098417
0.00099651221
0.0051413881699999995
0.00240384615
0.0
0.029761904760000003
0.1960436216
0.4541406946
0.0016025641
0.0015267175599999998
0.01480484522
0.1113762928
0.0
0.16779026219999998
0.00115207373
0.00224466891
0.1835405565
0.0005320564
0.0
0.0
0.014594594590000001
0.1149897331
0.00824499411
0.031489361699999996
0.0
0.0006238303199999999
0.36353467559999997
0.00771775083
0.00220264317
0.00074183976
0.016229712860000002
0.00168350168
0.01654964895
0.4140930839
0.00033636058
0.03127079175
0.06620209059
0.05317417254
0.4339622642
0.1636500754
0.4134615385
0.02652910833
0.0
0.025188916880000002
0.0015392509
0.3689388616
0.0074653395
0.00263504611
0.0255839822
0.44444444439999997
0.1780084583
0.01709401709
0.00133067199
0.01290322581
0.35161832699999995
0.00163844894
0.00044169611
0.2524590164
0.0
0.003125
0.00243309002
0.00233918129
0.00096474954
0.3283767038
0.03448275862
0.00131176213
0.26020408159999997
0.014957264960000001
0.4392288349
0.332010582
0.4231499051
0.0012547051400000001
0.00285714286
0.08105872622
0.4180668116
0.0037776578500000003
0.00109090909
0.21126760560000002
0.0
0.1465571699
0.09299363057000001
0.02693823916
0.00176491352
0.052445074419999994
0.00884955752
0.00341005968
0.007368421050000001
0.0033046926599999997
0.05691439323
0.0015527950300000001
0.35589727330000004
0.00583941606
0.4146341463
0.0822585268
0.3334975369
0.00120264582
0.0
0.00292740047
0.2229580574
0.00846560847
0.27961362479999996
0.0
0.02135231317
0.01923076923
0.00562851782
0.3563829787
0.0026954177899999997
0.3044397463
0.0006119951
0.2383985441
0.0
0.3903654485
0.01426024955
0.00120992136
0.2098484848
0.0007898894200000001
0.10200190660000001
0.058579574909999994
0.19893048130000002
0.0032206119199999998
0.4106910039
0.00537995965
0.4057377049
0.3838565022
0.00120048019
0.02692548528
0.0
0.0
0.00841396719
0.0011005135700000001
0.00107411386
0.24262295080000001
0.3560673162
0.00442477876
0.44179894179999996
0.0012391573699999999
0.2432120162
0.14154727790000002
0.2962466488
0.00059311981
0.2519237203
0.0
0.00812347685
0.02859127214
0.04320987654
0.00611620795
0.0149142431
0.4326750449
0.0009689922500000001
0.3380121396
0.4459279039
0.0012391573699999999
0.29541108990000003
0.00283125708
0.00061050061
0.2992831541
0.02074074074
0.00086956522
0.00212314225
0.00645682002
0.35817134629999997
0.00236826525
0.003003003
0.14790996780000001
0.02390216787
0.00415800416
0.030864197529999998
0.00030950169999999997
0.2462462462
0.0
0.2565
0.0
0.4369059325
0.0045112782
0.01965923984
0.4212548015
0.1557719054
0.00488171235
0.00272373541
0.00159235669
0.3725895317
0.4797909408
0.3459317585
0.00183486239
0.2393231265
0.1672946496
0.2093023256
0.0
0.0
0.012
0.00183402109
0.40326086959999996
0.01267468313
0.0029850746299999995
0.00462249615
0.1285304953
0.35276495830000004
0.0
0.2134342479
0.00064599483
0.007042253520000001
0.4048289738
0.00100806452
0.4285244824
0.01123595506
0.0
0.44912790700000005
0.06
0.05618649133
0.022742040289999998
0.02142857143
0.2070707071
0.0051562026100000005
0.0027962251
0.00100150225
0.1755319149
0.054368932040000005
0.01097694841
0.0
0.00030769231
0.1315924219
0.18895027620000002
0.007716049379999999
0.00160944206
0.4024767802
0.5173961841
0.4213483146
0.0
0.0
0.4370946822
0.03333333333
0.053867403310000006
0.00523560209
0.006017191979999999
0.00308261406
0.0
0.00408163265
0.1934338953
0.0056980057
0.4649859944
0.00170648464
0.4262867894
0.0
0.0025974026
0.4708299096
0.010699001429999999
0.1875217846
0.0035700119000000004
0.14590747329999998
0.00983227299
0.02703514569
0.4341372913
0.02592087312
0.00041349653
0.4737732657
0.050955414010000005
0.09150326797
0.07628524046
0.00381194409
0.3535050929
0.1920710868
0.006821282400000001
0.00170706726
0.35627938210000004
0.0297029703
0.30620985009999996
0.0
0.25817757010000003
0.3911368015
0.42198581560000004
0.00080256822
0.00301810865
0.00076569678
0.4113292011
0.48665620089999995
0.00443704936
0.00666502098
0.0016038492400000002
0.03983050847
0.00203252033
0.005341880340000001
0.1427247451
0.16455696199999997
0.00142959257
0.14679999999999999
0.012676056339999998
0.0
0.00430416069
0.02157079646
0.0354767184
0.2502234138
0.00305250305
0.4014648661
0.1629086809
0.06230529595
0.0
0.3568
0.3782894737
0.05092592593
0.00375375375
0.02068680182
0.0
0.00195886386
0.00198675497
0.020422055819999996
0.00127226463
0.07497160167
0.16382252560000002
0.2087053571
0.417370892
0.39974126779999997
0.3335102853
0.0013673655400000002
0.00254022015
0.01169590643
0.38705035969999996
0.00636659757
0.0
0.0
0.12051282049999999
0.00398406375
0.0014357501799999999
0.40556138509999995
0.05305755396
0.00059382423
0.0
0.261829653
0.02852614897
0.0
0.32445290200000004
0.059740259739999996
0.00218261186
0.04545454545
0.2
0.013029315960000001
0.00114678899
0.0
0.495958155
0.3953488372
0.3998091603
0.007017543859999999
0.3946188341
0.04809286899
0.4161232958
0.01293487957
0.18268876609999998
0.005529225909999999
0.00596205962
0.00064724919
0.2405630198
0.03597122302
0.005417118090000001
0.01848049281
0.462690292
0.04560810811
0.1743589744
0.00110987791
0.01050788091
0.41779788840000004
0.001998002
0.1041666667
0.23169398910000003
0.22330097089999998
0.0
0.0
0.2483164983
0.014920071049999999
0.2681415929
0.02187748608
0.00055218112
0.04060734463
0.01857585139
0.00259291271
0.010954616589999999
0.4821705426
0.00111607143
0.0
0.00583430572
0.0042398546300000005
0.11843618239999999
0.3474048443
0.00330305533
0.050675675680000004
0.0
0.1136363636
0.3975460123
0.2394136808
0.025641025640000002
0.00181554103
0.00698396275
0.00097087379
0.0
0.00089047195
0.1471144749
0.00884955752
0.5046728972
0.2120359955
0.0007980846
0.0
0.4533972125
0.0
0.39420935409999996
0.08784676354
0.1997734139
0.00241109102
0.1149068323
0.0026525198900000002
0.0085106383
0.4615728329
0.02283105023
0.0
0.00036337209
0.12396694209999999
0.20592823710000002
0.00716845878
0.0
0.248427673
0.0007412898399999999
0.15912762519999998
0.0010141987800000001
0.0
0.03191489362
0.0034940601
0.00073637703
0.3690544413
0.00362647325
0.3667083855
0.02717533316
0.01310043668
0.0
0.02068965517
0.37082066869999997
0.0008054772500000001
0.1556962025
0.3974683544
0.1028938907
0.4552683897
0.006709158
0.05170902717
0.00316122234
0.0
0.00568720379
0.1208333333
0.00156739812
0.10273515679999999
0.15570065290000001
0.01196581197
0.0063424947099999995
0.00342465753
0.0
0.0
0.0
0.00161637931
0.00120481928
0.04060913706
0.3365032919
0.4533428674
0.2654223347
0.4145962733
0.0
0.35694915250000003
0.20707596250000002
0.33552631580000003
0.0034334763899999997
0.00616698292
0.4501879699
0.2917251052
0.218879056
0.3579136691
0.00272331155
0.32586206900000003
0.0
0.0010139417
0.00534351145
0.1042253521
0.00190023753
0.00157480315
0.0017241379300000001
0.00094996833
0.00255754476
0.2685082873
0.03712296984
0.02451923077
0.4241610738
0.1295200526
0.00283286119
0.1176115802
0.01109057301
0.01039783002
0.01907356948
0.02196118488
0.09853528628
0.35365117679999997
0.007326007329999999
0.0013360053399999999
0.37603427899999997
0.3466494845
0.4323104693
0.00907441016
0.0
0.1550017071
0.00347423277
0.00051644001
0.2250922509
0.01317523057
0.00600600601
0.05941845765
0.3959218352
0.00254452926
0.35442404009999995
0.3451561673
0.00170357751
0.1202614379
0.0
0.2876254181
0.40616740090000003
0.1279951471
0.00875145858
0.01899335233
0.00258933195
0.01686746988
0.1150353179
0.0065681445
0.3476923077
0.00905797101
0.02289156627
0.029587482220000003
0.46078431369999995
0.2192771084
0.00148643627
0.046943231440000004
0.007120253159999999
0.00457665904
0.47497779090000003
0.15072765070000002
0.0036909448799999998
0.40917678809999997
0.2471092077
0.3149284254
0.00329566855
0.07480314961000001
0.008912655969999999
0.00037023325
0.00257400257
0.040554962650000005
0.2716457369
0.00321637427
0.0
0.0023518344299999997
0.0012205044800000001
0.1335849057
0.1363952679
0.00256805342
0.0
0.4162062615
0.2338792221
0.4394586895
0.00852514919
0.49590163930000003
0.4482071713
0.00166057788
0.00322927879
0.0
0.2566666667
0.33490566039999997
0.0
0.0009033423699999999
0.4330097087
0.1252086811
0.0021691974
0.4043062201
0.3699613473
0.0
0.0027855153199999997
0.33555468439999997
0.4574468085
0.09054593875
0.00122249389
0.3531914894
0.0005595970900000001
0.00229357798
0.0014781966
0.4037685061
0.4904024768
0.229317852
0.08659680088
0.08442982455999999
0.4382826476
0.00475812847
0.029239766079999997
0.0
0.1132075472
0.2723363593
0.0016764459300000001
0.00266489007
0.07995846313999999
0.37294832829999996
0.0020482476099999997
0.00133612435
0.3758754864
0.2718286656
0.09615384615
0.42315369259999996
0.00156739812
0.473245614
0.1574712644
0.3068240123
0.006851661530000001
0.00933488915
0.3789381564
0.00189599133
0.00101936799
0.10380823510000001
0.0
0.00112359551
0.0
0.0
0.012170385399999999
0.08951707891999999
0.054259876250000005
0.01526384649
0.2055622733
0.0033557047
0.3090643275
0.034340659339999996
0.02204995693
0.1678431373
0.00170357751
0.00587371512
0.4419321686
0.0017644464000000002
0.00242424242
0.4204545455
0.4184457728
0.10810810809999999
0.00507614213
0.02794039383
0.00638421358
0.00261437908
0.4632991318
0.37383177570000004
0.0055299539200000004
0.1082802548
0.00311647838
0.2026845638
0.00709994539
0.0
0.0
0.1924447612
0.0
0.02146985962
0.0
0.02143950995
0.01589704769
0.02377300613
0.00143163923
0.00156739812
0.08363636363999999
0.4876847291
0.1778202677
0.00099601594
0.00044943820000000004
0.0
0.0049833887
0.3072289157
0.39617083950000004
0.3632882883
0.09284565916
0.08800370542
0.00053475936
0.35793357929999997
0.0
0.45714285709999997
0.024118738400000003
0.00610500611
0.00078926598
0.00102092905
0.2718662953
0.4114427861
0.3514467184
0.02585722316
0.01084474886
0.00632244468
0.1341531582
0.020792722549999997
0.0
0.38197738049999996
0.0
0.23751763050000002
0.11650485440000001
0.06357388316
0.0
0.1264822134
0.09121212121
0.0030840400899999998
0.0
0.3907875186
0.08888219342999999
0.07509881423
0.00146535483
0.2427926363
0.00482093664
0.00226449275
0.00155118925
0.01848249027
0.3090909091
0.48151950720000003
0.1070354781
0.42442748090000004
0.01663201663
0.0058479532199999995
0.00227790433
0.0032696434
0.00640683396
0.059210526320000005
0.02626892253
0.00243201415
0.09345156889
0.3641943734
0.0
0.00208955224
0.0007545271600000001
0.00339981868
0.0
0.3833922261
0.0
0.4548207976
0.00033411293000000004
0.3775510204
0.2795793164
0.07542194093
0.0012578616400000001
0.3456790123
0.2836752899
0.00208986416
0.0625
0.0009033423699999999
0.061576354679999994
0.0
0.00183823529
0.109787234
0.027303754269999998
0.5017884517
0.1525529265
0.03477112676
0.0030102348
0.03409090909
0.021582733809999997
0.4742554968
0.0064102564100000006
0.364465682
0.00189873418
0.4343283582
0.0
0.0029717682
0.3939606742
0.00101112235
0.2865362486
0.4189189189
0.00995879121
0.015057573070000002
0.00732984293
0.0027063599500000003
0.00446262551
0.00120918984
0.1122047244
0.4286789612
0.31229597389999997
0.08500590319000001
0.2332242226
0.2627388535
0.00143988481
0.00186451212
0.429242949
0.0971659919
0.00436205016
0.395320197
0.0004899559
0.43487621099999996
0.11097334160000001
0.00112866817
0.2211221122
0.0035128805600000003
0.0006835270000000001
0.1680892974
0.01318198462
0.01851851852
0.2075208914
0.0017045454500000002
0.0
0.12301255230000001
0.01906673357
0.1298283262
0.03582802548
0.4349976073
0.00119094879
0.0011813349099999999
0.00269179004
0.02361563518
0.007239819
0.0090200902
0.19969225510000002
0.11192930779999999
0.00331491713
0.12941176470000001
0.3910341767
0.1910669975
0.1324392288
0.00244584207
0.00320512821
0.33451957299999996
0.00414250207
0.00159235669
0.0
0.0031372549
0.06595940959
0.3876377575
0.00924043615
0.00083056478
0.3560700876
0.1045251753
0.0
0.0
0.2662874871
0.0
0.1970021413
0.014672318230000002
0.03685503686
0.1495976591
0.38967495220000004
0.00216450216
0.00963855422
0.00153022188
0.4270047978
0.00475391499
0.0380839036
0.04221453287
0.2214406985
0.4016697588
0.0
0.00520833333
0.00103950104
0.07701863354
0.0
0.0
0.1614785992
0.0015640273699999998
0.00074906367
0.023728813560000003
0.00314218382
0.1928231734
0.11461440140000001
0.2134146341
0.00849978751
0.4268292683
0.4316436252
0.0733197556
0.0069284064700000005
0.00126103405
0.00098425197
0.4327137546
0.00489759573
0.00156331423
0.0435007768
0.03311617807
0.453539823
0.33553173950000004
0.00881057269
0.01458216489
0.32919046020000003
0.01488616462
0.4688960805
0.00042918455
0.00545950864
0.3261231281
0.44319301699999997
0.044534412960000005
0.00396825397
0.4008528785
0.00925147183
0.3393849574
0.00488997555
0.0005757052399999999
0.37090909089999996
0.00643604183
0.011343012699999998
0.00284900285
0.38377469529999997
0.00133244504
0.1336805556
0.1913781842
0.09125964010000001
0.0016556291400000001
0.0
0.32054176069999996
0.00143884892
0.00256904303
0.0
0.0
0.0014344262299999999
0.0407554672
0.19472211120000002
0.4372163389
0.38803161459999996
0.00421052632
0.0
0.00103412616
0.00114613181
0.00877192982
0.00616740088
0.4398976982
0.03664921466
0.43530499079999996
0.1279243405
0.46328822340000003
0.1068334937
0.3927038627
0.0
0.0051975052
0.00094206312
0.3637992832
0.0
0.0019607843099999998
0.1454545455
0.0005431830499999999
0.00589225589
0.4326625387
0.4167171411
0.00130548303
0.314439946
0.00075386355
0.00275292498
0.1461897356
0.3810178817
0.452045607
0.0015625
0.00258397933
0.00066755674
0.00658204043
0.0008116883099999999
0.03255813953
0.00145985401
0.0037037037
0.41335227269999997
0.0
0.4883241758
0.00102880658
0.0
0.4472123369
0.4584040747
0.040816326529999995
0.44884823849999994
0.00356718193
0.05467625899
0.0016339869300000002
0.4395734597
0.00167317345
0.1213333333
0.0
0.00099601594
0.2715894869
0.10709504689999999
0.3597320725
0.07867977996
0.00230591852
0.05943396226
0.0
0.152027027
0.1868285848
0.03544494721
0.40258420440000003
0.4002006018
0.1698212408
0.0008051529799999999
0.3564875491
0.025735294120000002
0.00314795383
0.00347441567
0.026963657680000003
0.005170630819999999
0.00060716454
0.1230881282
0.1783819629
0.04074074074
0.1712374582
0.005271084339999999
0.42532942900000004
0.0022944088900000003
0.21548238009999998
0.1579831933
0.00132714001
0.00702811245
0.0031397174300000002
0.00186567164
0.07197231834000001
0.10371179039999999
0.256142185
0.00217706821
0.4256870443
0.0
0.00620155039
0.0049722141
0.00702247191
0.02714440825
0.456779416
0.0037907505699999997
0.3887445887
0.43141361259999994
0.4292639929
0.21409395969999997
0.0046547711400000006
0.0
0.0
0.00181488203
0.03686200378
0.00076394194
0.00226628895
0.0025
0.005570117959999999
0.07937310415
0.2610687023
0.07540603248
0.0022050716600000003
0.00146627566
0.02576112412
0.00345423143
0.00103626943
0.00293255132
0.0045801526700000005
0.0
0.00058858152
0.049778383909999994
0.00414364641
0.42153284669999996
0.0042771599700000005
0.0
0.0
0.0097213221
0.00039556962000000004
0.00395256917
0.01169265033
0.0036914963699999997
0.02662721893
0.00657894737
0.3956639566
0.08012820512999999
0.4202453988
0.4274857505
0.37170474519999996
0.34888653230000005
0.3434022258
0.0049122807000000004
0.3283983849
0.1317991632
0.00302724521
0.4019404019
0.00278481013
0.3192090395
0.26973965
0.3761097659
0.00326264274
0.08542713568
0.4217391304
0.3934065934
0.2171012735
0.00418410042
0.0820854132
0.0013979496699999998
0.00367107195
0.30044843050000003
0.41238793809999996
0.0
0.0
0.005807200930000001
0.41063244730000004
0.00045228403
0.00194931774
0.00545454545
0.00308324769
0.4809598331
0.14945477869999998
0.00193610842
0.4108601634
0.07962697274
0.0180533752
0.01530967293
0.00524246396
0.00478850758
0.00031397174
0.15256008359999998
0.0023972602700000002
0.0014450867100000001
0.00182282173
0.33793663690000003
0.394214876
0.040836653390000005
0.00322108346
0.00484966052
0.00208681135
0.00097418412
0.4074319841
0.44992636230000005
0.050380785000000004
0.0
0.00067204301
0.00026413101000000004
0.00074000987
0.0
0.0
0.0034702139999999997
0.2045454545
0.39202657809999997
0.4373343431
0.00117336462
0.0010940919
0.00336473755
0.0
0.2170767004
0.00067340067
0.1558784676
0.1868344627
0.04958100559
0.10240132490000001
0.015634395670000002
0.00431499461
0.4381169324
0.00494071146
0.00392670157
0.1608775137
0.1412429379
0.4754990926
0.3355408389
0.02642073779
0.04716981132
0.4073560028
0.00065316786
0.01945525292
0.00140252454
0.08067226891000001
0.2977720651
0.1848739496
0.0048489369599999995
0.00217155266
0.008488499449999999
0.00066934404
0.3674450549
0.01234023799
0.0006016847200000001
0.06305578011
0.04464285714
0.4715284715
0.04213135068
0.3326370757
0.05358295675
0.1369803063
0.021664766250000002
0.00376884422
0.0594271056
0.15208455669999998
0.24860161590000002
0.06956521739
0.18571428569999998
0.07467119219
0.23577235770000002
0.02878598248
0.4563591022
0.35817575079999997
0.00396825397
0.41479713599999996
0.00044603033
0.00604229607
0.00037064491999999995
0.133374183
0.00050735667
0.0491206792
0.2255489022
0.0
0.01227222016
0.3818630475
0.014736842109999999
0.02383134739
0.00433526012
0.0
0.0
0.0
0.00674698795
0.05081967213000001
0.046747967480000006
0.01146788991
0.00694444444
0.35827664400000003
0.0041830708700000005
0.0
0.221851543
0.05519317612
0.09631432544999999
0.00549450549
0.15518824609999998
0.4670637701
0.00094741829
0.00458715596
0.02687569989
0.0025083612
0.00055617353
0.0
0.00207039337
0.0020026702299999997
0.0035238840999999997
0.0014450867100000001
0.2774636511
0.00530152419
0.3817473567
0.00098425197
0.2624521073
0.0
0.0
0.0
0.0
0.3958762887
0.0003354579
0.330206379
0.00521436848
0.00125944584
0.042002301500000006
0.4304068522
0.0013596193100000001
0.4714714715
0.00706594886
0.4391371341
0.00334821429
0.1
0.3065512979
0.00389242746
0.2057078271
0.3779220779
0.37799999999999995
0.00346020761
0.00034831069
0.38506876230000003
0.01025641026
0.061677631579999996
0.2873350923
0.3103975535
0.00125130344
0.06752258677999999
0.019288469779999998
0.05677290837
0.262366938
0.0
0.276128037
0.0031088082900000004
0.0018165304299999998
0.00046533271000000003
0.023498694520000002
0.02146280475
0.00208333333
0.00178571429
0.0
0.3694779116
0.00680272109
0.237325496
0.0018231540600000002
0.00211267606
0.34969994540000005
0.00823580407
0.07969798658
0.00352422907
0.0
0.45575642250000004
0.02230359521
0.3351120598
0.006203722229999999
0.00321336761
0.027188689510000003
0.0
0.2386530015
0.01543942993
0.44793388430000003
0.3146292585
0.009523809519999999
0.45025728989999997
0.0005547850199999999
0.00068775791
0.03061683926
0.41282894740000003
0.00111069974
0.41016949150000004
0.0010608203700000001
0.18607123869999997
0.2597402597
0.01255730516
0.0
0.02184535786
0.1659046375
0.02586206897
0.07263634199
0.1421602787
0.4141393014
0.043723554299999995
0.05635648755
0.00317643662
0.00279676818
0.10361067500000001
0.02319309601
0.01598934044
0.05647840532
0.2202643172
0.00080278298
0.00299850075
0.00076844262
0.141548328
0.00564263323
0.0019379845000000002
0.02060338484
0.2885553471
0.00364697301
0.4454545455
0.2576086957
0.0008435259400000001
0.00888099467
0.00320170758
0.08749466496
0.00333333333
0.0028281483899999997
0.008
0.1487839771
0.0339174675
0.0
0.00080321285
0.4003164557
0.06713780919000001
0.1255432158
0.07947019867999999
0.248434238
0.02254098361
0.0013650545999999999
0.2207977208
0.4528650647
0.0036900369
0.0018484288400000002
0.00141944642
0.0
0.0
0.00573888092
0.00326086957
0.3971830986
0.00262008734
0.4088235294
0.0019245573499999998
0.00057372347
0.00507099391
0.00190621426
0.14250248259999998
0.1714285714
0.03846153846
0.03805104408
0.0021167221
0.00177830468
0.00067385445
0.1202149093
0.00364963504
0.00086256469
0.009744214369999999
0.01319381256
0.01136363636
0.0
0.3609375
0.35740259739999997
0.00433839479
0.04095674967
0.00716734185
0.0
0.2978142077
0.00071123755
0.47779319919999996
0.00195503421
0.0013947001400000001
0.0
0.19986675550000002
0.19054812259999998
0.00292611558
0.00234466589
0.2195348837
0.00153727902
0.0024103645700000002
0.00167785235
0.02032520325
0.3613269922
0.3734072022
0.025316455699999997
0.00455166136
0.3996468511
0.1014492754
0.00213903743
0.06076260762999999
0.48201913560000004
0.43409090910000003
0.0
0.0026525198900000002
0.00601421542
0.27400103789999997
0.00199203187
0.00992907801
0.00089206066
0.4278975741
0.3186428176
0.00037023325
0.00833333333
0.008613938920000001
0.00121506683
0.04255319149
0.42954636690000003
0.1412698413
0.0
0.4052132701
0.0167000668
0.3843121797
0.00198637911
0.0041536864
0.0885142255
0.0
0.0
0.15546875
0.00119976005
0.0
0.0012525050099999999
0.1654264453
0.3734025559
0.08814317673
0.06658130602
0.0038109756099999996
0.00054377379
0.3873762376
0.0
0.00098586921
0.07200000000000001
0.01517376407
0.3476005188
0.139941691
0.0
0.1369664818
0.10025220680000001
0.33333333330000003
0.00830483635
0.3211991435
0.0014461316
0.0009090909099999999
0.02647253475
0.0
0.00242424242
0.0
0.0
0.00077011937
0.00156985871
0.43936070200000005
0.1361305361
0.0
0.015482054890000001
0.0
0.08064516128999999
0.00024654832
0.0013181019299999999
0.00018653236
0.38310412569999996
0.04241071429
0.00190114068
0.00362318841
0.0024691357999999997
0.048177083329999995
0.0081944052
0.05446853517
0.2340101523
0.0016812373899999999
0.07874794069
0.3844492441
0.01828710759
0.0
0.024064171120000002
0.0
0.012247071350000001
0.00333333333
0.4070289133
0.0
0.11952959319999999
0.00164744646
0.027436140020000003
0.25584711920000003
0.3471365639
0.00481927711
0.00163666121
0.4744491327
0.02130177515
0.02834410741
0.0070921985799999995
0.3502051984
0.2283437283
0.0
0.01132502831
0.00466562986
0.2649869679
0.0413080895
0.00102092905
0.005221932110000001
0.1627959414
0.0069735007
0.008928571429999999
0.33279308479999997
0.2561608301
0.4258760108
0.0009354537000000001
0.0015128593000000002
0.0028323597099999998
0.00580270793
0.2443928848
0.4864048338
0.3557981928
0.1564185545
0.00043140638
0.1483007209
0.2507788162
0.0017226528899999998
0.32512315270000003
0.00116009281
0.0
0.00096805421
0.0018165304299999998
0.00856327307
0.1489473684
0.005934718100000001
0.09952433224
0.3613138686
0.00037993921
0.4409722222
0.2837632777
0.00209497207
0.00075046904
0.0152284264
0.23838850399999997
0.00421940928
0.102464332
0.0034482758600000002
0.3450171821
0.1498637602
0.399103139
0.00136054422
0.0
0.07657657658
0.00226928896
0.1047254151
0.0010413051
0.00022192632
0.0033540967900000003
0.01603498542
0.00166666667
0.40430107530000003
0.0
0.1695979899
0.00268096515
0.05135241082
0.00247524752
0.00254939452
0.0
0.0
0.42256410260000005
0.3478451105
0.09924965894
0.4439359268
0.22271714920000002
0.0
0.07820954255
0.1446876668
0.00186915888
0.00045516614
0.03111111111
0.00490196078
0.03611111111
0.0
0.0018227386600000001
0.00561009818
0.01211453744
0.2690553746
0.3592814371
0.17342799190000002
0.41030823650000003
0.1088435374
0.07176079734
0.0035030989
0.33794162829999996
0.0013860013900000002
0.3286020354
0.00179533214
0.1571895425
0.11935483870000001
0.0017825311899999999
0.1163092917
0.0018315018299999999
0.00461095101
0.3784693019
0.2606318348
0.20608519269999998
0.07556497175
0.07497116494
0.2709519935
0.0
0.4024144869
0.01568748078
0.1945470037
0.00277777778
0.00243407708
0.00535770564
0.04497751124
0.00515084621
0.3125720877
0.0
0.06211180124
0.1292962357
0.03398058252
0.03193033382
0.00071581961
0.00321285141
0.2955465587
0.3976083707
0.045168256250000004
0.0010940919
0.02757502028
0.00248015873
0.00198609732
0.00234741784
0.313258051
0.00444312796
0.02132435466
0.00515729758
0.0026954177899999997
0.41800878480000003
0.0074637787200000005
0.00155520995
0.048628428929999995
0.1955484897
0.47619047620000005
0.00192202087
0.0071599045299999995
0.00354358611
0.4282982792
0.04915254237
0.01614601615
0.005787037040000001
0.456506611
0.00205300485
0.21607717040000002
0.02649006623
0.2522889115
0.42532467529999995
0.09159482759
0.3781082965
0.0
0.05209656925
0.07816482583
0.00097370983
0.07083333333
0.00838677849
0.00397022333
0.1548387097
0.05577464789
0.01
0.00437773609
0.0038167938899999997
0.01595744681
0.18925421010000001
0.2054208274
0.012738853500000001
0.42756598240000004
0.030106257379999998
0.00498753117
0.2644295302
0.0030284675999999997
0.0
0.02382978723
0.0
0.3370165746
0.008051529790000001
0.00431843785
0.4186046512
0.07591623037
0.00442477876
0.00022451729
0.00029779631000000003
0.31396648039999997
0.3817271589
0.0
0.00348432056
0.00130123617
0.00085251492
0.02668213457
0.00086956522
0.0
0.2541106129
0.02367941712
0.0
0.02066853789
0.00397350993
0.00208986416
0.39565741860000003
0.08164165930999999
0.00530269554
0.02893518519
0.08504923903
0.0
0.00196463654
0.02375478927
0.0035587188600000002
0.0007739938100000001
0.3820689655
0.007421875
0.00422705314
0.0016769144799999999
0.00463458111
0.00383141762
0.2855491329
0.0
0.4501607717
0.2566371681
0.00344695519
0.33122829179999996
0.029910269189999998
0.0
0.2813021703
0.395141299
0.03617021277
0.00032754668
0.00294637596
0.0127826942
0.29679032930000004
0.025
0.014124293789999999
0.0018796992500000002
0.32056451610000003
0.057912066629999995
0.047916666670000004
0.01946107784
0.00122399021
0.3850491088
0.00812231247
0.00498132005
0.0018115941999999998
0.109882269
0.1819140522
0.0
0.00560448359
0.2308712959
0.023396880420000002
0.4119767119
0.0018018017999999998
0.426440678
0.00117439812
0.00239693193
0.09346174715
0.44921227199999997
0.0010478519
0.3589211618
0.1362940276
0.3273273273
0.42513167799999996
0.06925675676
0.03300180832
0.0
0.302252816
0.05205047319
0.07178043631
0.007399186089999999
0.00279199628
0.07776838545999999
0.0008291874
0.00918836141
0.0009633911400000001
0.0028169014100000002
0.4033850494
0.00132978723
0.05593056895
0.0014903129700000002
0.0015600624
0.00997113618
0.4397677794
0.0
0.3430173293
0.01575630252
0.41576086959999997
0.00078064012
0.39785276070000003
0.00648414986
0.0
0.43501805050000003
0.00723888314
0.3758668516
0.010824313070000001
0.12340425529999999
0.0
0.017023134
0.3657351154
0.00368550369
0.0
0.052475247520000004
0.02503128911
0.00986500519
0.00213219616
0.4099526066
0.0033649434099999997
0.0
0.1580446132
0.00289017341
0.40990099010000003
0.0
0.0025477707
0.0
0.00279329609
0.015027322400000001
0.00362756953
0.00142857143
0.4605714286
0.4203241053
0.0036740147
0.414992272
0.1923076923
0.09090909091
0.2620967742
0.00341296928
0.00515222482
0.1285362854
0.005412156540000001
0.3708459215
0.0
0.00119760479
0.1022326675
0.0053304904099999995
0.4199278379
0.2895816243
0.34484522900000003
0.0
0.00625
0.3533190578
0.07178807947
0.00439422473
0.00308641975
0.3861308117
0.4209486166
0.0015600624
0.2814948764
0.00033288948
0.02845528455
0.00029770765000000003
0.0
0.20620043259999998
0.00397877984
0.00776699029
0.25217391299999997
0.00571265353
0.01077511296
0.0258302583
0.2920152091
0.265380415
0.021438263229999997
0.040469208209999996
0.00284738041
0.2475091767
0.00372439479
0.48603351959999996
0.00077369439
0.07219251337
0.0
0.1328842621
0.0031067961199999997
0.0053361793000000005
0.4160583942
0.00278293135
0.0054446461000000005
0.06588881263
0.00335852225
0.005381165919999999
0.00578871201
0.00095328885
0.00949263502
0.0
0.1683971447
0.0038897893
0.11860718170000001
0.0010901728700000001
0.19461077840000002
0.29157278049999996
0.02056074766
0.0
0.4246877296
0.09818322381
0.009523809519999999
0.2465078061
0.4340813464
0.00032583903999999997
0.09461805556
0.0525030525
0.0
0.00045977010999999996
0.00527704485
0.0
0.4243743199
0.05786471068
0.00670141474
0.1376336021
0.00039525692000000004
0.0
0.0605221519
0.01567164179
0.00046253468999999997
0.00046296296
0.1528239203
0.00040749796
0.44395380430000003
0.00095556617
0.00166944908
0.00411146642
0.00252525253
0.4645048203
0.0027124774
0.01581508516
0.00013394053
0.01949458484
0.04754230459
0.06962025316
0.1016166282
0.0
0.4099531904
0.01215805471
0.4605116796
0.01083684527
0.08136882129
0.4098159509
0.05400078833
0.3094820018
0.039175257729999996
0.4376996805
0.00155617803
0.00128287364
0.1933240612
0.00239856086
0.00081234768
0.15873015869999998
0.0
0.006392694060000001
0.00074266617
0.00638977636
0.39329806
0.2278782112
0.03177857509
0.01686417502
0.03855878635
0.00067842605
0.0
0.01594802126
0.00502232143
0.00808897877
0.0007293946
0.0042328042300000005
0.0
0.0
0.00148514851
0.00239520958
0.38221485780000003
0.29611650489999997
0.4003944773
0.0033760972299999997
0.33125
0.0008403361299999999
0.3920208153
0.00888817065
0.03933747412
0.0034275921199999997
0.00277777778
0.00107874865
0.05318039625
0.00238284353
0.00277970813
0.34232466899999997
0.176541717
0.0
0.4018838305
0.38030095760000004
0.07115628971
0.22136563880000001
0.4588744589
0.4591439689
0.08037653874
0.06175771971
0.0
0.00209205021
0.04872969596
0.027027027029999998
0.0026857654399999997
0.4076502732
0.0
0.0975877193
0.0113022113
0.2586256886
0.2597402597
0.16251638270000002
0.00050327126
0.00970245796
0.00286944046
0.0017699115
0.0054921842
0.0
0.00049455984
0.01568627451
0.00253485425
0.0
0.0026408450700000003
0.16060555740000002
0.3448488587
0.0
0.21316108199999997
0.3465909091
0.17229564369999997
0.050561797750000005
0.0
0.2278409091
0.00682593857
0.4575908767
0.4429400387
0.4208754209
0.0006086427300000001
0.06329113924
0.00073637703
0.3130165289
0.00024630542
0.4307692308
0.00359066427
0.00140646976
0.00616095495
0.08038585209
0.3294701987
0.06794425087
0.00445037828
0.1058325494
0.01910828025
0.0
0.3084632517
0.43951612900000003
0.00715137068
0.2834063527
0.4101057579
0.4897381458
0.014084507040000001
0.00161387936
0.00821917808
0.0
0.2805194805
0.00373831776
0.0055452865100000005
0.4408888889
0.0023364486000000003
0.0
0.0010679957299999999
0.00118990957
0.0054112554099999995
0.00420168067
0.0008467400499999999
0.3904881101
0.3033932136
0.0
0.2125220459
0.12619869579999998
0.4672173464
0.00212615167
0.00372759857
0.01340482574
0.2263681592
0.458781362
0.40707298719999996
0.0032183908
0.00267379679
0.00190114068
0.3803596127
0.01492100644
0.00227272727
0.00510590015
0.03556485356
0.0026990553299999997
0.1262135922
0.3785377358
0.08158116064
0.08695652173999999
0.0019057990699999998
0.00086786722
0.09931506848999999
0.17848699759999997
0.2313761894
0.5158730159
0.3957326892
0.019054878049999998
0.0010604453899999999
0.08111111111
0.08915795267
0.3124768604
0.0
0.1325788197
0.0312771503
0.029362416109999998
0.07426778243
0.0
0.2637734688
0.0014858841
0.02764976959
0.43383584589999996
0.0
0.06482465462
0.0
0.00610687023
0.00171526587
0.028691760990000002
0.0
0.0036363636399999997
0.0108660914
0.15914489310000002
0.0
0.0024721878899999997
0.2119047619
0.1710526316
0.00404203719
0.08030888031
0.00586319218
0.0007390983
0.1534391534
0.0015351550499999999
0.06272563177
0.05951169888
0.0
0.2979667283
0.08720271801000001
0.0023380093499999997
0.0618716164
0.02111225541
0.02560495217
0.0018315018299999999
0.2039586919
0.4101550623
0.1062291435
0.13786146600000002
0.00454069158
0.1650165017
0.00036982249
0.08239700375
0.3129829985
0.00204918033
0.2009255688
0.020408163269999998
0.2640618291
0.2790697674
0.02903501281
0.031662269130000004
0.00791556728
0.0
0.3436532508
0.005380476560000001
0.01696065129
0.0029154519
0.00222407562
0.00144822592
0.00088105727
0.3761618371
0.0021111893
0.0026400704
0.011169024569999998
0.4475262369
0.0072639225200000004
0.0026223776199999996
0.4231912785
0.35843373489999997
0.004995005
0.0
0.00250626566
0.2996389892
0.35294117649999995
0.04376163873
0.00203045685
0.0
0.4635832004
0.08153078203
0.4763313609
0.00195694716
0.11926605500000001
0.00421940928
0.0019056693699999998
0.0010604453899999999
0.00097370983
0.006980802790000001
0.0
0.06991720331
0.1213235294
0.124
0.00100704935
0.00383141762
0.03861003861
0.00440528634
0.18628571430000002
0.00465116279
0.2541567696
0.0
0.1173421301
0.17108167770000002
0.01189060642
0.00163666121
0.0
0.0018165304299999998
0.00076511094
0.0013976240400000001
0.02620087336
0.4698224852
0.00052029136
0.0839100346
0.09129967776999999
0.00148478099
0.42765273309999996
0.45463093559999995
0.00143061516
0.2643678161
0.39118457300000004
0.006901311249999999
0.1089655172
0.06638714186
0.29768786129999997
0.03601440576
0.00178571429
0.00502512563
0.1153846154
0.0119176598
0.0088865656
0.1297442799
0.00476514636
0.0039717564
0.0038167938899999997
0.0
0.0016136468400000002
0.06720202874
0.18071242399999998
0.0
0.09113453193
0.00041288192
0.3463751438
0.0025
0.02272727273
0.48096192379999997
0.03194578896
0.3890264026
0.03144436766
0.1679340938
0.41939252340000005
0.021300448429999997
0.046255506610000004
0.4339622642
0.3908629442
0.022099447510000002
0.2626903553
0.40984195399999995
0.01862630966
0.07177033493
0.00327439424
0.3982300885
0.2470930233
0.3167173252
0.00144121886
0.3511600472
0.03850931677
0.05
0.00114416476
0.0017626322
0.00272691858
0.3716814159
0.008635578579999999
0.0033096926700000003
0.4584241669
0.015137180699999999
0.2017145739
0.07698541329
0.07699711261
0.04579310345
0.00727272727
0.00176678445
0.05595172792
0.04271548436
0.364874552
0.021126760560000003
0.2425249169
0.00202122284
0.0038377193
0.00434625136
0.286686103
0.01724137931
0.00155159038
0.01700526712
0.00529801325
0.00202634245
0.35907553550000004
0.0029774564
0.1711229947
0.007908611599999999
0.00054884742
0.4498970859
0.40416428979999997
0.27399999999999997
0.00147112909
0.07067371202
0.03639514731
0.00485122898
0.00011672016
0.1180089485
0.06241234222
0.005101406
0.00112233446
0.2277741726
0.07371349096
0.00044863167000000004
0.2967823878
0.0
0.4109378432
0.0
0.4573213046
0.1212516297
0.4548919949
0.04486819966
0.00513215294
0.09487825357
0.13913496609999998
0.0410427066
0.00477897252
0.0059311981
0.2803532009
0.00168918919
0.1435643564
0.021558872309999998
0.34051724139999995
0.023025009920000002
0.02990797546
0.01222826087
0.1519337017
0.3687013519
0.33643771829999997
0.017507724
0.0019896538
0.0
0.39632746750000003
0.00042043305
0.2370689655
0.00084745763
0.00062853551
0.00458715596
0.00619195046
0.1705426357
0.02204176334
0.00239808153
0.00146842878
0.03078677309
0.2292468389
0.3481228669
0.40551839459999994
0.034375
0.02442396313
0.00055928412
0.00408163265
0.4547619048
0.16999460330000002
0.00532481363
0.00241157556
0.1864640884
0.32443324939999996
0.00101214575
0.28626692460000003
0.00381194409
0.10569105690000001
0.00221238938
0.00703774792
0.0027649769600000002
0.08074534161000001
0.0
0.014684710620000001
0.06286210891999999
0.12704174229999998
0.4781136142
0.2961322704
0.48963474830000003
0.2858273951
0.1539763113
0.1870860927
0.00282885431
0.3047256926
0.37646293890000004
0.00505561173
0.00337837838
0.2345132743
0.17639123099999998
0.0010666666700000001
0.43138151880000003
0.4246885617
0.00843881857
0.03703703704
0.06429026098
0.4546197874
0.00221336875
0.3492462312
0.493852459
0.03275920297
0.4812998161
0.18547173870000003
0.00109649123
0.4486166008
0.02239789196
0.00173160173
0.21969140339999998
0.0036824877299999996
0.08680057389
0.2763578275
0.39012925969999995
0.0
0.00144196107
0.00092137592
0.004048583
0.05084745763
0.1316654031
0.03517060367
0.00123076923
0.05038686545
0.0
0.35128205129999995
0.00392156863
0.047085201789999996
0.0033430839899999997
0.0038240917800000003
0.0
0.4369274137
0.2658900988
0.46132848039999996
0.014144945959999999
0.00040241448999999997
0.00516647532
0.2227074236
0.0016233766199999999
0.00277777778
0.39511709019999997
0.00458715596
0.00192122959
0.00115874855
0.23425366700000003
0.1331564987
0.05277692544
0.3557394002
0.00907187718
0.00740740741
0.01135749054
0.0028103044500000004
0.37463976950000005
0.007150153219999999
0.20181634710000002
0.00694745983
0.02258953168
0.4270613108
0.2424086464
0.0030094583
0.3735725938
0.1884920635
0.00283889283
0.3743199129
0.02403605408
0.0068317677200000005
0.00620437956
0.12430011199999999
0.00077051496
0.06633906634
0.05362888809
0.00127226463
0.2609529901
0.00529100529
0.0015487867799999998
