0.71569743277966
0.6220066677371642
0.7196134300317933
0.7061641089938155
0.6143692673403122
0.7020468427611889
0.7090507333927206
0.6155033769344159
0.664865941600672
0.7008676338069219
0.7208335848296706
0.7199336337128118
0.7229584589192066
0.708015713956844
0.7173141362498304
0.7169487053202579
0.6695814797397788
0.6195203831918579
0.6164022648600619
0.7029310427345046
0.7198218314542375
0.7355199611444532
0.7176174169297844
0.7210197520995965
0.6128151566921486
0.7302074100562335
0.7169341223221114
0.7215062610698662
0.7294113975808287
0.7206788418041636
0.7251600650565279
0.7032818655759114
0.7125122536075951
0.712524388248005
0.7110931761560167
0.6134757477016848
0.7119310372162931
0.7208045190921182
0.722626969829963
0.7191433834873225
0.6244320703703339
0.7184280038037306
0.7157053957992551
0.7138135815316535
0.7074098984138688
0.7210505141011397
0.7258934987566947
0.7101994458874737
0.6603704299903661
0.7346736866144543
0.7145030762555296
0.7099791770899233
0.7346342362381298
0.7299316224089932
0.7211949263988385
0.7302550505783015
0.7041181780351783
0.7224623079992991
0.6313900886503808
0.7167070670082399
0.7257876961567318
0.7383924532338322
0.728759901255564
0.7257877014249862
0.7240060264975585
0.718553677799519
0.7328367383059908
0.7116671616184163
0.7303574744000131
0.7194489613291559
0.7129949591604652
0.7143089066220812
0.7178364630132361
0.7153879719355779
0.7151619386759234
0.7190486086780475
0.7155167046071109
0.7089175461124293
0.7076212186186055
0.7117451802538138
0.7044698795893435
0.7187848908730821
0.7185476120687809
0.7168681891586126
0.7198714368569619
0.7223116867868348
0.7216088344524001
0.7155260941291366
0.7182331111186312
0.7263543011286407
0.7193274432037936
0.7248032654044564
0.7273090405985699
0.730607852808229
0.7213706103674683
0.7181312436244471
0.7237451160897764
0.7225444943982521
0.7208522054989658
0.7296342170234165
