0.7070657447680352
0.642488133248829
0.691928120336892
0.6952166019668541
0.6402105027306854
0.6868430875362935
0.6921301689904497
0.6408024498009142
0.6951217007301325
0.6859807861507825
0.6896319797782955
0.6919415924102752
0.7020622842036732
0.6901901579760796
0.7092204977767804
0.6886676146743455
0.6518518039732799
0.6442952340825818
0.6487851291725791
0.6951032019299822
0.7001875353045842
0.7035940619757466
0.7013792773387851
0.7025645948293204
0.641061278874227
0.7041527074130699
0.6989680054966713
0.7009812736139949
0.7020538933602798
0.6926377685081042
0.6948996556495486
0.684272919640481
0.6954016050298113
0.7027416007414592
0.6853431772313173
0.6455190880193795
0.6872294124357472
0.7052306463354066
0.7032472534277001
0.6981620475754203
0.6412963068519337
0.7044771944573848
0.695031761139848
0.692326513427965
0.6737944045595265
0.6873467912279747
0.7080689599744198
0.6779412355072297
0.6646914210508157
0.70865915273323
0.6985846765544487
0.6958425061032306
0.707876812040174
0.7107093219584284
0.7037681800879548
0.7101823493050609
0.6988298150766307
0.6953004455064066
0.647064333538544
0.7001847729671228
0.7021578981579353
0.706346779926935
0.7171101986432704
0.7077838984293797
0.701926406186723
0.7006835922751015
0.7053435344365062
0.6924069867860255
0.7090319298491902
0.6971643397387907
0.7038001968121271
0.695635493029568
0.6984495924120862
0.7036775875328348
0.6988160704468498
0.706658705582339
0.6941155649713663
0.6791480352008429
0.6771219115067505
0.6797542114455601
0.6736446304925744
0.6965366661798431
0.6986514225878964
0.700490053437968
0.7031860407217596
0.6981860995959644
0.7007196851020969
0.7030759102884608
0.6983668044877892
0.7048758665942937
0.7005755582736601
0.7045836818094251
0.7124873349677137
0.7063867353969834
0.7141763756182442
0.6938642268727043
0.7035207594467265
0.6968488665239215
0.6920288688625539
0.6985359387115783
