nan
0.2808331103547893
0.10964995371432568
0.2344584594081994
0.2707783125068416
0.23586282655452134
0.24728939613640422
0.3169845249535849
0.24649316603327417
0.2656233808318213
0.3383045342539326
0.1634746658962687
0.291485798844051
0.2991596501854058
0.3297273585521048
0.14857804343855827
0.22471429815650462
0.29610755333240585
0.26648404529163644
0.23874044090942836
0.299323502142945
0.2456110138399555
0.3074522090266042
0.2997700682120334
0.265731561494019
0.32500966688152994
0.216841431414192
0.18503101374398384
0.27938786746252475
0.12279073289054508
0.24623194274049698
0.30199485336089193
0.29483742251681155
0.018879834910297662
0.03989077577435861
0.21389158140760323
0.26193496132729327
0.2453576920550643
0.26067094455566775
0.09029507928009771
0.25668188049944335
0.29186148522560507
0.3201277983325026
0.3128947683238317
0.27400028263547654
0.2828544337232672
0.08953222133765089
0.25128796664525777
0.250950376370155
0.23708208602078076
0.3019686163972033
0.2987748863388929
0.17705905631001292
0.04885616046797566
0.2945532641226051
0.24237737228777287
0.3010821668627627
0.2970475843116534
0.2804960350729844
0.29255629767282615
0.28921429002913074
0.28239518334840885
0.18733208136879123
0.26362273635786804
0.28733090810089357
0.18953580211321575
0.3648527490134512
0.28375386805135605
0.3058619163357452
0.25028462055166245
0.28641661087249193
0.14682312726116434
0.24637119640982413
0.3110736485943354
0.30527490290085074
0.24689598854867206
0.1476641473078589
0.2843998992422346
0.12002076791832501
0.2455168214896976
0.016176725182318386
0.21134439923909923
0.2637801089782394
0.25860245914020347
0.25708057776748533
0.1892678805411775
0.008184094408160574
0.029218958705270793
nan
0.3166639638853782
0.2765680603685075
0.14247720220904236
0.3289460570560258
0.2718959683916893
0.1704940840770051
0.350525558248105
0.31397780277435866
0.28413492123591166
nan
0.2802774805744391
