0.7869590422224626
0.7690164567466926
0.7731270670318879
0.7736477979782954
0.7670103897522185
0.7679355394231762
0.7765863492748335
0.7713292853008522
0.7821607990147361
0.763197974022624
0.7712976358600301
0.7861342886129126
0.7812463396243047
0.7848688158172077
0.7782555821065016
0.7830852887939993
0.7497526251295661
0.7488040171284607
0.7694219374325557
0.7562932206045965
0.7930487371917969
0.7817817756636549
0.7863767195816604
0.7838464122102142
0.7860622181933512
0.7834879998287441
0.7869798359477482
0.7897469514041733
0.7814877448133477
0.7866358654780234
0.7873961075409531
0.7855366516251732
0.7840079393509525
0.7827633154911968
0.7848388935714496
0.7909047139695322
0.7846690866204609
0.7776436051704625
0.775336053276523
0.7858032790258651
0.7754622475777315
0.7844073957555651
0.7873924907427665
0.7786698441235561
0.7751265359545423
0.7851242511068885
0.7870841308589587
0.7750608250370805
0.7836456300722301
0.7710058941732688
0.7849770032473042
0.78426127070452
0.7744797116384385
0.7871643811794775
0.779088634292014
0.7873524932912622
0.7826021053918477
0.7630064318512089
0.7836591466557546
0.784774384027636
0.7696811581697145
0.7853964216931697
0.7817495556154835
0.7888425773977878
0.7863909881048079
0.786604662418398
0.7805462368609123
0.7710632081642994
0.7725990949931147
0.7651077922910328
0.7887921827232793
0.7841046861224674
0.780405718650341
0.7888065300067677
0.7813051271709986
0.7870772398259096
0.7827828719850285
0.7772339365236269
0.7772524255313287
0.7751868545008207
0.7901983535831709
0.7848843819703597
0.7848939151371757
0.7834759883985458
0.7818747634795538
0.7347440163277245
0.7855373230973605
0.7853788134734465
0.7876029615396198
0.7632810893188591
0.784881797226016
0.7858252001748567
0.7825028028841616
0.7866378270600085
0.7769156597568707
0.7865919024654731
0.7861196302368343
0.7863751935341803
0.7849712228643997
0.7705926287625404
