0.6880317390982185
0.7452042729535246
0.7586794474329892
0.7578698753291575
0.7203100952208563
0.7525191833118688
0.7642854926217384
0.7268484499278033
0.7325647318347861
0.763528894903173
0.7607646607875764
0.7720160037205048
0.7680986765039336
0.7680647067733324
0.7677353042535724
0.7715060264881509
0.7383316318659272
0.7656508526153942
0.7679507677361432
0.7463131383992374
0.768046969127667
0.772482942574513
0.766413871341421
0.7729639447003305
0.772136280016567
0.7707475085451116
0.7650624260168049
0.7727903113341018
0.7533962305946104
0.7698360628144909
0.714081645988548
0.7699342123755109
0.7715550675197074
0.7651326181561051
0.7744847961146025
0.7717279504509467
0.7660620241327247
0.7648295919159976
0.7681959195922
0.7658125082221732
0.7599599227429903
0.7703682187177444
0.7692476147350904
0.7431522678832967
0.7550102113852546
0.7662151054931143
0.7678785877553629
0.7642515590414775
0.6750405183156004
0.776549747038785
0.7748120879449948
0.777438082511677
0.771389951311423
0.767340099712091
0.7720906795744127
0.7748612193077352
0.7700379355907783
0.7730584245117882
0.7751007629861051
0.7735342122511231
0.7616061239466836
0.7735081624586363
0.7727547267753281
0.7701403219933644
0.7780371727663888
0.7692364943551848
0.7660709369318182
0.775318008083425
0.7691004293497072
0.7642613301075354
0.774278733993399
0.7735423581087806
0.7683503934239725
0.7732918406063307
0.7745914919941219
0.7725285462323734
0.7414864122973737
0.772423049217682
0.7715635861248651
0.7773368601630618
0.7742181757938287
0.7639072288603114
0.7678098974568845
0.7674745965822801
0.7803941949342106
0.7669670798847381
0.772361294310683
0.7686973782370571
0.7750079037267178
0.7732948486498794
0.7723973478351444
0.7710569594767253
0.7667882561233874
0.7735600674898366
0.7750261894118389
0.7730352426097442
0.771648751276526
0.7584289409798144
0.7779434439216701
0.7729869401706968
