0.7722939485940885
0.7612776277329261
0.7875374581840158
0.7822773975707709
0.7377122399045051
0.7579634621997172
0.7848059394076152
0.7467166526457787
0.7640274717681346
0.7909495622927205
0.7908101099120379
0.7919102219200201
0.7910912389428206
0.7882349106349484
0.7918593227931257
0.7922362105749338
0.7900143527758421
0.7856144477572811
0.7920127093879801
0.7907851443077907
0.7836951866410228
0.7878459666079342
0.7891914231539985
0.7899633900190757
0.7498994722838708
0.7949209678179092
0.7937093450802462
0.7906496072245424
0.7863955156288791
0.7864695683080087
0.7813964208622326
0.791307685552979
0.794218559975713
0.7930677963451295
0.790157162934866
0.7838725100643312
0.8008188918404902
0.7878516785140051
0.7774537912690849
0.7892411991207778
0.7866563814433789
0.7868094692285343
0.791227519984119
0.7918016156143046
0.7914792463697744
0.7952544854010681
0.7885907653988025
0.793277096424677
0.7806963228853475
0.7825290873181802
0.7906975720199049
0.7947951479957501
0.7900583952676228
0.7843562204004881
0.7916745821221762
0.79802436167485
0.7820631887092963
0.7810319614609896
0.7775926220027767
0.7890511168372735
0.7883290327564345
0.7943349445410584
0.7875016856901451
0.7894983279318977
0.7943534703468287
0.7933364543339119
0.7896571346423289
0.7908503194502043
0.7883261628109232
0.7860847374905662
0.750029131385961
0.7933464373279666
0.7845198760554543
0.793666745838254
0.7942218818887924
0.7959450889225423
0.7946058094618738
0.7960308947864139
0.7901891372459549
0.7969156395740802
0.7873541314884493
0.794574611931642
0.7849820031360191
0.7900894067824255
0.7977716621116967
0.7965351268230192
0.7938353835569918
0.7943383032042706
0.7852833926280394
0.793960171059445
0.7885493939671637
0.7915108838761933
0.7917021084343921
0.7912585328866388
0.7917967099793879
0.7914674168419235
0.7926347204346857
0.790983590297153
0.7944626450678185
0.78270140104136
