0.664051473111041
0.6801358120582293
0.6604284088796278
0.6519143868810641
0.6747963364311472
0.6652807773722322
0.6780941448865202
0.6769778234919835
0.6757922432182907
0.6730634264236206
0.676661789109873
0.6770746291298791
0.6817364709857304
0.6744517429896162
0.6854311320154816
0.6614409299873348
0.6699733360559349
0.680393034909742
0.664526012453915
0.6735233778062919
0.6732853631057694
0.6714388987272504
0.6658424885659714
0.6798559353280297
0.6801849614894926
0.6772548940574034
0.6756873827372654
0.6742191750433951
0.6772919935304249
0.6393276214508812
0.6659858205042688
0.6851829433485199
0.6797395089486469
0.680336270947516
0.6782436359503046
0.6905174019328454
0.6788051743359762
0.6546195968216688
0.6646943813927906
0.6841366222252236
0.6568873887771528
0.6750183990447948
0.6857348098477133
0.6819848277584687
0.6879589776036817
0.6752124538993106
0.6839776511963912
0.6867693388010602
0.6692111707310835
0.686915879641133
0.6864277313524971
0.6815431207051844
0.682608533210657
0.6793475115384128
0.6609836762710404
0.6841382633894947
0.6871202018234784
0.6847978760538568
0.677089685357624
0.6863849434366428
0.6786293180709796
0.6737704297890886
0.6759403579160286
0.6838385354110104
0.6897299345372916
0.6775744331199465
0.6700553692997749
0.6781241022364878
0.669967625712834
0.6699680496058503
0.6753855060383549
0.677547022122212
0.6730147598373407
0.681380515258846
0.6803106743362616
0.6745181875483135
0.6799217205112893
0.6837249126729895
0.6749417116225058
0.6762252281858689
0.6789401004344259
0.6879316228131465
0.6833339426577248
0.6827796859045195
0.6887549359420031
0.6859830180269527
0.6690277859082296
0.6710145080659551
0.6834453997895398
0.6786020219609186
0.6742787662550108
0.6824605314948737
0.6801921830283547
0.6818853113901023
0.6735601713335497
0.686545081942634
0.6654189709415133
0.6760040730072718
0.6836723328318927
0.6445745096835941
