0.6827579634861917
0.6996769676873469
0.6869482986573986
0.6939132994828799
0.6377463753101289
0.6993797906353635
0.7052907169486355
0.5908858836509189
0.6877432716256986
0.6899192748252371
0.6958955897827969
0.6842751804097472
0.6971810288770284
0.6144019776207783
0.6959312041923379
0.6970122131754705
0.6984292890542914
0.7035820695719077
0.7058261180873828
0.7018632060168867
0.6856156243530055
0.692938835063475
0.6936806433393111
0.6929538092356254
0.6990015864091269
0.6941319475571467
0.701596566239992
0.6932965874208474
0.693486177716143
0.6878910711251052
0.6267172895731538
0.7041579842028303
0.6955443702860754
0.697430150869765
0.6942630650544799
0.695176250791169
0.6968382106551156
0.6875981017809412
0.683117985271549
0.685730914896906
0.696500953693996
0.69801861628479
0.7010914166363215
0.6937021898867907
0.7009802265143025
0.701446032770298
0.7021226885402455
0.516886215238251
0.6964519373515995
0.6987311956590996
0.6961153010310034
0.6956980992664705
0.7051742736794094
0.6942786163397654
0.6972988227345823
0.703991471192434
0.6964053202688815
0.6381627827531503
0.7020736309218771
0.7013097815373702
0.7025345942223414
0.6986646784175882
0.699108832641331
0.6931810237050599
0.6977938829897643
0.6988180267956107
0.6961096452444243
0.6965846816278561
0.7055892120197351
0.6965673967517487
0.6999814487147538
0.6927812696691054
0.700717437568668
0.7009182331646392
0.6983818569587457
0.6926371354760078
0.6907652123618095
0.7046632291164725
0.6864189503347073
0.7069793855193368
0.6920854242090779
0.6990676789963544
0.696297101424684
0.6989841784555759
0.6930456970539036
0.7075981389808319
0.6921408542025282
0.6966626801494415
0.705131911023691
0.6956918796466793
0.7010014262749055
0.6934991578836123
0.6943060868853893
0.6972709366879343
0.6965141912734357
0.6972663370437148
0.6971988846008298
0.6136954711331241
0.6982968472183384
0.6961701935708609
