0.7263292506175818
0.7153339909533917
0.7152503219191834
0.7145857823163864
0.703518727622395
0.704920164432317
0.7214171804627941
0.7153906666598276
0.7241292820208425
0.703202723990774
0.7129588025398537
0.7245868146862438
0.7265855149910675
0.7303646191548295
0.7223742459009992
0.7250426511126126
0.6860473553238258
0.6806528457009581
0.7146529180802914
0.695712092319335
0.732915060742668
0.7201637740200777
0.7268022959672636
0.7249847529405159
0.7249817426745028
0.7188622118474611
0.7227071028194791
0.7262523531632133
0.7242385582044819
0.7254704939974331
0.7269318599426535
0.7276306191605221
0.7279863086202432
0.7215327320785698
0.7252367852297213
0.7276354081177473
0.7258924110829099
0.7046831417955275
0.7193079533661828
0.7273463587877623
0.7156271352022614
0.727900397084203
0.7263497153230534
0.7198236154615972
0.7153282571133666
0.7213897195718786
0.724741584837768
0.7173335977593789
0.722917388400387
0.7129728924459171
0.7235740019141547
0.7221768029209431
0.7151994596060501
0.7262138323204913
0.7226667115189153
0.72591222257864
0.7202353802256575
0.7136382256706584
0.7224293365458994
0.7245271099512292
0.714217263316797
0.7278765138392924
0.7250958641030639
0.7313917607945513
0.7255036219336302
0.7289862813145792
0.719597674666112
0.7125292853566497
0.7155818769842068
0.7029683150041167
0.7254112778396248
0.7254974985827448
0.7212332665227069
0.7310612296836941
0.7186804145955467
0.7250349015256564
0.7212555852403733
0.7167486666295495
0.7221183920524471
0.7174150506653499
0.7314570199994646
0.7251089220981681
0.7188695112359537
0.724246920304686
0.7247822395647517
0.6604866717613919
0.7281278331510078
0.7248089109268997
0.7259324486242781
0.7030122990506216
0.7270105358829237
0.7218510217411747
0.7256867651091282
0.7231784634956739
0.716640751107162
0.7236222717196437
0.7231722088068298
0.727899176766941
0.7249445312535444
0.7140971258592251
