0.5980238811096742
0.667278974321372
0.6960518438066036
0.6987673960945406
0.6477450202292038
0.6904465566105282
0.7086879737695437
0.6526022164393434
0.6706740566034963
0.7071651423929219
0.6964408333784106
0.7096397791328459
0.7079553043708097
0.7102389564519768
0.7081772825318198
0.7126084292018786
0.6806978454480185
0.7087709976453974
0.7096581454486414
0.6891138658769772
0.7080156042027796
0.7125158647864132
0.7064652140182074
0.7145141482697954
0.7073885572238878
0.7112344328319845
0.7114730628541488
0.7100793639520054
0.6979349635249869
0.7085396081829078
0.642232275195656
0.7093161994744106
0.7097968688067159
0.7030257238226522
0.7157714923048993
0.7113829203724957
0.7103589074885824
0.7028364921580494
0.7032405578598027
0.7083153429567514
0.7008987637770578
0.7064935627452131
0.7036418050505809
0.6800407096254407
0.6941513718888924
0.6990822199852613
0.7087331084263159
0.7047187914958909
0.5582420799076269
0.7156547360301706
0.7099037173423011
0.7147073903528736
0.7085318550505412
0.7042273693941673
0.7071834207935982
0.7115525605242211
0.7084091744357979
0.7104918004250733
0.7122174157194819
0.7133816385964201
0.7036365988692573
0.7107580803757814
0.7115716149152062
0.7104447278906757
0.7139551039737891
0.7085347495140237
0.7011050693314713
0.7138316971715231
0.7048067876739653
0.7023854424806893
0.7118950055635662
0.7105450569622412
0.7047734431616112
0.7084223910086527
0.7153243816399706
0.7105850541496165
0.6804687801989799
0.7104012694151017
0.7097185109949586
0.719728437855438
0.7124372311263227
0.7019557187597968
0.7053021497137355
0.7095419700396566
0.7210881125810723
0.7058529004267893
0.7089805761228927
0.7067069218384777
0.7131760869397238
0.7121741513496682
0.7097898797642875
0.7126221572218061
0.7077885089444719
0.7112780751730312
0.7150466242281676
0.7107112447238643
0.7059423591217087
0.6979170386003735
0.7190545208655501
0.712066827764931
