0.6824084648956956
0.6861239381964152
0.648398584974466
0.669595883780773
0.6907926236408842
0.6839651019997807
0.6162825390326148
0.6329468090533097
0.5605891008456036
0.6690478618664104
0.6941628703426062
0.6902744454191879
0.6915824817981678
0.684365430671122
0.6923630460389114
0.6987874234378224
0.6922261848824722
0.6912390567680144
0.7035654459899723
0.6855210937215692
0.6947322232157205
0.6952639599961339
0.6875425277721083
0.6929741546019925
0.6956729776419222
0.6909806179134969
0.7012893383193836
0.6876179946203402
0.6922654006569247
0.6838679944217323
0.6840748656835027
0.6983379199449347
0.6952321007513462
0.6886504562547444
0.6877197518222158
0.6859354873357322
0.7046019440784373
0.6786904467069803
0.6989831434458369
0.6918027473519761
0.673261790405733
0.6935944119500022
0.6944524446398311
0.6892731196504531
0.6908096710573329
0.6992187743511318
0.6878635312571961
0.6989865229868866
0.6960472362693597
0.6885282315517345
0.69279311400489
0.6958237074023683
0.7002211976419889
0.6898845966127038
0.6977056176880088
0.6756639994550668
0.6956272068067495
0.6829877488753758
0.6873499201419403
0.7028767658588717
0.6877415531940432
0.6983346882373087
0.6738713991581295
0.6702859803923658
0.672979665181908
0.6472446230221236
0.7031071302282925
0.5817074153996658
0.6938120396197296
0.6477535983607497
0.6815035459630754
0.6884431334786187
0.6860612077669452
0.6911488210340407
0.6827139621405589
0.6889852277767383
0.6877617637446926
0.6822637465639662
0.6538908717044309
0.6867370316025516
0.6728368297403615
0.7015910319720244
0.6925440333071018
0.6880163845605164
0.6753251335033823
0.698436612290138
0.6867369079024361
0.6601287057323362
0.6915036600814759
0.6851400275296288
0.695837352365342
0.6909218425656607
0.6905716059874906
0.6866418220112442
0.6744046823069816
0.6860444211578998
0.6928655824791989
0.6663615018319354
0.689059892920432
0.6862197412457005
