0.6646157932658964
0.6979905361562817
0.6959635973801059
0.6952405523276207
0.5771165181968425
0.6609653577643175
0.6932765788466115
0.6956607354553432
0.6770561564180615
0.681148642578635
0.644689437240331
0.6884136906752671
0.6885811530076105
0.6906340620597342
0.6992603150160147
0.6829347396513797
0.6882100964169645
0.680391888480977
0.6958260915582748
0.6827457215792245
0.6995854764890297
0.6979468590811893
0.69078162365318
0.6842641722041046
0.6731750584955744
0.6994089951530653
0.6922482082044122
0.6686664201445053
0.6972259999277957
0.6783978656545512
0.6869069226484457
0.6870888826010321
0.6884049475594136
0.6849528465425936
0.6823074701655781
0.6855881960959259
0.6687138836058752
0.6757201830073147
0.6769308721652526
0.68790397346926
0.684139717331079
0.7020701108590175
0.6981777566024657
0.7106022372507759
0.6934770063644577
0.6934549175627986
0.6931937702981863
0.6678016731288984
0.6914409555483265
0.6878582303298261
0.6505963557365552
0.6581047945768865
0.7002190385527329
0.6929879926355414
0.6728459914856988
0.4699160913699073
0.699071129249043
0.6964635459282338
0.6881169766810467
0.6889368809215626
0.6945150776717077
0.6910187667230567
0.6558853186887001
0.635656074230264
0.6895680469545287
0.7010711390109567
0.6838214050984719
0.6902546836857566
0.6846155288765373
0.6846220041574601
0.7021576662724016
0.6797085608408935
0.6853915411414913
0.695404242621448
0.6960189757014503
0.6808635531082552
0.6926231544183987
0.690206959480704
0.6945486008024752
0.6794656640558903
0.6822147570698699
0.6862647122665788
0.6916788747065716
0.6766060829729685
0.6940326228960332
0.689469151671684
0.6961846618169123
0.6975125855829333
0.6876496158775187
0.6917691584834667
0.6900617683037936
0.6854551667525213
0.6702593236523742
0.683882652290191
0.6897391333263911
0.6930152025643572
0.6948043230438787
0.6765969019572844
0.6911211983233905
0.6777030533868553
