0.6937572166095349
0.6756464450969155
0.6297557497794637
0.6947740889313485
0.519740355653087
0.6567088290208833
0.6511280879048331
0.6834116267804411
0.6859824142067539
0.6841989562445874
0.7046344601863981
0.6880979965548844
0.6913357951891512
0.6887970406292447
0.6931192666372722
0.6776557670055272
0.6907127880453608
0.6843374874820164
0.698180969397687
0.6918715803840668
0.6918608661779604
0.6874247706113549
0.6258983144083969
0.683768611091846
0.696232909838866
0.6810199458149578
0.6990627980479254
0.6841994510081305
0.685331702590048
0.6843281650182855
0.6856069754144853
0.6973340391193004
0.6936490799688164
0.6894132481506754
0.6826253637150111
0.6942734443978532
0.6756624785725065
0.6499342596016504
0.6818015204490759
0.6975779807231433
0.6670419377710111
0.6652598923802007
0.6955513882364415
0.677488448871667
0.6914530383857986
0.6857843330886833
0.6873740578491196
0.6400356472166515
0.6880537697382574
0.6877148535966986
0.6790307273839544
0.6988254724925064
0.6955450322092145
0.6920851017757155
0.7029941047162245
0.6847948690867417
0.6830593680097702
0.6979023768240824
0.671214785365682
0.6891601169236551
0.6938126656412568
0.6910313092319067
0.692565639811134
0.6781362315652353
0.682018192657013
0.6873983724262942
0.6847885537246243
0.68832319500362
0.6936776349227396
0.690160193090231
0.6698808675476571
0.6970168981328635
0.682213707947025
0.7011906279082432
0.6735101272057953
0.6859771726544195
0.6980365165471447
0.6850152184880861
0.6942462682578079
0.6813014035095994
0.6831722260927783
0.693409963194842
0.6867458876128507
0.6817809040729648
0.6911841252111421
0.686085915725087
0.6987399106313303
0.6936216913041662
0.691525598962266
0.6848696916448858
0.6278788678027509
0.6826598974842295
0.6976477232347762
0.6986998593644814
0.6968195064953362
0.6986275665164017
0.6933525999254011
0.6665475811446308
0.6935983174029345
0.6860527329800542
