0.6831434742758602
0.6699310988950976
0.6457019003740885
0.6510438542060241
0.6749218278560933
0.6753659602782078
0.6789165375905968
0.6661135599222838
0.6138151676085508
0.5091721476271706
0.6846150061709614
0.6978438707240379
0.6823747415425218
0.6954370508111757
0.6655811035674098
0.686169633893426
0.6981971346805753
0.701096823624717
0.6810874141879106
0.6985976931856621
0.6871569131389462
0.6932593945675738
0.6858407150523139
0.6942894771493909
0.6828692525933024
0.6926319158158128
0.7004392822397731
0.6934696409112036
0.6830374174033768
0.6932956340152101
0.6329141973913308
0.6934119810300896
0.6958826830243781
0.6951269814880632
0.6866120233220131
0.687431905864243
0.6733108327044355
0.6946277389299111
0.6861517227023717
0.6933074385103419
0.6850109948387171
0.6911874661853281
0.6832647602171507
0.6841569242006994
0.6830434230283688
0.6941253897603383
0.6537258368060554
0.7030679321481255
0.6971542767907493
0.6684910280310105
0.6943414772423706
0.6937503063104596
0.6923260059581103
0.661388935790493
0.699552388301913
0.6889124256856368
0.6862973419963978
0.6960735182155859
0.6987396837779228
0.6908479337576053
0.6878636577363841
0.6829477416252185
0.68474978745347
0.6909111919359556
0.6839439924003863
0.7014915013657492
0.6919704509594317
0.6854212515863928
0.6880656257100859
0.6867086242397944
0.6881956836482748
0.6916898799438763
0.6921034901435067
0.6995569186076571
0.6890516367014924
0.6954207942027429
0.6920435003781975
0.6694851485551534
0.6913622154325214
0.6935921051721958
0.6772394673566429
0.6850445038185005
0.683814131445051
0.6882570699338131
0.6911004921005444
0.6955960875158841
0.6950754174642889
0.6916430351363851
0.689714299607687
0.6938256198966954
0.6929992894135433
0.6977859895497538
0.6950868295011743
0.6846410069848097
0.6854596172590997
0.6920127138563398
0.6857298067302894
0.6928486903806406
0.6835991877683094
0.6867825317114389
