0.3584175109863281
0.1550597846508026
0.46799370646476746
0.342581182718277
0.5796389579772949
0.491275429725647
0.274112731218338
0.5646973848342896
0.735753059387207
0.6330735683441162
0.22284989058971405
0.66302490234375
0.42257818579673767
0.6373459100723267
0.49223190546035767
0.5894284248352051
0.6168297529220581
0.24771811068058014
0.4293275773525238
0.3891562223434448
0.2736493647098541
0.502122163772583
0.3985758125782013
0.6226154565811157
0.35301491618156433
0.5025418996810913
0.74526047706604
0.6376579999923706
0.46402591466903687
0.5374990701675415
0.4752849042415619
0.5571341514587402
0.6003855466842651
0.2886134088039398
0.5861673355102539
0.42889663577079773
0.6393072605133057
0.11286172270774841
0.5424046516418457
0.5631820559501648
0.150933638215065
0.5222331881523132
0.21083016693592072
0.2637563943862915
0.5281195640563965
0.4738846719264984
0.43835142254829407
0.21000808477401733
0.4315677583217621
0.3278730809688568
0.42835333943367004
0.5323612689971924
0.42217710614204407
0.5966790914535522
0.1503486931324005
0.47006991505622864
0.2979440689086914
0.15065842866897583
0.5885878801345825
0.5157259702682495
0.5424108505249023
0.6281614303588867
0.5119850635528564
0.5603670477867126
0.39250263571739197
0.6825244426727295
0.48867881298065186
0.6443678140640259
0.3952215015888214
0.6471821069717407
0.5218598246574402
0.408711701631546
0.480962336063385
0.5822190642356873
0.38913044333457947
0.28190988302230835
0.4389874041080475
0.26795777678489685
0.5797886848449707
0.44071006774902344
0.5081840753555298
0.5689207315444946
0.5517933368682861
0.5358104705810547
0.3033020496368408
0.564854621887207
0.49393323063850403
0.517328679561615
0.49411123991012573
0.3529552221298218
0.39971527457237244
0.5159989595413208
0.3454870283603668
0.5742467641830444
0.1784481704235077
0.6700465679168701
0.4074759781360626
0.07288333028554916
0.6227109432220459
0.4025214910507202
0.1486867368221283
0.6124234199523926
0.4326275885105133
0.37616607546806335
0.512410044670105
0.5365607738494873
0.3172903060913086
0.5838619470596313
0.14802202582359314
0.6039506196975708
0.4189051687717438
0.17125187814235687
0.47045469284057617
0.3452877104282379
0.22323188185691833
0.6386351585388184
0.5306218862533569
0.46450215578079224
0.33545002341270447
0.29991912841796875
0.5860732793807983
0.25778812170028687
0.524996280670166
0.5379220247268677
0.6458636522293091
0.5380485653877258
0.32205310463905334
0.33072856068611145
0.28419938683509827
0.4405815303325653
0.6754828691482544
0.2168833315372467
0.4375486373901367
0.5015093088150024
0.4476286470890045
0.40464597940444946
0.2230539172887802
0.5074790716171265
0.5506157875061035
0.6299999952316284
0.09673124551773071
0.5552858114242554
0.5031294822692871
0.3993934690952301
0.5944467782974243
0.6557989120483398
0.620942234992981
0.02097039669752121
0.6620762348175049
0.5315471291542053
0.5242254137992859
0.5962327718734741
0.24061118066310883
0.4527736008167267
0.5592221021652222
0.44685599207878113
0.4284168481826782
0.4142830967903137
0.32132261991500854
0.6596717834472656
0.57738196849823
0.2945255637168884
0.36023256182670593
0.5231107473373413
0.49300315976142883
0.5197174549102783
0.7709779739379883
0.2839391231536865
0.594012975692749
0.5727285742759705
0.6416523456573486
0.6149114370346069
0.15591411292552948
0.42842358350753784
0.49943894147872925
0.6512960195541382
0.4488421082496643
0.5824021697044373
0.30120402574539185
0.5197679996490479
0.28752055764198303
0.2173873335123062
0.5094907283782959
0.2062128186225891
0.6053961515426636
0.5506387948989868
0.4487933814525604
0.457121342420578
0.4858216345310211
0.6203787326812744
0.5173137187957764
0.158525288105011
0.2055363655090332
0.5060081481933594
0.4744541049003601
0.40309807658195496
0.47639918327331543
0.6087156534194946
0.42040881514549255
0.64374840259552
0.5902997255325317
0.3709217607975006
0.12070942670106888
0.22827036678791046
0.665941596031189
0.5615681409835815
0.0844321995973587
0.3109527826309204
0.6427180767059326
0.30557405948638916
0.19523440301418304
0.6115224361419678
0.512811541557312
0.11807078123092651
0.527582049369812
0.10117627680301666
0.4658541977405548
0.5088344812393188
0.4862242639064789
0.17730261385440826
0.2849915325641632
0.4771287441253662
0.5453444719314575
0.35434332489967346
0.16067570447921753
0.4997040927410126
0.4540325105190277
0.5176992416381836
0.2416422814130783
0.18794982135295868
0.38780179619789124
0.4012000262737274
0.5650533437728882
0.22821244597434998
0.1448085755109787
0.6032800674438477
0.43487778306007385
0.57607102394104
0.4209880530834198
0.4917685389518738
0.31061863899230957
0.33973219990730286
0.3873991072177887
0.13666801154613495
0.3430643081665039
0.552944540977478
0.18944114446640015
0.4370257556438446
0.39570045471191406
0.5386534929275513
0.37658658623695374
0.5204578638076782
0.5188885927200317
0.251076877117157
0.5908269882202148
0.471524178981781
0.27313926815986633
0.43790820240974426
0.17488083243370056
0.2937816083431244
0.4433020055294037
0.421293705701828
0.41662922501564026
0.16183426976203918
0.5631695985794067
0.546766996383667
0.49639564752578735
0.6471842527389526
0.6490819454193115
0.16317422688007355
0.5463910102844238
0.6355959177017212
0.4502815008163452
0.30033260583877563
0.4330119788646698
0.47720566391944885
0.466524600982666
0.5965720415115356
0.6525141000747681
0.4988473951816559
0.5683526992797852
0.7094814777374268
0.5011343955993652
0.6562418937683105
0.24107211828231812
0.4497554898262024
0.4978175163269043
0.5075433254241943
0.5953084230422974
0.39849743247032166
0.6209558248519897
0.3525654375553131
0.38533398509025574
0.19041666388511658
0.49087220430374146
0.6142462491989136
0.05084074288606644
0.7080007791519165
0.04648980498313904
0.5833990573883057
0.5918035507202148
0.6063820123672485
0.2577766180038452
0.4360579550266266
0.634506344795227
0.17164672911167145
0.5224521160125732
0.5003208518028259
0.6385223865509033
0.4666500389575958
0.5211278200149536
0.5517421960830688
0.5698302984237671
0.5685137510299683
0.2248893678188324
0.02983745187520981
0.26919078826904297
0.3267022371292114
0.08562766015529633
0.5500651597976685
0.16809210181236267
0.3557523190975189
0.5403591394424438
0.29707401990890503
0.5965250730514526
0.6038801670074463
0.35656431317329407
0.23888728022575378
0.5727351903915405
0.47138920426368713
0.5685032606124878
0.14143529534339905
0.5555200576782227
0.629535436630249
0.3816763162612915
0.418473482131958
0.4720059335231781
0.17638203501701355
0.571264386177063
0.5929113626480103
0.5648130774497986
0.3401346504688263
0.3274884819984436
0.5414218306541443
0.616702675819397
0.26011085510253906
0.5672223567962646
0.29545003175735474
0.48554182052612305
0.5431079864501953
0.36937347054481506
0.36785057187080383
0.39284589886665344
0.6136257648468018
0.22388426959514618
0.6557924747467041
0.6527777910232544
0.6569772958755493
0.5880609750747681
0.1840122938156128
0.4917963743209839
0.015308663249015808
0.2366769015789032
0.3106648325920105
0.48243656754493713
0.49274417757987976
0.6270376443862915
0.7083431482315063
0.604621171951294
0.6491274833679199
0.09524696320295334
0.4074602425098419
0.2090701162815094
0.3368935286998749
0.2530412971973419
0.6015462875366211
0.5327117443084717
0.4093025326728821
0.21302157640457153
0.5386556386947632
0.6077413558959961
0.58522629737854
0.4179650843143463
0.523232102394104
0.5466638803482056
0.4174966514110565
0.5388133525848389
0.6260842084884644
0.08979916572570801
0.5998489856719971
0.49102696776390076
0.48961925506591797
0.3743428587913513
0.673729419708252
0.39074692130088806
0.6106104850769043
0.5811331272125244
0.5007156133651733
0.23235341906547546
0.2640687823295593
0.4894839823246002
0.6027301549911499
0.3747903108596802
0.5685718655586243
0.5000972151756287
0.49095818400382996
0.571241021156311
0.4497651755809784
0.5493996143341064
0.15285758674144745
0.6232805252075195
0.6638469696044922
0.5428721308708191
0.459012895822525
0.5585833787918091
0.4714566171169281
0.6268600225448608
0.5383094549179077
0.09718170017004013
0.2645680010318756
0.2604115307331085
0.547031044960022
0.3885796368122101
0.4475652277469635
0.44209298491477966
0.5368169546127319
0.6255022287368774
0.44986310601234436
0.34376031160354614
0.3132401406764984
0.3092379570007324
0.7092297077178955
0.2532449960708618
0.5883605480194092
0.4304715096950531
0.5163328647613525
0.3733106851577759
0.556906521320343
0.49553123116493225
0.5549497604370117
0.6365717649459839
0.6335142850875854
0.48816415667533875
0.35695549845695496
0.5173174142837524
0.5129100680351257
0.5369877815246582
0.6033494472503662
0.21046794950962067
0.48281338810920715
0.2643905282020569
0.4619876444339752
0.5564020872116089
0.1676245778799057
0.358014315366745
0.28057652711868286
0.5853699445724487
0.5836859941482544
0.3319531977176666
0.4823363721370697
0.35599276423454285
0.44275984168052673
0.4787335693836212
0.5094968676567078
0.43195366859436035
0.17042067646980286
0.6727620363235474
0.5010173916816711
0.5393970012664795
0.28554946184158325
0.44617506861686707
0.463346928358078
0.5671374201774597
0.4263661801815033
0.5311673283576965
0.18804320693016052
0.40535882115364075
0.5471682548522949
0.5034490823745728
0.6626538038253784
0.4680797755718231
0.32172611355781555
0.5514203906059265
0.5153337121009827
0.4130582809448242
0.37092098593711853
0.6378886699676514
0.37223365902900696
0.37015584111213684
0.5955054759979248
0.6580779552459717
0.4970099925994873
0.6151766777038574
0.39425787329673767
0.40995314717292786
0.5440790057182312
0.6267498731613159
0.46309059858322144
0.5938457250595093
0.695183277130127
0.3470052182674408
0.2526358664035797
0.6251578330993652
0.5360575914382935
0.5280110836029053
0.4956853687763214
0.06302453577518463
0.584541916847229
0.38249629735946655
0.4628807008266449
0.5713933706283569
0.4271700084209442
0.6207548379898071
0.2736190855503082
0.2432285100221634
0.3899289071559906
0.5173289775848389
0.33436813950538635
0.6534684896469116
0.5571877956390381
0.6543247699737549
0.5478376150131226
0.36871644854545593
0.5593305826187134
0.4291459023952484
0.521265983581543
0.6245119571685791
0.6096715927124023
0.38614943623542786
0.5610268115997314
0.6797901391983032
0.5171428918838501
0.19940811395645142
0.2510831654071808
0.4808727502822876
0.20259271562099457
0.4485190808773041
0.3901034891605377
0.5454803705215454
0.3599696457386017
0.6712275743484497
0.6155896186828613
0.058066416531801224
0.07490971684455872
0.6422849893569946
0.6038742065429688
0.6025434732437134
0.22645369172096252
0.44899022579193115
0.5604997873306274
0.6348766088485718
0.6323734521865845
0.5327919721603394
0.5873051881790161
0.5202929973602295
0.13036033511161804
0.4454939663410187
0.5959138870239258
0.30464333295822144
0.4679897725582123
0.15982331335544586
0.4144666790962219
0.4578041732311249
0.5809148550033569
0.5782458782196045
0.6174983978271484
0.27850061655044556
0.5233714580535889
0.1378898173570633
0.6892076730728149
0.6721229553222656
0.46119722723960876
0.4164901673793793
0.4047587215900421
0.6554256677627563
0.20177918672561646
0.6185421943664551
0.558547854423523
0.25296807289123535
0.5397782921791077
0.5911110639572144
0.36183756589889526
0.08766133338212967
0.10153539478778839
0.5074660778045654
0.1766028106212616
0.37282487750053406
0.3817589282989502
0.20901639759540558
0.631061315536499
0.6525444984436035
0.6336760520935059
0.48974111676216125
0.4521702826023102
0.2597809433937073
0.5997340679168701
0.5774583220481873
0.38685110211372375
0.2493094503879547
0.49334320425987244
0.5959762334823608
0.5555189847946167
0.438583642244339
0.40725377202033997
0.310456782579422
0.5539627075195312
0.5328779220581055
0.3476048409938812
0.34586477279663086
0.1634463667869568
0.8098379373550415
0.27538999915122986
0.54013991355896
0.35639217495918274
0.172870472073555
0.27654415369033813
0.36633214354515076
0.48110267519950867
0.6117250919342041
0.3501336872577667
0.1975206583738327
0.5330626964569092
0.6389349699020386
0.16253863275051117
0.617030143737793
0.6319252252578735
0.5533928871154785
0.4269583225250244
0.47923240065574646
0.6620190143585205
0.62774658203125
0.6413832902908325
0.5596358776092529
0.6770211458206177
0.49767664074897766
0.6065829992294312
0.6021115779876709
0.5102840662002563
0.2528340220451355
0.4779459536075592
0.5982551574707031
0.43466347455978394
0.5433276891708374
0.6424517631530762
0.16719481348991394
0.6119476556777954
0.609404444694519
0.6185421943664551
0.6153765916824341
0.38482925295829773
0.489388644695282
0.49077290296554565
0.5691583156585693
0.5021342039108276
0.14705953001976013
0.39489617943763733
0.4504549503326416
0.4447033703327179
0.315162718296051
0.27871575951576233
0.5361562967300415
0.393643319606781
0.18780681490898132
0.05661749839782715
0.40414246916770935
0.437423437833786
0.12343652546405792
0.5822581052780151
0.09185630828142166
0.5093890428543091
0.5265249013900757
0.6674100160598755
0.5443377494812012
0.5316491723060608
0.49270331859588623
0.5641382932662964
0.1163070946931839
0.6325327157974243
0.1917288899421692
0.21621762216091156
0.5162444114685059
0.6250205039978027
0.5686978101730347
0.3445185720920563
0.2331489622592926
0.49480023980140686
0.2891102731227875
0.5561050176620483
0.5157855153083801
0.4620077908039093
0.3339230418205261
0.6094112396240234
0.3588097393512726
0.7118417024612427
0.6222405433654785
0.5338258743286133
0.42163750529289246
0.5251205563545227
0.32393383979797363
0.2960852384567261
0.5962750911712646
0.2843398153781891
0.5902507305145264
0.0740688145160675
0.16262049973011017
0.15180043876171112
0.4145076870918274
0.24488332867622375
0.5352476835250854
0.6398260593414307
0.3125706613063812
0.0798746719956398
0.34217962622642517
0.14729022979736328
0.5948492288589478
0.6535606384277344
0.36500611901283264
0.07682523131370544
0.5217496156692505
0.2551119923591614
0.2761494219303131
0.3408335745334625
0.6925488710403442
0.2813442647457123
0.41559386253356934
0.5005027055740356
0.6283105611801147
0.5992203950881958
0.2201545387506485
0.11209481209516525
0.5472532510757446
0.3265691101551056
0.7006975412368774
0.5903160572052002
0.2397075891494751
0.46771183609962463
0.46316978335380554
0.39751237630844116
0.39575543999671936
0.3118310868740082
0.5947405099868774
0.21211132407188416
0.6751422882080078
0.5872023105621338
0.18200483918190002
0.5852069854736328
0.5783346891403198
0.6136177778244019
0.6080915927886963
0.18854910135269165
0.25829336047172546
0.17756149172782898
0.35029420256614685
0.5452431440353394
0.22650599479675293
0.5145276784896851
0.26200228929519653
0.48399361968040466
0.5665555000305176
0.5704402923583984
0.3088015019893646
0.4560419023036957
0.4513097107410431
0.07249164581298828
0.37596866488456726
0.5326263904571533
0.6105619668960571
0.32893308997154236
0.4751303493976593
0.14913302659988403
0.5707601308822632
0.21483378112316132
0.4289363920688629
0.5394077301025391
0.4993363320827484
0.4630029499530792
0.30335742235183716
0.34867414832115173
0.5712563991546631
0.5500129461288452
0.5565729141235352
0.48804962635040283
0.5687681436538696
0.3877909481525421
0.5316464900970459
0.25316762924194336
0.25059112906455994
0.5833098292350769
0.6363610029220581
0.5226914882659912
0.371734082698822
0.14885997772216797
0.5023370981216431
0.5734026432037354
0.10261882841587067
0.27441662549972534
0.6444302797317505
0.7050106525421143
0.6436114311218262
0.3532727062702179
0.485159695148468
0.5730353593826294
0.6075218915939331
0.49410659074783325
0.08459755778312683
0.3984698951244354
0.22503064572811127
0.3233262002468109
0.36915263533592224
0.46308842301368713
0.5343359708786011
0.46252551674842834
0.5711795091629028
0.5558441877365112
0.5686624050140381
0.31307634711265564
0.3541155159473419
0.16168265044689178
0.45948341488838196
0.29296454787254333
0.4197501540184021
0.5087895393371582
0.647441029548645
0.4401746690273285
0.32751643657684326
0.6226783990859985
0.5033668279647827
0.4070858061313629
0.6162891387939453
0.6141999959945679
0.04267285019159317
0.4741441011428833
0.6238048076629639
0.44530150294303894
0.6246538162231445
0.5026237964630127
0.6575957536697388
0.43875232338905334
0.5715487599372864
0.5133646726608276
0.10856771469116211
0.2992955446243286
0.3751237392425537
0.13031139969825745
0.37683090567588806
0.7004070281982422
0.3688074052333832
0.6287813186645508
0.5614238977432251
0.4276694059371948
0.4386316239833832
0.5733652114868164
0.1724705696105957
0.4466666877269745
0.21531906723976135
0.03353197127580643
0.4926694929599762
0.5037035942077637
0.1192043125629425
0.6127369403839111
0.7296676635742188
0.31114205718040466
0.314964234828949
0.513803243637085
0.5895072221755981
0.24626684188842773
0.5526258945465088
0.5462106466293335
0.43992146849632263
0.35595622658729553
0.31339359283447266
0.5118143558502197
0.6604043245315552
0.3409257233142853
0.4134373366832733
0.331917941570282
0.6706283092498779
0.18237252533435822
0.21679887175559998
0.43055951595306396
0.11009401082992554
0.3784826397895813
0.4931752681732178
0.30981606245040894
0.5881410837173462
0.35161831974983215
0.5430233478546143
0.11075103282928467
0.27319633960723877
0.5205394625663757
0.36912205815315247
0.6934802532196045
0.5628048181533813
0.7002159357070923
0.566368579864502
0.7597564458847046
0.3269159197807312
0.6494917869567871
0.5186712741851807
0.3680565059185028
0.2076525241136551
0.10980034619569778
0.0790703147649765
0.5861403942108154
0.5474124550819397
0.42768242955207825
0.4242928922176361
0.16821295022964478
0.5442453026771545
0.07883056253194809
0.6493723392486572
0.4577707052230835
0.47550174593925476
0.6855916976928711
0.47520682215690613
0.6259121894836426
0.4522555470466614
0.3155457377433777
0.5723685026168823
0.6411808729171753
0.5722967982292175
0.2614182233810425
0.5767300128936768
0.6176133155822754
0.25113216042518616
0.10937453806400299
0.6266509294509888
0.508368730545044
0.6544338464736938
0.4987736642360687
0.20715394616127014
0.6507545709609985
0.17423605918884277
0.27823832631111145
0.21778342127799988
0.18835046887397766
0.439576655626297
0.3022517263889313
0.10320030152797699
0.44393447041511536
0.43993473052978516
0.48921918869018555
0.23312100768089294
0.37740767002105713
0.5755314826965332
0.5046676397323608
0.46519383788108826
0.48638707399368286
0.6444342136383057
0.11339657753705978
0.5791186690330505
0.4410790503025055
0.4351442754268646
0.27789777517318726
0.49263712763786316
0.6176960468292236
0.5783482789993286
0.33878061175346375
0.24093462526798248
0.5972793102264404
0.32240739464759827
0.6724357604980469
0.3144274055957794
0.42160555720329285
0.11669442802667618
0.571299135684967
0.08958292752504349
0.46513932943344116
0.06906852126121521
0.7052302360534668
0.393643319606781
0.38747310638427734
0.5610628128051758
0.5159120559692383
0.476661741733551
0.5093006491661072
0.1258908063173294
0.04687727615237236
0.6121478080749512
0.6746715307235718
0.18407298624515533
0.5676367878913879
0.14417791366577148
0.4175458252429962
0.4766601622104645
0.1359851360321045
0.46708717942237854
0.6054390668869019
0.473193496465683
0.29015523195266724
0.03994394466280937
0.6516238451004028
0.17784257233142853
0.4537278115749359
0.065793476998806
0.6315110921859741
0.6146999597549438
0.36392009258270264
0.599862813949585
0.40060877799987793
0.5798987746238708
0.3365773856639862
0.26771080493927
0.5648630261421204
0.5531885623931885
0.20827625691890717
0.6249432563781738
0.5786149501800537
0.6079175472259521
0.07246478646993637
0.6631044149398804
0.26075389981269836
0.7070504426956177
0.15902428328990936
0.41729244589805603
0.6049256324768066
0.43022236227989197
0.6521110534667969
0.4800090491771698
0.5490237474441528
0.5002055168151855
0.2820180058479309
0.27928903698921204
0.28418710827827454
0.5959299802780151
0.3935740888118744
0.46374738216400146
0.33685413002967834
0.5339937210083008
0.44729554653167725
0.610405445098877
0.06925206631422043
0.46022188663482666
0.44205209612846375
0.43706920742988586
0.5892456769943237
0.21679887175559998
0.5800372362136841
0.18270531296730042
0.12234707176685333
0.5686482191085815
0.17342202365398407
0.41090187430381775
0.6141401529312134
0.1187138706445694
0.7275587320327759
0.5482039451599121
0.5822139978408813
0.480836421251297
0.48541006445884705
0.5158175230026245
0.548139214515686
0.30407845973968506
0.2955455482006073
0.5561652183532715
0.3357180655002594
0.38929614424705505
0.41765496134757996
0.21346905827522278
0.6896333694458008
0.5445928573608398
0.5041095018386841
0.6890403032302856
0.4823381006717682
0.06969106942415237
0.5054117441177368
0.5729243755340576
0.5642638206481934
0.2497919499874115
0.42902228236198425
0.6057524681091309
0.5640755891799927
0.43482843041419983
0.4777948558330536
0.6238813400268555
0.14344415068626404
0.6422944068908691
0.6149190664291382
0.40163329243659973
0.6711146831512451
0.10848779231309891
0.4757172763347626
0.3131316304206848
0.46167442202568054
0.6405963897705078
0.446480929851532
0.8424746990203857
0.15731634199619293
0.6192820072174072
0.1870405673980713
0.35896962881088257
0.5197830200195312
0.16819342970848083
0.4071923792362213
0.5577383041381836
0.2858785092830658
0.6321525573730469
0.23042967915534973
0.45194658637046814
0.6542057991027832
0.5597549676895142
0.5552948713302612
0.5722787380218506
0.5891057252883911
0.5278880596160889
0.43679577112197876
0.33259326219558716
0.7273707389831543
0.4903493821620941
0.515774130821228
0.06573151051998138
0.6092984676361084
0.41469720005989075
0.5730079412460327
0.21615326404571533
0.11341988295316696
0.5510157346725464
0.5709733963012695
0.6017297506332397
0.4005628228187561
0.6223299503326416
0.5929893255233765
0.35201123356819153
0.4268571436405182
0.40863004326820374
0.5442546606063843
0.46430090069770813
0.5953295230865479
0.6350640058517456
0.4876229465007782
0.439212828874588
0.6454014778137207
0.48982417583465576
0.4511946141719818
0.3086658716201782
0.5863035917282104
0.5539084672927856
0.3145045042037964
0.6409972906112671
0.64347243309021
0.6398345232009888
0.4224696755409241
0.5940321683883667
0.5133109092712402
0.5216145515441895
0.505670428276062
0.637250542640686
0.5458723306655884
0.30678117275238037
0.7218354940414429
0.5471018552780151
0.6171773672103882
0.41379013657569885
0.07910766452550888
0.2112886905670166
0.46041664481163025
0.46105584502220154
0.5747711658477783
0.3658621609210968
0.6346948146820068
0.47977274656295776
0.6646976470947266
0.5340806245803833
0.4316633343696594
0.5630766153335571
0.5891908407211304
0.5792367458343506
0.5769505500793457
0.14721529185771942
0.40146589279174805
0.5796602964401245
0.18336042761802673
0.38244351744651794
0.5519301891326904
0.22926530241966248
0.2545413076877594
0.548965573310852
0.4724707305431366
0.6047897338867188
0.4603877365589142
0.6447612047195435
0.5168870687484741
0.19833828508853912
0.3273731768131256
0.07584211230278015
0.3102509379386902
0.5431392192840576
0.5734305381774902
0.3654869496822357
0.4799833595752716
0.5396803021430969
0.4878346920013428
0.4504157602787018
0.1915520578622818
0.05519288778305054
0.46636584401130676
0.6031351089477539
0.6068884134292603
0.3662620484828949
0.45489710569381714
0.6040060520172119
0.47609275579452515
0.5048139095306396
0.29139891266822815
0.5557006597518921
0.607000470161438
0.6049426794052124
0.5815971493721008
0.6579617261886597
0.5854462385177612
0.14453577995300293
0.5617104768753052
0.4561106860637665
0.41905835270881653
0.5066736936569214
0.6621097326278687
0.39026594161987305
0.47617700695991516
0.3424367606639862
0.2746184468269348
0.655777096748352
0.511201798915863
0.5590516924858093
0.7756658792495728
0.5751484632492065
0.5298224687576294
0.4515330493450165
0.662777304649353
0.36212047934532166
0.5654852390289307
0.5179750323295593
0.32823288440704346
0.24124667048454285
0.4141750633716583
0.23611518740653992
0.544806718826294
0.3971327543258667
0.6155157089233398
0.40609756112098694
0.5921908617019653
0.6236494779586792
0.3494333326816559
0.48411351442337036
0.5626516342163086
0.1728491485118866
0.23648855090141296
0.5208861827850342
0.6847158670425415
0.14448316395282745
0.11034771054983139
0.6424169540405273
0.3664620816707611
0.523253321647644
0.3127199411392212
0.479718953371048
0.34583666920661926
0.33155542612075806
0.5471041202545166
0.15975165367126465
0.5784438848495483
0.3994133770465851
0.6793340444564819
0.6768052577972412
0.030911169946193695
0.5412449836730957
0.5323995351791382
0.2287907600402832
0.5695575475692749
0.09859322011470795
0.5439302921295166
0.5385615825653076
0.5479738712310791
0.739734411239624
0.5817755460739136
0.07945366203784943
0.2847141921520233
0.39143750071525574
0.23678576946258545
0.5314133167266846
0.33111339807510376
0.6274259090423584
0.5405756235122681
0.5920623540878296
0.5022596716880798
0.6585801839828491
0.4719415605068207
0.1443113088607788
0.5587282180786133
0.027315285056829453
0.09445847570896149
0.5070104002952576
0.14186552166938782
0.654839277267456
0.38047316670417786
0.5769087076187134
0.5748056173324585
0.5218498706817627
0.47340670228004456
0.6064503192901611
0.4493841826915741
0.6358318328857422
0.46819475293159485
0.516578197479248
0.48246896266937256
0.5141964554786682
0.46483537554740906
0.6271193027496338
0.5145268440246582
0.5680365562438965
0.003332361578941345
0.4859980046749115
0.5615490674972534
0.3746149241924286
0.029967118054628372
0.3492850065231323
0.13017702102661133
0.5565434694290161
0.3398471176624298
0.5421300530433655
0.340255469083786
0.42647677659988403
0.558783769607544
0.35857221484184265
0.5739442110061646
0.018037594854831696
0.5949579477310181
0.45030876994132996
0.6016249656677246
0.7361400127410889
0.6073322296142578
0.3062475025653839
0.07861603796482086
0.49190932512283325
0.6196236610412598
0.5811753273010254
0.5643261671066284
0.5026030540466309
0.27724021673202515
0.7031474113464355
0.6576403379440308
0.16528169810771942
0.3819120228290558
0.4081204831600189
0.06940660625696182
0.5156787633895874
0.5404006242752075
0.20839561522006989
0.42890802025794983
0.5133114457130432
0.24365270137786865
0.5117322206497192
0.4340950548648834
0.5168657302856445
0.6244827508926392
0.5035891532897949
0.5137908458709717
0.466279536485672
0.5200236439704895
0.5013999938964844
0.5835890769958496
0.38553035259246826
0.5577917098999023
0.5672059059143066
0.520681619644165
0.17658919095993042
0.6079633235931396
0.5926990509033203
0.37189605832099915
0.7012232542037964
0.5087332129478455
0.4230828285217285
0.6177678108215332
0.5120748281478882
0.24969975650310516
0.5406084060668945
0.128684401512146
0.5831279754638672
0.5968600511550903
0.5498039722442627
0.5645675659179688
0.4626057744026184
0.2735024392604828
0.42136451601982117
0.49297022819519043
0.5376678109169006
0.38847270607948303
0.3847131133079529
0.5056068897247314
0.03706732392311096
0.35953375697135925
0.03527957946062088
0.6242474317550659
0.2313539832830429
0.7406494617462158
0.5712074637413025
0.5281793475151062
0.1680377870798111
0.3265800476074219
0.547669529914856
0.5403537750244141
0.410345196723938
0.628899097442627
0.5150822401046753
0.33195286989212036
0.6153221130371094
0.06106330454349518
0.22668099403381348
0.5659306049346924
0.49259719252586365
0.5792141556739807
0.4303071200847626
0.17299330234527588
0.12799453735351562
0.5396089553833008
0.5486724376678467
0.4231600761413574
0.5213589668273926
0.020458541810512543
0.5709573030471802
0.18485592305660248
0.31512561440467834
0.5516239404678345
0.4531075954437256
0.6647584438323975
0.35200536251068115
0.3048460781574249
0.37211576104164124
0.23134562373161316
0.7084066867828369
0.4747397303581238
0.5352544784545898
0.5642096996307373
0.4692201316356659
0.2034876048564911
0.6448829174041748
0.6762259006500244
0.3805622160434723
0.35050153732299805
0.3779120445251465
0.4840056002140045
0.23881426453590393
0.6367981433868408
0.022969163954257965
0.5849602222442627
0.42456141114234924
0.5650986433029175
0.6294834613800049
0.3281014561653137
0.506745457649231
0.5744619369506836
0.3318287134170532
0.5147292613983154
0.41010549664497375
0.43648794293403625
0.49925389885902405
0.5587728023529053
0.5119651556015015
0.4376279413700104
0.5352835655212402
0.31694746017456055
0.33102357387542725
0.6487759351730347
0.6651853322982788
0.5564100742340088
0.5200622081756592
0.3889075815677643
0.5675163269042969
0.545201301574707
0.5530184507369995
0.4345620572566986
0.23830053210258484
0.5109885334968567
0.5730900764465332
0.2534639537334442
0.5754302740097046
0.1931585669517517
0.09578478336334229
0.4705674648284912
0.6054948568344116
0.5170866250991821
0.3025446832180023
0.22139020264148712
0.5891655683517456
0.6264828443527222
0.5652227401733398
0.24771404266357422
0.544569730758667
0.25355249643325806
0.2713078260421753
0.4746856391429901
0.5741544961929321
0.1145850270986557
0.6261937618255615
0.5295595526695251
0.367251992225647
0.5644137859344482
0.6385443210601807
0.6088446378707886
0.2358269989490509
0.5683262348175049
0.4390852153301239
0.5815727710723877
0.6828126907348633
0.5072684288024902
0.48194560408592224
0.42896807193756104
0.15742875635623932
0.43910273909568787
0.4604267477989197
0.5131479501724243
0.6670229434967041
0.530585527420044
0.46653077006340027
0.1180344894528389
0.7544089555740356
0.25799572467803955
0.5671541690826416
0.3992416560649872
0.42126360535621643
0.37449541687965393
0.2665463984012604
0.6859644651412964
0.5865787267684937
0.5729318857192993
0.6123818159103394
0.7055518627166748
0.5425906181335449
0.5297939777374268
0.5492503643035889
0.5386662483215332
0.6909164190292358
0.38897237181663513
0.3641884922981262
0.1958911120891571
0.6139776706695557
0.2994609475135803
0.28308889269828796
0.5955324172973633
0.5914654731750488
0.43130719661712646
0.501266360282898
0.567608118057251
0.162381112575531
0.6531137228012085
0.587317705154419
0.18449299037456512
0.5581077337265015
0.4432013928890228
0.19562512636184692
0.6528445482254028
0.622760534286499
0.596192479133606
0.08474230766296387
0.5564948320388794
0.5539259910583496
0.5736352205276489
0.2540251612663269
0.6077642440795898
0.7237557172775269
0.5769174098968506
0.43204566836357117
0.24679702520370483
0.09308087825775146
0.5324199199676514
0.2949058413505554
0.5511887669563293
0.5380050539970398
0.5403080582618713
0.5603957176208496
0.5465232133865356
0.5794742703437805
0.28402280807495117
0.6385091543197632
0.607325553894043
0.6079041957855225
0.20986628532409668
0.596504807472229
0.46939781308174133
0.3432970643043518
0.5009357929229736
0.7007246017456055
0.40970489382743835
0.4462027847766876
0.5345914363861084
0.5250512361526489
0.4398064613342285
0.5790735483169556
0.31237345933914185
0.34207889437675476
0.4063960611820221
0.5307999849319458
0.4047096371650696
0.6589598655700684
0.5892386436462402
0.5347318649291992
0.5631502866744995
0.492952436208725
0.4567488729953766
0.5675274133682251
0.3915887176990509
0.3429625332355499
0.08995480835437775
0.04709792509675026
0.6846053600311279
0.6069116592407227
0.3633667528629303
0.201062873005867
0.5567686557769775
0.7033463716506958
0.6330277919769287
0.3606555759906769
0.29454970359802246
0.5212922096252441
0.43268176913261414
0.7303868532180786
0.628486156463623
0.19697147607803345
0.47960707545280457
0.5880173444747925
0.11119299381971359
0.24683991074562073
0.5202981233596802
0.4210847020149231
0.18220603466033936
0.37395018339157104
0.24443911015987396
0.543311595916748
0.17595204710960388
0.6158449649810791
0.6519511938095093
0.5977654457092285
0.5231083631515503
0.560407280921936
0.38003572821617126
0.20758956670761108
0.4157198965549469
0.5811266303062439
0.49215343594551086
0.39603087306022644
0.5173653364181519
0.4673909544944763
0.5608614087104797
0.5932080745697021
0.6025285720825195
0.3292014002799988
0.3821175992488861
0.515041708946228
0.7005223035812378
0.5124908089637756
0.4622383415699005
0.5060379505157471
0.5939044952392578
0.5565205812454224
0.3928724527359009
0.5899149179458618
0.39831066131591797
0.4497821629047394
0.3789253532886505
0.5021038055419922
0.43621835112571716
0.6719236373901367
0.4642697274684906
0.1905924677848816
0.4529142677783966
0.39850640296936035
0.09522181004285812
0.5460689067840576
0.2067566215991974
0.4928329885005951
0.2568244934082031
0.33720776438713074
0.01946282386779785
0.6581430435180664
0.3732946813106537
0.5311081409454346
0.233408585190773
0.17170149087905884
0.47992321848869324
0.5494147539138794
0.5746097564697266
0.44173699617385864
0.46142247319221497
0.38065388798713684
0.37732627987861633
0.21618598699569702
0.6488584280014038
0.13563930988311768
0.3642444610595703
0.5569586753845215
0.5738312602043152
0.32234087586402893
0.5626096129417419
0.5939146280288696
0.3984218239784241
0.450363427400589
0.055706389248371124
0.27976375818252563
0.27914005517959595
0.42791667580604553
0.5444849729537964
0.5591628551483154
0.5228555202484131
0.21799619495868683
0.6433011293411255
0.5759932994842529
0.5531653165817261
0.40614935755729675
0.22712558507919312
0.2097926139831543
0.6500071287155151
0.06976613402366638
0.11904273927211761
0.09212257713079453
0.6448031663894653
0.26842200756073
0.638741135597229
0.4796990752220154
0.5445353984832764
0.5780621767044067
0.4455800950527191
0.5405018329620361
0.5742305517196655
0.3516189157962799
0.5746403932571411
0.14220261573791504
0.48015379905700684
0.14986059069633484
0.42822256684303284
0.5554149746894836
0.16670779883861542
0.6991835832595825
0.35974085330963135
0.4012567698955536
0.3575616180896759
0.3507212996482849
0.6101773977279663
0.5723893642425537
0.312846302986145
0.4217328131198883
0.5023379325866699
0.5534522533416748
0.5077163577079773
0.509897768497467
0.2990443706512451
0.22517871856689453
0.4976033568382263
0.16187238693237305
0.4803312122821808
0.5836374759674072
0.5945227146148682
0.5975743532180786
0.5163772106170654
0.6317559480667114
0.25952938199043274
0.30586910247802734
0.5376678109169006
0.6346007585525513
0.3980049192905426
0.6548396348953247
0.5978270769119263
0.24630901217460632
0.18618842959403992
0.5039220452308655
0.40775999426841736
0.25240471959114075
0.12416614592075348
0.6059178113937378
0.6064174175262451
0.6109870672225952
0.35125991702079773
0.639457106590271
0.2955179214477539
0.6509909629821777
0.29392552375793457
0.3496330678462982
0.2106408178806305
0.1471966952085495
0.3909771740436554
0.36337509751319885
0.39490440487861633
0.6891350746154785
0.1879788041114807
0.2418230026960373
0.6367670297622681
0.02438350021839142
0.4634031355381012
0.5715384483337402
0.5700279474258423
0.37742406129837036
0.4577493369579315
0.18247723579406738
0.602859377861023
0.1697366088628769
0.545327365398407
0.5133837461471558
0.6059798002243042
0.578411877155304
0.41586288809776306
0.39662477374076843
0.20579713582992554
0.46753689646720886
0.3969813883304596
0.5107086896896362
0.13723865151405334
0.48825758695602417
0.6231046915054321
0.4982307255268097
0.18695086240768433
0.5366983413696289
0.4918546676635742
0.5287951231002808
0.47599223256111145
0.4000079333782196
0.5663743019104004
0.515251636505127
0.6841962337493896
0.32237136363983154
0.5571879148483276
0.2267599105834961
0.43443676829338074
0.38200196623802185
0.08409585058689117
0.511986494064331
0.5527516603469849
0.2693434953689575
0.6303677558898926
0.34472915530204773
0.4551653265953064
0.49403297901153564
0.5215368270874023
0.5981134176254272
0.3486340343952179
0.5897800922393799
0.5755631327629089
0.26475268602371216
0.18678075075149536
0.27405035495758057
0.631969690322876
0.6459145545959473
0.5391806364059448
0.5394072532653809
0.6222414970397949
0.3464134633541107
0.2175310254096985
0.2931450605392456
0.6084511280059814
0.5113967061042786
0.35920754075050354
0.3426634669303894
0.1720435470342636
0.5265478491783142
0.2456664741039276
0.3408143222332001
0.12009310722351074
0.131514310836792
0.5545780658721924
0.28318190574645996
0.5171372890472412
0.5502465963363647
0.42181137204170227
0.36794915795326233
0.11035177111625671
0.19548669457435608
0.556533694267273
0.611213207244873
0.3490528166294098
0.33020955324172974
0.17579086124897003
0.2740718126296997
0.4388447701931
0.6009088754653931
0.5731421709060669
0.5172667503356934
0.44708749651908875
0.402751088142395
0.43351539969444275
0.4310826361179352
0.6175731420516968
0.5573183298110962
0.595657229423523
0.5592747926712036
0.0915265828371048
0.43030524253845215
0.3132953643798828
0.17742151021957397
0.348466694355011
0.4636802673339844
0.48501071333885193
0.5104591846466064
0.5678063631057739
0.39643535017967224
0.6126039028167725
0.3072916269302368
0.6489239931106567
0.4910452663898468
0.5897845029830933
0.38098424673080444
0.3783658742904663
0.662805438041687
0.6106103658676147
0.23511596024036407
0.29141777753829956
0.5482767820358276
0.4314829707145691
0.5837283134460449
0.48193153738975525
0.10494092851877213
0.27244874835014343
0.7082935571670532
0.48434433341026306
0.6250247955322266
0.5373706817626953
0.28992873430252075
0.4820190668106079
0.6639704704284668
0.4617631137371063
0.6551361083984375
0.4797503650188446
0.4289464056491852
0.505069375038147
0.2833457887172699
0.725744366645813
0.5105863809585571
0.6000585556030273
0.3647264838218689
0.579454243183136
0.49632981419563293
0.4712247848510742
0.5981817245483398
0.2616572678089142
0.5012606382369995
0.6697555780410767
0.243942528963089
0.5075880289077759
0.2838258743286133
0.25032681226730347
0.4868764579296112
0.6480034589767456
0.5602415800094604
0.40758106112480164
0.3874957263469696
0.5393474102020264
0.6150497198104858
0.5142590999603271
0.39773523807525635
0.6234890222549438
0.18632183969020844
0.5367904901504517
0.5371676683425903
0.5686517953872681
0.5919042825698853
0.5611056089401245
0.5650572180747986
0.5808310508728027
0.5471699237823486
0.5077447891235352
0.2845366895198822
0.41278353333473206
0.4995313286781311
0.3190675973892212
0.514864444732666
0.22068823873996735
0.463607519865036
0.48606348037719727
0.3866042196750641
0.4553808271884918
0.6636437177658081
0.36934980750083923
0.3961334228515625
0.5895990133285522
0.3385854661464691
0.5036303400993347
0.5356782674789429
0.6877436637878418
0.2037133127450943
0.51607346534729
0.18787699937820435
0.6684049367904663
0.1741212010383606
0.2342764437198639
0.6432111263275146
0.5139426589012146
0.5844595432281494
0.3113160729408264
0.09525038301944733
0.4625057280063629
0.4019932746887207
0.12037096172571182
0.5936079025268555
0.2616788148880005
0.506416916847229
0.344755083322525
0.479025661945343
0.5684648752212524
0.16547654569149017
0.2574305236339569
0.4491446316242218
0.5325155258178711
0.3107198178768158
0.5337449312210083
0.6036807298660278
0.624165415763855
0.5929803848266602
0.48640239238739014
0.5529837608337402
0.14492428302764893
0.6230722665786743
0.4232535660266876
0.5031849145889282
0.34707334637641907
0.08836517482995987
0.24894891679286957
0.03881797194480896
0.16236066818237305
0.3267417550086975
0.5034308433532715
0.5017282962799072
0.01748788356781006
0.16474124789237976
0.6909546852111816
0.625564455986023
0.629196047782898
0.43036311864852905
0.3604169189929962
0.5182141065597534
0.6738195419311523
0.41742604970932007
0.6647613048553467
0.6141360998153687
0.47110140323638916
0.05066681653261185
0.6472316980361938
0.18724457919597626
0.4803753197193146
0.3924464285373688
0.5401585698127747
0.25782355666160583
0.5967284440994263
0.37826046347618103
0.5332250595092773
0.6369366645812988
0.17929473519325256
0.5634440779685974
0.48310813307762146
0.5819475650787354
0.2826968729496002
0.4612502455711365
0.41384056210517883
0.3145497143268585
0.5680445432662964
0.557715892791748
0.558597207069397
0.5918319225311279
0.4180873930454254
0.5823980569839478
0.2467954456806183
0.4622437357902527
0.5179650783538818
0.08960116654634476
0.3151583671569824
0.20961154997348785
0.18327179551124573
0.4437166452407837
0.6394882202148438
0.633992075920105
0.370037704706192
0.24078652262687683
0.17303425073623657
0.5241438150405884
0.49289461970329285
0.4915638267993927
0.5257350206375122
0.05070517957210541
0.6117496490478516
0.6340422630310059
0.5253545641899109
0.48495277762413025
0.44621625542640686
0.4047950804233551
0.280206561088562
0.2966074049472809
0.20956259965896606
0.6361351013183594
0.2563297748565674
0.15945783257484436
0.6039007902145386
0.3295615315437317
0.3588992655277252
0.5136763453483582
0.6670049428939819
0.37241360545158386
0.43346869945526123
0.23329827189445496
0.3806423842906952
0.3404054343700409
0.4591728448867798
0.550616979598999
0.5004650354385376
0.406846284866333
0.23835767805576324
0.6157858371734619
0.4309127926826477
0.5295789241790771
0.3828730285167694
0.4369407594203949
0.6559308767318726
0.6275097131729126
0.21286322176456451
0.205878347158432
0.5557804107666016
0.14287304878234863
0.5645731687545776
0.6244549751281738
0.6181758642196655
0.660729169845581
0.5464732646942139
0.45765045285224915
0.5228184461593628
0.3844180703163147
0.26673126220703125
0.14440688490867615
0.2911069095134735
0.5116010308265686
0.38865527510643005
0.6517560482025146
0.3638192117214203
0.5324106216430664
0.5532321929931641
0.5148693323135376
0.15333476662635803
0.48463305830955505
0.15911245346069336
0.11993534117937088
0.170575812458992
0.27429574728012085
0.5455098152160645
0.550157904624939
0.3833794891834259
0.40580469369888306
0.49607911705970764
0.6184625625610352
0.6179459095001221
0.1003476157784462
0.432586669921875
0.346711128950119
0.5533099174499512
0.21847867965698242
0.42084524035453796
0.5676215887069702
0.60880446434021
0.7216912508010864
0.6850433349609375
0.27678343653678894
0.6750767230987549
0.2792816758155823
0.5502490401268005
0.4346035420894623
0.5896869897842407
0.6372693777084351
0.3499049246311188
0.490270733833313
0.14448121190071106
0.4924062192440033
0.6071767807006836
0.5185133218765259
0.306631863117218
0.5804246664047241
0.1971489042043686
0.3030412495136261
0.14261382818222046
0.30615469813346863
0.481833815574646
0.39364829659461975
0.2574511468410492
0.06925950199365616
0.5356508493423462
0.09965437650680542
0.48379233479499817
0.16582749783992767
0.37111520767211914
0.42438673973083496
0.47899073362350464
0.09685391187667847
0.34281763434410095
0.5090669393539429
0.45670297741889954
0.58935546875
0.38047903776168823
0.4511714279651642
0.6511881351470947
0.34089553356170654
0.4765067994594574
0.6218301057815552
0.39074692130088806
0.1564239263534546
0.7664388418197632
0.3978674113750458
0.636115312576294
0.4306618273258209
0.623898983001709
0.6538004875183105
0.2979995608329773
0.049964744597673416
0.5645716190338135
0.39081212878227234
0.34042975306510925
0.6591535806655884
0.48016873002052307
0.20407497882843018
0.5431699752807617
0.6374893188476562
0.3360699713230133
0.14283159375190735
0.5408892631530762
0.5317147970199585
0.5349328517913818
0.3499273359775543
0.42935600876808167
0.5231891870498657
0.45760032534599304
0.4857964515686035
0.04712003469467163
0.5793219208717346
0.5289343595504761
0.41727927327156067
0.5831712484359741
0.5071433782577515
0.6239793300628662
0.641136884689331
0.5170046091079712
0.01866908371448517
0.6082478761672974
0.26102080941200256
0.6425656080245972
0.4979340434074402
0.6236960887908936
0.47980234026908875
0.42306920886039734
0.5112329721450806
0.6167625188827515
0.45610764622688293
0.107781320810318
0.6619220972061157
0.5494546294212341
0.2502027451992035
0.4735431373119354
0.21006757020950317
0.17543232440948486
0.14537891745567322
0.5890276432037354
0.586700439453125
0.2253737598657608
0.603622555732727
0.6110345125198364
0.5289207696914673
0.603866457939148
0.3538827896118164
0.27159371972084045
0.4584982097148895
0.196686789393425
0.6999318599700928
0.5185596942901611
0.6410490274429321
0.4970230460166931
0.5724865198135376
0.28178030252456665
0.2823287844657898
0.17571887373924255
0.6244605779647827
0.5498052835464478
0.6502780914306641
0.07499471306800842
0.49911680817604065
0.27407121658325195
0.5873236656188965
0.2965936064720154
0.40113207697868347
0.4752733111381531
0.18428508937358856
0.5387446880340576
0.3554404079914093
0.43491557240486145
0.04334748908877373
0.41549715399742126
0.5116077661514282
0.599623441696167
0.3050653338432312
0.582679271697998
0.46094128489494324
0.48983290791511536
0.4026910662651062
0.49757978320121765
0.5910899639129639
0.5299601554870605
0.4419529438018799
0.31338968873023987
0.19059370458126068
0.41993585228919983
0.6854451894760132
0.46410834789276123
0.6704237461090088
0.6197315454483032
0.6906099319458008
0.5000513792037964
0.024533364921808243
0.17625975608825684
0.2403726726770401
0.0642475038766861
0.6054412126541138
0.6071513891220093
0.1983046531677246
0.535975456237793
0.08594387769699097
0.29702135920524597
0.38241860270500183
0.10364487767219543
0.5734549760818481
0.5159881711006165
0.0820343866944313
0.6154136657714844
0.20745399594306946
0.11455754190683365
0.5094817876815796
0.054850924760103226
0.1486884355545044
0.334636926651001
0.2449135184288025
0.5672693252563477
0.5824323892593384
0.45214948058128357
0.4788506329059601
0.5222904086112976
0.49917900562286377
0.6016943454742432
0.11357355862855911
0.5977511405944824
0.3788715898990631
0.5610673427581787
0.6299283504486084
0.47075188159942627
0.5666860342025757
0.4171343743801117
0.5710035562515259
0.48975786566734314
0.39291444420814514
0.15865063667297363
0.07709640264511108
0.4968785345554352
0.5625560283660889
0.5930646657943726
0.47747454047203064
0.4821760952472687
0.6009538173675537
0.2662452757358551
0.529578685760498
0.3473156988620758
0.6326799392700195
0.5962140560150146
0.2923619747161865
0.5369123816490173
0.2062683403491974
0.6069954633712769
0.329583078622818
0.24676045775413513
0.5938994884490967
0.5257705450057983
0.6616970300674438
0.6882797479629517
0.5468382835388184
0.5781305432319641
0.5058377981185913
0.4517739713191986
0.5604902505874634
0.45313185453414917
0.6519871950149536
0.25745442509651184
0.39266932010650635
0.7211521863937378
0.33257395029067993
0.49665185809135437
0.4696640968322754
0.5897836685180664
0.2696242034435272
0.4996187388896942
0.5073596835136414
0.4129272997379303
0.574143648147583
0.5688397288322449
0.622768759727478
0.4108157455921173
0.2560153007507324
0.3550381660461426
0.4480000436306
0.4562602937221527
0.07305841892957687
0.4008219242095947
0.2262294590473175
0.23940007388591766
0.23188330233097076
0.10985884815454483
0.18416760861873627
0.2680489718914032
0.3321496844291687
0.21591290831565857
0.38731104135513306
0.46529945731163025
0.5230530500411987
0.5684447288513184
0.587383508682251
0.1371791958808899
0.5215147733688354
0.5002576112747192
0.531292736530304
0.6008297204971313
0.3356379270553589
0.653922438621521
0.38786765933036804
0.15596957504749298
0.5859763622283936
0.6232340335845947
0.6555185317993164
0.2579743564128876
0.6521035432815552
0.13334518671035767
0.2965601682662964
0.2694370150566101
0.5714306831359863
0.1391860544681549
0.5924557447433472
0.5833972692489624
0.6534998416900635
0.5481225252151489
0.5705828666687012
0.41132834553718567
0.3846692144870758
0.2653931975364685
0.5097062587738037
0.687545657157898
0.0693429633975029
0.12469533085823059
0.5617729425430298
0.16507688164710999
0.4647485911846161
0.4534035623073578
0.5178934335708618
0.20820540189743042
0.44289177656173706
0.3344762623310089
0.3469920754432678
0.6206802129745483
0.15530042350292206
0.48366084694862366
0.6974872350692749
0.2572976350784302
0.5904507637023926
0.436225563287735
0.6219751834869385
0.2729920446872711
0.4900093972682953
0.22609466314315796
0.508602499961853
0.5823074579238892
0.3844221830368042
0.4817967712879181
0.6659649610519409
0.18059755861759186
0.6496247053146362
0.5177443027496338
0.5401030778884888
0.5055044889450073
0.5418322086334229
0.36485037207603455
0.3861466348171234
0.19262397289276123
0.2883845269680023
0.6837791204452515
0.4773220419883728
0.25713050365448
0.5472346544265747
0.5262066125869751
0.5143817663192749
0.4470462501049042
0.38026729226112366
0.5982968807220459
0.41833990812301636
0.3743049204349518
0.39258989691734314
0.4843621551990509
0.18752069771289825
0.43063077330589294
0.23263029754161835
0.1291557103395462
0.5698138475418091
0.7139116525650024
0.05704769492149353
0.4552701711654663
0.4658965468406677
0.5786409974098206
0.2974556088447571
0.4905405044555664
0.4906861484050751
0.6515438556671143
0.6863772869110107
0.6140644550323486
0.2849573493003845
0.4030659794807434
0.3686533272266388
0.48113688826560974
0.585005521774292
0.5446869134902954
0.3435814082622528
0.21624203026294708
0.5431448817253113
0.4383072257041931
0.03655552864074707
0.7230126857757568
0.5116515159606934
0.5170211791992188
0.6479079723358154
0.2294873297214508
0.6114603281021118
0.5598379373550415
0.11311162263154984
0.5158759355545044
0.42343446612358093
0.5745234489440918
0.5168153047561646
0.16288411617279053
0.6142255067825317
0.2716776132583618
0.4327700436115265
0.6521081924438477
0.36761966347694397
0.3968215584754944
0.39268216490745544
0.45178964734077454
0.47868242859840393
0.6925852298736572
0.7344975471496582
0.5308747291564941
0.040834926068782806
0.35568735003471375
0.6568232774734497
0.5687547922134399
0.5485475063323975
0.619757890701294
0.4643344283103943
0.5542884469032288
0.4518653452396393
0.6128755807876587
0.2290075123310089
0.61472487449646
0.3615027368068695
0.4674434959888458
0.3506929576396942
0.34744390845298767
0.5846172571182251
0.615176796913147
0.7068556547164917
0.476550430059433
0.18464124202728271
0.5061740875244141
0.6471881866455078
0.7080007791519165
0.3646346628665924
0.529227077960968
0.38107648491859436
0.16766218841075897
0.6687905788421631
0.6461832523345947
0.6046550273895264
0.44578203558921814
0.08463393896818161
0.5938079357147217
0.7582427263259888
0.21699164807796478
0.36198320984840393
0.5921072959899902
0.22714312374591827
0.6031078100204468
0.6453834772109985
0.07575619965791702
0.4832514226436615
0.35845550894737244
0.45175132155418396
0.48992249369621277
0.4715540111064911
0.40843310952186584
0.47497114539146423
0.6220883131027222
0.4108157455921173
0.5405192375183105
0.19633975625038147
0.523349940776825
0.5561813116073608
0.3666416108608246
0.40895918011665344
0.5958307981491089
0.2614130973815918
0.534757137298584
0.5930541753768921
0.584956169128418
0.10012422502040863
0.6965392827987671
0.5357191562652588
0.33924978971481323
0.6762160062789917
0.5383696556091309
0.13110233843326569
0.4211997389793396
0.09307647496461868
0.2876521944999695
0.360309898853302
0.7074522972106934
0.11752791702747345
0.6297173500061035
0.6686574220657349
0.7089869976043701
0.5287827849388123
0.25110194087028503
0.6045747995376587
0.4964384138584137
0.4884597361087799
0.6056814193725586
0.6431988477706909
0.6597950458526611
0.5783478617668152
0.3568488657474518
0.2798914313316345
0.23122137784957886
0.13794738054275513
0.2604072690010071
0.20681917667388916
0.4683699607849121
0.5672693252563477
0.08257988840341568
0.558042585849762
0.3826807141304016
0.5736348628997803
0.33715561032295227
0.3791082203388214
0.39995452761650085
0.42877307534217834
0.1565459817647934
0.3601692020893097
0.5033018589019775
0.27146655321121216
0.5641262531280518
0.10175696015357971
0.49888893961906433
0.598966121673584
0.6312229633331299
0.35298916697502136
0.5200828909873962
0.6005511283874512
0.4591078460216522
0.5561124682426453
0.2689605951309204
0.5446550846099854
0.3080545961856842
0.6385953426361084
0.5224250555038452
0.5504840612411499
0.2657034993171692
0.36732879281044006
0.5120620727539062
0.5078140497207642
0.6132373809814453
0.5212506651878357
0.6564807891845703
0.41295185685157776
0.44294533133506775
0.3510102927684784
0.5628128051757812
0.5771747827529907
0.2343502938747406
0.4906643033027649
0.5156830549240112
0.06794656068086624
0.3269622325897217
0.6525242328643799
0.6236084699630737
0.5972793102264404
0.5933514833450317
0.5328118801116943
0.24597011506557465
0.61298668384552
0.289844810962677
0.5424247980117798
0.5783674716949463
0.5115199089050293
0.46353384852409363
0.6424283981323242
0.5508688688278198
0.6793123483657837
0.2664632499217987
0.7027463912963867
0.17012019455432892
0.1023331731557846
0.46040546894073486
0.05009695142507553
0.5208393335342407
0.5287413597106934
0.36567920446395874
0.1187007874250412
0.3102627992630005
0.16732457280158997
0.32822102308273315
0.24100399017333984
0.20176437497138977
0.6591970920562744
0.29107600450515747
0.6651674509048462
0.6269426345825195
0.13442471623420715
0.11722519248723984
0.4743247926235199
0.5538241863250732
0.5708390474319458
0.25499990582466125
0.41880226135253906
0.11704755574464798
0.442444771528244
0.548384964466095
0.4522782862186432
0.6039736270904541
0.6090627908706665
0.3482167720794678
0.40386685729026794
0.533031702041626
0.5340050458908081
0.23734050989151
0.42725875973701477
0.3852689564228058
0.533958911895752
0.22967347502708435
0.5293177366256714
0.5357012748718262
0.5522345304489136
0.2643078565597534
0.1835441291332245
0.5996752977371216
0.5495470762252808
0.6636499166488647
0.4399285912513733
0.6129895448684692
0.5490566492080688
0.43359360098838806
0.11927612870931625
0.38246166706085205
0.2827586233615875
0.19596050679683685
0.19408753514289856
0.6407748460769653
0.48921772837638855
0.5003505945205688
0.457675576210022
0.03958350792527199
0.03713766485452652
0.5980677604675293
0.5839275121688843
0.45059993863105774
0.16848963499069214
0.3549374043941498
0.612275242805481
0.5046981573104858
0.41325852274894714
0.18461179733276367
0.3525899350643158
0.4729372262954712
0.5157166719436646
0.8327549695968628
0.4697961211204529
0.6329327821731567
0.5078766345977783
0.39550140500068665
0.6822984218597412
0.2723275423049927
0.29543420672416687
0.4818817675113678
0.2821689248085022
0.48960208892822266
0.5253422260284424
0.18063852190971375
0.35640981793403625
0.5654169321060181
0.7269994020462036
0.2532905042171478
0.5927009582519531
0.2668967843055725
0.19617383182048798
0.695663571357727
0.3838528096675873
0.42008087038993835
0.5212591886520386
0.5661325454711914
0.5269141793251038
0.5499935150146484
0.4918542802333832
0.5797994136810303
0.6943827867507935
0.5233442783355713
0.4351252019405365
0.559438943862915
0.6122086048126221
0.1013425886631012
0.6273640394210815
0.2556777596473694
0.515576958656311
0.5887055397033691
0.6242774724960327
0.31093478202819824
0.0965782180428505
0.45657065510749817
0.3461996018886566
0.5407787561416626
0.5480235815048218
0.5264734029769897
0.1543090045452118
0.6118553876876831
0.22613748908042908
0.04277469217777252
0.5475150346755981
0.5309435725212097
0.18549880385398865
0.2761431932449341
0.542386531829834
0.2511814534664154
0.5931644439697266
0.5208911895751953
0.16968278586864471
0.08640646934509277
0.29216450452804565
0.5770741701126099
0.46578988432884216
0.5752075910568237
0.41961508989334106
0.44493019580841064
0.4675140380859375
0.6291106939315796
0.5968360900878906
0.2053689807653427
0.5700643062591553
0.6381663084030151
0.5237597227096558
0.5498836040496826
0.48372697830200195
0.6451050043106079
0.5179638862609863
0.6627136468887329
0.4971998631954193
0.6462680101394653
0.5703167915344238
0.18235696852207184
0.15986278653144836
0.461806982755661
0.5191534757614136
0.3749467432498932
0.6169115304946899
0.3985576629638672
0.5084331035614014
0.6337491273880005
0.2681940197944641
0.47585010528564453
0.6222127676010132
0.6801068782806396
0.5357810258865356
0.5603565573692322
0.5360395908355713
0.4765164256095886
0.4995313584804535
0.3767458498477936
0.5669046640396118
0.6034283638000488
0.6222610473632812
0.512175440788269
0.6341625452041626
0.44836726784706116
0.6203244924545288
0.5261166095733643
0.21689888834953308
0.05094429478049278
0.6510982513427734
0.6642533540725708
0.488870769739151
0.4340182840824127
0.6137539148330688
0.18135273456573486
0.4863240420818329
0.218938946723938
0.6781232357025146
0.4775638282299042
0.5060819387435913
0.537506103515625
0.12216275185346603
0.5053259134292603
0.2926526665687561
0.26574528217315674
0.08620639145374298
0.19697904586791992
0.5699061155319214
0.5994211435317993
0.45176663994789124
0.5659111142158508
0.43619656562805176
0.6177114248275757
0.6141602993011475
0.5839765071868896
0.33532148599624634
0.4700623154640198
0.47751864790916443
0.638849139213562
0.39005041122436523
0.4578695595264435
0.5472967624664307
0.39850229024887085
0.20765507221221924
0.39172399044036865
0.37091004848480225
0.6173113584518433
0.5175052881240845
0.6132494211196899
0.6319139003753662
0.38181760907173157
0.15264290571212769
0.5322095155715942
0.22146093845367432
0.34963756799697876
0.24230065941810608
0.42264267802238464
0.6017063856124878
0.18860141932964325
0.6194376945495605
0.3480650782585144
0.27427971363067627
0.4824512302875519
0.6004840135574341
0.47264185547828674
0.4396071434020996
0.2439243495464325
0.20729106664657593
0.4934151768684387
0.570874810218811
0.2688116431236267
0.346309095621109
0.5883786678314209
0.06541107594966888
0.6840909719467163
0.48081979155540466
0.20378048717975616
0.4883992373943329
0.46803411841392517
0.4766445755958557
0.7109546661376953
0.5302623510360718
0.5285489559173584
0.1098276749253273
0.6462774276733398
0.526056706905365
0.5463305711746216
0.614659309387207
0.5083783864974976
0.491752028465271
0.5560398101806641
0.5624685287475586
0.6241074800491333
0.3109320104122162
0.056431032717227936
0.5795505046844482
0.5827056765556335
0.49396058917045593
0.5274646282196045
0.5868176221847534
0.1321432739496231
0.3967282772064209
0.3904246389865875
0.19349277019500732
0.2625744938850403
0.4851892292499542
0.3606700599193573
0.4469529688358307
0.612007737159729
0.5925616025924683
0.40510669350624084
0.6205720901489258
0.4065823256969452
0.5512412786483765
0.06034284830093384
0.651364803314209
0.44620534777641296
0.24132396280765533
0.5577460527420044
0.46130499243736267
0.4932248592376709
0.38471391797065735
0.7544089555740356
0.5388573408126831
0.5568739175796509
0.6476839780807495
0.35171589255332947
0.24106773734092712
0.20702199637889862
0.599807620048523
0.49491050839424133
0.2538207769393921
0.4397405683994293
0.47109076380729675
0.2070588767528534
0.5357558131217957
0.6056493520736694
0.2880030572414398
0.36522576212882996
0.18631982803344727
0.6564754247665405
0.6255075931549072
0.6396653652191162
0.26124465465545654
0.5149586200714111
0.48852214217185974
0.6361849308013916
0.5811383128166199
0.344786673784256
0.5759525299072266
0.2946210205554962
0.4431617259979248
0.34092289209365845
0.38890931010246277
0.08398470282554626
0.27348804473876953
0.569062352180481
0.09035970270633698
0.6238671541213989
0.5506511926651001
0.38146623969078064
0.6583266258239746
0.5492360591888428
0.25386330485343933
0.42730894684791565
0.43702399730682373
0.574785590171814
0.2545592784881592
0.5078824758529663
0.14422060549259186
0.0982360690832138
0.18124926090240479
0.4758286774158478
0.5028114914894104
0.5120663642883301
0.2371891289949417
0.42852339148521423
0.5899988412857056
0.4909273087978363
0.6162052154541016
0.5671547651290894
0.19022327661514282
0.5572915077209473
0.5492721796035767
0.6426039934158325
0.46782389283180237
0.186159148812294
0.3748628795146942
0.37632986903190613
0.631710410118103
0.43014904856681824
0.5584861040115356
0.4395759403705597
0.43996769189834595
0.6102371215820312
0.6430296897888184
0.269116073846817
0.6371196508407593
0.40392130613327026
0.2033742070198059
0.4609563648700714
0.516609787940979
0.3250535726547241
0.44283267855644226
0.31631940603256226
0.6974371671676636
0.6970664262771606
0.5613563060760498
0.06760553270578384
0.29000142216682434
0.3862910568714142
0.6025053262710571
0.17904072999954224
0.3406899571418762
0.5705559253692627
0.30403900146484375
0.6320240497589111
0.6009176969528198
0.4051640033721924
0.15254464745521545
0.486310213804245
0.481930673122406
0.09753111004829407
0.3822658956050873
0.2251676321029663
0.5811602473258972
0.5384141206741333
0.2546371817588806
0.5589185953140259
0.5490423440933228
0.43362972140312195
0.42959699034690857
0.6339832544326782
0.7023797035217285
0.06341919302940369
0.3771960437297821
0.4606925845146179
0.4087553918361664
0.22754928469657898
0.5848126411437988
0.5803923606872559
0.5742528438568115
0.2073434442281723
0.22146134078502655
0.29537147283554077
0.5492063760757446
0.5796600580215454
0.3665193021297455
0.5353469848632812
0.35098209977149963
0.35754522681236267
0.5101919174194336
0.6277551651000977
0.5052278637886047
0.4323404133319855
0.4852215349674225
0.49845391511917114
0.5487593412399292
0.589737057685852
0.5983760356903076
0.47677376866340637
0.531180739402771
0.5024690628051758
0.24010370671749115
0.47289061546325684
0.7223943471908569
0.524531364440918
0.4110693633556366
0.07242331653833389
0.519199550151825
0.5229396820068359
0.40042731165885925
0.5169616341590881
0.5570733547210693
0.5278555154800415
0.38620057702064514
0.4384215474128723
0.38061538338661194
0.41362401843070984
0.5726205706596375
0.5906943082809448
0.2142733931541443
0.6973919868469238
0.13998407125473022
0.17979581654071808
0.6394476890563965
0.5978437662124634
0.21512268483638763
0.11443343013525009
0.4418852627277374
0.3578014075756073
0.4817626178264618
0.6517462730407715
0.5723288059234619
0.5336748361587524
0.5585277080535889
0.15977764129638672
0.669411301612854
0.6703084707260132
0.5469174385070801
0.5078766345977783
0.4401811957359314
0.224579855799675
0.5824825763702393
0.6387636661529541
0.10134349763393402
0.21381241083145142
0.2138817459344864
0.13243833184242249
0.10781005024909973
0.5637115240097046
0.6240873336791992
0.2795053720474243
0.6214331388473511
0.05221910774707794
0.46975305676460266
0.5170288681983948
0.5111078023910522
0.5422048568725586
0.24262338876724243
0.30884385108947754
0.5240682363510132
0.591252326965332
0.43146681785583496
0.5323019027709961
0.5396832823753357
0.5894870758056641
0.47368744015693665
0.5233381986618042
0.46408015489578247
0.5452600717544556
0.3834133744239807
0.30778205394744873
0.3124065399169922
0.6927788257598877
0.42034628987312317
0.6098968982696533
0.3726649880409241
0.5533761978149414
0.640256404876709
0.3808053731918335
0.14475886523723602
0.6119323968887329
0.25210505723953247
0.6859867572784424
0.11192987859249115
0.6325340270996094
0.3833955228328705
0.5156770348548889
0.147077739238739
0.589708685874939
0.6508688926696777
0.34737733006477356
0.17929327487945557
0.7032004594802856
0.3462176024913788
0.6685926914215088
0.5977188348770142
0.24097499251365662
0.5614993572235107
0.5022364854812622
0.14116370677947998
0.5470365881919861
0.5750992298126221
0.45773375034332275
0.5585739612579346
0.6396974325180054
0.5720692873001099
0.45671960711479187
0.5861492156982422
0.6876180171966553
0.38818827271461487
0.47857344150543213
0.5328817963600159
0.5837001800537109
0.6030113697052002
0.3120505213737488
0.41352060437202454
0.606726884841919
0.626839280128479
0.2515442967414856
0.4560545086860657
0.5080307722091675
0.18748074769973755
0.2991085648536682
0.31189534068107605
0.5881839990615845
0.5541349649429321
0.2605326771736145
0.25587183237075806
0.5514885187149048
0.34179526567459106
0.5620646476745605
0.24668097496032715
0.48736172914505005
0.36980316042900085
0.34785768389701843
0.6125843524932861
0.3674669563770294
0.5345730781555176
0.32399725914001465
0.44470444321632385
0.49809589982032776
0.6118251085281372
0.468016654253006
0.5886504650115967
0.41518634557724
0.21235007047653198
0.5340994596481323
0.08879578858613968
0.6651489734649658
0.4121036231517792
0.10880350321531296
0.30549341440200806
0.31040289998054504
0.41850337386131287
0.4797734320163727
0.20367208123207092
0.6322226524353027
0.5773786306381226
0.27524155378341675
0.37849217653274536
0.48145246505737305
0.5748251676559448
0.413094162940979
0.49259430170059204
0.07721871882677078
0.6973037719726562
0.6220277547836304
0.7439051866531372
0.6006314754486084
0.42208972573280334
0.5484462380409241
0.5616837739944458
0.11203107237815857
0.5949877500534058
0.2404591590166092
0.5715340375900269
0.6063014268875122
0.6712795495986938
0.4934253990650177
0.5194988250732422
0.5580256581306458
0.4630988836288452
0.6504802703857422
0.5795005559921265
0.5935282707214355
0.415628582239151
0.4580448567867279
0.549479603767395
0.29654520750045776
0.200247123837471
0.4737544357776642
0.5866329669952393
0.6200575828552246
0.2377559244632721
0.10158367455005646
0.5718834400177002
0.7118966579437256
0.6171207427978516
0.6396883726119995
0.6486539840698242
0.5336199998855591
0.21834687888622284
0.3191845715045929
0.7112178802490234
0.415437251329422
0.3653663396835327
0.5088495016098022
0.473942369222641
0.18099960684776306
0.23958159983158112
0.4045220911502838
0.6332482099533081
0.27706870436668396
0.6067287921905518
0.062272459268569946
0.4023207128047943
0.4108157455921173
0.3274155855178833
0.5681478977203369
0.6719653606414795
0.24726325273513794
0.11465994268655777
0.5575590133666992
0.5815311670303345
0.33590444922447205
0.5851477384567261
0.6334484815597534
0.5045074224472046
0.5719982385635376
0.3589656352996826
0.37114498019218445
0.31402283906936646
0.2686447203159332
0.5738207101821899
0.5830866098403931
0.6420806646347046
0.5522549152374268
0.6272159814834595
0.4156624376773834
0.607787013053894
0.4244537651538849
0.48752525448799133
0.2830687463283539
0.6377806663513184
0.15535780787467957
0.48265817761421204
0.06034315377473831
0.3429093062877655
0.4576362073421478
0.11740345507860184
0.34773242473602295
0.4714585542678833
0.491986483335495
0.6901360750198364
0.4723673164844513
0.071526437997818
0.5435277223587036
0.4273378551006317
0.5646058320999146
0.3484368324279785
0.2868053615093231
0.2068661004304886
0.4138662815093994
0.4714544713497162
0.49466070532798767
0.4918973743915558
0.5687565803527832
0.41046980023384094
0.6531280279159546
0.5170862674713135
0.607018232345581
0.5103374123573303
0.28663745522499084
0.6051025390625
0.5189276933670044
0.638195276260376
0.09820705652236938
0.606383204460144
0.5621767044067383
0.6168320178985596
0.5147349238395691
0.07515821605920792
0.41789016127586365
0.5936534404754639
0.5148870944976807
0.7044669389724731
0.17863360047340393
0.4293726086616516
0.5647673010826111
0.5629842877388
0.5548225045204163
0.13527986407279968
0.6333715915679932
0.15151292085647583
0.46214765310287476
0.08692067861557007
0.511726438999176
0.3199770748615265
0.5996730327606201
0.6365445852279663
0.5318222045898438
0.5041621923446655
0.32920515537261963
0.4487974941730499
0.5482039451599121
0.49620017409324646
0.7008929252624512
0.4699960947036743
0.5284544229507446
0.41021808981895447
0.4859031140804291
0.5759553909301758
0.6249772310256958
0.0849282294511795
0.687207818031311
0.4684865176677704
0.4681228697299957
0.4753930866718292
0.6380383968353271
0.2928610146045685
0.5536206960678101
0.32910025119781494
0.5076946020126343
0.541702151298523
0.5655499696731567
0.3935159742832184
0.18519341945648193
0.4309045970439911
0.5396021604537964
0.5755467414855957
0.23408186435699463
0.11220219731330872
0.4259873032569885
0.23929379880428314
0.013455741107463837
0.3676413595676422
0.39788341522216797
0.49359455704689026
0.5830371379852295
0.4450148642063141
0.5628337860107422
0.5653818845748901
0.4101295471191406
0.5851089954376221
0.27977320551872253
0.4300837218761444
0.5179591178894043
0.5621172785758972
0.2552947402000427
0.2672368586063385
0.5891668796539307
0.340358704328537
0.4494759142398834
0.525790810585022
0.06817495822906494
0.6045948266983032
0.3236755132675171
0.47850480675697327
0.6770893335342407
0.5994317531585693
0.4568668305873871
0.3986346423625946
0.5839275121688843
0.5550582408905029
0.4568392336368561
0.5615921020507812
0.4183419346809387
0.4246121942996979
0.5879085063934326
0.5192011594772339
0.3223509192466736
0.27623113989830017
0.0789947509765625
0.38829442858695984
0.298242449760437
0.5429114103317261
0.4261723756790161
0.4095170795917511
0.4231496751308441
0.5569981336593628
0.3707984685897827
0.21811974048614502
0.7043871879577637
0.5135478973388672
0.14862604439258575
0.6726161241531372
0.4166015684604645
0.6931331157684326
0.5106158256530762
0.15338574349880219
0.5469117164611816
0.5485447645187378
0.03232298046350479
0.5447462201118469
0.2384127378463745
0.5400277376174927
0.6163396835327148
0.6951788663864136
0.4677862823009491
0.577423095703125
0.4740910232067108
0.10042863339185715
0.571083128452301
0.5801126956939697
0.6247578859329224
0.6740458011627197
0.4765682816505432
0.5845130681991577
0.4807811379432678
0.5902723073959351
0.6007846593856812
0.532141923904419
0.6138690710067749
0.39609453082084656
0.5084770917892456
0.5249682664871216
0.6740339994430542
0.2543432116508484
0.3273901343345642
0.2358633130788803
0.4750618636608124
0.6490702629089355
0.3014386296272278
0.385987251996994
0.3979664146900177
0.6576361656188965
0.31950879096984863
0.6522105932235718
0.5770680904388428
0.5996667146682739
0.4274986982345581
0.5081343650817871
0.4132784903049469
0.338166743516922
0.3393935561180115
0.5781248211860657
0.43014588952064514
0.6183069944381714
0.32893574237823486
0.6093519926071167
0.5406142473220825
0.22891554236412048
0.5055350065231323
0.3271107077598572
0.36182719469070435
0.5741252899169922
0.44959887862205505
0.31412437558174133
0.566407322883606
0.603352427482605
0.6111125946044922
0.1416136473417282
0.6072068214416504
0.27454128861427307
0.59521484375
0.5163710117340088
0.4456811845302582
0.4980087876319885
0.3427393138408661
0.568022608757019
0.4951903522014618
0.08272431790828705
0.303239643573761
0.6509900093078613
0.21234796941280365
0.3902799189090729
0.5638660788536072
0.20487919449806213
0.5596380829811096
0.23276379704475403
0.5912437438964844
0.5777161717414856
0.31525543332099915
0.5992114543914795
0.5322633385658264
0.31407517194747925
0.049727097153663635
0.4672390818595886
0.37409719824790955
0.33120542764663696
0.5072406530380249
0.4191668629646301
0.6109579801559448
0.5515978336334229
0.5952574014663696
0.6043720245361328
0.2807885408401489
0.3655721843242645
0.5515216588973999
0.04719097167253494
0.6100072860717773
0.25055766105651855
0.5031729340553284
0.682693362236023
0.24915920197963715
0.5213427543640137
0.5651447772979736
0.01578550785779953
0.5658581256866455
0.4710598886013031
0.38975879549980164
0.5188853740692139
0.23420369625091553
0.503203809261322
0.715691089630127
0.10259584337472916
0.3586588501930237
0.5333483219146729
0.42479589581489563
0.35570794343948364
0.34778228402137756
0.25078630447387695
0.5160633325576782
0.5433800220489502
0.48019424080848694
0.5562267303466797
0.560448169708252
0.5033636689186096
0.5330626964569092
0.5874176025390625
0.2303224503993988
0.4927912652492523
0.41365620493888855
0.5003749132156372
0.5705102682113647
0.6744552850723267
0.08342375606298447
0.5855978727340698
0.6346820592880249
0.635820746421814
0.12346415221691132
0.42129215598106384
0.603588342666626
0.439266175031662
0.3168008029460907
0.2619805634021759
0.6058510541915894
0.10504697263240814
0.6371477842330933
0.5021488666534424
0.42630234360694885
0.3973616063594818
0.428424209356308
0.5181742310523987
0.5329148769378662
0.6255117654800415
0.5516724586486816
0.3702845275402069
0.45431968569755554
0.43626031279563904
0.23821380734443665
0.45556795597076416
0.3954608142375946
0.5972501039505005
0.6608107089996338
0.19416117668151855
0.43738648295402527
0.06188167631626129
0.47435855865478516
0.5980277061462402
0.473245233297348
0.5068819522857666
0.4545334577560425
0.6533163785934448
0.7074731588363647
0.3609978258609772
0.5284720659255981
0.3690057694911957
0.2066410779953003
0.4571283459663391
0.4179280400276184
0.4293596148490906
0.4780603051185608
0.710881233215332
0.10237307101488113
0.40942367911338806
0.2944388687610626
0.37711435556411743
0.6373313665390015
0.6374168395996094
0.5072824954986572
0.11139499396085739
0.5896643400192261
0.4487974941730499
0.664878249168396
0.48760443925857544
0.5673912167549133
0.22907155752182007
0.5117405652999878
0.4969103932380676
0.39821088314056396
0.3691953122615814
0.5657784938812256
0.625070333480835
0.4902229905128479
0.6674526929855347
0.5713313817977905
0.30739086866378784
0.517925500869751
0.5412532091140747
0.5097143650054932
0.16377100348472595
0.25962957739830017
0.6575634479522705
0.6270613670349121
0.5247598886489868
0.7171019315719604
0.4579363763332367
0.574627697467804
0.6423345804214478
0.45529720187187195
0.10155978053808212
0.3441607654094696
0.6673494577407837
0.036425307393074036
0.6950479745864868
0.5565152168273926
0.19315336644649506
0.4300806522369385
0.5313659906387329
0.17817993462085724
0.531293511390686
0.3634730875492096
0.5084352493286133
0.46263423562049866
0.45533472299575806
0.6370161771774292
0.6566895246505737
0.5092049837112427
0.2747906446456909
0.5688715577125549
0.5629042983055115
0.4852478802204132
0.49441632628440857
0.10575602203607559
0.7186733484268188
0.36742231249809265
0.3640174865722656
0.37045902013778687
0.3501160442829132
0.4920371174812317
0.39491865038871765
0.23167634010314941
0.40120625495910645
0.5496752262115479
0.609880805015564
0.3995198607444763
0.5951008796691895
0.6541128158569336
0.5027046203613281
0.39912083745002747
0.6200038194656372
0.45470330119132996
0.4204026758670807
0.5677047371864319
0.5610091686248779
0.48406320810317993
0.3851034343242645
0.5837355256080627
0.5247716903686523
0.5234806537628174
0.6009910106658936
0.5126683712005615
0.7163866758346558
0.3302747309207916
0.2925349473953247
0.2715910077095032
0.35362884402275085
0.6452842950820923
0.6508138179779053
0.3469250798225403
0.4376533627510071
0.19299373030662537
0.5886101722717285
0.5524473190307617
0.592021107673645
0.5059300661087036
0.19829663634300232
0.6027612686157227
0.627496600151062
0.7299762964248657
0.35384783148765564
0.15068283677101135
0.5132609009742737
0.6108676195144653
0.669509768486023
0.5052659511566162
0.0694633275270462
0.20691758394241333
0.5002061128616333
0.7051771879196167
0.3428604304790497
0.12721604108810425
0.5707753896713257
0.45270368456840515
0.17136970162391663
0.5470812320709229
0.5192663669586182
0.7340826988220215
0.09958941489458084
0.26241937279701233
0.21652385592460632
0.09078407287597656
0.5456024408340454
0.45341500639915466
0.6150808334350586
0.6175134181976318
0.6124427318572998
0.5259091854095459
0.5848565101623535
0.21086832880973816
0.5393707156181335
0.15444809198379517
0.20324362814426422
0.4269472360610962
0.5536631345748901
0.5757712125778198
0.5545434951782227
0.4764043986797333
0.35514700412750244
0.706587553024292
0.6905828714370728
0.617095947265625
0.6727700233459473
0.3655814230442047
0.38328123092651367
0.5168083906173706
0.6845664978027344
0.38943275809288025
0.2922419607639313
0.36359986662864685
0.3894142806529999
0.5585935115814209
0.23566985130310059
0.5587316751480103
0.4964578449726105
0.37842538952827454
0.694095253944397
0.6181958913803101
0.5518145561218262
0.1261802762746811
0.4491420090198517
0.5704575777053833
0.5420382618904114
0.5125575065612793
0.4007411301136017
0.5808612108230591
0.4932493269443512
0.2577649652957916
0.22184288501739502
0.6184341907501221
0.4572004973888397
0.5461288690567017
0.5668070316314697
0.4034625291824341
0.34989237785339355
0.6147793531417847
0.5917606353759766
0.4873935282230377
0.20908808708190918
0.585608959197998
0.5360527634620667
0.6203715801239014
0.5203295946121216
0.40558120608329773
0.6270226240158081
0.16078326106071472
0.6905839443206787
0.5026496648788452
0.24675437808036804
0.5465095639228821
0.4421680271625519
0.38923946022987366
0.5509728193283081
0.4904254078865051
0.469009667634964
0.37331125140190125
