0.2349967360496521
0.08960865437984467
0.4041741192340851
0.2617541253566742
0.5043497681617737
0.6881346106529236
0.23295873403549194
0.427234023809433
0.5333330035209656
0.4604208171367645
0.11385715007781982
0.6672714352607727
0.4368480443954468
0.5027924180030823
0.5114690661430359
0.41839176416397095
0.6160386800765991
0.2563207745552063
0.4964732825756073
0.24593356251716614
0.1966424286365509
0.6004316806793213
0.26133647561073303
0.524861216545105
0.3327213227748871
0.34492921829223633
0.6118201017379761
0.5577182173728943
0.1581692397594452
0.4191364347934723
0.33747708797454834
0.4193882346153259
0.5537994503974915
0.4955410659313202
0.46770355105400085
0.2900781035423279
0.5056750178337097
0.04117551073431969
0.25087687373161316
0.3847552239894867
0.016689030453562737
0.5042931437492371
0.12983500957489014
0.3447783291339874
0.4312290847301483
0.31133154034614563
0.09913042187690735
0.375514954328537
0.45010849833488464
0.07654297351837158
0.38921022415161133
0.4930422008037567
0.4643484950065613
0.7022935152053833
0.267544686794281
0.2363804280757904
0.44685059785842896
0.25934746861457825
0.6033297181129456
0.1634097397327423
0.5699871182441711
0.6574090719223022
0.37212124466896057
0.26566028594970703
0.18838006258010864
0.7147663831710815
0.452710896730423
0.5904296636581421
0.14704996347427368
0.5501555800437927
0.5776767134666443
0.3784809708595276
0.3624967634677887
0.6658344864845276
0.5384542346000671
0.20174556970596313
0.42083311080932617
0.4361354410648346
0.607684850692749
0.34358128905296326
0.4784873425960541
0.6656696200370789
0.5542980432510376
0.34055057168006897
0.24935263395309448
0.39557114243507385
0.31726861000061035
0.48502346873283386
0.35110318660736084
0.1988901048898697
0.47626158595085144
0.2481732964515686
0.2660505771636963
0.7535400390625
0.1446705162525177
0.8375865817070007
0.21564993262290955
0.040041450411081314
0.482129842042923
0.20877058804035187
0.1039113849401474
0.5800772309303284
0.2493913769721985
0.27155327796936035
0.4395323693752289
0.5015196204185486
0.4064638316631317
0.5660122632980347
0.16557148098945618
0.476230263710022
0.3240806758403778
0.10617420077323914
0.5433080792427063
0.24734419584274292
0.21607686579227448
0.545185923576355
0.609881579875946
0.488303542137146
0.21436554193496704
0.38573840260505676
0.5812327265739441
0.11757779121398926
0.26603180170059204
0.5468591451644897
0.6299569606781006
0.42121943831443787
0.3263714015483856
0.2642578184604645
0.15594646334648132
0.37145355343818665
0.4364091455936432
0.04716018959879875
0.28544381260871887
0.12653952836990356
0.440818727016449
0.314497709274292
0.04146132245659828
0.40397849678993225
0.3014669418334961
0.42697712779045105
0.07557259500026703
0.4847254455089569
0.5692469477653503
0.31348246335983276
0.5165497660636902
0.4840383231639862
0.5019147992134094
0.0026931334286928177
0.5695931911468506
0.3654631972312927
0.32753369212150574
0.5489714741706848
0.20077988505363464
0.5300284624099731
0.17521916329860687
0.5141251087188721
0.4528835117816925
0.2480415403842926
0.40310320258140564
0.623054563999176
0.5434215664863586
0.07565994560718536
0.28141722083091736
0.4657706916332245
0.29292404651641846
0.40773507952690125
0.5484727025032043
0.1439775824546814
0.566628098487854
0.42293378710746765
0.5820315480232239
0.5270329117774963
0.4000764489173889
0.5345368385314941
0.5567899346351624
0.6263087391853333
0.3069395124912262
0.11644092202186584
0.14694619178771973
0.5464531779289246
0.2322363406419754
0.032585788518190384
0.43471381068229675
0.12430563569068909
0.4815317392349243
0.4442198574542999
0.38869890570640564
0.15896537899971008
0.38035961985588074
0.4665234386920929
0.508232057094574
0.24280348420143127
0.15838147699832916
0.3604939877986908
0.4496384263038635
0.26567283272743225
0.2883417010307312
0.34200939536094666
0.5755060315132141
0.6354802846908569
0.51346355676651
0.5278617143630981
0.03921985253691673
0.19235259294509888
0.7324438691139221
0.4258904457092285
0.013433592393994331
0.04582631215453148
0.4223269820213318
0.13450613617897034
0.14060045778751373
0.8043621182441711
0.512157678604126
0.10204508900642395
0.4391991198062897
0.16783975064754486
0.5095336437225342
0.2674591839313507
0.46421512961387634
0.09120526909828186
0.3216525614261627
0.5600265264511108
0.3868628442287445
0.13358333706855774
0.15797114372253418
0.49636027216911316
0.284381240606308
0.5731650590896606
0.35048404335975647
0.10858199000358582
0.33560076355934143
0.23666268587112427
0.5131855607032776
0.12622535228729248
0.17469686269760132
0.6686144471168518
0.35986247658729553
0.6029630303382874
0.15239866077899933
0.4007851779460907
0.16550293564796448
0.44698086380958557
0.5275934338569641
0.14200958609580994
0.24956881999969482
0.49090835452079773
0.07331669330596924
0.4425138533115387
0.41866081953048706
0.27112922072410583
0.13848759233951569
0.46423348784446716
0.5546578764915466
0.14741365611553192
0.4605264365673065
0.501670241355896
0.16097483038902283
0.42381224036216736
0.25482216477394104
0.3701028823852539
0.21375016868114471
0.3652673363685608
0.5259124636650085
0.135944664478302
0.5173223614692688
0.41114234924316406
0.4124518036842346
0.6689120531082153
0.6528285145759583
0.31146758794784546
0.6422888040542603
0.7063301801681519
0.4426676630973816
0.17982792854309082
0.5502235293388367
0.2538130283355713
0.45840340852737427
0.6801751852035522
0.4926624000072479
0.5048957467079163
0.4676966071128845
0.495915025472641
0.5170412063598633
0.3190188705921173
0.10122102499008179
0.3793390989303589
0.29772424697875977
0.1935097873210907
0.33227571845054626
0.4030068814754486
0.29987266659736633
0.12869352102279663
0.22849798202514648
0.341474711894989
0.3433144986629486
0.5852785110473633
0.02603389322757721
0.6743965148925781
-0.00980602577328682
0.5204617381095886
0.44642746448516846
0.5835634469985962
0.43793246150016785
0.4576093256473541
0.468171626329422
0.19031310081481934
0.22588831186294556
0.6048241853713989
0.43577465415000916
0.15744245052337646
0.6083135604858398
0.41049090027809143
0.22653895616531372
0.4441213607788086
0.22896191477775574
0.00958256796002388
0.17872503399848938
0.17557676136493683
0.02159528061747551
0.3500801622867584
0.1534682959318161
0.5484961867332458
0.34265294671058655
0.13468539714813232
0.3315085172653198
0.3239920735359192
0.3571912944316864
0.23609697818756104
0.41092902421951294
0.39989861845970154
0.5066723823547363
0.2952186167240143
0.44071200489997864
0.37996453046798706
0.5609890222549438
0.375775009393692
0.10248830914497375
0.050540756434202194
0.6410572528839111
0.6147622466087341
0.38467374444007874
0.18085739016532898
0.2822723686695099
0.5559502243995667
0.46244683861732483
0.11494024097919464
0.41176342964172363
0.0428420752286911
0.5813868641853333
0.6135256886482239
0.24221578240394592
0.3193093240261078
0.3560425639152527
0.6497076749801636
0.157728910446167
0.5130215287208557
0.36416348814964294
0.35668712854385376
0.5349279642105103
0.22251108288764954
0.3964773118495941
0.023799844086170197
0.05636856332421303
0.203189879655838
0.6240668296813965
0.4870581030845642
0.40332838892936707
0.7367174029350281
0.5980307459831238
0.7155826091766357
0.19072911143302917
0.6710012555122375
0.17542022466659546
0.1866454780101776
0.05242389813065529
0.49902066588401794
0.4031412601470947
0.22538113594055176
0.07474415004253387
0.5176690220832825
0.46820202469825745
0.6082355380058289
0.2526650130748749
0.3896777629852295
0.3001812994480133
0.15359489619731903
0.39908379316329956
0.5590879321098328
0.042637746781110764
0.5012794137001038
0.5781230330467224
0.24120786786079407
0.3774186074733734
0.6124441027641296
0.4387553334236145
0.5402168035507202
0.2963602840900421
0.501406729221344
0.43437615036964417
0.32376453280448914
0.3658570349216461
0.5921667814254761
0.4602394998073578
0.5520579218864441
0.4007604420185089
0.22501173615455627
0.4381403625011444
0.3216245472431183
0.5605828166007996
0.2498910129070282
0.630456805229187
0.29420578479766846
0.32915064692497253
0.3422539532184601
0.5870152115821838
0.25540074706077576
0.49845609068870544
0.3186429440975189
0.05494716390967369
0.16313663125038147
0.09995608031749725
0.4724730849266052
0.15224188566207886
0.5940993428230286
0.1253291219472885
0.4298290014266968
0.37320294976234436
0.567871630191803
0.5143133997917175
0.45771732926368713
0.21508383750915527
0.5945900678634644
0.42476531863212585
0.513485312461853
0.31328636407852173
0.4954262673854828
0.3072718381881714
0.47467750310897827
0.5604320168495178
0.4599745571613312
0.5921338796615601
0.5565758347511292
0.4515797793865204
0.5034651160240173
0.6823787093162537
0.5231198072433472
0.5182155966758728
0.5013887286186218
0.2647010385990143
0.3749634325504303
0.24057713150978088
0.1347895860671997
0.527325451374054
0.01797272451221943
0.3362630307674408
0.20566385984420776
0.6713142991065979
0.4380790889263153
0.34073635935783386
0.16315960884094238
0.3360437750816345
0.1477084904909134
0.46688178181648254
0.5009317398071289
0.20861713588237762
0.10468664765357971
0.5645483136177063
0.14983180165290833
0.23410682380199432
0.2501318156719208
0.3689468204975128
0.1671099066734314
0.4934428632259369
0.18654978275299072
0.5572744011878967
0.1209627091884613
0.16958053410053253
0.33522602915763855
0.8169946074485779
0.7035873532295227
0.22896523773670197
0.23873083293437958
0.14786392450332642
0.712137758731842
0.17192843556404114
0.6045141816139221
0.6487651467323303
0.24865233898162842
0.43448105454444885
0.5355017185211182
0.4926372468471527
0.5017488598823547
0.6173819303512573
0.5250580906867981
0.5449135899543762
0.6489072442054749
0.5413204431533813
0.25898420810699463
0.55283123254776
0.42008087038993835
0.4801980257034302
0.043093327432870865
0.5382543206214905
0.6289185285568237
0.4816763997077942
0.25254207849502563
0.07875286042690277
0.49431130290031433
0.25828441977500916
0.5855989456176758
0.5235586762428284
0.15667076408863068
0.4845186769962311
0.1992252767086029
0.13780498504638672
0.4310023784637451
0.5009669661521912
0.0987548679113388
0.5814535021781921
0.48370444774627686
0.4479617476463318
0.6771904826164246
0.611055314540863
0.24310272932052612
0.35551759600639343
0.41545942425727844
0.6066957116127014
0.5486465096473694
0.33817413449287415
0.5298857092857361
0.7659051418304443
0.6222078800201416
0.10506093502044678
0.0798429399728775
0.5703971982002258
0.1349027007818222
0.29214635491371155
0.4453067183494568
0.5087303519248962
0.08786448836326599
0.5504865050315857
0.5478573441505432
0.04263617843389511
-0.00010729581117630005
0.5173330307006836
0.41002538800239563
0.5398351550102234
0.004193779081106186
0.07920518517494202
0.5627440810203552
0.6552494168281555
0.6808427572250366
0.3464879095554352
0.3900432288646698
0.2488778531551361
0.10374188423156738
0.2656959891319275
0.5448648929595947
0.02792700007557869
0.07403455674648285
0.33413273096084595
0.11229914426803589
0.43345019221305847
0.6097834706306458
0.4390248954296112
0.4056333005428314
0.5331533551216125
0.4974834620952606
0.2234194278717041
0.7567739486694336
0.6371334791183472
0.6903577446937561
0.5823485255241394
0.30939948558807373
0.5865244269371033
0.2661612331867218
0.404354065656662
0.653998851776123
0.351480096578598
0.19867673516273499
0.5239483118057251
0.3572375476360321
0.056195762008428574
0.010919244959950447
0.4211336076259613
0.04066559299826622
0.26091697812080383
0.2728109061717987
0.34936633706092834
0.5350541472434998
0.6030730605125427
0.37006130814552307
0.3615354001522064
0.4209687411785126
0.12760306894779205
0.7825612425804138
0.4732152223587036
0.3308185338973999
0.3143770396709442
0.31491899490356445
0.49963733553886414
0.6251826882362366
0.2925129532814026
0.08755916357040405
0.2788962721824646
0.664344310760498
0.44454681873321533
0.03818010166287422
0.41405588388442993
0.13841336965560913
0.710220992565155
0.1782154142856598
0.4050281345844269
0.4058253765106201
0.10582475364208221
0.23428285121917725
0.22395211458206177
0.5561142563819885
0.4780724346637726
0.273112028837204
0.1619352102279663
0.35701021552085876
0.6049872040748596
0.04037882760167122
0.5776417255401611
0.4563106596469879
0.5345626473426819
0.2209150493144989
0.45940259099006653
0.4847145080566406
0.5599392056465149
0.6104276180267334
0.4892735779285431
0.4733566343784332
0.3708231747150421
0.6298401951789856
0.22181963920593262
0.24416768550872803
0.3325759470462799
0.383062481880188
0.6718769669532776
0.3524959683418274
0.4570218026638031
0.5346948504447937
0.11892127990722656
0.5085271596908569
0.5933368802070618
0.404354065656662
0.3671541213989258
0.20923736691474915
0.30825766921043396
0.5260099768638611
0.5841558575630188
0.5225422978401184
0.07746341824531555
0.19520539045333862
0.29614099860191345
0.21471942961215973
0.16991227865219116
0.08511403203010559
0.30512139201164246
0.3880784809589386
0.017139043658971786
0.024029966443777084
0.3765881359577179
0.36490699648857117
0.1437617391347885
0.607077956199646
0.1301029622554779
0.446541428565979
0.5397698283195496
0.478529691696167
0.4319508969783783
0.48659229278564453
0.5306179523468018
0.5162402391433716
0.16481679677963257
0.46213701367378235
0.19352228939533234
0.2680937945842743
0.365484356880188
0.46390148997306824
0.42287853360176086
0.23193827271461487
0.46805891394615173
0.2666065990924835
0.15349453687667847
0.6763219237327576
0.2649347186088562
0.506009042263031
0.2817939817905426
0.7541062235832214
0.23414820432662964
0.5474752187728882
0.5562361478805542
0.4337993264198303
0.43674418330192566
0.3800865113735199
0.193121999502182
0.13277886807918549
0.5836836695671082
0.4548785388469696
0.40491172671318054
0.017307352274656296
0.20820513367652893
-0.013995601795613766
0.6177799105644226
0.4593407213687897
0.3081924319267273
0.4832058250904083
0.3851928412914276
0.002913478761911392
0.5226532816886902
0.051831308752298355
0.3883468210697174
0.541982889175415
0.28385475277900696
-0.007098378613591194
0.32852575182914734
0.09345237910747528
0.23093748092651367
0.255806028842926
0.5124821662902832
0.13112182915210724
0.36883702874183655
0.5636072754859924
0.3613428771495819
0.5970793962478638
0.10734105110168457
0.31376394629478455
0.3098677098751068
0.43971195816993713
0.6298099160194397
0.3405584692955017
0.13194580376148224
0.16792616248130798
0.17961916327476501
0.40205690264701843
0.21889489889144897
0.4151270091533661
0.7627003192901611
0.16143594682216644
0.5175193548202515
0.586017370223999
0.11806851625442505
0.6930373907089233
0.6686975359916687
0.5392798781394958
0.5253492593765259
0.15567971765995026
0.17954348027706146
0.15047624707221985
0.24440225958824158
0.5720718502998352
0.10441197454929352
0.23229028284549713
0.26767122745513916
0.45083603262901306
0.3427218496799469
0.3295522928237915
0.22122430801391602
0.32351842522621155
0.264730304479599
0.028995279222726822
0.17596562206745148
0.4804137349128723
0.4343326985836029
0.29098883271217346
0.5830164551734924
0.018255500122904778
0.5157357454299927
0.11829498410224915
0.3245621621608734
0.6610773205757141
0.5524333715438843
0.49838611483573914
0.15233980119228363
0.3523902893066406
0.4588952362537384
0.3435480296611786
0.6742648482322693
0.2218436598777771
0.250736802816391
0.10485874116420746
0.4067229628562927
0.36673206090927124
0.13318993151187897
0.3955690562725067
0.5543425679206848
0.35079440474510193
0.38037919998168945
0.09740404784679413
0.5009388327598572
0.4126100242137909
0.021346207708120346
0.3200663626194
0.3100443482398987
0.6629787087440491
0.5160256624221802
0.4760704040527344
0.21895791590213776
0.2564859688282013
0.5775282979011536
0.38573959469795227
0.07677248120307922
0.14560383558273315
0.030373699963092804
0.3662923276424408
0.27517950534820557
0.19196972250938416
0.3760015070438385
0.272501140832901
0.49773213267326355
0.2970019280910492
0.2825191020965576
0.2948477864265442
0.1581086814403534
0.02036115527153015
0.36476239562034607
0.042172666639089584
0.25452563166618347
0.5869899392127991
0.6369860768318176
0.0795469582080841
0.5002581477165222
0.7087074518203735
0.44269269704818726
0.3561912477016449
0.40553030371665955
0.6172066330909729
-0.010625358670949936
0.656140923500061
0.47950178384780884
0.46153995394706726
0.5499680042266846
0.5396133065223694
0.6239448189735413
0.18779465556144714
0.43303677439689636
0.3175700008869171
0.06436264514923096
0.2597207725048065
0.40491345524787903
0.17898762226104736
0.16170446574687958
0.793793797492981
0.21896885335445404
0.3856619894504547
0.5495865345001221
0.5323895812034607
0.24090424180030823
0.4977852404117584
0.20022571086883545
0.4002145826816559
0.18190442025661469
0.013912828639149666
0.5234839916229248
0.5784593224525452
0.16874808073043823
0.7427206635475159
0.5248003005981445
0.44883912801742554
0.2714673578739166
0.2352636456489563
0.5191852450370789
0.16068550944328308
0.39401504397392273
0.36062291264533997
0.45281797647476196
0.4975791275501251
0.36211076378822327
0.4836181402206421
0.5595649480819702
0.33572885394096375
0.3779493272304535
0.0024827420711517334
0.4438922107219696
0.018161941319704056
0.42559459805488586
0.17522194981575012
0.037597376853227615
0.10863284766674042
0.2564326822757721
0.08254162967205048
0.5141372084617615
0.28738847374916077
0.3980024456977844
0.0023299623280763626
0.445542573928833
0.2337765097618103
0.6097933650016785
0.5224963426589966
0.37304583191871643
0.5328548550605774
0.5788847208023071
0.6322495937347412
0.3807959258556366
0.47008153796195984
0.5626018643379211
0.3159034252166748
0.1448928713798523
0.10183797776699066
0.09267096221446991
0.5152323246002197
0.5346953868865967
0.5028553009033203
0.6116601824760437
0.1509166657924652
0.450925350189209
0.03427087143063545
0.4214684069156647
0.23217545449733734
0.4895041882991791
0.3968067467212677
0.31723552942276
0.5190762877464294
0.4750719964504242
0.21216323971748352
0.4214860498905182
0.5015357136726379
0.4896230399608612
0.041516389697790146
0.5207502841949463
0.565548837184906
0.1508805751800537
0.08668643236160278
0.5441793203353882
0.3753364086151123
0.47229817509651184
0.5546674132347107
0.1480337679386139
0.612949550151825
0.10920877754688263
0.24121084809303284
0.11215955018997192
0.07700636982917786
0.3501295745372772
0.3897262513637543
0.10606938600540161
0.5381478071212769
0.3552429676055908
0.6379938721656799
0.5293005108833313
0.3109440803527832
0.8121004700660706
0.4341942071914673
0.43762579560279846
0.6043593883514404
0.49844345450401306
0.07784315943717957
0.5429142117500305
0.25939837098121643
0.2267363965511322
0.3641197383403778
0.611529529094696
0.5140876173973083
0.49098464846611023
0.3703213632106781
0.06736503541469574
0.323177695274353
0.46889427304267883
0.676328718662262
0.3951740860939026
0.4372171461582184
0.07032275199890137
0.3039248287677765
0.09587036073207855
0.44939884543418884
0.028097394853830338
0.5807557702064514
0.3880784809589386
0.3119787871837616
0.5464916229248047
0.1397370994091034
0.4295928180217743
0.36761918663978577
0.03723273053765297
-0.04695936664938927
0.5363228917121887
0.49506518244743347
0.14988429844379425
0.3227631747722626
0.05995691940188408
0.052850525826215744
0.3610489070415497
0.0014686845242977142
0.39102259278297424
0.6166582703590393
0.34975165128707886
0.09893931448459625
0.008412497118115425
0.324007511138916
0.08986321091651917
0.4373810291290283
0.028525687754154205
0.5756605267524719
0.5184953808784485
0.2456682324409485
0.4359862208366394
0.42006435990333557
0.5346157550811768
0.5710470080375671
0.12738579511642456
0.5715206265449524
0.423557311296463
0.2019869089126587
0.6634637117385864
0.5010594725608826
0.5160427689552307
0.08732075989246368
0.6761265397071838
0.3194039762020111
0.7183962464332581
0.17556272447109222
0.37337151169776917
0.3530953824520111
0.0836281031370163
0.6828327178955078
0.4674697816371918
0.3153735101222992
0.5820825695991516
0.3159184455871582
0.22363927960395813
0.2809726595878601
0.467727929353714
0.20953567326068878
0.5284416675567627
0.16310173273086548
0.5903976559638977
0.225358784198761
0.5031580924987793
0.02992483228445053
0.5363796949386597
0.5494800209999084
0.4422021210193634
0.5178837180137634
0.42559459805488586
0.4400769770145416
0.10071268677711487
0.02514532580971718
0.4256696105003357
0.23862411081790924
0.4381820559501648
0.6208878755569458
0.17028622329235077
0.5451342463493347
0.6047013401985168
0.39214828610420227
0.5309924483299255
0.4175228178501129
0.44879022240638733
0.4562213122844696
0.2109450250864029
0.4353753924369812
0.23665472865104675
0.2905288338661194
0.392562597990036
0.28496572375297546
0.13856953382492065
0.7032040357589722
0.44487759470939636
0.4093083441257477
0.5441902279853821
0.8543732762336731
0.04126780852675438
0.3756774961948395
0.16951215267181396
0.39494720101356506
0.05925196781754494
0.34671640396118164
0.7851091623306274
0.4151155948638916
0.4821457862854004
0.5765883326530457
0.6158724427223206
0.037449296563863754
0.5948107242584229
0.4878248870372772
0.28836414217948914
0.34944823384284973
0.06538370251655579
0.2546963095664978
0.4037078022956848
0.34247052669525146
0.7130905389785767
0.34257444739341736
0.6039751172065735
0.09978705644607544
0.6340057253837585
0.15867051482200623
0.30910441279411316
0.36889487504959106
0.11702115833759308
0.4455520510673523
0.35713067650794983
0.11040230095386505
0.5694544911384583
0.320529580116272
0.41244325041770935
0.6970214247703552
0.6109136343002319
0.425005167722702
0.7408097386360168
0.5028730034828186
0.733249306678772
0.18638986349105835
0.370466023683548
0.48134103417396545
0.39881929755210876
0.4660177528858185
0.034969694912433624
0.36367473006248474
0.28709226846694946
0.44168534874916077
0.28769776225090027
0.04143263027071953
0.3697434961795807
0.41216155886650085
0.5564842820167542
0.040984753519296646
0.5030815005302429
0.5095345377922058
0.16891761124134064
0.1714032143354416
0.2470218539237976
0.4167686402797699
0.4286192059516907
0.6406228542327881
0.4630417227745056
0.1822536736726761
0.31296271085739136
0.6954783797264099
0.36257877945899963
0.49439737200737
0.23663124442100525
0.43645188212394714
0.7162846922874451
0.39624732732772827
0.5751600861549377
0.575552761554718
0.6165712475776672
0.11871317028999329
0.5261661410331726
0.39509621262550354
0.7668012976646423
0.4511518180370331
0.655047595500946
0.3133664131164551
0.3821462094783783
0.6185027956962585
0.2300790697336197
0.37717780470848083
0.244404137134552
0.07921311259269714
0.1907014548778534
0.2267017960548401
0.22434371709823608
0.38460028171539307
0.31885671615600586
0.5411880612373352
0.5689780712127686
0.5363959074020386
0.43834754824638367
0.21744349598884583
0.4603271186351776
0.49786511063575745
0.4846830368041992
0.5853777527809143
0.04194222018122673
0.3592090606689453
0.6489946246147156
0.1317729949951172
0.22663718461990356
0.5150834918022156
0.3873111605644226
0.05901021882891655
0.478819876909256
0.3342646062374115
0.5403121709823608
0.565962553024292
0.7364392876625061
0.5310215950012207
0.2620743215084076
0.18178552389144897
0.008089527487754822
0.4110647737979889
0.377129465341568
0.5608710646629333
0.48260584473609924
0.6397285461425781
0.3252226412296295
0.441529780626297
0.10481646656990051
0.5435028076171875
-0.0009879767894744873
0.3318753242492676
0.4375874996185303
0.20246170461177826
0.04298746958374977
0.4995681941509247
0.2633425295352936
0.49552586674690247
0.29944053292274475
0.03381316363811493
0.18574023246765137
0.4098889231681824
0.4708416759967804
0.6058915853500366
0.44608503580093384
0.4819349944591522
0.13343220949172974
0.4108632206916809
0.40699198842048645
0.38648542761802673
0.5539746284484863
0.7148236036300659
0.33087846636772156
0.2558791935443878
0.509367823600769
0.18006427586078644
0.3660028874874115
0.4306129217147827
0.5932873487472534
0.6816412210464478
0.5988422632217407
0.49932077527046204
0.4668988883495331
0.44687387347221375
0.4229079484939575
0.2005721628665924
0.4624752998352051
0.43922188878059387
0.07214169204235077
0.32461848855018616
0.05848604068160057
0.3284658193588257
0.3620964586734772
0.4066861569881439
0.2835806906223297
0.541981041431427
0.7194356918334961
0.33871689438819885
0.6698110699653625
0.4327615201473236
0.2111852914094925
0.24516230821609497
0.38576045632362366
0.7176492810249329
0.1383037269115448
0.00961778499186039
0.5430734753608704
0.23552079498767853
0.3138011395931244
0.1818549782037735
0.22562526166439056
0.19715125858783722
0.10997655987739563
0.31542184948921204
0.026557419449090958
0.4763886630535126
0.5208407640457153
0.6264773011207581
0.4706866145133972
0.06254005432128906
0.3913222551345825
0.6274498105049133
0.3465549051761627
0.4029502868652344
0.10975240170955658
0.4875696003437042
0.39712193608283997
0.2564932405948639
0.7354327440261841
0.6354871392250061
0.028372514992952347
0.13308194279670715
0.44062453508377075
0.14788123965263367
0.5064849257469177
0.36465904116630554
0.16352178156375885
0.46493932604789734
0.6149820685386658
0.18654745817184448
0.6428161859512329
0.4162207543849945
0.055367935448884964
0.5342962145805359
0.08544978499412537
-0.0022273175418376923
0.35771772265434265
0.028557222336530685
0.47776246070861816
0.4269428253173828
0.4292011559009552
0.5308849215507507
0.40348994731903076
0.11384950578212738
0.4664131700992584
0.5287676453590393
0.5441999435424805
0.4320666491985321
0.583312451839447
0.6382521986961365
0.6023315191268921
0.3431180417537689
0.37105581164360046
0.3718310594558716
0.25642505288124084
-0.015128497034311295
0.1845485419034958
0.49747857451438904
0.325623482465744
0.001736808568239212
0.08399055898189545
0.08639407157897949
0.5034881234169006
0.1418890357017517
0.4074430465698242
0.2831585705280304
0.42064711451530457
0.6336746215820312
0.1757999211549759
0.6292696595191956
-0.0144931860268116
0.4479829967021942
0.3744363784790039
0.4130326807498932
0.6254203915596008
0.3787532150745392
0.3302380442619324
0.04652070626616478
0.332060843706131
0.5710800290107727
0.40517982840538025
0.3441379964351654
0.45232611894607544
0.21004147827625275
0.7549927830696106
0.4551866948604584
0.1091119796037674
0.30124330520629883
0.3034922778606415
0.03760787099599838
0.5320030450820923
0.29302218556404114
0.17331354320049286
0.5426952242851257
0.3759019076824188
0.017959080636501312
0.37881118059158325
0.27708542346954346
0.5372159481048584
0.5257444381713867
0.3066510558128357
0.3563402593135834
0.5438336133956909
0.35969945788383484
0.34651878476142883
0.5363598465919495
0.3587568402290344
0.5436816811561584
0.4483517110347748
0.29998233914375305
0.3916974663734436
0.3420570194721222
0.4245007336139679
0.44096192717552185
0.6259329319000244
0.2852272093296051
0.4743608236312866
0.47859910130500793
0.3946034014225006
0.08574719727039337
0.6012646555900574
0.10157069563865662
0.602791428565979
0.41207507252693176
0.4633568227291107
0.5608016848564148
0.6788032650947571
0.6632899641990662
0.1482875645160675
0.34690600633621216
0.6279222369194031
0.2958436906337738
0.28695154190063477
0.5567195415496826
0.001951051875948906
0.3642115294933319
-0.005182964727282524
0.6355080604553223
0.0766892284154892
0.5927885174751282
0.4769766628742218
0.4113622009754181
0.18223531544208527
0.2768000364303589
0.33926692605018616
0.5572558641433716
0.22273899614810944
0.3808615505695343
0.41654500365257263
0.26400694251060486
0.5388526320457458
0.07181337475776672
0.19218599796295166
0.6525563597679138
0.21575704216957092
0.4059757888317108
0.09541995823383331
0.10591058433055878
0.09867024421691895
0.49087175726890564
0.6017047166824341
0.16719256341457367
0.43988028168678284
-0.01846182718873024
0.511323869228363
0.11269927024841309
0.19440072774887085
0.5053319334983826
0.4204990565776825
0.4360593259334564
0.3390170633792877
0.20705021917819977
0.3419899046421051
0.44807255268096924
0.4622141420841217
0.09577377140522003
0.763809859752655
0.39410677552223206
0.4208103120326996
0.1619286835193634
0.6194168925285339
0.6944190859794617
0.14003564417362213
0.7782767415046692
0.4085066020488739
0.2588876485824585
0.2781372368335724
0.6865362524986267
-0.01718262769281864
0.3791712820529938
0.1996058225631714
0.650075376033783
0.5527060627937317
0.12983764708042145
0.5961107015609741
0.5057989954948425
0.02429482713341713
0.44272616505622864
0.32027798891067505
0.3656027615070343
0.40762612223625183
0.7661895751953125
0.607167661190033
0.24748393893241882
0.4658646881580353
0.3382098376750946
0.4946065843105316
0.6220541000366211
0.6757828593254089
0.5017690658569336
0.6431596279144287
0.2704448699951172
0.5786542296409607
0.690373420715332
0.6813910007476807
0.25766149163246155
0.1364891678094864
0.41288676857948303
0.5773665308952332
0.13119889795780182
0.3870637118816376
0.11213521659374237
0.06622514128684998
0.6068319082260132
0.5905428528785706
0.3956702649593353
0.2028850018978119
0.06995610892772675
0.4022859036922455
0.686738908290863
0.5333223938941956
0.20212285220623016
0.5755428671836853
0.25574445724487305
0.333810955286026
0.288023442029953
0.11637407541275024
0.04710130766034126
0.6568166017532349
0.5722026228904724
0.3156180679798126
0.3060707449913025
0.5518741011619568
0.5091860294342041
0.14224809408187866
0.49146100878715515
0.5476025938987732
0.3896437883377075
0.5723252892494202
0.5383098721504211
0.4759373366832733
0.35064399242401123
0.04120050370693207
0.5025993585586548
0.41480493545532227
0.5157178044319153
0.6590020060539246
0.3904131054878235
0.5822890400886536
0.2057582437992096
0.7159978151321411
0.11179874837398529
0.6209396719932556
0.26482507586479187
0.32562097907066345
0.24220135807991028
0.08317102491855621
0.4613322913646698
0.534950315952301
0.3889952301979065
0.36857327818870544
0.5700207352638245
0.4254433810710907
0.43475237488746643
0.149058997631073
0.4743647873401642
0.7738494277000427
0.31087058782577515
0.31351760029792786
0.04684462025761604
0.2604392468929291
0.21464669704437256
0.37275028228759766
0.25928592681884766
0.6321472525596619
0.6057685017585754
0.35385754704475403
0.6092274188995361
0.07950140535831451
0.7072494626045227
0.4279632270336151
0.1159418374300003
0.3646717071533203
0.3929835855960846
0.07647767663002014
0.5192781686782837
0.40209633111953735
0.6548426151275635
0.03514356166124344
0.3941088914871216
0.26086661219596863
0.21637815237045288
0.12470057606697083
0.40908804535865784
0.6908981800079346
0.2706802189350128
0.6872101426124573
0.24257579445838928
0.07478944957256317
0.5088384747505188
0.19806569814682007
0.43133676052093506
0.5820141434669495
0.4860328435897827
0.6334868669509888
0.39644187688827515
0.579928994178772
0.5166880488395691
0.5598044991493225
0.1728408932685852
0.2909749448299408
0.22750940918922424
0.27418023347854614
0.35676640272140503
0.2547484338283539
0.6986923217773438
0.4651043117046356
0.3975667357444763
0.4685764014720917
0.48471471667289734
0.657892644405365
0.4255731999874115
0.5947375893592834
0.4283663332462311
0.37985676527023315
0.18610823154449463
0.2530977129936218
0.24795642495155334
0.3426499664783478
0.5090402960777283
0.5563669204711914
0.4769653081893921
0.4441812038421631
0.34498345851898193
0.4753887951374054
0.42167386412620544
0.3127559721469879
0.30901336669921875
0.06298485398292542
0.6162899136543274
0.5566230416297913
0.3592751920223236
0.08931811153888702
0.4441024661064148
0.5718550086021423
0.4780257046222687
0.4235442578792572
0.41543665528297424
0.38827696442604065
0.5664942264556885
0.5805521607398987
0.4309852719306946
0.12257307767868042
0.32135632634162903
0.4974527060985565
0.10363328456878662
0.4232212007045746
0.30017921328544617
0.5248474478721619
-0.0029045678675174713
0.3734886646270752
0.15111835300922394
0.26304343342781067
0.10772651433944702
0.4170742332935333
0.5065781474113464
0.37425652146339417
0.3319867253303528
0.4436417520046234
0.25063881278038025
0.20444682240486145
0.16307193040847778
0.5419079065322876
0.27662715315818787
0.17101283371448517
0.26502686738967896
0.09986917674541473
0.36615416407585144
0.6529547572135925
0.5109895467758179
0.3113001585006714
0.35246554017066956
0.4155203402042389
0.6492266058921814
0.5251347422599792
0.38272637128829956
0.4456891417503357
0.41293802857398987
0.6207087635993958
0.4198387563228607
0.464309960603714
0.29666993021965027
0.32850632071495056
0.3249397277832031
0.5457011461257935
0.18708311021327972
0.5739198923110962
0.44535037875175476
0.20398962497711182
0.0671149492263794
0.4776037633419037
0.02083388902246952
0.40222299098968506
0.131843701004982
0.3391665518283844
0.2157265692949295
0.5348366498947144
-0.06398814171552658
0.364414244890213
0.44234177470207214
0.1329953372478485
0.19047962129116058
0.3646562397480011
0.43338993191719055
0.40572357177734375
0.6225417256355286
0.5086947679519653
0.5170298218727112
0.34836313128471375
0.2624654769897461
0.2862609028816223
0.5500437617301941
0.015054330229759216
0.24984773993492126
0.5207600593566895
0.5725474953651428
0.18296189606189728
0.3201679289340973
0.35013285279273987
0.2318020612001419
0.1118333488702774
0.03152221813797951
0.31954726576805115
0.18000909686088562
0.24889400601387024
0.5307431221008301
0.3735212981700897
0.3730185925960541
0.10867001116275787
0.5424945950508118
0.4428079128265381
0.6673007607460022
0.31207677721977234
0.16235513985157013
0.2553038001060486
0.49811652302742004
0.014633232727646828
0.0450742281973362
0.04684871807694435
0.656342089176178
0.11222842335700989
0.6116029024124146
0.2876025140285492
0.5562004446983337
0.703514039516449
0.4560578465461731
0.2695803642272949
0.388260155916214
0.3095463812351227
0.5326512455940247
0.16625185310840607
0.14774541556835175
0.22110864520072937
0.41100168228149414
0.42118313908576965
0.31502535939216614
0.6111065745353699
0.13909724354743958
0.4477052390575409
0.20146694779396057
0.48350396752357483
0.5322868227958679
0.1469053477048874
0.4541487395763397
0.48557212948799133
0.3701159656047821
0.2911575138568878
0.4438653588294983
0.4748389720916748
0.16140912473201752
0.2753351330757141
0.3381676971912384
0.025252074003219604
0.41798073053359985
0.3881128132343292
0.5271978974342346
0.20188592374324799
0.40336260199546814
0.6088337898254395
0.28188851475715637
0.31525740027427673
0.6279222369194031
0.4626336097717285
0.22980926930904388
0.6889195442199707
0.5207027792930603
0.3526735007762909
0.10469987988471985
0.12869754433631897
0.3552640378475189
0.12802523374557495
0.09124378859996796
0.568458616733551
0.4947643578052521
0.35015422105789185
0.36600261926651
0.5294328927993774
0.36977580189704895
0.458513468503952
0.38993754982948303
0.44235143065452576
0.12220048904418945
0.1389804184436798
0.18792694807052612
0.32665660977363586
0.5504176616668701
0.6809284090995789
0.5207118391990662
0.1714923083782196
0.36228862404823303
0.019623206928372383
0.17951548099517822
0.4384216368198395
0.4810103476047516
0.2579854130744934
0.18920576572418213
0.21251678466796875
0.5598307251930237
0.4990443289279938
0.25244906544685364
0.5011244416236877
0.5210228562355042
0.4168454110622406
0.27796483039855957
0.638063371181488
0.06983982026576996
0.3450586497783661
0.33819034695625305
0.4270915985107422
0.029082953929901123
0.25492867827415466
0.5826007723808289
0.2786880433559418
0.49709948897361755
0.42314621806144714
0.3373865783214569
0.4173371493816376
0.3841163218021393
0.21651089191436768
0.4083189070224762
0.4825385510921478
0.5773138999938965
0.31927022337913513
0.5829887986183167
0.2663697600364685
0.3241511285305023
0.1976625770330429
0.02032528817653656
0.2628205120563507
0.4351029396057129
0.3883734345436096
0.6752213835716248
0.159508615732193
0.2146831452846527
0.611575722694397
0.5744995474815369
0.48550617694854736
0.33993643522262573
0.5060582756996155
0.6210651993751526
0.05859663709998131
0.19360952079296112
0.06672056019306183
0.4465119540691376
0.6841927170753479
0.38174447417259216
0.44960471987724304
0.4854213297367096
0.24268090724945068
0.1702340543270111
0.5805907845497131
0.6606041193008423
0.22380013763904572
0.2824203670024872
0.37863942980766296
0.04646903648972511
0.32256171107292175
0.10525794327259064
0.44198134541511536
-0.004236810840666294
0.07949598133563995
0.6368733048439026
0.47982659935951233
0.35945650935173035
0.3310031592845917
0.3775183856487274
0.5454258322715759
0.03740395978093147
0.16393378376960754
0.5445404648780823
0.5805146098136902
0.14997538924217224
0.2784581780433655
0.04932289943099022
0.19842655956745148
0.21808238327503204
0.7683271765708923
0.6004244089126587
0.2889612019062042
0.21427759528160095
0.3030572235584259
0.14655938744544983
0.14255058765411377
0.3939189016819
0.4875035583972931
0.5028616786003113
0.39943233132362366
0.04854479432106018
0.23546670377254486
0.11666432023048401
0.026465095579624176
0.16934636235237122
0.18426305055618286
0.5437436699867249
0.6291384100914001
0.6692093014717102
0.6556227803230286
0.6062402725219727
0.05051902309060097
0.4925049841403961
0.49229225516319275
0.483866423368454
0.40410229563713074
0.23283934593200684
0.7087762355804443
0.6100457310676575
0.3677010238170624
0.5686321258544922
0.5929555892944336
0.4371855556964874
0.32069531083106995
0.4190925657749176
0.005566626787185669
0.16636055707931519
0.6279787421226501
0.3585728406906128
0.255318820476532
0.6077085137367249
0.3927183449268341
0.271537184715271
0.5349403023719788
0.69454425573349
0.46283361315727234
0.3528777062892914
0.39586368203163147
0.3910105526447296
0.19903691112995148
0.7700594067573547
0.37197327613830566
0.8625032305717468
0.4876290559768677
0.594083845615387
0.32376807928085327
0.4209328889846802
0.5935942530632019
0.27758705615997314
0.41702184081077576
0.6287603974342346
0.1427570879459381
0.42650914192199707
0.42731359601020813
0.3436444401741028
0.44605204463005066
0.5644047260284424
0.5281469821929932
0.4258551001548767
0.4302690625190735
0.5201631188392639
0.4485490024089813
0.5060267448425293
0.31317123770713806
0.6143571734428406
0.17650574445724487
0.3418563902378082
0.29238462448120117
0.5791077017784119
0.594094455242157
0.42780014872550964
0.5285640358924866
0.43653374910354614
0.3994099497795105
0.42110854387283325
0.07670465111732483
0.44656530022621155
0.5136482119560242
0.22196745872497559
0.3665820360183716
0.10214851796627045
0.5164540410041809
0.2486216127872467
0.398933082818985
0.26092657446861267
0.47817862033843994
0.1739833950996399
0.3976998031139374
0.6502439975738525
0.485967755317688
0.6051107048988342
0.4252348840236664
0.7076545357704163
0.4152275025844574
0.23122933506965637
0.137647807598114
0.6800327301025391
0.07103182375431061
0.18882691860198975
0.6356399655342102
0.28767821192741394
0.32647499442100525
0.17611703276634216
-0.004302468150854111
0.21775022149085999
0.20455527305603027
0.030677538365125656
0.4443837106227875
0.2169322967529297
0.3289349377155304
0.09603993594646454
0.5596997141838074
0.19724777340888977
0.1799897849559784
0.24200156331062317
0.6094040870666504
0.3987239897251129
0.26382893323898315
0.1680060774087906
0.4242582321166992
0.4200396239757538
0.5683473944664001
0.3555116653442383
0.42165136337280273
0.02999885380268097
0.48423364758491516
0.4442864954471588
0.4310363829135895
0.1447506546974182
0.151150643825531
0.09026278555393219
-0.007351759821176529
0.15098823606967926
0.10422633588314056
0.38312968611717224
0.49037936329841614
0.012187056243419647
0.040186814963817596
0.6561799645423889
0.4300196170806885
0.5001565217971802
0.2291691154241562
0.24382850527763367
0.638408899307251
0.6715933680534363
0.18713213503360748
0.7139583230018616
0.6623783707618713
0.2176683247089386
-0.0012398585677146912
0.511214017868042
0.0362752303481102
0.43981555104255676
0.2888760566711426
0.5583083033561707
0.22681924700737
0.3593005836009979
0.18709316849708557
0.5509206652641296
0.3715185225009918
0.15141187608242035
0.5852300524711609
0.19529640674591064
0.7129842638969421
0.2843753695487976
0.4250625669956207
0.4352577030658722
0.2507297098636627
0.4837881624698639
0.5706633925437927
0.4642966687679291
0.46559253334999084
0.3784996569156647
0.2579139471054077
0.3873235285282135
0.3648965060710907
0.6001647114753723
-0.0027457736432552338
0.5683701634407043
0.2833555042743683
0.051127996295690536
0.28928864002227783
0.5236625671386719
0.4714033007621765
0.1925230622291565
0.3005782663822174
0.032263461500406265
0.6154777407646179
0.5686023831367493
0.19492055475711823
0.5119690299034119
0.015726732090115547
0.3971361219882965
0.7497779726982117
0.615347146987915
0.33366140723228455
0.1837112158536911
0.4320276081562042
0.4370279610157013
0.2550593316555023
0.17379161715507507
0.6323482394218445
0.35715585947036743
0.014711081981658936
0.4150258004665375
0.18777009844779968
0.3269845247268677
0.33666786551475525
0.6222755908966064
0.14457981288433075
0.41399723291397095
0.16653506457805634
0.3523949682712555
0.34100958704948425
0.09557057917118073
0.36680662631988525
0.5702692866325378
0.18756794929504395
0.07013589143753052
0.2316872626543045
0.5550519824028015
0.4175780713558197
0.42784133553504944
0.43615007400512695
0.6638028025627136
0.5522664785385132
0.10433223843574524
0.31177833676338196
0.46470361948013306
0.026725564152002335
0.3769322633743286
0.5387752652168274
0.1473483443260193
0.4773552119731903
0.5157027840614319
0.44838380813598633
0.4581087529659271
0.4269483983516693
0.22746887803077698
0.2986999452114105
0.22603537142276764
0.4847783148288727
0.27535882592201233
0.5378260016441345
0.31839531660079956
0.3794395327568054
0.3993132412433624
0.36193403601646423
0.01256708987057209
0.3311740756034851
0.04434239864349365
0.07154995203018188
0.08245234191417694
0.3002489507198334
0.2983912527561188
0.5413359999656677
0.24873653054237366
0.3917989432811737
0.3912988007068634
0.6318473219871521
0.650959312915802
-0.006513588130474091
0.3784927725791931
0.2722158133983612
0.49428799748420715
0.16663818061351776
0.3789246678352356
0.3436461091041565
0.5617547631263733
0.5537369251251221
0.5175886750221252
0.13878200948238373
0.7165663838386536
0.18103860318660736
0.6618040204048157
0.18740932643413544
0.8287872672080994
0.5938991904258728
0.4765720069408417
0.14269328117370605
0.07712015509605408
0.4557074308395386
0.7035008072853088
0.4307359457015991
0.17227676510810852
0.4444400668144226
0.16772177815437317
0.1487603485584259
0.07595868408679962
0.251844584941864
0.19557440280914307
0.47485676407814026
0.06459195911884308
-0.012599019333720207
0.6728847622871399
-0.027784720063209534
0.2725791037082672
0.17803910374641418
0.28309258818626404
0.45021501183509827
0.40306371450424194
0.06508581340312958
0.47656193375587463
0.38716164231300354
0.2185067981481552
0.5418716073036194
0.34465667605400085
0.24531832337379456
0.721609890460968
0.23466865718364716
0.34361931681632996
0.6029639840126038
0.4387553334236145
0.1562458723783493
0.7439311146736145
0.370682030916214
0.6876380443572998
0.5332852005958557
0.4617602825164795
0.4447212815284729
0.7171638011932373
0.014239449054002762
0.43847551941871643
0.3247113525867462
0.26190218329429626
0.45551374554634094
0.2995113730430603
0.2172403335571289
0.5693756937980652
0.5223826766014099
0.10589312016963959
0.023604631423950195
0.5229026675224304
0.46919339895248413
0.45962396264076233
0.08208747208118439
0.3944893777370453
0.4904237687587738
0.37917253375053406
0.33263444900512695
-0.00954652763903141
0.709594190120697
0.35857343673706055
0.6251320242881775
0.533710777759552
0.13627764582633972
0.5445517897605896
0.5680721998214722
0.4153071343898773
-0.043204523622989655
0.5379045009613037
0.10644178092479706
0.6529077887535095
0.39544132351875305
0.5459547638893127
0.23446029424667358
0.3551574945449829
0.5811423659324646
0.530634343624115
0.3360060155391693
0.07616902887821198
0.5420608520507812
0.44772806763648987
0.440672367811203
0.2778632938861847
0.1766853630542755
0.020498640835285187
0.09883072972297668
0.5339380502700806
0.40188804268836975
0.18345680832862854
0.7766791582107544
0.2579669952392578
0.39698299765586853
0.4355720579624176
0.12791350483894348
0.14413845539093018
0.4962957799434662
0.31513330340385437
0.531431257724762
0.4621407687664032
0.41058194637298584
0.623319685459137
0.488862544298172
0.14094723761081696
0.08908310532569885
0.1616416871547699
0.5764052271842957
0.3040948510169983
0.6209168434143066
0.014387000352144241
0.5210319757461548
0.3430763781070709
0.36527010798454285
0.2633539140224457
0.31334808468818665
0.48139628767967224
0.05719248577952385
0.5572118163108826
0.1961464285850525
0.3054214417934418
-0.025732051581144333
0.3267352879047394
0.5338231921195984
0.6562720537185669
0.3801765441894531
0.32743939757347107
0.2969321310520172
0.39302241802215576
0.1336660534143448
0.19839854538440704
0.34440624713897705
0.5130276679992676
0.38349634408950806
0.1311698704957962
0.11288656294345856
0.4297080338001251
0.39274999499320984
0.5993946194648743
0.47346147894859314
0.3646201491355896
0.6633855104446411
0.559917688369751
0.00864611566066742
0.14501279592514038
0.11748754978179932
-0.009471118450164795
0.47570833563804626
0.3985103666782379
0.2961052358150482
0.5589350461959839
0.057414207607507706
0.19240707159042358
0.4158990979194641
0.07128189504146576
0.7100841403007507
0.5627350807189941
0.09783245623111725
0.5529950857162476
0.23885244131088257
0.12730669975280762
0.1870691031217575
0.23252642154693604
0.05033784359693527
0.24619770050048828
0.2702990472316742
0.7412770390510559
0.5570695996284485
0.36457017064094543
0.32899755239486694
0.25521132349967957
0.47363314032554626
0.6026433706283569
0.05059933289885521
0.3684218227863312
0.11872732639312744
0.5741884708404541
0.7526491284370422
0.4775073826313019
0.6958889961242676
0.2837717533111572
0.5959796905517578
0.3654138743877411
0.6821672320365906
0.11025965213775635
0.05990935489535332
0.21983277797698975
0.41925808787345886
0.6249874234199524
0.373813271522522
0.39836588501930237
0.6025168895721436
0.4136025309562683
0.47978952527046204
0.37081673741340637
0.5058470368385315
0.45707952976226807
0.39965227246284485
0.4380417764186859
0.14097370207309723
0.5621663928031921
0.26045072078704834
0.13314507901668549
0.6049594283103943
0.6162159442901611
0.5851432681083679
0.4459543824195862
0.4339850842952728
0.6551229953765869
0.6015805006027222
0.42231908440589905
0.4889526665210724
0.4381551742553711
0.6540424227714539
0.3849436044692993
0.5147904753684998
0.6165633797645569
0.31965863704681396
0.3611419200897217
0.44109347462654114
0.5598809123039246
0.2882862389087677
0.1880037635564804
0.3666832745075226
0.5071024894714355
0.3803071677684784
0.5567590594291687
0.6509802937507629
0.5720602869987488
0.06509356200695038
0.1496736705303192
0.3794345259666443
0.2528359591960907
0.1180112212896347
0.4397556781768799
0.06567606329917908
0.06940560042858124
0.16512557864189148
0.07429908215999603
0.2550584673881531
0.23343303799629211
0.35003340244293213
0.09629453718662262
0.2732146084308624
0.18584558367729187
0.41391870379447937
0.5026557445526123
0.37869617342948914
0.1541682481765747
0.31161853671073914
0.4323040544986725
0.4395468533039093
0.7391297817230225
0.1029629111289978
0.46349862217903137
0.5053917765617371
0.2596167027950287
0.6405908465385437
0.5767053365707397
0.8272988200187683
0.17612680792808533
0.44048288464546204
0.10968458652496338
0.21550220251083374
0.249085932970047
0.5149019360542297
0.1057121604681015
0.5872380137443542
0.5717384815216064
0.32368597388267517
0.4974595010280609
0.5482341647148132
0.3596428632736206
0.4218128025531769
0.4889363944530487
0.456039160490036
0.6183934211730957
0.022504616528749466
0.0864640474319458
0.6003068685531616
0.06717021763324738
0.385553240776062
0.5461487770080566
0.5447701215744019
0.10845549404621124
0.2658382058143616
0.44734108448028564
0.6582093238830566
0.8066861033439636
0.09428873658180237
0.41005030274391174
0.6468102931976318
0.39245590567588806
0.43461981415748596
0.2916386127471924
0.504240870475769
0.21799609065055847
0.3134283721446991
0.06507354974746704
0.4246247112751007
0.5485702157020569
0.3435807526111603
0.5008274912834167
0.6461348533630371
0.12469035387039185
0.47686952352523804
0.1268475353717804
0.6123177409172058
0.38777339458465576
0.4157012104988098
0.17741529643535614
0.36006787419319153
0.2209855318069458
0.11589404940605164
0.6129012703895569
0.6286081075668335
0.05004678666591644
0.4325374364852905
0.40114614367485046
0.3932584226131439
0.49523696303367615
0.1708083599805832
0.686375617980957
0.39951178431510925
0.18375414609909058
0.4273054599761963
0.386841744184494
0.27555909752845764
0.2823890745639801
0.017886826768517494
0.1251809000968933
0.647962749004364
0.7422450184822083
-0.004108935594558716
0.5777189135551453
0.5276303887367249
0.4793876111507416
0.5473740696907043
0.2982465326786041
0.5274817943572998
0.5628789067268372
0.6742650270462036
0.5333530306816101
0.058748338371515274
0.3893776834011078
0.3180854618549347
0.4106844365596771
0.6991625428199768
0.1677527129650116
0.416822612285614
0.14595827460289001
0.47005873918533325
0.34134915471076965
-0.040796905755996704
0.8879924416542053
0.3515661656856537
0.40066221356391907
0.6690883636474609
0.09748449921607971
0.6489083766937256
0.4790441691875458
-0.00015144608914852142
0.24336853623390198
0.0840558260679245
0.4313366413116455
0.5653798580169678
0.04405956715345383
0.7301878929138184
0.1896032840013504
0.3083707392215729
0.524730920791626
0.1867552101612091
0.3000633418560028
0.5777257680892944
0.0826520025730133
0.3084052503108978
0.7119755148887634
0.36928340792655945
0.4530450105667114
0.02614201232790947
0.26867347955703735
0.5034258961677551
0.467540979385376
0.5090165734291077
0.678317129611969
0.36175337433815
0.5176088809967041
0.3278839588165283
0.628305971622467
0.1884993463754654
0.5309284925460815
0.33495691418647766
0.5088854432106018
0.3869611918926239
0.3755285441875458
0.5180834531784058
0.4221370220184326
0.7345141768455505
0.4223829209804535
0.009581856429576874
0.44842594861984253
0.4481160640716553
0.6743965148925781
0.46988344192504883
0.5527560710906982
0.5054946541786194
0.035549815744161606
0.6186544299125671
0.5999760627746582
0.45434072613716125
0.31372061371803284
0.036060724407434464
0.43487349152565
0.8396199345588684
0.2655474841594696
0.2823338210582733
0.698910653591156
0.08967788517475128
0.4500875771045685
0.6429811716079712
0.06369128823280334
0.6139899492263794
0.32490745186805725
0.5403706431388855
0.408710241317749
0.552138090133667
0.5033535361289978
0.15207327902317047
0.6332314014434814
0.5720602869987488
0.36792585253715515
0.1367313116788864
0.09796009957790375
0.5797860026359558
0.048556845635175705
0.28528064489364624
0.4861440658569336
0.07177063822746277
0.51326584815979
0.4101116359233856
0.3831270635128021
-0.007632933557033539
0.48975321650505066
0.44696295261383057
0.10307756066322327
0.3887390196323395
0.47901710867881775
0.21538709104061127
0.38718941807746887
0.026630684733390808
0.11637577414512634
0.21602961421012878
0.4868376553058624
0.06347717344760895
0.37045833468437195
0.7440003752708435
0.6814844012260437
0.21148313581943512
0.18060345947742462
0.5662136673927307
0.2904171049594879
0.3234167993068695
0.8309028744697571
0.5358219742774963
0.47805026173591614
0.5798652768135071
0.3272426426410675
0.4128795564174652
0.21020200848579407
0.04373503848910332
0.21556155383586884
0.32535478472709656
0.29928600788116455
0.7412770390510559
0.009120527654886246
0.6046863198280334
0.30202189087867737
0.4468437731266022
0.2828926742076874
0.18079662322998047
0.3862324655056
0.16652503609657288
0.11610245704650879
0.06138858571648598
0.30786290764808655
0.40311047434806824
0.5637256503105164
0.04957599192857742
0.3648599684238434
0.42763394117355347
0.5171664357185364
0.2218163162469864
0.17612585425376892
0.33978790044784546
0.5425353050231934
0.5759132504463196
0.09802953898906708
0.5571380257606506
0.19291576743125916
0.6035336852073669
0.31573137640953064
0.3233757019042969
0.2126556932926178
0.2712988555431366
0.4855876564979553
0.5614888072013855
0.5801870822906494
0.20306679606437683
0.8198015093803406
0.42755839228630066
0.47007545828819275
0.5086895227432251
0.5304902791976929
0.7276370525360107
0.11012464761734009
0.32204389572143555
0.6151806712150574
-0.034769050776958466
0.40056148171424866
0.523297131061554
0.4759635031223297
0.323177695274353
0.5299461483955383
0.5373180508613586
0.18743804097175598
0.7165278792381287
0.29487642645835876
0.49165937304496765
0.577154815196991
0.1760193407535553
0.2499598264694214
0.29309144616127014
0.27126893401145935
0.4794788062572479
0.12852954864501953
0.5420380234718323
0.08682569861412048
0.1380506008863449
0.5210272669792175
0.08713923394680023
0.4606492221355438
0.6532689929008484
0.5536478161811829
0.14026346802711487
0.5058990120887756
0.2710641622543335
0.09974385797977448
0.04983818903565407
0.32334956526756287
0.6189489960670471
0.16816844046115875
0.3659261167049408
0.5857074856758118
0.13593992590904236
0.13299086689949036
0.18123696744441986
0.4752141833305359
0.4350326955318451
0.17577892541885376
0.3623683452606201
0.2772257924079895
0.46883517503738403
0.4761275351047516
0.36093345284461975
0.6098947525024414
0.5584079027175903
0.40937820076942444
0.6041240096092224
0.3589077889919281
0.18831093609333038
0.4803226888179779
0.4031623303890228
0.13762035965919495
0.2827652394771576
0.09810362756252289
0.6269828677177429
0.2818731963634491
0.5935433506965637
0.110166996717453
0.2688257396221161
0.5445324778556824
0.402019739151001
0.6556648015975952
0.24905002117156982
0.5259832739830017
0.7751115560531616
0.376693457365036
0.01859878934919834
0.17841148376464844
0.29312530159950256
0.2953844666481018
0.18760202825069427
0.6073781847953796
0.42667803168296814
0.36830347776412964
0.5052503347396851
-0.0018556900322437286
-0.0005299784243106842
0.5183298587799072
0.3757760226726532
0.42756837606430054
0.16999460756778717
0.5419663190841675
0.8986101746559143
0.5438968539237976
0.4063981771469116
0.2757757008075714
0.15660874545574188
0.22206109762191772
0.3821945786476135
0.7212606072425842
0.18445450067520142
0.5922491550445557
0.3096742331981659
0.11372490227222443
0.5131601095199585
0.28220540285110474
0.2214721292257309
0.2366815209388733
0.4048883616924286
0.3362242877483368
0.45337963104248047
0.31899794936180115
0.28580695390701294
0.4483824670314789
0.6345974802970886
0.0912967324256897
0.6996772885322571
0.48112794756889343
0.05170206353068352
0.3593926727771759
0.23237884044647217
0.16611836850643158
0.5040191411972046
0.41134384274482727
0.2600814998149872
0.3034593164920807
0.3177435100078583
0.4247172176837921
0.735930860042572
0.33014267683029175
0.6976001858711243
0.3663634955883026
0.5467602610588074
0.2716546356678009
0.5471257567405701
0.4550606906414032
0.39993247389793396
0.524221658706665
0.79910808801651
0.20125779509544373
0.03288578614592552
0.3226757049560547
0.6896428465843201
0.4757947623729706
0.3002133369445801
0.4618273675441742
0.11711657047271729
0.47729286551475525
0.03594798594713211
-0.006398724392056465
0.3446919620037079
0.4132307469844818
0.2631310820579529
0.244632750749588
0.3871960937976837
0.28771844506263733
0.6236212253570557
0.47230958938598633
0.12465044856071472
0.17844311892986298
0.38698410987854004
0.390873521566391
0.34077009558677673
0.5279882550239563
0.20117279887199402
0.18340866267681122
0.4537368416786194
0.25130438804626465
0.4288177490234375
0.23580724000930786
0.7171395421028137
0.5032109618186951
0.36950168013572693
0.3846927583217621
0.2373247891664505
0.7633320093154907
0.33156102895736694
0.8949120044708252
0.49091240763664246
0.3987429440021515
0.5034853219985962
0.20446376502513885
0.11163604259490967
0.3054569661617279
0.4608742594718933
0.298258513212204
0.7744982838630676
0.16422075033187866
0.33239099383354187
0.45278558135032654
0.5707761645317078
0.31076982617378235
0.6786087155342102
0.6197056174278259
0.5848388075828552
0.4709734618663788
0.3303145468235016
0.508349597454071
0.5660982728004456
0.35134121775627136
0.6426520943641663
0.4755643904209137
0.5857141613960266
0.6461887955665588
0.7774088978767395
0.15412722527980804
0.358134925365448
0.30394262075424194
0.2538022994995117
-0.0019460134208202362
0.5267889499664307
0.6349000334739685
0.30503377318382263
0.3612193465232849
0.4025874435901642
0.13332238793373108
0.20446716248989105
0.22571462392807007
0.5581789016723633
0.40158993005752563
0.5366120338439941
0.40993598103523254
0.06530532240867615
0.4620315432548523
0.5224454402923584
0.14007699489593506
0.09220916032791138
0.03519083932042122
0.3274450898170471
0.4353317320346832
0.5093639492988586
0.48678645491600037
0.1748703420162201
0.37935614585876465
0.6083198189735413
0.6444449424743652
0.15470026433467865
0.22933942079544067
0.2939454913139343
0.684995174407959
0.5310664176940918
0.435258150100708
0.3440379500389099
0.323070764541626
0.3204669654369354
0.20703503489494324
0.41802978515625
0.5183378458023071
0.608634889125824
0.39508509635925293
0.5656484365463257
0.1518225222826004
0.08360277116298676
0.5526170134544373
0.30123794078826904
0.5558469891548157
0.19406026601791382
0.08714985847473145
0.4713687598705292
0.03248037397861481
0.5012807250022888
0.39816805720329285
0.197370707988739
0.4761713445186615
0.5322902798652649
0.2031075656414032
0.3398594260215759
0.4013465344905853
0.015563365072011948
0.375645250082016
0.3886330723762512
0.4732964336872101
0.38044896721839905
0.32169613242149353
0.05125337839126587
0.3213605284690857
0.2733759880065918
0.20954623818397522
0.49974504113197327
0.48013803362846375
0.06384490430355072
0.5979518890380859
0.5771036744117737
0.4745645225048065
0.10097697377204895
0.5626788139343262
0.5673910975456238
0.5171511769294739
0.639975905418396
0.32978126406669617
0.4610061049461365
0.5514470338821411
0.3757602572441101
0.5329576730728149
0.2916015386581421
0.023307759314775467
0.6007854342460632
0.5452963709831238
0.5083420872688293
0.40308210253715515
0.5766832232475281
0.06703442335128784
0.09333759546279907
0.18097051978111267
0.1331605315208435
0.275812566280365
0.2535678744316101
0.31608548760414124
0.5323421955108643
0.577097475528717
0.34441548585891724
0.2751253843307495
0.34580233693122864
0.18504682183265686
0.5128172636032104
-0.0028163259848952293
0.4997463524341583
0.34790006279945374
0.07030652463436127
0.47243091464042664
0.48659172654151917
0.3078974783420563
0.2455023229122162
0.7159978151321411
0.37334373593330383
0.2822814881801605
0.49720528721809387
0.1537899523973465
0.18443703651428223
0.18705525994300842
0.411756306886673
0.49404338002204895
0.1762603223323822
0.40523165464401245
0.45289281010627747
0.007216433063149452
0.5019481182098389
0.5510502457618713
0.4349108040332794
0.4454694092273712
0.47324714064598083
0.516162097454071
0.46249619126319885
0.5753734707832336
0.2655787169933319
0.38119176030158997
0.32431912422180176
0.5879226326942444
0.4651040732860565
0.1869872361421585
0.4084341824054718
0.16104848682880402
0.37180665135383606
0.26493629813194275
0.2139805555343628
0.09549516439437866
0.20098423957824707
0.5585582852363586
0.17298582196235657
0.4303417503833771
0.5266894698143005
0.3432449698448181
0.6625782251358032
0.5292470455169678
0.18634018301963806
0.5976914167404175
0.7368077635765076
0.6027017831802368
0.3149915039539337
0.2933976948261261
0.07535465061664581
-0.00036796554923057556
0.049298327416181564
0.600043535232544
0.24849727749824524
0.45514917373657227
0.22787508368492126
0.5330931544303894
0.5044183135032654
0.47079312801361084
0.6694270968437195
0.5068581700325012
0.024911683052778244
0.5723442435264587
0.5105648040771484
0.8245841860771179
0.4980851709842682
0.15572665631771088
0.23951280117034912
0.12280744314193726
0.46314600110054016
0.5513710975646973
0.5955410599708557
0.07273128628730774
0.45087429881095886
0.4256206750869751
0.4737919270992279
0.04440721496939659
0.297218382358551
0.4360498785972595
0.10365617275238037
0.4160196781158447
0.48389825224876404
0.3552630543708801
0.14781874418258667
0.1896425485610962
0.5166415572166443
0.7488598227500916
0.4891808331012726
0.10713247954845428
0.11466912925243378
0.3446156084537506
0.4931742250919342
0.15765121579170227
0.2119896113872528
0.38620203733444214
0.3552986681461334
0.41761475801467896
0.28242048621177673
0.3682956099510193
0.17425104975700378
0.38509270548820496
0.49454042315483093
0.0662408322095871
0.4571683406829834
0.15536220371723175
0.559244692325592
0.46724066138267517
0.22544218599796295
0.3819456994533539
0.5104191899299622
0.43881919980049133
0.3145465552806854
0.5672743916511536
0.6770423054695129
0.04383985325694084
0.2952612340450287
0.1488606333732605
0.3314459025859833
0.22284674644470215
0.4921291768550873
0.4814110994338989
0.44202470779418945
0.061260711401700974
0.39975371956825256
0.3891219198703766
0.5271956324577332
0.448504775762558
0.2406175434589386
0.5337600111961365
0.18446478247642517
0.12816886603832245
0.3327374756336212
0.6655711531639099
0.42515379190444946
0.5051252841949463
0.36696943640708923
0.42276275157928467
0.6106552481651306
0.6493197679519653
0.8016073703765869
0.32682910561561584
0.39842283725738525
0.3635703921318054
0.1603868305683136
0.4094390571117401
0.646399736404419
0.20181269943714142
0.3374703526496887
0.020817626267671585
0.45263928174972534
0.43372485041618347
0.28497081995010376
0.6338145136833191
0.2717303931713104
0.5088332295417786
0.288968026638031
0.3024326264858246
0.15338867902755737
0.21185581386089325
0.6615003943443298
0.5227338671684265
0.2912083566188812
0.6024280190467834
0.09507258236408234
0.14346520602703094
0.49268433451652527
0.4685770869255066
0.219740629196167
-0.00955820269882679
0.4822535216808319
0.14651307463645935
0.4775300920009613
0.699688196182251
0.3767522871494293
0.6080082654953003
0.3057907223701477
0.2710303068161011
0.5504801869392395
0.6340914964675903
0.47037896513938904
0.5353347659111023
0.28539416193962097
0.13208547234535217
0.33989855647087097
0.4037655293941498
0.015231870114803314
0.08863934874534607
0.19439643621444702
0.11928956210613251
-0.01911075785756111
0.43344464898109436
0.4316631853580475
0.1538248509168625
0.41119399666786194
-0.009079238399863243
0.37640780210494995
0.25127145648002625
0.36743512749671936
0.36927586793899536
0.20869210362434387
0.48977652192115784
0.35992732644081116
0.3934668302536011
0.38191238045692444
0.3921142518520355
0.37181904911994934
0.4693450927734375
0.3189580738544464
0.4671364426612854
0.45990410447120667
0.6244565844535828
0.44034168124198914
0.1901109218597412
0.3004884421825409
0.20038250088691711
0.4383673071861267
0.7903756499290466
0.22601282596588135
0.4951077401638031
0.56172114610672
0.34243059158325195
0.07796183228492737
0.4808489680290222
0.024474404752254486
0.46486473083496094
0.08383196592330933
0.5978171825408936
0.45486724376678467
0.2760014533996582
0.01242440938949585
0.4639623761177063
0.40637513995170593
0.32899680733680725
0.0892280787229538
0.45558926463127136
0.1893041729927063
0.6533405184745789
0.36367639899253845
0.2930208742618561
0.6102672815322876
0.5853018164634705
0.10159464180469513
0.46413809061050415
0.5426644682884216
0.13168935477733612
0.5620095133781433
0.5481438040733337
0.6904815435409546
0.3239460587501526
0.5072261095046997
0.5743647217750549
0.08343975245952606
0.3939291536808014
0.29710686206817627
0.5503891110420227
0.6449416279792786
0.3072596788406372
0.3016187250614166
0.41983845829963684
0.5678430795669556
0.266111820936203
0.20660462975502014
0.2674124538898468
0.08092184364795685
0.26807326078414917
0.0878303050994873
0.5103300213813782
0.37602874636650085
0.1667097955942154
0.24992865324020386
0.4678039848804474
0.4216901957988739
0.48257604241371155
0.2907937467098236
0.5370646119117737
0.564479649066925
0.11012811958789825
0.46958038210868835
0.27545270323753357
0.41788938641548157
0.4635838270187378
0.20363259315490723
0.5671408772468567
0.5332096815109253
0.2789735198020935
0.6708532571792603
0.36091265082359314
0.2417355477809906
0.4266323745250702
0.0013265591114759445
0.3916023075580597
0.36280032992362976
0.12003205716609955
0.6103100180625916
0.17646333575248718
0.4224494397640228
0.4332851469516754
0.19695284962654114
0.5635945200920105
0.5006465315818787
0.4654674828052521
0.2206728756427765
0.41511934995651245
0.599635899066925
0.38068121671676636
0.21673478186130524
0.022595122456550598
0.49244269728660583
0.6781204342842102
0.7566574215888977
0.5111731886863708
0.36453279852867126
0.3252679705619812
0.5204047560691833
0.021210987120866776
0.39128002524375916
0.45410504937171936
0.34257882833480835
0.5165146589279175
0.41570448875427246
0.24552738666534424
0.4331887662410736
0.4936494529247284
0.3012051284313202
0.5101809501647949
0.5428537130355835
0.4944438636302948
0.2549140751361847
0.2157929539680481
0.39707618951797485
0.46291258931159973
0.19177690148353577
0.24268487095832825
0.5141807198524475
0.5169320702552795
0.16723519563674927
0.03542892262339592
0.28253158926963806
0.5862302184104919
0.4663044512271881
0.5584147572517395
0.7259899973869324
0.540622353553772
0.07385781407356262
0.18680116534233093
0.6889558434486389
0.1762760877609253
0.22142206132411957
0.21780318021774292
0.5252641439437866
0.16013748943805695
0.32291126251220703
0.5394899249076843
0.6141192317008972
0.2306365668773651
0.5488083958625793
0.10455863177776337
0.4076251685619354
0.5720602869987488
0.18682819604873657
0.43640589714050293
0.6582456231117249
0.07552091777324677
0.11461351811885834
0.20434318482875824
0.824424684047699
0.25719085335731506
0.4870331287384033
0.49671927094459534
0.3045593202114105
0.3844440281391144
0.3596101999282837
0.34994614124298096
0.22864685952663422
0.15481698513031006
0.5873584151268005
0.6320978999137878
0.6433653235435486
0.45293909311294556
0.6099628806114197
0.4136974513530731
0.4256293475627899
0.38506147265434265
0.3368648290634155
0.26675015687942505
0.5439188480377197
0.011718129739165306
0.3238489031791687
0.00154140405356884
0.21020779013633728
0.1819145679473877
0.024534497410058975
0.1127040833234787
0.18816502392292023
0.2965521812438965
0.7273253798484802
0.6506523489952087
0.012755999341607094
0.5505473017692566
0.5350274443626404
0.5814874768257141
0.1942097544670105
0.1051768958568573
0.21751181781291962
0.5048885345458984
0.19150279462337494
0.34652063250541687
0.49633046984672546
0.6663024425506592
0.4829184114933014
0.5882586240768433
0.2827482521533966
0.5895881056785583
0.4576941430568695
0.32209858298301697
0.26039907336235046
0.5982412695884705
0.7300096750259399
0.10047416388988495
0.5230891108512878
0.3894440829753876
0.3513471186161041
0.33620384335517883
0.01743481308221817
0.6206355690956116
0.5134001970291138
0.2779674232006073
0.552318274974823
0.1784520298242569
0.48652270436286926
0.4333615005016327
0.4806646406650543
0.5153657793998718
0.3546169102191925
0.5049902200698853
0.0451807864010334
0.6045785546302795
0.2649622857570648
0.35083112120628357
0.21371988952159882
0.6865112781524658
0.40016308426856995
0.5202671885490417
0.21937179565429688
0.34902408719062805
0.3675908148288727
0.6047013401985168
0.4892413914203644
0.5575733780860901
0.5073770880699158
0.5526372194290161
0.35552978515625
0.21261902153491974
0.5420138835906982
0.5731298327445984
0.07301822304725647
0.6727303266525269
0.33708080649375916
0.15451429784297943
0.6986386179924011
0.43162277340888977
0.0712139904499054
0.47483178973197937
0.4048350155353546
0.402972549200058
0.5383347272872925
0.5488115549087524
0.4534250795841217
0.12814541161060333
0.5302467346191406
0.1961854100227356
0.5152559876441956
0.29499417543411255
0.005019458010792732
0.5112847685813904
0.3583885431289673
0.0085150096565485
0.1775285005569458
0.3954766094684601
0.21809208393096924
0.5014891028404236
0.46193307638168335
0.5007992386817932
0.373407244682312
0.4261879622936249
0.5366550087928772
0.22753041982650757
0.27355846762657166
0.4581548273563385
0.8241196274757385
0.20374129712581635
0.26286402344703674
0.48060324788093567
0.11979016661643982
0.4110344350337982
0.47445017099380493
0.04300530627369881
0.672976553440094
0.13519012928009033
0.21835774183273315
0.4888356029987335
0.5711330771446228
0.375043123960495
0.3685320019721985
0.3757760226726532
0.18795627355575562
0.5065401792526245
0.17133383452892303
0.5087379813194275
0.3865792155265808
0.5112938284873962
0.3881499767303467
0.12437817454338074
0.23211300373077393
0.07846297323703766
0.12867821753025055
0.483585923910141
0.3765297830104828
0.33376917243003845
0.2513134479522705
0.38242629170417786
0.32349151372909546
0.18458209931850433
0.08920396864414215
0.657067596912384
0.4287223219871521
0.03659753501415253
0.7468631863594055
0.42626896500587463
0.653800904750824
0.43134430050849915
0.018758002668619156
0.5145747065544128
0.25339603424072266
0.0027204956859350204
0.48644110560417175
0.029131963849067688
0.3504371643066406
0.42261508107185364
0.6983112692832947
0.1732502579689026
0.5625590085983276
0.3080729842185974
0.020864900201559067
0.5409172773361206
0.3629692792892456
0.4396185576915741
0.42349472641944885
0.4340690076351166
0.4450766444206238
0.6505299210548401
0.4589507281780243
0.52877277135849
0.27813443541526794
0.600451648235321
0.1484876275062561
0.34503158926963806
0.4857631027698517
0.49151715636253357
0.24478799104690552
0.15197989344596863
0.10372917354106903
0.3388083875179291
0.6639512181282043
0.32801714539527893
0.08544707298278809
0.1724250763654709
0.6819592118263245
0.370639830827713
0.6281367540359497
0.46728619933128357
0.4824000597000122
0.08402371406555176
0.37603288888931274
0.3679599463939667
0.0902186781167984
0.32921674847602844
0.8268014788627625
0.3514229357242584
0.47380849719047546
0.2809416651725769
0.5078703761100769
0.22467949986457825
0.06977902352809906
0.39929667115211487
0.338958203792572
0.35021546483039856
0.3698354959487915
0.3179652690887451
0.2141444981098175
0.42156609892845154
0.3188808560371399
0.507176399230957
0.08216430246829987
0.6385424733161926
0.1659715324640274
0.6004858016967773
0.3444373905658722
0.37735047936439514
0.45608144998550415
0.39570555090904236
0.6054889559745789
0.6223436594009399
-0.0024224519729614258
0.5285561084747314
0.52605801820755
0.06303240358829498
0.4652065932750702
0.5307857394218445
0.33200153708457947
0.31797608733177185
0.051836054772138596
0.4783726930618286
0.5099330544471741
0.11085088551044464
0.3898771405220032
0.4973016679286957
0.19166399538516998
0.02662079781293869
0.40095919370651245
0.4393310844898224
0.359803706407547
0.15486107766628265
0.4031139314174652
0.5557758212089539
0.3996680974960327
0.5418255925178528
0.5986372232437134
0.14506769180297852
0.3694787919521332
0.6222270727157593
0.10754363238811493
0.6448854207992554
0.1335185170173645
0.6447896361351013
0.6662483811378479
0.07796142995357513
0.5001888275146484
0.35173138976097107
-0.028820732608437538
0.21397686004638672
0.1941169798374176
0.45357662439346313
0.5727052688598633
0.07609188556671143
0.1240420937538147
0.4984869658946991
0.14572539925575256
0.16009041666984558
0.4764731526374817
0.2449614703655243
0.4090287387371063
0.32785606384277344
0.32486024498939514
0.43362709879875183
0.36510035395622253
0.35895758867263794
0.32365313172340393
0.5975030064582825
0.4287143051624298
0.35701021552085876
0.404601126909256
0.09506599605083466
0.4501146376132965
0.4558750092983246
0.49555084109306335
0.5521063804626465
0.6103062033653259
-0.0014703404158353806
0.7238605618476868
0.7047423720359802
0.6260057091712952
0.1367437243461609
0.340849369764328
0.34359797835350037
0.3918832242488861
0.04947395622730255
0.047001127153635025
0.5725005865097046
0.028939615935087204
0.5669930577278137
0.7156244516372681
0.43329235911369324
0.3774189352989197
0.1753964126110077
0.6561436653137207
0.3560502231121063
0.32310548424720764
0.4669248163700104
0.15044397115707397
0.5209539532661438
0.3516729772090912
0.045735716819763184
0.46232232451438904
0.1743561029434204
0.3688572645187378
0.24970445036888123
0.1056891679763794
0.5896305441856384
0.04950905218720436
0.2557238042354584
0.4361352026462555
0.6208785176277161
0.11686094105243683
0.4689803421497345
0.6556601524353027
0.5134497284889221
0.3751286566257477
0.4713449776172638
0.06140945479273796
0.024218041449785233
0.26360511779785156
0.2648581862449646
0.39795276522636414
0.7242959141731262
0.6028876900672913
0.06202738359570503
0.16448411345481873
0.09763514995574951
0.2163035273551941
0.6052462458610535
0.6127353310585022
0.5238485336303711
0.1636742651462555
0.5593263506889343
0.3675908148288727
0.6756400465965271
0.3519010841846466
0.42534497380256653
0.16161678731441498
0.37090641260147095
0.4004755914211273
0.4191354811191559
0.23476473987102509
0.3695724904537201
0.5766879916191101
0.5050880312919617
0.6159151196479797
0.48119401931762695
0.37882739305496216
0.3616984486579895
0.636219322681427
0.22637224197387695
0.0920838713645935
0.21636401116847992
0.5291832089424133
0.6151359677314758
0.38825610280036926
0.6549916863441467
0.4941425621509552
0.5117316842079163
0.43716540932655334
0.25649014115333557
0.022385410964488983
0.16269852221012115
0.6484693884849548
0.005577707663178444
0.4818879961967468
0.2593526542186737
0.04574950039386749
0.3809107542037964
0.35602983832359314
0.07324741780757904
0.4580393433570862
0.09767661988735199
0.5164684653282166
0.3145007789134979
0.27191177010536194
0.6222200989723206
0.4831031262874603
0.5091833472251892
0.3261794149875641
0.3021358549594879
0.3706090748310089
0.3643626868724823
0.5159883499145508
0.16611164808273315
0.591837465763092
0.26199325919151306
0.29261571168899536
0.34225523471832275
0.4971761405467987
0.5440141558647156
0.461789608001709
0.138014018535614
0.4927200973033905
0.488617867231369
0.76856529712677
0.1467348039150238
0.5604384541511536
0.5818644762039185
0.4863259494304657
0.2689114511013031
0.5638396739959717
0.17378723621368408
0.37110164761543274
0.46505606174468994
0.4324478805065155
0.24858105182647705
0.41852614283561707
0.6187992691993713
0.4322364926338196
0.39216575026512146
0.6348748803138733
0.404116690158844
0.7401235699653625
0.07110357284545898
0.40658000111579895
0.1315305233001709
0.12770220637321472
0.5274630188941956
0.26634740829467773
0.43150052428245544
0.6309923529624939
0.2952446937561035
0.28426674008369446
0.715476393699646
0.508597195148468
0.490705281496048
0.11688312888145447
0.46193981170654297
0.34356528520584106
0.6177370548248291
0.09620536863803864
0.1196737289428711
0.6191725134849548
0.5574199557304382
0.7201895117759705
0.525600016117096
0.0035681240260601044
0.13701307773590088
0.5568122267723083
0.602677047252655
0.20845535397529602
0.06736154854297638
0.8326795697212219
0.3708639442920685
0.08161097764968872
0.47267377376556396
0.48311206698417664
0.4821230173110962
0.07124368846416473
0.17707011103630066
0.2936091125011444
0.06378763914108276
0.5195884704589844
0.48858875036239624
0.47763100266456604
0.5867315530776978
0.5137680172920227
0.4511428773403168
0.6080551743507385
0.13201594352722168
0.45888015627861023
0.022516317665576935
0.07812255620956421
0.4930756986141205
0.41223329305648804
0.6469777226448059
0.5673168897628784
0.5912908911705017
0.428101509809494
0.6295138597488403
0.6518869996070862
0.6293445229530334
0.520476758480072
0.26103606820106506
0.13613474369049072
0.27697449922561646
0.3198944628238678
0.3086760938167572
0.11384423077106476
0.4281383156776428
0.14641089737415314
0.3712657392024994
0.15929514169692993
0.19344720244407654
0.5501537919044495
0.2384793758392334
0.5220436453819275
0.41803956031799316
0.4506503641605377
0.0068984441459178925
0.4245670735836029
0.872253954410553
0.5236077308654785
0.4211806058883667
0.4902166426181793
0.5291764140129089
0.4513309597969055
0.1900903284549713
0.06788957118988037
0.5274676084518433
0.23278099298477173
0.4645560681819916
0.2953264117240906
0.38004767894744873
0.13646754622459412
0.5773909687995911
0.5759116411209106
0.5358564257621765
0.0417194664478302
0.2301996946334839
0.38899311423301697
0.48092302680015564
0.2974696457386017
0.16349053382873535
0.5131174921989441
0.04718875512480736
0.5548678636550903
0.5794194936752319
0.07166771590709686
0.3212479054927826
0.48024940490722656
0.19374364614486694
0.5099930167198181
0.5105366706848145
0.44715049862861633
0.3853725492954254
