0.000000
0.053646
0.087124
0.125142
0.134908
0.138064
0.138234
0.146945
0.147017
0.150759
0.152183
0.152843
0.153261
0.154049
0.156225
0.156536
0.156567
0.157437
0.157773
0.157827
0.158178
0.158381
0.158681
0.159336
0.159467
0.159752
0.160750
0.161094
0.161728
0.162159
0.163206
0.163281
0.163684
0.163784
0.164271
0.165367
0.165775
0.166309
0.166409
0.166581
0.166812
0.166894
0.167251
0.167382
0.167664
0.167798
0.167998
0.168129
0.168147
0.168185
0.168247
0.168275
0.168450
0.168463
0.168516
0.168529
0.168878
0.169017
0.169127
0.169404
0.169458
0.169643
0.169802
0.170118
0.170126
0.170408
0.170536
0.170721
0.171252
0.171463
0.171573
0.171589
0.172025
0.172161
0.172166
0.172230
0.172256
0.172315
0.172323
0.172341
0.172520
0.172615
0.172667
0.172785
0.172821
0.172823
0.172831
0.173419
0.173547
0.173567
0.173598
0.173768
0.173773
0.173821
0.173955
0.173965
0.174032
0.174045
0.174153
0.174309
0.174502
0.174607
0.174625
0.174958
0.175089
0.175136
0.175187
0.175197
0.175277
0.175318
0.175536
0.175728
0.175846
0.175893
0.175967
0.175967
0.175967
0.176036
0.176042
0.176054
0.176272
0.176321
0.176360
0.176480
0.176655
0.176888
0.176935
0.176968
0.176989
0.177060
0.177225
0.177299
0.177469
0.177525
0.177589
0.177697
0.177697
0.177751
0.177823
0.177956
0.178025
0.178082
0.178087
0.178144
0.178218
0.178313
0.178372
0.178372
0.178441
0.178457
0.178480
0.178682
0.178695
0.178711
0.178952
0.179229
0.179242
0.179245
0.179280
0.179280
0.179309
0.179329
0.179406
0.179445
0.179506
0.179540
0.179637
0.179701
0.179773
0.179786
0.179799
0.179825
0.179945
0.179981
0.180086
0.180212
0.180371
0.180382
0.180394
0.180412
0.180451
0.180602
0.180602
0.180761
0.180908
0.180977
0.180977
0.180997
0.181013
0.181064
0.181228
0.181259
0.181334
0.181344
0.181498
0.181557
0.181711
0.181732
0.181732
0.181875
0.181893
0.182019
0.182024
0.182042
0.182111
0.182119
0.182201
0.182437
0.182509
0.182519
0.182545
0.182596
0.182602
0.182735
0.182879
0.183117
0.183369
0.183377
0.183395
0.183407
0.183454
0.183587
0.183669
0.183777
0.183841
0.183859
0.183970
0.184088
0.184337
0.184390
0.184398
0.184424
0.184434
0.184503
0.184511
0.184529
0.184729
0.184786
0.184806
0.184924
0.184968
0.184978
0.185006
0.185101
0.185107
0.185284
0.185289
0.185376
0.185386
0.185409
0.185412
0.185602
0.185687
0.185799
0.185825
0.185843
0.185861
0.185889
0.185936
0.185971
0.186023
0.186079
0.186095
0.186100
0.186190
0.186197
0.186210
0.186444
0.186464
0.186539
0.186618
0.186631
0.186657
0.186731
0.186741
0.186749
0.186824
0.187108
0.187132
0.187244
0.187296
0.187309
0.187314
0.187360
0.187396
0.187545
0.187550
0.187581
0.187655
0.187676
0.187783
0.187873
0.187873
0.188027
0.188112
0.188115
0.188125
0.188158
0.188202
0.188297
0.188302
0.188363
0.188379
0.188456
0.188469
0.188499
0.188505
0.188512
0.188605
0.188648
0.188677
0.188710
0.188730
0.188730
0.188730
0.188841
0.188972
0.189198
0.189203
0.189218
0.189323
0.189493
0.189549
0.189634
0.189667
0.189675
0.189785
0.189875
0.189926
0.189944
0.190060
0.190111
0.190129
0.190163
0.190291
0.190363
0.190386
0.190391
0.190491
0.190655
0.190684
0.190699
0.190825
0.190848
0.190858
0.190951
0.190958
0.191040
0.191284
0.191300
0.191333
0.191425
0.191531
0.191559
0.191559
0.191659
0.191664
0.191695
0.191713
0.191828
0.191859
0.191874
0.191895
0.191928
0.191964
0.191987
0.192085
0.192103
0.192121
0.192134
0.192226
0.192234
0.192388
0.192390
0.192457
0.192496
0.192514
0.192670
0.192729
0.192755
0.192778
0.192827
0.192886
0.192911
0.192952
0.192978
0.192991
0.193009
0.193086
0.193132
0.193150
0.193155
0.193278
0.193291
0.193435
0.193497
0.193576
0.193622
0.193638
0.193733
0.193771
0.193779
0.193779
0.193856
0.193910
0.194033
0.194059
0.194107
0.194190
0.194190
0.194236
0.194254
0.194261
0.194359
0.194367
0.194456
0.194487
0.194497
0.194510
0.194521
0.194572
0.194726
0.194744
0.194744
0.194744
0.194744
0.194744
0.194749
0.194823
0.194823
0.194844
0.194888
0.194916
0.195003
0.195113
0.195131
0.195137
0.195180
0.195203
0.195203
0.195329
0.195347
0.195375
0.195434
0.195475
0.195483
0.195542
0.195542
0.195575
0.195847
0.195886
0.195904
0.196030
0.196061
0.196086
0.196130
0.196143
0.196333
0.196369
0.196379
0.196399
0.196415
0.196456
0.196476
0.196553
0.196648
0.196674
0.196766
0.196771
0.196925
0.196943
0.196979
0.196997
0.197110
0.197126
0.197128
0.197159
0.197380
0.197393
0.197423
0.197439
0.197523
0.197534
0.197562
0.197582
0.197618
0.197647
0.197706
0.197711
0.197729
0.197767
0.197770
0.197783
0.197870
0.197911
0.197955
0.198001
0.198001
0.198088
0.198096
0.198142
0.198270
0.198319
0.198358
0.198358
0.198422
0.198463
0.198486
0.198522
0.198573
0.198573
0.198591
0.198676
0.198807
0.198832
0.198943
0.198968
0.199002
0.199097
0.199097
0.199112
0.199112
0.199256
0.199294
0.199330
0.199374
0.199382
0.199387
0.199400
0.199471
0.199510
0.199528
0.199551
0.199579
0.199749
0.199759
0.199936
0.199944
0.199987
0.200000
0.200008
0.200028
0.200090
0.200139
0.200200
0.200252
0.200288
0.200306
0.200342
0.200372
0.200377
0.200380
0.200390
0.200426
0.200490
0.200531
0.200560
0.200616
0.200642
0.200680
0.200693
0.200706
0.200711
0.200732
0.200765
0.200857
0.200952
0.200960
0.200983
0.201006
0.201027
0.201032
0.201065
0.201124
0.201199
0.201394
0.201399
0.201514
0.201568
0.201571
0.201576
0.201612
0.201620
0.201632
0.201686
0.201712
0.201725
0.201812
0.201838
0.201863
0.201917
0.201974
0.201974
0.202010
0.202053
0.202076
0.202143
0.202146
0.202148
0.202153
0.202153
0.202169
0.202215
0.202259
0.202261
0.202274
0.202302
0.202336
0.202361
0.202541
0.202567
0.202577
0.202610
0.202613
0.202628
0.202641
0.202718
0.202759
0.202769
0.202823
0.202880
0.202882
0.202990
0.203008
0.203031
0.203031
0.203031
0.203142
0.203147
0.203216
0.203249
0.203260
0.203260
0.203298
0.203298
0.203319
0.203370
0.203378
0.203421
0.203483
0.203534
0.203583
0.203606
0.203616
0.203668
0.203691
0.203745
0.203976
0.203978
0.204117
0.204153
0.204178
0.204196
0.204235
0.204276
0.204297
0.204317
0.204332
0.204335
0.204343
0.204371
0.204448
0.204479
0.204530
0.204535
0.204566
0.204635
0.204710
0.204761
0.204769
0.204782
0.204794
0.204807
0.204853
0.204915
0.204925
0.204943
0.204943
0.205010
0.205010
0.205020
0.205092
0.205113
0.205136
0.205174
0.205241
0.205315
0.205357
0.205380
0.205390
0.205475
0.205480
0.205605
0.205611
0.205706
0.205711
0.205721
0.205729
0.205780
0.206006
0.206011
0.206029
0.206055
0.206057
0.206057
0.206106
0.206106
0.206137
0.206160
0.206170
0.206214
0.206229
0.206314
0.206352
0.206450
0.206455
0.206458
0.206465
0.206519
0.206553
0.206576
0.206627
0.206642
0.206691
0.206745
0.206758
0.206789
0.206801
0.206809
0.206817
0.206861
0.206878
0.206891
0.206997
0.207112
0.207151
0.207235
0.207251
0.207251
0.207410
0.207456
0.207577
0.207595
0.207597
0.207600
0.207659
0.207664
0.207666
0.207677
0.207697
0.207707
0.207731
0.207733
0.207818
0.207828
0.207851
0.207874
0.207877
0.207967
0.207977
0.207992
0.208013
0.208049
0.208049
0.208134
0.208146
0.208236
0.208239
0.208347
0.208390
0.208390
0.208477
0.208490
0.208652
0.208703
0.208760
0.208778
0.208788
0.208796
0.208829
0.209029
0.209170
0.209173
0.209242
0.209330
0.209350
0.209353
0.209363
0.209386
0.209417
0.209522
0.209527
0.209640
0.209720
0.209743
0.209866
0.209907
0.210040
0.210099
0.210120
0.210128
0.210146
0.210189
0.210253
0.210302
0.210405
0.210428
0.210441
0.210497
0.210502
0.210549
0.210592
0.210697
0.210826
0.210846
0.210851
0.210911
0.210941
0.210946
0.210998
0.211011
0.211016
0.211021
0.211029
0.211100
0.211118
0.211136
0.211170
0.211224
0.211236
0.211301
0.211313
0.211326
0.211352
0.211352
0.211355
0.211360
0.211362
0.211383
0.211426
0.211444
0.211470
0.211498
0.211568
0.211634
0.211714
0.211716
0.211765
0.211801
0.211922
0.211924
0.211986
0.212083
0.212158
0.212381
0.212440
0.212543
0.212558
0.212610
0.212648
0.212676
0.212689
0.212717
0.212799
0.212846
0.212884
0.212897
0.212912
0.213131
0.213138
0.213146
0.213154
0.213197
0.213223
0.213267
0.213431
0.213433
0.213513
0.213526
0.213749
0.213831
0.213847
0.213865
0.213934
0.214011
0.214078
0.214183
0.214203
0.214239
0.214316
0.214347
0.214375
0.214386
0.214393
0.214442
0.214488
0.214540
0.214578
0.214599
0.214622
0.214627
0.214732
0.214740
0.214758
0.214799
0.214799
0.214807
0.214822
0.214884
0.214891
0.215012
0.215027
0.215094
0.215127
0.215161
0.215253
0.215266
0.215281
0.215302
0.215302
0.215315
0.215369
0.215479
0.215579
0.215766
0.215892
0.215900
0.215969
0.215979
0.215990
0.216062
0.216121
0.216159
0.216200
0.216234
0.216318
0.216416
0.216459
0.216554
0.216567
0.216616
0.216634
0.216739
0.216772
0.216772
0.216798
0.216832
0.216898
0.216909
0.216937
0.216978
0.217016
0.217024
0.217037
0.217055
0.217206
0.217227
0.217240
0.217247
0.217252
0.217314
0.217337
0.217342
0.217350
0.217478
0.217537
0.217584
0.217722
0.217776
0.217784
0.217856
0.217902
0.217915
0.217935
0.217953
0.217994
0.218179
0.218199
0.218212
0.218212
0.218305
0.218312
0.218315
0.218423
0.218446
0.218543
0.218554
0.218685
0.218720
0.218762
0.218846
0.218908
0.218921
0.218926
0.218926
0.218926
0.219354
0.219385
0.219460
0.219478
0.219555
0.219560
0.219644
0.219734
0.219755
0.220065
0.220086
0.220117
0.220124
0.220296
0.220317
0.220340
0.220363
0.220489
0.220507
0.220509
0.220604
0.220681
0.220681
0.220730
0.220805
0.220825
0.220825
0.220833
0.220897
0.220905
0.220959
0.220974
0.220974
0.221061
0.221107
0.221141
0.221146
0.221236
0.221249
0.221379
0.221487
0.221557
0.221577
0.221728
0.221739
0.221826
0.221900
0.221918
0.221918
0.222008
0.222011
0.222070
0.222072
0.222116
0.222206
0.222260
0.222275
0.222275
0.222342
0.222370
0.222386
0.222388
0.222411
0.222486
0.222545
0.222586
0.222673
0.222688
0.222709
0.222863
0.222891
0.222891
0.222891
0.222899
0.222904
0.223007
0.223117
0.223145
0.223161
0.223176
0.223202
0.223238
0.223266
0.223340
0.223371
0.223584
0.223774
0.223787
0.223869
0.223882
0.223928
0.223964
0.223964
0.224013
0.224069
0.224077
0.224218
0.224257
0.224385
0.224434
0.224444
0.224536
0.224588
0.224613
0.224644
0.224675
0.224693
0.224726
0.224742
0.224785
0.224788
0.224898
0.224916
0.225014
0.225037
0.225065
0.225106
0.225119
0.225291
0.225319
0.225347
0.225404
0.225473
0.225560
0.225573
0.225802
0.225925
0.225963
0.226025
0.226053
0.226068
0.226089
0.226197
0.226282
0.226405
0.226469
0.226471
0.226669
0.226759
0.226792
0.226810
0.226900
0.227123
0.227123
0.227146
0.227185
0.227185
0.227208
0.227254
0.227367
0.227413
0.227529
0.227544
0.227624
0.227680
0.227685
0.227834
0.227839
0.227986
0.228022
0.228034
0.228153
0.228258
0.228286
0.228294
0.228307
0.228309
0.228332
0.228342
0.228342
0.228342
0.228342
0.228512
0.228514
0.228525
0.228548
0.228589
0.228622
0.228627
0.228638
0.228653
0.228656
0.228717
0.228720
0.228751
0.228856
0.229087
0.229102
0.229120
0.229128
0.229179
0.229182
0.229225
0.229228
0.229272
0.229313
0.229395
0.229446
0.229487
0.229639
0.229872
0.229965
0.229972
0.230047
0.230090
0.230106
0.230221
0.230252
0.230262
0.230426
0.230619
0.230670
0.230670
0.230814
0.230814
0.230837
0.230950
0.230968
0.231055
0.231150
0.231207
0.231240
0.231258
0.231299
0.231302
0.231379
0.231399
0.231463
0.231466
0.231520
0.231533
0.231561
0.231597
0.231612
0.231617
0.231640
0.231836
0.231918
0.231966
0.231987
0.232013
0.232064
0.232190
0.232290
0.232333
0.232339
0.232374
0.232428
0.232464
0.232603
0.232724
0.232913
0.233047
0.233170
0.233370
0.233432
0.233450
0.233509
0.233535
0.233537
0.233550
0.233578
0.233596
0.233699
0.233724
0.233730
0.233773
0.233784
0.233861
0.233889
0.234030
0.234220
0.234230
0.234302
0.234361
0.234405
0.234494
0.234530
0.234548
0.234566
0.234592
0.234607
0.234666
0.234828
0.234980
0.235008
0.235116
0.235362
0.235395
0.235524
0.235547
0.235567
0.235747
0.235803
0.236075
0.236176
0.236278
0.236288
0.236291
0.236414
0.236435
0.236435
0.236453
0.236512
0.236640
0.236691
0.236843
0.236871
0.237017
0.237020
0.237051
0.237051
0.237330
0.237330
0.237384
0.237390
0.237400
0.237418
0.237487
0.237487
0.237662
0.237682
0.237823
0.237885
0.237980
0.237980
0.238013
0.238075
0.238167
0.238226
0.238367
0.238419
0.238478
0.238588
0.238619
0.238698
0.238760
0.238786
0.238842
0.238899
0.239122
0.239166
0.239271
0.239466
0.239651
0.239658
0.239681
0.239684
0.239717
0.239728
0.239761
0.239828
0.239851
0.240107
0.240287
0.240303
0.240359
0.240516
0.240521
0.240590
0.240747
0.240939
0.240942
0.241324
0.241363
0.241378
0.241422
0.241501
0.241660
0.241681
0.241727
0.241778
0.241791
0.241850
0.241863
0.241891
0.242179
0.242279
0.242330
0.242512
0.242653
0.242769
0.242843
0.242879
0.242972
0.243010
0.243044
0.243062
0.243110
0.243149
0.243182
0.243182
0.243403
0.243403
0.243534
0.243618
0.243649
0.243678
0.243683
0.243842
0.243906
0.244016
0.244109
0.244237
0.244445
0.244491
0.244509
0.244512
0.244650
0.244784
0.244832
0.244938
0.244938
0.244989
0.245153
0.245228
0.245246
0.245279
0.245318
0.245387
0.245405
0.245410
0.245436
0.245582
0.245810
0.245854
0.245859
0.246244
0.246252
0.246360
0.246493
0.246524
0.246765
0.246806
0.247114
0.247147
0.247158
0.247212
0.247291
0.247348
0.247381
0.247463
0.247530
0.247558
0.247681
0.247712
0.247761
0.247812
0.247828
0.247948
0.248012
0.248030
0.248053
0.248133
0.248133
0.248238
0.248259
0.248302
0.248369
0.248390
0.248739
0.248746
0.248867
0.249008
0.249054
0.249180
0.249206
0.249216
0.249262
0.249383
0.249429
0.249434
0.249465
0.249475
0.249488
0.249506
0.249534
0.249634
0.249637
0.249670
0.249681
0.249760
0.249827
0.249865
0.250032
0.250084
0.250179
0.250214
0.250222
0.250279
0.250325
0.250415
0.250451
0.250453
0.250487
0.250633
0.250700
0.250864
0.250884
0.250902
0.251108
0.251305
0.251421
0.251511
0.251557
0.251559
0.251575
0.251600
0.251662
0.251778
0.251813
0.251855
0.251883
0.251914
0.251949
0.251957
0.252075
0.252121
0.252227
0.252227
0.252360
0.252563
0.252568
0.252604
0.252737
0.252750
0.252776
0.252848
0.252881
0.253063
0.253158
0.253215
0.253246
0.253351
0.253453
0.253566
0.253600
0.253618
0.253628
0.253631
0.253710
0.253715
0.253813
0.253844
0.253926
0.253939
0.253967
0.253972
0.254023
0.254152
0.254406
0.254434
0.254498
0.254637
0.254680
0.254829
0.254865
0.254870
0.255068
0.255078
0.255086
0.255188
0.255222
0.255253
0.255276
0.255461
0.255494
0.255581
0.255792
0.255807
0.255820
0.255992
0.256002
0.256048
0.256061
0.256364
0.256379
0.256428
0.256495
0.256551
0.256592
0.256646
0.256657
0.256857
0.256872
0.257103
0.257144
0.257206
0.257219
0.257334
0.257545
0.257642
0.257719
0.257763
0.257773
0.257811
0.257853
0.257855
0.257965
0.257989
0.258007
0.258389
0.258468
0.258548
0.258566
0.258679
0.258794
0.258964
0.259046
0.259077
0.259090
0.259256
0.259326
0.259326
0.259333
0.259339
0.259462
0.259472
0.259744
0.259754
0.259783
0.259788
0.259844
0.259857
0.259952
0.260003
0.260037
0.260116
0.260186
0.260227
0.260298
0.260391
0.260450
0.260458
0.260483
0.260537
0.260719
0.260768
0.260794
0.260799
0.260932
0.260986
0.261014
0.261022
0.261066
0.261253
0.261276
0.261307
0.261333
0.261361
0.261392
0.261412
0.261443
0.261502
0.261584
0.261674
0.261779
0.261813
0.261846
0.261990
0.262103
0.262108
0.262157
0.262177
0.262195
0.262205
0.262444
0.262693
0.262716
0.262747
0.262770
0.262785
0.262847
0.262862
0.263147
0.263258
0.263304
0.263437
0.263486
0.263584
0.263689
0.263717
0.263851
0.263920
0.264099
0.264159
0.264200
0.264215
0.264279
0.264551
0.264718
0.264851
0.264877
0.264890
0.264936
0.265059
0.265234
0.265249
0.265262
0.265380
0.265406
0.265501
0.265616
0.265711
0.265783
0.265845
0.266209
0.266217
0.266284
0.266463
0.266571
0.266574
0.266635
0.266674
0.266705
0.266869
0.266884
0.266933
0.266941
0.267028
0.267069
0.267403
0.267426
0.267539
0.267559
0.267621
0.267623
0.267726
0.267908
0.267944
0.267962
0.268183
0.268242
0.268275
0.268393
0.268424
0.268493
0.268496
0.268522
0.268537
0.268547
0.268550
0.268565
0.268570
0.268740
0.268824
0.268824
0.268873
0.268878
0.268919
0.269079
0.269084
0.269117
0.269132
0.269209
0.269235
0.269425
0.269484
0.269535
0.269548
0.269569
0.269700
0.269859
0.270026
0.270226
0.270249
0.270280
0.270328
0.270331
0.270336
0.270444
0.270459
0.270583
0.270603
0.270909
0.270947
0.271070
0.271204
0.271204
0.271211
0.271234
0.271293
0.271314
0.271558
0.271650
0.271812
0.271827
0.271945
0.272045
0.272056
0.272066
0.272107
0.272135
0.272228
0.272233
0.272264
0.272415
0.272436
0.272482
0.272515
0.272877
0.272913
0.272990
0.273064
0.273077
0.273270
0.273277
0.273357
0.273511
0.273516
0.273567
0.273875
0.273929
0.273932
0.274042
0.274335
0.274407
0.274450
0.274476
0.274489
0.274504
0.274535
0.274540
0.274689
0.274710
0.274722
0.274725
0.274776
0.274912
0.275012
0.275018
0.275028
0.275036
0.275074
0.275079
0.275256
0.275259
0.275295
0.275413
0.275413
0.275515
0.275533
0.275752
0.275790
0.275875
0.276031
0.276188
0.276196
0.276291
0.276306
0.276396
0.276552
0.276624
0.276691
0.276740
0.276973
0.276984
0.277161
0.277222
0.277230
0.277243
0.277381
0.277466
0.277556
0.277569
0.277597
0.277659
0.277661
0.277700
0.277728
0.277743
0.277771
0.277874
0.277951
0.278069
0.278277
0.278308
0.278457
0.278475
0.278477
0.278526
0.278613
0.278629
0.278767
0.278816
0.279006
0.279019
0.279029
0.279073
0.279096
0.279116
0.279188
0.279201
0.279211
0.279242
0.279265
0.279370
0.279445
0.279532
0.279550
0.279617
0.279676
0.279714
0.279796
0.279807
0.279889
0.280004
0.280025
0.280058
0.280063
0.280148
0.280187
0.280315
0.280335
0.280351
0.280353
0.280369
0.280384
0.280443
0.280448
0.280459
0.280489
0.280661
0.280726
0.280815
0.280820
0.280926
0.280933
0.281010
0.281087
0.281095
0.281167
0.281295
0.281457
0.281465
0.281624
0.281711
0.281765
0.281811
0.281891
0.281896
0.281986
0.282022
0.282088
0.282322
0.282324
0.282342
0.282414
0.282779
0.282799
0.282802
0.282933
0.282935
0.282948
0.282953
0.283056
0.283123
0.283151
0.283220
0.283246
0.283346
0.283351
0.283377
0.283587
0.283664
0.283785
0.283798
0.283813
0.283957
0.284003
0.284006
0.284036
0.284334
0.284722
0.284822
0.284942
0.285040
0.285053
0.285155
0.285243
0.285253
0.285340
0.285399
0.285409
0.285425
0.285543
0.285569
0.285576
0.285635
0.285751
0.285825
0.285884
0.285979
0.286033
0.286113
0.286210
0.286228
0.286297
0.286333
0.286390
0.286647
0.286682
0.286693
0.286708
0.286816
0.286913
0.287011
0.287055
0.287106
0.287111
0.287116
0.287162
0.287173
0.287183
0.287232
0.287504
0.287517
0.287527
0.287681
0.287712
0.287753
0.287773
0.287881
0.288074
0.288266
0.288274
0.288297
0.288333
0.288394
0.288466
0.288643
0.288707
0.288790
0.289046
0.289067
0.289095
0.289205
0.289277
0.289377
0.289454
0.289495
0.289521
0.289739
0.289760
0.289762
0.289783
0.289803
0.289829
0.290047
0.290096
0.290258
0.290314
0.290368
0.290460
0.290466
0.290612
0.290661
0.291028
0.291069
0.291279
0.291446
0.291610
0.291713
0.292034
0.292041
0.292129
0.292226
0.292231
0.292365
0.292455
0.292470
0.292793
0.292922
0.292960
0.293001
0.293032
0.293145
0.293230
0.293235
0.293327
0.293394
0.293399
0.293456
0.293584
0.293635
0.293776
0.294054
0.294082
0.294174
0.294231
0.294261
0.294338
0.294415
0.294700
0.294726
0.294785
0.294924
0.294939
0.295008
0.295044
0.295085
0.295203
0.295296
0.295437
0.295570
0.295604
0.295653
0.295660
0.295699
0.295704
0.295747
0.295889
0.295960
0.295986
0.296176
0.296310
0.296399
0.296433
0.296528
0.296556
0.296592
0.296635
0.296653
0.296653
0.296677
0.296730
0.296792
0.296900
0.296949
0.296974
0.297077
0.297090
0.297092
0.297095
0.297223
0.297275
0.297305
0.297372
0.297423
0.297426
0.297447
0.297452
0.297513
0.297526
0.297654
0.297657
0.297693
0.297757
0.297842
0.297878
0.297980
0.298155
0.298327
0.298442
0.298460
0.298468
0.298499
0.298555
0.298781
0.298797
0.298807
0.298822
0.298930
0.298953
0.299066
0.299099
0.299133
0.299138
0.299251
0.299351
0.299351
0.299446
0.299720
0.299813
0.300116
0.300254
0.300316
0.300385
0.300444
0.300652
0.300760
0.300860
0.300878
0.300893
0.300965
0.301104
0.301178
0.301373
0.301407
0.301414
0.301425
0.301455
0.301517
0.301620
0.301704
0.301822
0.301825
0.301887
0.301923
0.302056
0.302249
0.302356
0.302551
0.302700
0.302754
0.302767
0.302767
0.302770
0.302795
0.302852
0.302862
0.302906
0.302931
0.302941
0.303024
0.303036
0.303119
0.303142
0.303162
0.303178
0.303232
0.303232
0.303291
0.303486
0.303501
0.303624
0.303850
0.303858
0.304007
0.304040
0.304104
0.304217
0.304225
0.304250
0.304381
0.304402
0.304448
0.304620
0.304707
0.304707
0.304720
0.304910
0.304956
0.304987
0.305095
0.305162
0.305203
0.305231
0.305295
0.305346
0.305393
0.305529
0.305582
0.305621
0.305644
0.305662
0.305685
0.305857
0.305967
0.305975
0.306219
0.306281
0.306460
0.306530
0.306591
0.306601
0.306666
0.306686
0.306753
0.306820
0.306912
0.306971
0.306999
0.307004
0.307038
0.307040
0.307225
0.307228
0.307235
0.307235
0.307461
0.307502
0.307589
0.307690
0.307695
0.307795
0.307823
0.308021
0.308221
0.308285
0.308300
0.308442
0.308449
0.308529
0.308565
0.308632
0.308714
0.309068
0.309265
0.309268
0.309319
0.309453
0.309499
0.309535
0.309632
0.309735
0.309753
0.309779
0.309810
0.309869
0.309894
0.309928
0.309930
0.309974
0.310079
0.310097
0.310146
0.310153
0.310195
0.310295
0.310325
0.310356
0.310408
0.310508
0.310631
0.310641
0.310669
0.310672
0.310705
0.310795
0.310813
0.310831
0.311075
0.311154
0.311247
0.311303
0.311396
0.311421
0.311624
0.311678
0.311709
0.311770
0.311781
0.311837
0.311953
0.312101
0.312484
0.312525
0.312710
0.312743
0.312751
0.312912
0.313282
0.313436
0.313469
0.313495
0.313549
0.313926
0.313931
0.313949
0.314047
0.314075
0.314121
0.314129
0.314160
0.314170
0.314234
0.314314
0.314370
0.314381
0.314401
0.314550
0.314622
0.314663
0.314794
0.314799
0.314940
0.315014
0.315068
0.315076
0.315102
0.315330
0.315353
0.315764
0.315802
0.315856
0.315956
0.316074
0.316105
0.316216
0.316252
0.316316
0.316352
0.316459
0.316488
0.316529
0.316880
0.316975
0.317039
0.317129
0.317147
0.317345
0.317543
0.317548
0.317622
0.317666
0.317676
0.317763
0.317776
0.317817
0.317884
0.317945
0.318084
0.318189
0.318274
0.318413
0.318420
0.318461
0.318559
0.318613
0.318641
0.318805
0.318808
0.318949
0.319044
0.319139
0.319480
0.319485
0.319570
0.319624
0.319773
0.319783
0.319801
0.319917
0.319965
0.320030
0.320063
0.320078
0.320199
0.320253
0.320255
0.320361
0.320402
0.320563
0.320774
0.320776
0.320794
0.320805
0.320833
0.320894
0.320910
0.320933
0.320977
0.321020
0.321023
0.321038
0.321095
0.321107
0.321146
0.321279
0.321582
0.321628
0.321734
0.321770
0.321980
0.322173
0.322198
0.322470
0.322542
0.322547
0.322558
0.322591
0.322622
0.322678
0.322732
0.322778
0.322837
0.323014
0.323091
0.323194
0.323235
0.323238
0.323351
0.323389
0.323515
0.323620
0.323789
0.323795
0.323828
0.323918
0.323992
0.324051
0.324064
0.324087
0.324100
0.324113
0.324277
0.324429
0.324485
0.324583
0.324667
0.324680
0.324726
0.324729
0.324762
0.325201
0.325224
0.325247
0.325809
0.325861
0.325874
0.325943
0.326138
0.326192
0.326269
0.326361
0.326369
0.326384
0.326397
0.326510
0.326520
0.326638
0.326677
0.326808
0.326841
0.326890
0.327154
0.327200
0.327231
0.327252
0.327339
0.327398
0.327413
0.327421
0.327442
0.327485
0.327488
0.327557
0.327727
0.327745
0.327809
0.327963
0.328106
0.328114
0.328142
0.328312
0.328319
0.328437
0.328512
0.328532
0.328538
0.328635
0.328794
0.328833
0.328971
0.329051
0.329071
0.329231
0.329410
0.329536
0.329949
0.329957
0.330036
0.330111
0.330155
0.330178
0.330185
0.330291
0.330421
0.330545
0.330837
0.330914
0.330945
0.330945
0.330960
0.331225
0.331289
0.331351
0.331718
0.331746
0.331759
0.331830
0.331954
0.332156
0.332323
0.332346
0.332762
0.332931
0.332934
0.332998
0.333006
0.333121
0.333157
0.333301
0.333345
0.333524
0.333545
0.333565
0.333609
0.333753
0.333773
0.333817
0.333897
0.333917
0.334056
0.334133
0.334161
0.334217
0.334225
0.334256
0.334538
0.334779
0.334813
0.334820
0.334846
0.335031
0.335046
0.335254
0.335344
0.335485
0.335585
0.335649
0.335701
0.335719
0.335762
0.335788
0.335852
0.335860
0.336027
0.336063
0.336086
0.336127
0.336142
0.336147
0.336150
0.336176
0.336489
0.336571
0.336674
0.336704
0.336810
0.336994
0.337020
0.337336
0.337351
0.337423
0.337549
0.337597
0.337610
0.337626
0.337659
0.337759
0.337816
0.337823
0.337857
0.338149
0.338319
0.338532
0.338663
0.338673
0.338881
0.339058
0.339140
0.339225
0.339253
0.339304
0.339353
0.339386
0.339492
0.339584
0.339620
0.339764
0.339802
0.339874
0.339997
0.340205
0.340228
0.340297
0.340313
0.340482
0.340508
0.340549
0.340657
0.340759
0.340806
0.340860
0.340901
0.340975
0.341019
0.341096
0.341119
0.341329
0.341378
0.341388
0.341581
0.341586
0.341624
0.341640
0.341676
0.341860
0.341878
0.342068
0.342448
0.342458
0.342464
0.342482
0.342510
0.342535
0.342561
0.342579
0.342661
0.342707
0.342718
0.342756
0.342800
0.342808
0.343149
0.343234
0.343331
0.343331
0.343347
0.343354
0.343367
0.343393
0.343513
0.343647
0.343706
0.343711
0.343714
0.343716
0.344142
0.344188
0.344273
0.344358
0.344401
0.344430
0.344486
0.344745
0.344835
0.344922
0.345241
0.345246
0.345556
0.345739
0.345756
0.345764
0.345800
0.345836
0.345910
0.345987
0.346226
0.346231
0.346342
0.346449
0.346491
0.346670
0.346706
0.346968
0.347086
0.347266
0.347430
0.347471
0.347499
0.347553
0.347561
0.347594
0.347630
0.347733
0.347751
0.347789
0.347925
0.347951
0.347979
0.348226
0.348274
0.348410
0.348462
0.348605
0.348700
0.348775
0.348795
0.348811
0.348841
0.348972
0.348993
0.349283
0.349414
0.349470
0.349704
0.349717
0.349750
0.349907
0.349989
0.350053
0.350073
0.350171
0.350417
0.350677
0.350756
0.350841
0.350861
0.350949
0.351010
0.351051
0.351074
0.351092
0.351141
0.351156
0.351380
0.351488
0.351488
0.351498
0.351754
0.351870
0.351932
0.352027
0.352201
0.352304
0.352440
0.352463
0.352530
0.352535
0.352553
0.352591
0.352655
0.352720
0.352848
0.353217
0.353310
0.353320
0.353335
0.353484
0.353613
0.353633
0.353649
0.353856
0.353895
0.353905
0.354093
0.354293
0.354331
0.354406
0.354416
0.354531
0.354601
0.354668
0.354827
0.355027
0.355027
0.355035
0.355171
0.355314
0.355420
0.355448
0.355514
0.355594
0.355676
0.355830
0.355830
0.355948
0.356290
0.356354
0.356374
0.356474
0.356526
0.356580
0.356693
0.357180
0.357339
0.357496
0.357655
0.357871
0.357953
0.357991
0.358073
0.358081
0.358084
0.358158
0.358173
0.358492
0.358533
0.358540
0.358569
0.358597
0.358820
0.358987
0.359033
0.359092
0.359105
0.359126
0.359393
0.359426
0.359428
0.359726
0.359757
0.359765
0.359808
0.359888
0.360137
0.360293
0.360306
0.360411
0.360488
0.360735
0.360743
0.360899
0.361004
0.361066
0.361076
0.361140
0.361189
0.361228
0.361276
0.361358
0.361392
0.361541
0.361867
0.361874
0.362121
0.362264
0.362344
0.362388
0.362442
0.362637
0.362793
0.362829
0.362842
0.362929
0.362942
0.363212
0.363355
0.363383
0.363389
0.363399
0.363445
0.363450
0.363481
0.363502
0.363535
0.363602
0.363650
0.363812
0.363828
0.363961
0.364105
0.364266
0.364313
0.364523
0.364567
0.364595
0.364603
0.364626
0.364633
0.364713
0.364857
0.365391
0.365406
0.365560
0.365660
0.365881
0.365950
0.366073
0.366214
0.366222
0.366304
0.366330
0.366345
0.366376
0.366525
0.366646
0.366710
0.366792
0.366810
0.366938
0.366974
0.367038
0.367051
0.367172
0.367267
0.367369
0.367457
0.367464
0.367562
0.367570
0.367621
0.367839
0.367919
0.368080
0.368126
0.368368
0.368411
0.368432
0.368552
0.368619
0.368807
0.369043
0.369086
0.369343
0.369399
0.369625
0.370005
0.370036
0.370062
0.370072
0.370074
0.370098
0.370105
0.370241
0.370488
0.370788
0.370821
0.370873
0.371024
0.371209
0.371219
0.371229
0.371342
0.371350
0.371473
0.371514
0.371599
0.371766
0.371961
0.371961
0.372064
0.372087
0.372097
0.372192
0.372246
0.372292
0.372325
0.372364
0.372513
0.372572
0.372749
0.372857
0.372880
0.372959
0.372990
0.373183
0.373288
0.373375
0.373467
0.373719
0.373727
0.373747
0.373922
0.373924
0.373950
0.373958
0.373958
0.373965
0.374058
0.374166
0.374309
0.374312
0.374558
0.374669
0.374684
0.374717
0.374823
0.374869
0.374871
0.374971
0.374971
0.374977
0.374987
0.375064
0.375133
0.375143
0.375210
0.375336
0.375613
0.375657
0.375770
0.375800
0.375947
0.375960
0.376003
0.376013
0.376057
0.376126
0.376309
0.376401
0.376465
0.376529
0.376581
0.376652
0.376676
0.376747
0.376781
0.376817
0.376827
0.376827
0.376842
0.376937
0.376981
0.377107
0.377479
0.377553
0.377589
0.377633
0.377674
0.377756
0.377810
0.377861
0.377884
0.377946
0.377982
0.378046
0.378144
0.378187
0.378190
0.378190
0.378290
0.378380
0.378411
0.378439
0.378482
0.378644
0.378665
0.378675
0.378713
0.378824
0.378831
0.378831
0.378849
0.379060
0.379175
0.379186
0.379445
0.379483
0.379563
0.379601
0.379755
0.379779
0.379889
0.380140
0.380181
0.380225
0.380261
0.380495
0.380559
0.380633
0.380664
0.380677
0.380720
0.380813
0.381036
0.381129
0.381259
0.381280
0.381285
0.381555
0.381619
0.381683
0.381729
0.381881
0.381934
0.381960
0.382029
0.382083
0.382124
0.382294
0.382327
0.382394
0.382402
0.382437
0.382512
0.382599
0.382663
0.382679
0.382697
0.382905
0.382979
0.383046
0.383197
0.383256
0.383305
0.383410
0.383472
0.383605
0.383677
0.383716
0.383798
0.383831
0.383859
0.383893
0.383895
0.383995
0.384085
0.384478
0.384483
0.384519
0.384701
0.384729
0.384837
0.384860
0.384924
0.385027
0.385030
0.385191
0.385230
0.385487
0.385489
0.385512
0.385669
0.385777
0.385851
0.385918
0.385966
0.386000
0.386082
0.386123
0.386159
0.386262
0.386290
0.386326
0.386369
0.386382
0.386454
0.386457
0.386459
0.386464
0.386516
0.386544
0.386618
0.386803
0.386821
0.386831
0.386878
0.386914
0.386937
0.387578
0.387645
0.387699
0.387899
0.387914
0.388007
0.388066
0.388086
0.388192
0.388235
0.388338
0.388351
0.388487
0.388525
0.388636
0.388638
0.388718
0.388859
0.389018
0.389049
0.389267
0.389375
0.389377
0.389519
0.389524
0.389629
0.389637
0.389791
0.389827
0.389891
0.389991
0.390265
0.390460
0.390537
0.390674
0.390674
0.390725
0.390881
0.390912
0.390935
0.391048
0.391061
0.391133
0.391171
0.391323
0.391408
0.391523
0.391608
0.391618
0.391705
0.391713
0.391908
0.392067
0.392090
0.392275
0.392509
0.392604
0.392609
0.392619
0.392688
0.392775
0.392819
0.392855
0.392863
0.392873
0.392917
0.392927
0.392935
0.392953
0.393053
0.393160
0.393168
0.393212
0.393279
0.393386
0.393466
0.393520
0.393630
0.393751
0.393789
0.393869
0.394318
0.394487
0.394516
0.394595
0.394621
0.394641
0.394662
0.394693
0.394790
0.394834
0.394854
0.394857
0.394895
0.394903
0.394993
0.395029
0.395116
0.395209
0.395339
0.395445
0.395473
0.395478
0.395578
0.395637
0.395706
0.395717
0.395783
0.395837
0.395845
0.395871
0.395981
0.395986
0.396025
0.396068
0.396289
0.396315
0.396322
0.396420
0.396523
0.396548
0.396797
0.396833
0.397013
0.397041
0.397144
0.397167
0.397167
0.397172
0.397218
0.397241
0.397272
0.397375
0.397413
0.397483
0.397577
0.397649
0.397675
0.397675
0.397703
0.397726
0.397891
0.397927
0.397939
0.397950
0.398101
0.398104
0.398111
0.398142
0.398260
0.398355
0.398440
0.398604
0.398730
0.398856
0.399164
0.399169
0.399233
0.399402
0.399451
0.399464
0.399472
0.399513
0.399546
0.399754
0.399754
0.399839
0.399864
0.399898
0.399985
0.400247
0.400393
0.400516
0.400596
0.400627
0.400778
0.400870
0.401012
0.401173
0.401183
0.401186
0.401294
0.401302
0.401345
0.401358
0.401358
0.401371
0.401404
0.401438
0.401479
0.401550
0.401584
0.401635
0.401712
0.401774
0.401802
0.401802
0.401974
0.401974
0.401992
0.402072
0.402297
0.402359
0.402449
0.402492
0.402523
0.402652
0.402657
0.402821
0.402998
0.403067
0.403070
0.403083
0.403147
0.403173
0.403224
0.403291
0.403332
0.403337
0.403691
0.403719
0.403755
0.403896
0.403925
0.403953
0.403955
0.403971
0.403994
0.404012
0.404143
0.404181
0.404407
0.404428
0.404446
0.404479
0.404669
0.404689
0.404815
0.404828
0.404879
0.404913
0.404936
0.404969
0.405113
0.405149
0.405341
0.405513
0.405529
0.405811
0.405908
0.405939
0.405947
0.405962
0.406073
0.406083
0.406152
0.406175
0.406196
0.406327
0.406373
0.406381
0.406458
0.406517
0.406566
0.406609
0.406627
0.406640
0.406666
0.406899
0.407010
0.407045
0.407146
0.407146
0.407269
0.407456
0.407474
0.407500
0.407561
0.407577
0.407667
0.407762
0.407828
0.407849
0.407946
0.407946
0.407995
0.408003
0.408062
0.408098
0.408103
0.408280
0.408308
0.408549
0.408578
0.408642
0.408901
0.408924
0.409022
0.409024
0.409117
0.409135
0.409283
0.409317
0.409512
0.409530
0.409532
0.409563
0.409635
0.409774
0.409774
0.409835
0.409935
0.409989
0.410015
0.410079
0.410100
0.410184
0.410220
0.410328
0.410349
0.410510
0.410572
0.410605
0.410669
0.410698
0.410854
0.410888
0.410898
0.410939
0.410952
0.411060
0.411075
0.411326
0.411445
0.411493
0.411534
0.411575
0.411660
0.411794
0.411912
0.412035
0.412043
0.412120
0.412148
0.412176
0.412240
0.412256
0.412263
0.412322
0.412322
0.412415
0.412430
0.412715
0.412748
0.412784
0.412946
0.412966
0.412979
0.412984
0.413020
0.413041
0.413049
0.413079
0.413164
0.413177
0.413213
0.413239
0.413416
0.413428
0.413431
0.413472
0.413547
0.413562
0.413631
0.413636
0.413693
0.413811
0.413824
0.413826
0.413870
0.413939
0.413983
0.414024
0.414219
0.414278
0.414337
0.414340
0.414355
0.414519
0.414712
0.414789
0.414794
0.414843
0.414868
0.414950
0.414994
0.415161
0.415163
0.415181
0.415271
0.415312
0.415346
0.415351
0.415361
0.415438
0.415502
0.415607
0.415697
0.415856
0.415949
0.416118
0.416326
0.416590
0.416606
0.416639
0.416714
0.416742
0.416796
0.416904
0.416996
0.417096
0.417124
0.417145
0.417263
0.417271
0.417291
0.417378
0.417494
0.417502
0.417504
0.417530
0.417673
0.417697
0.417725
0.417820
0.417879
0.417958
0.417979
0.418017
0.418035
0.418151
0.418192
0.418310
0.418338
0.418356
0.418410
0.418410
0.418538
0.418551
0.418572
0.418605
0.418662
0.418667
0.418721
0.418793
0.418823
0.418839
0.418885
0.418893
0.419026
0.419116
0.419242
0.419488
0.419627
0.419632
0.419727
0.419881
0.419924
0.420022
0.420032
0.420073
0.420083
0.420101
0.420153
0.420207
0.420330
0.420402
0.420420
0.420445
0.420450
0.420638
0.420717
0.420848
0.420959
0.421033
0.421087
0.421151
0.421262
0.421279
0.421623
0.421747
0.421754
0.421780
0.421893
0.421913
0.422088
0.422088
0.422157
0.422209
0.422350
0.422398
0.422434
0.422478
0.422483
0.422491
0.422499
0.422653
0.422673
0.422809
0.422863
0.422866
0.422889
0.423174
0.423176
0.423222
0.423233
0.423374
0.423474
0.423892
0.424021
0.424126
0.424149
0.424157
0.424162
0.424187
0.424272
0.424449
0.424611
0.424714
0.424742
0.424757
0.424765
0.424808
0.424842
0.424988
0.425160
0.425288
0.425435
0.425437
0.425507
0.425591
0.425620
0.425666
0.425732
0.425753
0.425761
0.425833
0.425833
0.425845
0.425845
0.425902
0.425930
0.425984
0.426479
0.426582
0.426649
0.426682
0.426759
0.426772
0.426903
0.426946
0.426946
0.426962
0.426977
0.427016
0.427059
0.427118
0.427190
0.427229
0.427347
0.427508
0.427591
0.427834
0.427860
0.427932
0.427940
0.427976
0.428058
0.428255
0.428296
0.428325
0.428355
0.428445
0.428504
0.428548
0.428579
0.428617
0.428630
0.428692
0.428799
0.428918
0.428951
0.429056
0.429305
0.429474
0.429474
0.429546
0.429641
0.429690
0.429939
0.429977
0.430016
0.430083
0.430221
0.430232
0.430316
0.430386
0.430409
0.430652
0.430714
0.430763
0.430912
0.430925
0.431202
0.431209
0.431263
0.431271
0.431425
0.431435
0.431448
0.431533
0.431558
0.431574
0.431736
0.431802
0.431892
0.432023
0.432123
0.432218
0.432287
0.432339
0.432349
0.432408
0.432570
0.432606
0.432629
0.432711
0.432729
0.432939
0.432978
0.433073
0.433227
0.433234
0.433247
0.433337
0.433463
0.433499
0.433555
0.433601
0.433645
0.433668
0.433694
0.433699
0.433704
0.433814
0.433915
0.433994
0.434143
0.434389
0.434407
0.434564
0.434602
0.434713
0.434828
0.435062
0.435136
0.435637
0.435742
0.435760
0.435855
0.435855
0.435865
0.435978
0.435999
0.436017
0.436091
0.436355
0.436371
0.436394
0.436420
0.436445
0.436550
0.436594
0.436609
0.436643
0.436674
0.436810
0.436830
0.436840
0.436840
0.436956
0.437087
0.437151
0.437459
0.437513
0.437515
0.437577
0.437621
0.437713
0.437739
0.437754
0.437787
0.437918
0.438170
0.438208
0.438434
0.438442
0.438655
0.438735
0.438768
0.438999
0.439068
0.439189
0.439227
0.439243
0.439256
0.439261
0.439297
0.439322
0.439325
0.439330
0.439333
0.439345
0.439433
0.439569
0.439620
0.439792
0.439807
0.439923
0.440126
0.440149
0.440231
0.440244
0.440318
0.440354
0.440382
0.440431
0.440439
0.440644
0.440718
0.440724
0.440757
0.440775
0.440777
0.440829
0.440916
0.440985
0.441008
0.441055
0.441124
0.441196
0.441198
0.441270
0.441324
0.441363
0.441522
0.441586
0.441640
0.441694
0.441712
0.441773
0.441784
0.441794
0.441827
0.441827
0.441940
0.441991
0.442151
0.442153
0.442187
0.442269
0.442284
0.442333
0.442505
0.442554
0.442826
0.442962
0.443295
0.443298
0.443339
0.443344
0.443444
0.443454
0.443562
0.443588
0.443601
0.443662
0.443708
0.443734
0.443862
0.443968
0.444050
0.444206
0.444314
0.444332
0.444366
0.444676
0.444753
0.444930
0.444930
0.445035
0.445082
0.445174
0.445195
0.445315
0.445397
0.445400
0.445433
0.445464
0.445559
0.445590
0.445633
0.445654
0.445680
0.445808
0.445846
0.445898
0.445944
0.445970
0.446031
0.446041
0.446090
0.446111
0.446252
0.446306
0.446355
0.446447
0.446475
0.446627
0.446629
0.446814
0.446819
0.446819
0.446909
0.446965
0.447035
0.447199
0.447209
0.447445
0.447525
0.447574
0.447656
0.447666
0.447748
0.447905
0.447956
0.448036
0.448054
0.448213
0.448262
0.448297
0.448300
0.448356
0.448362
0.448367
0.448380
0.448423
0.448426
0.448623
0.448644
0.448646
0.448811
0.448831
0.448888
0.448890
0.448967
0.448998
0.449057
0.449070
0.449129
0.449142
0.449162
0.449227
0.449386
0.449696
0.449771
0.449814
0.450009
0.450017
0.450027
0.450056
0.450081
0.450158
0.450235
0.450266
0.450371
0.450533
0.450636
0.450677
0.450800
0.450805
0.450926
0.450926
0.450938
0.450974
0.451008
0.451031
0.451072
0.451200
0.451234
0.451346
0.451362
0.451385
0.451462
0.451498
0.451731
0.451829
0.452104
0.452122
0.452193
0.452296
0.452296
0.452304
0.452373
0.452537
0.452550
0.452584
0.452589
0.452622
0.452679
0.452712
0.452727
0.452789
0.452848
0.453071
0.453097
0.453125
0.453202
0.453212
0.453246
0.453277
0.453700
0.453767
0.453841
0.453931
0.454026
0.454057
0.454062
0.454190
0.454388
0.454424
0.454470
0.454560
0.454570
0.454647
0.454742
0.454809
0.454811
0.454893
0.455012
0.455253
0.455343
0.455476
0.455486
0.455530
0.455586
0.455676
0.455799
0.455812
0.455812
0.455817
0.455846
0.455900
0.455977
0.455987
0.456225
0.456241
0.456310
0.456315
0.456539
0.456559
0.456559
0.456659
0.456667
0.456877
0.456921
0.456977
0.456993
0.457111
0.457147
0.457237
0.457262
0.457573
0.457591
0.457670
0.457694
0.457978
0.458037
0.458053
0.458104
0.458148
0.458230
0.458233
0.458266
0.458340
0.458584
0.458620
0.458677
0.458723
0.458736
0.458818
0.458869
0.458897
0.458961
0.459002
0.459015
0.459072
0.459144
0.459149
0.459167
0.459198
0.459228
0.459277
0.459282
0.459364
0.459580
0.459608
0.459667
0.459685
0.459754
0.460057
0.460088
0.460114
0.460181
0.460442
0.460501
0.460509
0.460545
0.460637
0.460681
0.460755
0.460881
0.460948
0.461022
0.461045
0.461153
0.461189
0.461202
0.461428
0.461459
0.461469
0.461507
0.461618
0.461656
0.461705
0.461726
0.461926
0.461977
0.462003
0.462005
0.462095
0.462144
0.462164
0.462265
0.462298
0.462300
0.462424
0.462493
0.462552
0.462619
0.462675
0.462698
0.463273
0.463283
0.463309
0.463371
0.463376
0.463386
0.463443
0.463489
0.463556
0.463566
0.463568
0.463576
0.463594
0.463846
0.463864
0.463928
0.463946
0.464007
0.464418
0.464544
0.464667
0.464757
0.464813
0.464941
0.464988
0.465077
0.465111
0.465126
0.465157
0.465175
0.465280
0.465306
0.465375
0.465475
0.465557
0.465586
0.465701
0.465709
0.465799
0.465806
0.465876
0.465899
0.466055
0.466122
0.466130
0.466132
0.466155
0.466279
0.466515
0.466543
0.466605
0.466615
0.466674
0.466746
0.466779
0.466794
0.467049
0.467136
0.467146
0.467149
0.467221
0.467226
0.467344
0.467487
0.467552
0.467562
0.467577
0.467906
0.467911
0.467937
0.467965
0.468098
0.468111
0.468119
0.468165
0.468204
0.468429
0.468442
0.468619
0.468673
0.468701
0.468804
0.468940
0.469043
0.469068
0.469117
0.469187
0.469202
0.469289
0.469356
0.469369
0.469374
0.469438
0.469546
0.469548
0.469554
0.469556
0.469592
0.469628
0.469751
0.469813
0.469980
0.469982
0.470072
0.470175
0.470426
0.470431
0.470470
0.470472
0.470475
0.470529
0.470537
0.470578
0.470737
0.470809
0.470963
0.471137
0.471263
0.471437
0.471530
0.471543
0.471553
0.471743
0.471858
0.471922
0.471938
0.471948
0.472048
0.472066
0.472079
0.472159
0.472182
0.472241
0.472261
0.472297
0.472526
0.472531
0.472708
0.472721
0.472831
0.472869
0.472934
0.472949
0.473029
0.473190
0.473290
0.473329
0.473406
0.473421
0.473421
0.473447
0.473493
0.473534
0.473557
0.473624
0.473665
0.473691
0.473863
0.473888
0.473896
0.473899
0.474094
0.474112
0.474145
0.474253
0.474281
0.474450
0.474463
0.474625
0.474643
0.474684
0.474720
0.474743
0.474761
0.474887
0.474989
0.475038
0.475038
0.475084
0.475154
0.475154
0.475236
0.475328
0.475351
0.475426
0.475608
0.475659
0.475677
0.475747
0.475872
0.475967
0.476170
0.476216
0.476257
0.476291
0.476321
0.476373
0.476745
0.476786
0.476842
0.476889
0.476896
0.476948
0.476973
0.477071
0.477130
0.477133
0.477369
0.477443
0.477602
0.477687
0.477736
0.477754
0.477872
0.477920
0.477982
0.477990
0.478010
0.478010
0.478236
0.478254
0.478295
0.478321
0.478377
0.478377
0.478457
0.478891
0.478901
0.478911
0.478927
0.478973
0.479109
0.479155
0.479173
0.479242
0.479347
0.479594
0.479627
0.479720
0.479789
0.479948
0.479969
0.480012
0.480189
0.480192
0.480223
0.480248
0.480328
0.480389
0.480415
0.480451
0.480633
0.480641
0.480690
0.480726
0.480810
0.480957
0.481013
0.481118
0.481177
0.481183
0.481208
0.481288
0.481378
0.481455
0.481467
0.481526
0.481683
0.481809
0.481873
0.481893
0.481935
0.481942
0.481963
0.482081
0.482242
0.482271
0.482407
0.482512
0.482540
0.482640
0.482653
0.482663
0.482740
0.482789
0.482851
0.482910
0.483243
0.483267
0.483292
0.483382
0.483428
0.483456
0.483462
0.483472
0.483533
0.483610
0.483672
0.483980
0.484044
0.484129
0.484170
0.484185
0.484270
0.484273
0.484311
0.484504
0.484563
0.484655
0.484714
0.485258
0.485363
0.485399
0.485499
0.485520
0.485574
0.485607
0.485633
0.485700
0.485718
0.485820
0.485864
0.485928
0.486064
0.486077
0.486236
0.486390
0.486482
0.486503
0.486588
0.486711
0.486796
0.486821
0.486826
0.487062
0.487062
0.487080
0.487083
0.487121
0.487175
0.487183
0.487260
0.487460
0.487476
0.487478
0.487542
0.487583
0.487691
0.487863
0.487961
0.488048
0.488179
0.488241
0.488389
0.488464
0.488510
0.488651
0.488656
0.488674
0.488828
0.488859
0.488887
0.488887
0.488916
0.488926
0.488977
0.488987
0.488990
0.489026
0.489362
0.489385
0.489483
0.489560
0.489570
0.489734
0.489742
0.489768
0.489778
0.489821
0.489834
0.489865
0.489963
0.490073
0.490140
0.490268
0.490366
0.490535
0.490856
0.490864
0.491012
0.491074
0.491077
0.491343
0.491392
0.491436
0.491464
0.491490
0.491526
0.491539
0.491549
0.491549
0.491616
0.491649
0.491682
0.491710
0.491726
0.491798
0.491808
0.491941
0.492126
0.492208
0.492247
0.492283
0.492344
0.492652
0.492678
0.492701
0.492812
0.492899
0.493012
0.493125
0.493279
0.493302
0.493325
0.493340
0.493404
0.493492
0.493548
0.493641
0.493648
0.493705
0.493707
0.493710
0.493841
0.493884
0.493995
0.494023
0.494059
0.494156
0.494195
0.494208
0.494264
0.494418
0.494513
0.494529
0.494641
0.494760
0.494803
0.494862
0.495026
0.495078
0.495134
0.495137
0.495162
0.495196
0.495219
0.495278
0.495322
0.495442
0.495509
0.495560
0.495699
0.495717
0.495884
0.495902
0.495932
0.495940
0.496004
0.496004
0.496248
0.496287
0.496287
0.496340
0.496376
0.496376
0.496405
0.496459
0.496582
0.496584
0.496643
0.496736
0.496749
0.496769
0.496813
0.496844
0.496936
0.496949
0.496992
0.497000
0.497167
0.497190
0.497221
0.497223
0.497262
0.497285
0.497383
0.497413
0.497488
0.497570
0.497667
0.497750
0.497850
0.497937
0.498073
0.498191
0.498217
0.498363
0.498365
0.498373
0.498427
0.498535
0.498607
0.498689
0.498753
0.498897
0.499035
0.499056
0.499161
0.499210
0.499300
0.499328
0.499343
0.499710
0.499746
0.499798
0.499808
0.499869
0.499869
0.499895
0.500003
0.500031
0.500085
0.500124
0.500129
0.500147
0.500162
0.500172
0.500249
0.500272
0.500401
0.500524
0.500619
0.500681
0.500688
0.500742
0.500778
0.500919
0.501237
0.501350
0.501363
0.501415
0.501476
0.501604
0.501640
0.501687
0.501748
0.501851
0.501869
0.501907
0.501943
0.501956
0.502046
0.502113
0.502195
0.502267
0.502341
0.502356
0.502510
0.502585
0.502646
0.502682
0.502780
0.502800
0.502829
0.502862
0.502942
0.503047
0.503132
0.503134
0.503165
0.503227
0.503278
0.503465
0.503499
0.503509
0.503617
0.503696
0.503724
0.503745
0.503760
0.503781
0.503786
0.503796
0.503799
0.503801
0.503817
0.503940
0.503979
0.503996
0.504022
0.504086
0.504245
0.504307
0.504423
0.504423
0.504461
0.504577
0.504636
0.504700
0.504869
0.504895
0.504954
0.504979
0.505133
0.505195
0.505285
0.505308
0.505336
0.505341
0.505518
0.505549
0.505683
0.505685
0.505698
0.505703
0.505706
0.505734
0.505811
0.505929
0.506045
0.506163
0.506288
0.506294
0.506319
0.506409
0.506455
0.506648
0.506743
0.506781
0.506807
0.506989
0.507069
0.507069
0.507069
0.507413
0.507433
0.507487
0.507508
0.507564
0.507572
0.507667
0.507836
0.507898
0.508193
0.508236
0.508249
0.508252
0.508439
0.508498
0.508550
0.508565
0.508665
0.508701
0.508724
0.508727
0.508788
0.508929
0.508935
0.509063
0.509101
0.509127
0.509296
0.509299
0.509396
0.509533
0.509620
0.509753
0.509756
0.509769
0.509807
0.509861
0.509871
0.509892
0.509933
0.509964
0.509966
0.510125
0.510161
0.510174
0.510267
0.510477
0.510541
0.510736
0.510754
0.510754
0.510772
0.510785
0.510798
0.510857
0.511250
0.511401
0.511516
0.511522
0.511552
0.511676
0.511676
0.511696
0.511706
0.511750
0.511855
0.511881
0.511883
0.512145
0.512191
0.512235
0.512315
0.512358
0.512453
0.512497
0.512512
0.512556
0.512679
0.512741
0.512769
0.512797
0.512902
0.513000
0.513018
0.513023
0.513136
0.513313
0.513313
0.513380
0.513439
0.513536
0.513652
0.513701
0.513857
0.513857
0.513996
0.514091
0.514165
0.514258
0.514281
0.514335
0.514358
0.514412
0.514522
0.514555
0.514640
0.514681
0.514848
0.515030
0.515256
0.515323
0.515361
0.515361
0.515364
0.515548
0.515682
0.515710
0.515718
0.515756
0.515898
0.516067
0.516100
0.516175
0.516185
0.516211
0.516472
0.516650
0.516806
0.516809
0.516873
0.517063
0.517083
0.517112
0.517188
0.517317
0.517348
0.517532
0.517558
0.517579
0.517581
0.517622
0.517645
0.517707
0.517763
0.517774
0.517894
0.517897
0.517951
0.517964
0.517994
0.518094
0.518107
0.518246
0.518367
0.518438
0.518438
0.518467
0.518608
0.518651
0.518651
0.518700
0.518744
0.518829
0.518836
0.518885
0.518949
0.519008
0.519013
0.519065
0.519111
0.519231
0.519296
0.519314
0.519355
0.519362
0.519473
0.519478
0.519496
0.519588
0.519781
0.519858
0.519863
0.519932
0.520045
0.520135
0.520153
0.520248
0.520297
0.520384
0.520451
0.520538
0.520694
0.520707
0.520797
0.520828
0.520866
0.520895
0.520931
0.521005
0.521031
0.521195
0.521300
0.521459
0.521490
0.521539
0.521577
0.521626
0.521811
0.521839
0.521916
0.521947
0.521955
0.522008
0.522270
0.522347
0.522468
0.522527
0.522555
0.522696
0.522696
0.522771
0.522807
0.523068
0.523097
0.523138
0.523202
0.523233
0.523320
0.523323
0.523379
0.523394
0.523425
0.523492
0.523512
0.523515
0.523543
0.523708
0.523908
0.524046
0.524223
0.524277
0.524480
0.524665
0.524721
0.524785
0.524868
0.525016
0.525050
0.525170
0.525188
0.525196
0.525276
0.525283
0.525309
0.525340
0.525486
0.525540
0.525635
0.525645
0.525691
0.525720
0.525894
0.526028
0.526110
0.526128
0.526130
0.526164
0.526243
0.526256
0.526415
0.526585
0.526605
0.526621
0.526626
0.526685
0.526698
0.526726
0.526795
0.526803
0.526821
0.526846
0.526967
0.526993
0.527003
0.527036
0.527147
0.527242
0.527519
0.527647
0.527801
0.527940
0.528001
0.528053
0.528068
0.528112
0.528232
0.528245
0.528304
0.528358
0.528479
0.528512
0.528584
0.528602
0.528669
0.528792
0.528859
0.528882
0.528889
0.528956
0.529054
0.529125
0.529167
0.529185
0.529192
0.529218
0.529310
0.529377
0.529390
0.529462
0.529536
0.529541
0.529541
0.529567
0.529608
0.529629
0.529649
0.529783
0.529818
0.529934
0.530152
0.530185
0.530296
0.530352
0.530442
0.530442
0.530517
0.530691
0.530722
0.530773
0.530804
0.530996
0.530996
0.531032
0.531056
0.531058
0.531181
0.531186
0.531284
0.531338
0.531358
0.531448
0.531541
0.531646
0.531654
0.531764
0.531849
0.531892
0.532005
0.532241
0.532254
0.532293
0.532380
0.532518
0.532547
0.532565
0.532565
0.532637
0.532665
0.532793
0.532916
0.532929
0.532929
0.532970
0.532978
0.533114
0.533186
0.533322
0.533427
0.533489
0.533537
0.533625
0.533625
0.533684
0.533758
0.533966
0.534043
0.534200
0.534205
0.534405
0.534610
0.534703
0.534836
0.534844
0.534875
0.534946
0.535000
0.535254
0.535257
0.535265
0.535365
0.535508
0.535511
0.535516
0.535644
0.535727
0.535737
0.535775
0.535798
0.535832
0.535832
0.536155
0.536163
0.536286
0.536337
0.536574
0.536592
0.536676
0.536717
0.536761
0.536835
0.536923
0.537005
0.537023
0.537557
0.537580
0.537628
0.537687
0.537726
0.537739
0.537867
0.537893
0.538031
0.538108
0.538165
0.538280
0.538324
0.538455
0.538583
0.538609
0.538611
0.538645
0.538758
0.538922
0.539114
0.539191
0.539238
0.539281
0.539361
0.539417
0.539425
0.539466
0.539476
0.539525
0.539566
0.539728
0.539890
0.539892
0.540097
0.540328
0.540411
0.540434
0.540441
0.540464
0.540626
0.540711
0.540760
0.540839
0.540873
0.540883
0.540965
0.541001
0.541068
0.541073
0.541129
0.541163
0.541214
0.541291
0.541299
0.541299
0.541317
0.541373
0.541473
0.541501
0.541540
0.541589
0.541771
0.541812
0.541938
0.542107
0.542138
0.542169
0.542184
0.542235
0.542235
0.542284
0.542343
0.542448
0.542579
0.542582
0.542582
0.542702
0.542864
0.542908
0.543016
0.543039
0.543072
0.543098
0.543295
0.543311
0.543375
0.543706
0.543829
0.543932
0.544045
0.544045
0.544081
0.544137
0.544145
0.544168
0.544273
0.544278
0.544417
0.544491
0.544522
0.544743
0.544892
0.544912
0.545007
0.545012
0.545030
0.545213
0.545395
0.545513
0.545603
0.545759
0.545764
0.545906
0.545916
0.545957
0.546011
0.546162
0.546293
0.546421
0.546468
0.546717
0.546724
0.546786
0.546814
0.546871
0.547117
0.547137
0.547176
0.547225
0.547358
0.547443
0.547443
0.547451
0.547581
0.547905
0.547961
0.547992
0.548085
0.548105
0.548172
0.548541
0.548693
0.548867
0.548878
0.548931
0.548996
0.549026
0.549026
0.549162
0.549209
0.549278
0.549316
0.549345
0.549347
0.549347
0.549381
0.549527
0.549558
0.549814
0.549827
0.549832
0.549879
0.549956
0.550050
0.550143
0.550353
0.550407
0.550433
0.550551
0.550736
0.550792
0.550823
0.551193
0.551203
0.551246
0.551298
0.551370
0.551375
0.551531
0.551547
0.551613
0.551652
0.552045
0.552114
0.552209
0.552227
0.552263
0.552409
0.552422
0.552558
0.552643
0.552650
0.552694
0.552810
0.552820
0.552840
0.552884
0.552892
0.552904
0.552910
0.553076
0.553107
0.553153
0.553174
0.553259
0.553395
0.553415
0.553431
0.553533
0.553577
0.553705
0.553959
0.553967
0.554283
0.554301
0.554352
0.554401
0.554419
0.554424
0.554537
0.554575
0.554601
0.554606
0.554609
0.554637
0.554642
0.554778
0.554914
0.554991
0.555012
0.555094
0.555199
0.555258
0.555289
0.555574
0.555669
0.555930
0.556090
0.556282
0.556290
0.556498
0.556629
0.556723
0.556901
0.557070
0.557070
0.557108
0.557173
0.557273
0.557437
0.557488
0.557732
0.557763
0.557801
0.557801
0.557845
0.557909
0.557971
0.558079
0.558209
0.558217
0.558251
0.558392
0.558646
0.558715
0.558731
0.558772
0.558792
0.558810
0.559133
0.559234
0.559254
0.559269
0.559323
0.559475
0.559631
0.559778
0.559808
0.559906
0.560204
0.560340
0.560483
0.560525
0.560540
0.560584
0.560584
0.560596
0.560791
0.560822
0.560912
0.560994
0.561020
0.561115
0.561194
0.561212
0.561361
0.561443
0.561505
0.561510
0.561510
0.561697
0.561705
0.561808
0.561839
0.561869
0.561931
0.562177
0.562185
0.562370
0.562388
0.562516
0.562534
0.562603
0.562729
0.562765
0.562796
0.562840
0.562891
0.562896
0.563001
0.563040
0.563047
0.563201
0.563219
0.563417
0.563417
0.563420
0.563484
0.563515
0.563520
0.563533
0.563568
0.563602
0.563609
0.563612
0.563630
0.563769
0.563874
0.564010
0.564036
0.564143
0.564197
0.564249
0.564328
0.564346
0.564351
0.564359
0.564521
0.564521
0.564664
0.564757
0.564980
0.565003
0.565006
0.565013
0.565306
0.565388
0.565498
0.565509
0.565601
0.565642
0.565688
0.565937
0.566061
0.566132
0.566238
0.566284
0.566374
0.566453
0.566476
0.566587
0.566587
0.566782
0.567085
0.567115
0.567223
0.567257
0.567531
0.567621
0.567634
0.567713
0.567775
0.567847
0.567950
0.568032
0.568055
0.568229
0.568283
0.568506
0.568704
0.568902
0.568909
0.569133
0.569312
0.569346
0.569405
0.569466
0.569482
0.569484
0.569502
0.569559
0.569705
0.569744
0.569918
0.570003
0.570100
0.570149
0.570157
0.570177
0.570306
0.570377
0.570575
0.570657
0.570675
0.570709
0.570734
0.570852
0.570873
0.571004
0.571042
0.571101
0.571165
0.571268
0.571322
0.571342
0.571402
0.571417
0.571443
0.571445
0.571450
0.571774
0.571807
0.572000
0.572007
0.572012
0.572274
0.572297
0.572359
0.572431
0.572538
0.572775
0.572790
0.572800
0.572888
0.572980
0.572990
0.573311
0.573314
0.573393
0.573452
0.573673
0.573683
0.573711
0.573740
0.573819
0.573840
0.573853
0.573871
0.574096
0.574397
0.574422
0.574422
0.574558
0.574579
0.574779
0.574779
0.574820
0.574859
0.574982
0.575192
0.575223
0.575305
0.575385
0.575503
0.575552
0.575919
0.575980
0.575996
0.576006
0.576026
0.576180
0.576614
0.576701
0.576750
0.576807
0.577097
0.577189
0.577225
0.577228
0.577251
0.577323
0.577366
0.577400
0.577402
0.577451
0.577487
0.577618
0.577815
0.577838
0.578098
0.578200
0.578259
0.578308
0.578323
0.578596
0.578637
0.578675
0.578739
0.578765
0.579006
0.579060
0.579137
0.579273
0.579332
0.579394
0.579414
0.579476
0.579681
0.579812
0.579838
0.579969
0.579987
0.580005
0.580100
0.580331
0.580544
0.580818
0.580890
0.580903
0.581116
0.581211
0.581272
0.581293
0.581498
0.581529
0.581750
0.581796
0.581819
0.581829
0.581976
0.581978
0.582253
0.582286
0.582420
0.582581
0.582689
0.582861
0.582894
0.583000
0.583092
0.583118
0.583138
0.583177
0.583231
0.583236
0.583400
0.583408
0.583467
0.583608
0.583667
0.583713
0.583795
0.583862
0.583880
0.584067
0.584126
0.584165
0.584216
0.584260
0.584262
0.584280
0.584357
0.584532
0.584540
0.584581
0.584663
0.585097
0.585135
0.585194
0.585235
0.585248
0.585381
0.585405
0.585458
0.585543
0.585618
0.585872
0.586136
0.586185
0.586223
0.586316
0.586341
0.586400
0.586431
0.586529
0.586544
0.586639
0.586639
0.586665
0.586665
0.586819
0.586993
0.587073
0.587093
0.587150
0.587191
0.587299
0.587347
0.587404
0.587432
0.587432
0.587473
0.587563
0.588225
0.588343
0.588456
0.588608
0.588615
0.588700
0.588710
0.588744
0.588759
0.588808
0.588839
0.588839
0.589167
0.589413
0.589455
0.589532
0.589668
0.589711
0.589765
0.589822
0.589860
0.590011
0.590083
0.590112
0.590153
0.590512
0.590538
0.590717
0.590779
0.590807
0.591261
0.591331
0.591515
0.591515
0.591559
0.591621
0.591623
0.591631
0.591675
0.591754
0.591764
0.591926
0.591934
0.592029
0.592134
0.592293
0.592303
0.592316
0.592509
0.592555
0.592637
0.592681
0.592788
0.592835
0.592853
0.592876
0.593181
0.593261
0.593281
0.593297
0.593397
0.593402
0.593528
0.593625
0.593933
0.593997
0.594149
0.594169
0.594195
0.594205
0.594310
0.594387
0.594400
0.594431
0.594513
0.594598
0.594783
0.594893
0.594919
0.594926
0.595098
0.595134
0.595214
0.595232
0.595304
0.595350
0.595445
0.595499
0.595548
0.595558
0.595686
0.595781
0.596009
0.596035
0.596110
0.596151
0.596194
0.596518
0.596821
0.596833
0.596895
0.596928
0.597098
0.597113
0.597267
0.597462
0.597680
0.597762
0.597952
0.598327
0.598535
0.598576
0.598653
0.598725
0.598733
0.598766
0.598876
0.598935
0.598951
0.599074
0.599197
0.599225
0.599248
0.599272
0.599372
0.599402
0.599752
0.599759
0.599857
0.599900
0.599929
0.599929
0.599952
0.600178
0.600216
0.600221
0.600365
0.600373
0.600686
0.601050
0.601066
0.601071
0.601081
0.601196
0.601230
0.601322
0.601322
0.601327
0.601394
0.601397
0.601656
0.601689
0.601715
0.601984
0.602072
0.602095
0.602128
0.602269
0.602285
0.602287
0.602326
0.602503
0.602508
0.602562
0.602593
0.602844
0.602865
0.602875
0.602893
0.603257
0.603368
0.603378
0.603514
0.603547
0.603653
0.603681
0.603830
0.603835
0.603922
0.604007
0.604194
0.604317
0.604423
0.604453
0.604466
0.604615
0.604707
0.604754
0.604823
0.604918
0.605436
0.605459
0.605580
0.605770
0.605901
0.605980
0.606106
0.606122
0.606145
0.606519
0.606653
0.606691
0.606858
0.606879
0.607056
0.607233
0.607243
0.607302
0.607390
0.607407
0.607574
0.607574
0.607687
0.607769
0.607808
0.607893
0.607923
0.607980
0.608029
0.608072
0.608118
0.608172
0.608257
0.608339
0.608365
0.608521
0.608686
0.608742
0.608747
0.609186
0.609186
0.609232
0.609253
0.609409
0.609440
0.609509
0.609805
0.609859
0.609915
0.610277
0.610462
0.610475
0.610477
0.610503
0.610780
0.610867
0.610872
0.611034
0.611132
0.611157
0.611432
0.611447
0.611499
0.611509
0.611511
0.611588
0.611601
0.611712
0.611783
0.611835
0.612102
0.612158
0.612266
0.612340
0.612353
0.612559
0.612792
0.612905
0.612910
0.612918
0.613051
0.613110
0.613336
0.613382
0.613816
0.613857
0.613878
0.613944
0.613996
0.614034
0.614050
0.614086
0.614255
0.614335
0.614340
0.614347
0.614347
0.614360
0.614388
0.614401
0.614676
0.614773
0.614904
0.615135
0.615189
0.615264
0.615336
0.615474
0.615608
0.615615
0.615626
0.615631
0.615636
0.615818
0.615916
0.615936
0.616162
0.616170
0.616208
0.616208
0.616216
0.616393
0.616437
0.616470
0.616493
0.616698
0.616714
0.616847
0.616924
0.616945
0.617032
0.617145
0.617199
0.617353
0.617379
0.617458
0.617471
0.617473
0.617627
0.617671
0.617735
0.617928
0.617930
0.618267
0.618287
0.618385
0.618487
0.618711
0.618734
0.618749
0.618790
0.618875
0.618880
0.619072
0.619096
0.619203
0.619232
0.619319
0.619516
0.619593
0.619650
0.619696
0.619750
0.619765
0.620171
0.620204
0.620292
0.620294
0.620623
0.620677
0.620766
0.620846
0.620877
0.620951
0.620979
0.621105
0.621136
0.621136
0.621226
0.621236
0.621477
0.621516
0.621541
0.621657
0.621677
0.621829
0.621883
0.621947
0.621993
0.622014
0.622114
0.622152
0.622306
0.622340
0.622365
0.622458
0.622483
0.622509
0.622935
0.623071
0.623163
0.623194
0.623207
0.623258
0.623261
0.623520
0.623561
0.623592
0.623618
0.623636
0.623674
0.623738
0.623744
0.623831
0.623964
0.624075
0.624221
0.624490
0.624503
0.624516
0.624596
0.624624
0.624626
0.624647
0.624773
0.624837
0.625296
0.625307
0.625507
0.625530
0.625892
0.626020
0.626161
0.626177
0.626210
0.626441
0.626482
0.626487
0.626518
0.626559
0.626659
0.626888
0.627036
0.627057
0.627080
0.627344
0.627427
0.627439
0.627619
0.627655
0.627701
0.627783
0.627827
0.627894
0.628189
0.628258
0.628330
0.629100
0.629100
0.629102
0.629233
0.629593
0.629762
0.629819
0.629852
0.629916
0.630080
0.630093
0.630216
0.630383
0.630784
0.631109
0.631589
0.631602
0.631856
0.631872
0.632344
0.632359
0.632370
0.632418
0.632429
0.632442
0.632519
0.633114
0.633386
0.633658
0.633889
0.633902
0.633930
0.634202
0.634228
0.634236
0.634456
0.634618
0.634698
0.634782
0.634798
0.635013
0.635044
0.635044
0.635116
0.635301
0.635303
0.635498
0.635675
0.635709
0.635768
0.635814
0.635891
0.635891
0.635968
0.636122
0.636189
0.636494
0.636638
0.636751
0.636859
0.636892
0.637272
0.637641
0.637672
0.637726
0.637885
0.637936
0.638037
0.638152
0.638165
0.638188
0.638232
0.638239
0.638303
0.638409
0.638519
0.638688
0.639089
0.639179
0.639566
0.639700
0.639810
0.639836
0.640187
0.640259
0.640323
0.640341
0.640411
0.640708
0.640734
0.640783
0.640898
0.641052
0.641124
0.641381
0.641537
0.641599
0.641797
0.642017
0.642028
0.642115
0.642123
0.642143
0.642438
0.642464
0.642533
0.642608
0.642656
0.642669
0.642736
0.642892
0.643067
0.643116
0.643165
0.643277
0.643324
0.643324
0.643349
0.643378
0.643503
0.643552
0.643601
0.643827
0.643963
0.643965
0.643978
0.644017
0.644035
0.644268
0.644299
0.644317
0.644571
0.644658
0.644866
0.645456
0.645844
0.645921
0.646226
0.646378
0.646606
0.646711
0.646740
0.646814
0.647001
0.647027
0.647089
0.647138
0.647179
0.647217
0.647317
0.647628
0.647679
0.647741
0.647874
0.647933
0.648049
0.648290
0.648310
0.648457
0.648731
0.648929
0.649178
0.649204
0.649265
0.649278
0.649578
0.649678
0.649704
0.649766
0.649820
0.649858
0.650133
0.650225
0.650361
0.650443
0.650471
0.650631
0.650654
0.650705
0.650761
0.650795
0.650838
0.650941
0.650985
0.651111
0.651144
0.651149
0.651231
0.651632
0.651716
0.651773
0.651924
0.651975
0.652006
0.652037
0.652094
0.652117
0.652117
0.652248
0.652376
0.652384
0.652453
0.652473
0.652473
0.652540
0.652887
0.653295
0.653349
0.653436
0.653482
0.653487
0.653970
0.654098
0.655109
0.655232
0.655479
0.655499
0.655625
0.655794
0.656108
0.656113
0.656259
0.656523
0.656588
0.656770
0.656893
0.656975
0.657050
0.657050
0.657121
0.657329
0.657663
0.657886
0.657917
0.657922
0.658207
0.658933
0.658995
0.659162
0.659444
0.659519
0.659629
0.659809
0.659860
0.660137
0.660268
0.660481
0.661200
0.661251
0.661264
0.661359
0.661441
0.661731
0.661764
0.662026
0.662262
0.662491
0.662621
0.662796
0.662822
0.662832
0.662840
0.663040
0.663058
0.663232
0.663294
0.663345
0.663646
0.663651
0.663977
0.664244
0.664362
0.664480
0.664698
0.664767
0.664795
0.664854
0.664872
0.664931
0.665052
0.665106
0.665314
0.665493
0.665540
0.665750
0.665755
0.665930
0.666192
0.666284
0.666492
0.666584
0.666769
0.666787
0.667685
0.667706
0.667944
0.667970
0.668098
0.668119
0.668548
0.668578
0.668625
0.668635
0.668899
0.669174
0.669323
0.669641
0.669651
0.670121
0.670162
0.670236
0.670249
0.670331
0.670455
0.670778
0.670842
0.670904
0.671194
0.671630
0.672207
0.672610
0.672626
0.672813
0.672829
0.673301
0.673632
0.673824
0.673889
0.674181
0.674358
0.674417
0.674597
0.674802
0.675028
0.675187
0.675274
0.675639
0.675885
0.675970
0.676242
0.676355
0.676545
0.676573
0.677284
0.677415
0.677446
0.677538
0.677669
0.677813
0.678023
0.678069
0.678157
0.678247
0.678370
0.678506
0.679194
0.679450
0.679545
0.679622
0.680048
0.680110
0.681142
0.681393
0.681532
0.681773
0.681991
0.681991
0.682425
0.682848
0.682864
0.682938
0.682948
0.683387
0.683421
0.683472
0.683534
0.683708
0.683752
0.683785
0.683788
0.684055
0.684093
0.684545
0.684563
0.685333
0.685423
0.685779
0.685954
0.685964
0.686483
0.686495
0.686996
0.687114
0.687278
0.687879
0.687889
0.687925
0.688040
0.688248
0.688423
0.689005
0.689149
0.689185
0.689239
0.689334
0.689488
0.689811
0.690012
0.690071
0.690171
0.690628
0.690658
0.690702
0.691054
0.691310
0.691418
0.691418
0.692026
0.692047
0.692072
0.693140
0.693579
0.693748
0.693797
0.693908
0.694287
0.694678
0.694821
0.694980
0.695247
0.695299
0.695899
0.696007
0.696058
0.696063
0.696079
0.696092
0.696248
0.696261
0.696577
0.696664
0.696977
0.697090
0.697111
0.697411
0.697537
0.697924
0.698130
0.698697
0.698874
0.699136
0.699172
0.699436
0.699459
0.699459
0.699600
0.699872
0.699993
0.700285
0.700758
0.700812
0.700814
0.700960
0.701089
0.701094
0.701194
0.701240
0.701248
0.701379
0.701949
0.702151
0.702190
0.702195
0.702257
0.702305
0.702598
0.702680
0.702736
0.703186
0.703293
0.703617
0.704025
0.704104
0.704122
0.704305
0.704371
0.704548
0.704841
0.704951
0.705475
0.705662
0.705834
0.706088
0.706494
0.706558
0.706676
0.707079
0.707089
0.707177
0.707295
0.707780
0.707972
0.708183
0.708198
0.708373
0.708765
0.709122
0.709130
0.709178
0.709440
0.709697
0.709699
0.709925
0.710020
0.710493
0.710718
0.710980
0.711042
0.711049
0.711404
0.711650
0.711763
0.712107
0.712589
0.712625
0.713737
0.713829
0.714648
0.714686
0.714792
0.714853
0.715005
0.715736
0.715792
0.715908
0.716645
0.716852
0.717207
0.717284
0.717556
0.717556
0.717938
0.717943
0.718231
0.718736
0.719044
0.719049
0.719434
0.719732
0.719860
0.720048
0.720245
0.720253
0.720520
0.720710
0.720936
0.721082
0.721842
0.722263
0.722684
0.723790
0.724028
0.724465
0.724647
0.725037
0.725230
0.725414
0.725630
0.726056
0.726079
0.726397
0.726426
0.726628
0.726741
0.727067
0.727688
0.728017
0.728181
0.728284
0.728838
0.729395
0.729590
0.729849
0.730501
0.730858
0.730866
0.731099
0.731179
0.732023
0.732231
0.732313
0.732398
0.732737
0.733286
0.733437
0.733607
0.734056
0.734254
0.734600
0.735016
0.735098
0.735609
0.735686
0.735770
0.735873
0.736184
0.736512
0.736723
0.737613
0.737911
0.738609
0.738735
0.739392
0.740906
0.741281
0.741368
0.741432
0.741653
0.741776
0.742343
0.742554
0.742672
0.742977
0.743008
0.743111
0.743637
0.744204
0.744353
0.744918
0.745603
0.745621
0.745785
0.746124
0.746452
0.746465
0.746565
0.746778
0.747351
0.747769
0.748180
0.748429
0.748601
0.749714
0.750128
0.750241
0.752301
0.752389
0.752715
0.753249
0.753631
0.753854
0.753918
0.754804
0.754907
0.756606
0.756896
0.757316
0.757316
0.758138
0.758649
0.760756
0.762180
0.762373
0.764385
0.764392
0.764731
0.765891
0.766879
0.767021
0.767069
0.767280
0.767647
0.767993
0.768006
0.768240
0.771355
0.771381
0.771717
0.773455
0.773904
0.774179
0.774222
0.774628
0.774859
0.775062
0.775313
0.777785
0.778778
0.781681
0.781768
0.781922
0.782055
0.782055
0.783770
0.784622
0.787743
0.788844
0.788941
0.788980
0.789190
0.789262
0.789439
0.791328
0.792514
0.793274
0.793320
0.793913
0.794860
0.795186
0.796821
0.796849
0.796980
0.797642
0.797858
0.798155
0.800090
0.801700
0.803062
0.803763
0.804176
0.808234
0.809733
0.811565
0.811601
0.811938
0.812957
0.813439
0.814443
0.814938
0.815069
0.815854
0.816229
0.816260
0.822136
0.823343
0.823976
0.825031
0.825950
0.826148
0.828092
0.830864
0.830874
0.833118
0.833848
0.833865
0.834841
0.835443
0.836078
0.836831
0.839453
0.839977
0.842563
0.843040
0.844499
0.844811
0.846075
0.846262
0.846509
0.847114
0.848940
0.849164
0.851367
0.851794
0.857269
0.857759
0.859726
0.860413
0.860854
0.861411
0.862323
0.863906
0.868289
0.869203
0.869375
0.870917
0.878622
0.879230
0.880552
0.882280
0.882321
0.882829
0.888826
0.890901
0.892210
0.893350
0.893467
0.893772
0.897183
0.898585
0.899366
0.903866
0.910695
0.920163
0.922985
0.923420
0.944960
0.949300
0.960037
0.962705
0.971717
1.000000
