0.596823373251224
0.579696192891091
0.6880613652161689
0.6636229617804073
0.48789396875188296
0.6116871618951742
0.5974151410815863
0.6337699613513668
0.6281062190747522
0.5938825690320206
0.635797691108928
0.6235903723393728
0.653158603850431
0.6748015592144028
0.6556901516616195
0.6575443825871533
0.5826321295959265
0.6631854752351952
0.6757524193607648
0.6173578036235441
0.6803698552712293
0.6765465567065674
0.6741177205551117
0.673365019199548
0.6688123595295361
0.6799323815001874
0.694507185457788
0.6834035202818969
nan
0.6584448599819266
0.6703475166387818
0.6632916480217819
0.6682151210242966
0.6856155816893814
0.6681084758044964
0.6839834264054481
0.6802772607675279
0.6038104612413044
0.64524450856175
0.6180970451595289
0.6887118804406485
0.6876528718645101
0.6628873895358816
0.6846724778898431
0.6498110553804306
0.6996683777923112
0.6823140033972329
0.6369120150440288
0.6553835042652472
0.6426483264719733
0.6377659394434317
0.662383149710153
0.671382465146117
0.6779209887642201
0.69278592554536
0.6696863777424699
0.6823882432033441
0.673997379050389
0.6593739761308437
0.6702961364998286
0.6619339941171543
0.6681407349793422
0.6823404828552758
0.6583065588696986
0.6794683993509932
0.6707111442995028
0.6747917642803098
0.6827018781532587
0.6724604463910998
0.6793160833526878
0.6762189413060657
0.6776085199133141
0.679272911880214
0.6676583032797169
0.6755291348175085
0.6560150940605995
0.6226204638469685
0.6771063165991843
0.6792843673997325
0.689143911415232
0.6598284953018279
0.6720468053439052
0.6885497302836412
0.6842253868534189
0.6789113316803621
0.6592845399367808
0.6867160495410072
0.6697478887583748
0.6748384490164098
0.6594766182128089
0.6726522980386254
0.669477767284451
0.6675768449191248
0.6381077606692236
0.6465194144198025
0.681733632719307
0.6889881267058797
0.6597014028715209
0.6659892269509893
0.667418113190821
