0.6632768511772156
0.6389379501342773
0.9505783319473267
0.49308857321739197
0.7523099184036255
0.44334378838539124
0.5673412680625916
0.7715312242507935
0.7593515515327454
0.9244123697280884
0.7351723909378052
0.9138241410255432
0.643347442150116
0.8422017693519592
0.5825050473213196
0.9214828610420227
0.73974609375
0.8430900573730469
0.6107293367385864
0.644914984703064
0.48077264428138733
0.7104614973068237
0.8754198551177979
0.3474751114845276
0.7327883839607239
0.7734861969947815
0.6766360402107239
0.7705680131912231
0.7432458400726318
0.6302806735038757
0.6455602049827576
0.7394925355911255
0.6848520040512085
0.6444411277770996
0.6522052884101868
0.6336615085601807
0.7963086366653442
0.6739852428436279
0.29238954186439514
0.35588309168815613
0.6804056763648987
0.768133819103241
0.6991016864776611
0.7321764826774597
0.7680391073226929
0.621772050857544
0.720002293586731
0.5262676477432251
0.541663646697998
0.7165730595588684
0.735883355140686
0.4243241548538208
0.40303945541381836
0.6900500059127808
0.5639136433601379
0.793248176574707
0.5941801071166992
0.8725974559783936
0.6684562563896179
0.533835232257843
0.6655141115188599
0.6574912071228027
0.6827924847602844
0.23168599605560303
0.7529669404029846
0.8202286958694458
0.8630154728889465
0.7591956853866577
0.8687689304351807
0.7978984117507935
0.4917294979095459
0.4304051697254181
0.8604645133018494
0.7136878967285156
0.4675433933734894
0.38580283522605896
0.6739134192466736
0.5403230786323547
0.5816298723220825
0.5378122329711914
0.5813985466957092
0.6405614614486694
0.44673916697502136
0.5915570259094238
0.7529634237289429
0.5518306493759155
0.830751895904541
0.7596309185028076
0.6871928572654724
0.5369763374328613
0.8421746492385864
0.747433066368103
0.8398721814155579
0.7160568237304688
0.7419857978820801
0.2734155058860779
0.7119185924530029
0.8976872563362122
0.8740886449813843
0.7760408520698547
0.8271665573120117
0.6999936103820801
0.8669478893280029
0.7377987504005432
0.5251984596252441
0.750178873538971
0.7496657371520996
0.7877496480941772
0.5111277103424072
0.7262285947799683
0.8393041491508484
0.340328186750412
0.7532819509506226
0.6675691604614258
0.5136092901229858
0.6012209057807922
0.7462176084518433
0.7092370986938477
0.5552186965942383
0.22899764776229858
0.8167996406555176
0.5648788213729858
0.7073134183883667
0.46869179606437683
0.8028386831283569
0.5985618233680725
0.7428308725357056
0.748437762260437
0.6741946935653687
0.6526072025299072
0.5500386953353882
0.9226239323616028
0.8360596895217896
0.5713671445846558
0.7871089577674866
0.7430135607719421
0.7860462665557861
0.7852090001106262
0.7634438276290894
0.7797412276268005
0.7829897999763489
0.3835708200931549
0.9523963928222656
0.6809182167053223
0.7344588041305542
0.4227542579174042
0.35027578473091125
0.6215885877609253
0.7740160226821899
0.8343676328659058
0.7296470999717712
0.693091630935669
0.6960557699203491
0.5878163576126099
0.5872945785522461
0.6409832835197449
0.771219789981842
0.7117310762405396
0.8313447833061218
0.6485785245895386
0.6024553775787354
0.6537538766860962
0.7401376962661743
0.6227884888648987
0.6419181823730469
0.8199936151504517
0.7762942314147949
0.7547211647033691
0.6537501215934753
0.6231350898742676
0.6679645776748657
0.8070108890533447
0.8223909735679626
0.19283224642276764
0.5222987532615662
0.8310179710388184
0.6138109564781189
0.7425949573516846
0.3616124391555786
0.5728016495704651
0.5814705491065979
0.7715215682983398
0.4961823523044586
0.8255473375320435
0.6127651929855347
0.7809454202651978
0.30160078406333923
0.44825419783592224
0.25530850887298584
0.647849977016449
0.6993242502212524
0.8394588232040405
0.6664111614227295
0.8080930709838867
0.6185213327407837
0.6532305479049683
0.6522117853164673
0.4495674967765808
0.8134586811065674
0.7615708112716675
0.7059330344200134
0.745559811592102
0.8718421459197998
0.6931309700012207
0.6330705285072327
0.5116266012191772
0.8313816785812378
0.6168845891952515
0.7756454348564148
0.7125413417816162
0.7219947576522827
0.47935083508491516
0.1588238924741745
0.7767400741577148
0.6746833324432373
0.8071838617324829
0.7461090087890625
0.7619245648384094
0.6897405385971069
0.5178889036178589
0.7717869877815247
0.6452068090438843
0.5343940258026123
0.8852014541625977
0.9142632484436035
0.771632194519043
0.7850610613822937
0.7201082706451416
0.6107184886932373
0.8429548144340515
0.7242462038993835
0.582379937171936
0.7186439037322998
0.7649585008621216
0.7476054430007935
0.5895558595657349
0.47924524545669556
0.3836098909378052
0.5862683057785034
0.6063096523284912
0.7208577394485474
0.8178673982620239
0.7357136607170105
0.7563952207565308
0.3248966932296753
0.16872255504131317
0.758388876914978
0.7679145336151123
0.7492237687110901
0.7940714359283447
0.8281879425048828
0.8183468580245972
0.6931436061859131
0.7479053735733032
0.43210282921791077
0.6736634969711304
0.5208966732025146
0.7333760261535645
0.5992457866668701
0.6542412042617798
0.8390881419181824
0.6371188759803772
0.8372315168380737
0.8656755089759827
0.4729708731174469
0.5213526487350464
0.9281754493713379
0.7407943606376648
0.7872989773750305
0.7713025212287903
0.6726687550544739
0.6167972087860107
0.8703922033309937
0.18388444185256958
0.6171400547027588
0.7937688827514648
0.6519893407821655
0.6498196125030518
0.4192294776439667
0.199036106467247
0.7668455839157104
0.7100731730461121
0.7635635137557983
0.6658438444137573
0.7879255414009094
0.6248193383216858
0.3530806005001068
0.8619544506072998
0.7640424370765686
0.4820891320705414
0.5816265940666199
0.6618500351905823
0.3504393994808197
0.8050446510314941
0.2888084948062897
0.5685843229293823
0.48966750502586365
0.8891240954399109
0.572246789932251
0.7551712393760681
0.5928049087524414
0.7108396887779236
0.7945662140846252
0.6128581762313843
0.8632476329803467
0.5193629264831543
0.4409294128417969
0.7084094882011414
0.7209317088127136
0.761314868927002
0.8480018377304077
0.3219040334224701
0.3011344075202942
0.7347303628921509
0.7523998618125916
0.7078348398208618
0.7261006236076355
0.8357806205749512
0.6319928169250488
0.4859587252140045
0.26056721806526184
0.7517507076263428
0.7791165709495544
0.6197104454040527
0.7691596746444702
0.27286145091056824
0.6419283151626587
0.3774503171443939
0.7052595615386963
0.626318097114563
0.7011375427246094
0.7605875730514526
0.7512762546539307
0.5503038167953491
0.6727718114852905
0.8253515362739563
0.7734721899032593
0.7897205352783203
0.6634663343429565
0.850111722946167
0.6902111768722534
0.6831467151641846
0.7761811017990112
0.6470940709114075
0.38404908776283264
0.6393545866012573
0.7859686017036438
0.7722631096839905
0.7624490261077881
0.3841119706630707
0.6188597679138184
0.693256139755249
0.5656183958053589
0.6959480047225952
0.851984977722168
0.7700403928756714
0.5204223394393921
0.7094860076904297
0.6064085960388184
0.821069061756134
0.3257569372653961
0.9934362173080444
0.6334969997406006
0.8278436064720154
0.7101687788963318
0.7734546661376953
0.4819006323814392
0.6518368124961853
0.8123751878738403
0.6551705598831177
0.8443755507469177
0.5820394158363342
0.5302556753158569
0.7728487253189087
0.5227235555648804
0.7282344102859497
0.6290891170501709
0.7644656896591187
0.6457571983337402
0.77967369556427
0.7673307657241821
0.664402961730957
0.7598006129264832
0.41719934344291687
0.9154917597770691
0.71161288022995
0.80080246925354
0.7545173168182373
0.7902623414993286
0.6235530376434326
0.7951523065567017
0.38940176367759705
0.49990469217300415
0.3688487112522125
0.59428471326828
0.6410790681838989
0.7067561149597168
0.779552161693573
0.5404341220855713
0.6911981105804443
0.5410899519920349
0.639373779296875
0.9559786319732666
0.6258254647254944
0.7988210916519165
0.6933456659317017
0.7817493677139282
0.8146465420722961
0.7333109974861145
0.5540338754653931
0.5820578336715698
0.48834553360939026
0.5938323736190796
0.6102943420410156
0.6486281156539917
0.7739049196243286
0.5681554675102234
0.746711015701294
0.6520264148712158
0.3146490752696991
0.7447834014892578
0.6972226500511169
0.5283870100975037
0.635075569152832
0.6944675445556641
0.40760573744773865
0.6169840693473816
0.7507045269012451
0.8251950740814209
0.9251049757003784
0.7286021709442139
0.5368401408195496
0.713386595249176
0.6138392686843872
0.7654932141304016
0.6799039840698242
0.8214352130889893
0.7419763207435608
0.7679051756858826
0.8254219889640808
0.7660635113716125
0.6114915609359741
0.5592794418334961
0.6273998022079468
0.5200583338737488
0.8086066246032715
0.7185081243515015
0.5114251971244812
0.5434625744819641
0.68475341796875
0.6775804758071899
0.8314797282218933
0.7980529069900513
0.6908211708068848
0.8266512155532837
0.6684308052062988
0.6786350011825562
0.5588124990463257
0.846422553062439
0.6627750396728516
0.7023362517356873
0.7155481576919556
0.47713690996170044
0.43966469168663025
0.6632806658744812
0.7015117406845093
0.4004787504673004
0.7752952575683594
0.31518784165382385
0.6150236129760742
0.6017794609069824
0.8209686875343323
0.41237613558769226
0.7858702540397644
0.7506086826324463
0.4917294979095459
0.8306092619895935
0.7182905077934265
0.6700152158737183
0.5482730865478516
0.9091106653213501
0.8603708744049072
0.4145180284976959
0.5415340662002563
0.7594437599182129
0.7879865169525146
0.8194816708564758
0.6366547346115112
0.6587493419647217
0.46070465445518494
0.5342413187026978
0.38441234827041626
0.8238563537597656
0.732799768447876
0.8514516353607178
0.47075340151786804
0.45969918370246887
0.6850309371948242
0.6710713505744934
0.848122239112854
0.5317689180374146
0.24864131212234497
0.8555514812469482
0.8363314867019653
0.47729405760765076
0.7502154111862183
0.7074511051177979
0.43673813343048096
0.777586817741394
0.6367929577827454
0.8663398623466492
0.512624204158783
0.6883975863456726
0.5039036273956299
0.5245094299316406
0.6087783575057983
0.7310025691986084
0.7244248390197754
0.7512186765670776
0.6898497343063354
0.3015100061893463
0.6382619738578796
0.8304200172424316
0.6369697451591492
0.684576153755188
0.45843663811683655
0.7551901340484619
0.44195613265037537
0.7323121428489685
0.7222881317138672
0.6281554698944092
0.4544074237346649
0.8917039036750793
0.5960777401924133
0.6601027846336365
0.7397533059120178
0.64329594373703
0.4842583239078522
0.744773268699646
0.7802835702896118
0.5117318630218506
0.7474233508110046
0.9000362753868103
0.6918556690216064
0.790546715259552
0.6931694746017456
0.7800579071044922
0.5863218307495117
0.586371660232544
0.3541821539402008
0.8075994253158569
0.7098015546798706
0.8371147513389587
0.733887791633606
0.7529782056808472
0.5064683556556702
0.698829174041748
0.8723352551460266
0.6619217395782471
0.7471136450767517
0.7986329793930054
0.6995879411697388
0.4028621315956116
0.7136281728744507
0.8079014420509338
0.6983811259269714
0.6331104040145874
0.7349121570587158
0.9336588978767395
0.5089858174324036
0.6440002918243408
0.6322639584541321
0.6936699748039246
0.6584653854370117
0.7232741713523865
0.6257236003875732
0.38327357172966003
0.5140191316604614
0.8048919439315796
0.8190820217132568
0.7746556997299194
0.7424553632736206
0.3652065098285675
0.564792275428772
0.7454025745391846
0.6334294080734253
0.36841779947280884
0.752720832824707
0.8262981176376343
0.49999019503593445
0.6932441592216492
0.8118077516555786
0.7188986539840698
0.722034752368927
0.4382825493812561
0.8425857424736023
0.11423533409833908
0.6557142734527588
0.5282482504844666
0.41690436005592346
0.49620723724365234
0.771802544593811
0.3615456819534302
0.8172293901443481
0.742029070854187
0.35244694352149963
0.7122900485992432
0.615975558757782
0.7978312969207764
0.42949989438056946
0.5652140974998474
0.8615624308586121
0.6503193974494934
0.7251698970794678
0.7789957523345947
0.7978153228759766
0.7591121196746826
0.8390206694602966
0.7700955867767334
0.4835287034511566
0.7350369691848755
0.839474081993103
0.7699072360992432
0.7353168725967407
0.7885491847991943
0.81119304895401
0.5661559700965881
0.6796849966049194
0.8414482474327087
0.4896273612976074
0.7874471545219421
0.5675206184387207
0.7878983020782471
0.15937724709510803
0.5992552042007446
0.8121780157089233
0.6721494793891907
0.6865233182907104
0.7549026608467102
0.6181535720825195
0.6602950096130371
0.7608352899551392
0.558673083782196
0.4527689516544342
0.7457435131072998
0.7123105525970459
0.8544558882713318
0.5574842691421509
0.7700932025909424
0.8918752670288086
0.4732121527194977
0.8423699140548706
0.7933669090270996
0.6794664859771729
0.5073182582855225
0.6848689317703247
0.7296257019042969
0.6755031943321228
0.6244860291481018
0.7518436908721924
0.5822215676307678
0.7936967611312866
0.5994895696640015
0.48950645327568054
0.6532573699951172
0.8097971677780151
0.652755618095398
0.5243260860443115
0.4336749017238617
0.6687790155410767
0.15642397105693817
0.7896421551704407
0.7961957454681396
0.8336761593818665
0.7090591788291931
0.5106306672096252
0.2070682942867279
0.6643444299697876
0.8623056411743164
0.7502708435058594
0.7583387494087219
0.47600218653678894
0.8046420812606812
0.6043523550033569
0.3472573459148407
0.7625749111175537
0.702881932258606
0.7972531318664551
0.8150197267532349
0.7595549821853638
0.6818381547927856
0.4445279538631439
0.5419805645942688
0.6521009206771851
0.8178844451904297
0.6110519766807556
0.5562425851821899
0.7061988711357117
0.8068558573722839
0.8370543718338013
0.7096024751663208
0.664682149887085
0.7636986970901489
0.5779816508293152
0.5408123731613159
0.5852582454681396
0.38787975907325745
0.7652627825737
0.8435843586921692
0.522885799407959
0.5776478052139282
0.8014991283416748
0.6196680068969727
0.49091866612434387
0.6757795810699463
0.7536965608596802
0.6334291100502014
0.7674654722213745
0.89085453748703
0.9123309254646301
0.7374956607818604
0.6959297060966492
0.8718116283416748
0.7914109826087952
0.713286280632019
0.5934404730796814
0.6262010335922241
0.7075109481811523
0.7193282842636108
0.7076469659805298
0.6790874004364014
0.7857391834259033
0.7430613040924072
0.38895633816719055
0.24525827169418335
0.752475917339325
0.590106725692749
0.8722043037414551
0.6694934368133545
0.7985923290252686
0.6176551580429077
0.772957444190979
0.6222618818283081
0.39749041199684143
0.642753541469574
0.7782958745956421
0.772835373878479
0.8301635980606079
0.2796355187892914
0.7161487340927124
0.6408846974372864
0.599873423576355
0.5147297382354736
0.6203984022140503
0.5403256416320801
0.7430015802383423
0.5976443886756897
0.48911941051483154
0.6759344339370728
0.4879721701145172
0.7746112942695618
0.5458875298500061
0.41500046849250793
0.5843830704689026
0.7915956377983093
0.7899819612503052
0.721348226070404
0.7055169343948364
0.6052849888801575
0.6013618111610413
0.7081027030944824
0.6917014122009277
0.7194917798042297
0.7082647085189819
0.8906763195991516
0.7624844312667847
0.8577625751495361
0.7553008794784546
0.5550404787063599
0.5222352743148804
0.6288310289382935
0.7285287380218506
0.8647949695587158
0.5806329250335693
0.5195606350898743
0.6119517087936401
0.6350271701812744
0.8725356459617615
0.6841575503349304
0.8698094487190247
0.7048076391220093
0.6929918527603149
0.6422403454780579
0.6615712642669678
0.732474148273468
0.8073963522911072
0.6282938718795776
0.6663984656333923
0.6386196613311768
0.7740617394447327
0.6709551811218262
0.59648597240448
0.606178879737854
0.7342569231987
0.5051161646842957
0.39079105854034424
0.6090091466903687
0.6739628314971924
0.6811989545822144
0.9215003252029419
0.875338077545166
0.26477745175361633
0.8163318634033203
0.5540233850479126
0.7562346458435059
0.32389941811561584
0.586021363735199
0.6719924807548523
0.7678415775299072
0.6826722621917725
0.5918459892272949
0.6485681533813477
0.8398528099060059
0.6428318023681641
0.7803640365600586
0.7499927282333374
0.5983028411865234
0.7661842107772827
0.830133855342865
0.7109724283218384
0.6493216753005981
0.7972662448883057
0.9181880354881287
0.5340796113014221
0.6857239603996277
0.7213221788406372
0.7513777613639832
0.8059101700782776
0.4333988428115845
0.7044541835784912
0.7486758232116699
0.7620638012886047
0.7783784866333008
0.35388514399528503
0.6464171409606934
0.32217904925346375
0.7551040053367615
0.8882372379302979
0.6800786852836609
0.7602053880691528
0.7816340923309326
0.7642190456390381
0.5677918195724487
0.784580647945404
0.737216591835022
0.5699045658111572
0.39581140875816345
0.6193879842758179
0.8030432462692261
0.5132350921630859
0.5461428165435791
0.5716885924339294
0.668973445892334
0.7224553227424622
0.8672471046447754
0.383338063955307
0.7692174315452576
0.8458125591278076
0.42406246066093445
0.5554811358451843
0.44459661841392517
0.3583611249923706
0.8920530676841736
0.5669822692871094
0.4932692050933838
0.5371394157409668
0.2874628007411957
0.7413262128829956
0.42752933502197266
0.7677749991416931
0.6816756725311279
0.7137835621833801
0.6366862058639526
0.7139827013015747
0.7597399353981018
0.5482223033905029
0.8274195194244385
0.6313273906707764
0.7128575444221497
0.7172242403030396
0.32342058420181274
0.17169730365276337
0.771867573261261
0.7702920436859131
0.8179759979248047
0.6651464700698853
0.8233062028884888
0.7968920469284058
0.8040565252304077
0.7594044804573059
0.8879238367080688
0.723979115486145
0.1761915683746338
0.841776967048645
0.8009608387947083
0.6639722585678101
0.8303730487823486
0.70943284034729
0.7292683124542236
0.6765530109405518
0.7492600679397583
0.7157697677612305
0.4202733337879181
0.6775816679000854
0.7516317367553711
0.6660820841789246
0.8396747708320618
0.6577656865119934
0.854722797870636
0.8213822245597839
0.6335039138793945
0.6380304098129272
0.8278866410255432
0.7786130905151367
0.8528017401695251
0.7893674373626709
0.7120197415351868
0.35638096928596497
0.5864250659942627
0.6026535630226135
0.6374430060386658
0.6619278788566589
0.9062752723693848
0.5846686959266663
0.6099238991737366
0.7616211771965027
0.5627784132957458
0.5616642236709595
0.7401915788650513
0.7119570374488831
0.6899416446685791
0.7443013191223145
0.43893057107925415
0.7677710652351379
0.6336005926132202
0.5363691449165344
0.6014153957366943
0.6014594435691833
0.7355309724807739
0.8698129653930664
0.7390871047973633
0.6716383695602417
0.5825787782669067
0.8822474479675293
0.5170734524726868
0.580786943435669
0.6325832009315491
0.7100154161453247
0.8757004737854004
0.6967102289199829
0.8749971389770508
0.6463085412979126
0.8475984930992126
0.37826284766197205
0.5728353261947632
0.7183102369308472
0.7660567760467529
0.8122981786727905
0.7484263181686401
0.7699337601661682
0.31602486968040466
0.8085126876831055
0.5754238367080688
0.7706302404403687
0.6611196994781494
0.8203732967376709
0.34777185320854187
0.5966426730155945
0.8048014640808105
0.7092061042785645
0.3253820240497589
0.6338950991630554
0.547040581703186
0.6671520471572876
0.6911948919296265
0.737118124961853
0.7591323852539062
0.4853381812572479
0.6028403043746948
0.7317001819610596
0.49687379598617554
0.49947088956832886
0.6535428166389465
0.7012841701507568
0.5917842984199524
0.9128276109695435
0.6770883798599243
0.7679834365844727
0.4795500934123993
0.4168546497821808
0.5396196842193604
0.5014429688453674
0.4138243496417999
0.295316606760025
0.7871841192245483
0.4562261998653412
0.6932235956192017
0.8596383929252625
0.74611496925354
0.7599875926971436
0.3415384888648987
0.9011584520339966
0.8470404148101807
0.8922644853591919
0.24988435208797455
0.5792824625968933
0.7309343814849854
0.8084641098976135
0.7372361421585083
0.8004601001739502
0.48700472712516785
0.5057958960533142
0.574440598487854
0.6434295177459717
0.609147310256958
0.9708648920059204
0.5481118559837341
0.7115617990493774
0.7843793630599976
0.5237021446228027
0.7065305709838867
0.6595550775527954
0.9119894504547119
0.7027489542961121
0.7917304635047913
0.7637616395950317
0.37348777055740356
0.7368137836456299
0.46062758564949036
0.6054929494857788
0.37305858731269836
0.6289734244346619
0.550976574420929
0.5676063299179077
0.5873512029647827
0.9057326316833496
0.8362466096878052
0.8154038190841675
0.619745135307312
0.3646344840526581
0.5854131579399109
0.7104535698890686
0.8551761507987976
0.6175299882888794
0.7754392623901367
0.41784003376960754
0.4255882799625397
0.7871567010879517
0.7585268616676331
0.6856840252876282
0.7785972356796265
0.8848202228546143
0.7853974103927612
0.38441330194473267
0.8181158304214478
0.7170425653457642
0.8442649841308594
0.3622376024723053
0.4603649079799652
0.7982571125030518
0.7879422307014465
0.7420862913131714
0.6672278642654419
0.6855450868606567
0.5490750670433044
0.8111171722412109
0.8150630593299866
0.5011470317840576
0.7492318153381348
0.44493505358695984
0.7424114942550659
0.7725529670715332
0.7276674509048462
0.8324912786483765
0.6576370596885681
0.7329931855201721
0.8298841714859009
0.7310734391212463
0.7553246021270752
0.5178239345550537
0.45997321605682373
0.8043736815452576
0.7314574718475342
0.7331563830375671
0.7029618620872498
0.7986972332000732
0.7272791266441345
0.7162030935287476
0.39581140875816345
0.7355719804763794
0.6986649632453918
0.69016432762146
0.43860551714897156
0.4425477087497711
0.638735294342041
0.8372966051101685
0.7302177548408508
0.8882205486297607
0.8810462355613708
0.6445358991622925
0.31416887044906616
0.6880102753639221
0.6510128378868103
0.7214827537536621
0.575287938117981
0.6928857564926147
0.6861899495124817
0.4763075113296509
0.8191878199577332
0.7415287494659424
0.8187929391860962
0.782646656036377
0.49732139706611633
0.8426971435546875
0.8537554740905762
0.5601852536201477
0.7576042413711548
0.5329950451850891
0.6002441644668579
0.7440632581710815
0.860882043838501
0.8104871511459351
0.5538801550865173
0.7503476142883301
0.6223874092102051
0.5038316249847412
0.7796933650970459
0.46960699558258057
0.5597716569900513
0.617755115032196
0.4590834975242615
0.7902218103408813
0.46720919013023376
0.7577619552612305
0.5544845461845398
0.7224606275558472
0.5172977447509766
0.9151968955993652
0.8324183225631714
0.9798634052276611
0.30156275629997253
0.656633734703064
0.7976106405258179
0.28732597827911377
0.39008036255836487
0.571827232837677
0.7803890705108643
0.5521748065948486
0.7043799161911011
0.7729177474975586
0.7243915796279907
0.5376414060592651
0.7143168449401855
0.2454404979944229
0.4339594542980194
0.7852306962013245
0.4168470501899719
0.6946702003479004
0.6831934452056885
0.7229592800140381
0.8140110373497009
0.7393273115158081
0.40205663442611694
0.4752849340438843
0.7940084934234619
0.49838587641716003
0.595539927482605
0.5457864999771118
0.4138564169406891
0.4672139286994934
0.7429454326629639
0.734878420829773
0.747442364692688
0.515745997428894
0.23284895718097687
0.7452361583709717
0.7342064380645752
0.7337880730628967
0.8210653066635132
0.8321747779846191
0.7612172961235046
0.5843605995178223
0.2176109403371811
0.6728353500366211
0.38304296135902405
0.6036461591720581
0.5246111750602722
0.5650461912155151
0.6084802746772766
0.8562167882919312
0.4439927637577057
0.7170294523239136
0.60187828540802
0.6608366966247559
0.7013765573501587
0.7661274671554565
0.7412464022636414
0.8004601001739502
0.3844803273677826
0.6175708770751953
0.7033224105834961
0.7147440910339355
0.8725069761276245
0.26040294766426086
0.2460215836763382
0.816519021987915
0.6839655041694641
0.8198089599609375
0.6590908765792847
0.5662596821784973
0.5850643515586853
0.8541105389595032
0.6291933059692383
0.5934625864028931
0.6805406808853149
0.5685432553291321
0.36748743057250977
0.5949440598487854
0.6344620585441589
0.7408762574195862
0.3715610206127167
0.7501943111419678
0.6756914258003235
0.701662003993988
0.6730104684829712
0.4863593578338623
0.8402849435806274
0.7402857542037964
0.5917996168136597
0.7588485479354858
0.869406521320343
0.53459632396698
0.6951460242271423
0.4542746841907501
0.7772849798202515
0.29438072443008423
0.886654257774353
0.280623197555542
0.5445984601974487
0.3649682402610779
0.786299467086792
0.7645822167396545
0.5105034112930298
0.7317094802856445
0.501849353313446
0.763282835483551
0.7178500890731812
0.7914090156555176
0.8210594654083252
0.7229834794998169
0.4730589687824249
0.22504302859306335
0.784500002861023
0.6934763789176941
0.5914793014526367
0.4311476945877075
0.4784001410007477
0.6867341995239258
0.3122267425060272
0.7454864978790283
0.21489611268043518
0.7400639653205872
0.6351834535598755
0.713198184967041
0.7689342498779297
0.7677525281906128
0.6016163229942322
0.6944231986999512
0.7633481621742249
0.7364203333854675
0.7050234079360962
0.8725356459617615
0.6239574551582336
0.7563475370407104
0.4955229163169861
0.5747983455657959
0.6966857314109802
0.7715273499488831
0.49458619952201843
0.9663242101669312
0.45401066541671753
0.5079502463340759
0.814327597618103
0.70018470287323
0.12094329297542572
0.7723309993743896
0.5783448815345764
0.4133889973163605
0.4089726507663727
0.531545102596283
0.7311824560165405
0.6753345131874084
0.7601872086524963
0.8998081684112549
0.6714545488357544
0.8723416924476624
0.41798409819602966
0.715601921081543
0.7476456761360168
0.7219022512435913
0.4157412350177765
0.6258754134178162
0.6438268423080444
0.1524389088153839
0.7579086422920227
0.7387030124664307
0.7247390747070312
0.6976415514945984
0.4758526384830475
0.6158260703086853
0.6444674134254456
0.6236326694488525
0.7713510990142822
0.8538467288017273
0.7500284910202026
0.806935727596283
0.6631711721420288
0.8361629247665405
0.7959908246994019
0.6695619821548462
0.8909122347831726
0.7631072402000427
0.788433849811554
0.5458402633666992
0.7154827117919922
0.4884780943393707
0.4818632900714874
0.9296543002128601
0.7128233909606934
0.8383876085281372
0.7559048533439636
0.4941805601119995
0.6298061609268188
0.6754926443099976
0.7559069991111755
0.5019024014472961
0.5654786229133606
0.6683560609817505
0.6672384142875671
0.7784324884414673
0.7118940353393555
0.5245188474655151
0.5939446687698364
0.6049140691757202
0.49536144733428955
0.41912680864334106
0.5733252763748169
0.7802180051803589
0.454458087682724
0.4294529855251312
0.6630722880363464
0.2526727020740509
0.8065772652626038
0.7029638290405273
0.6583075523376465
0.7190829515457153
0.7718204855918884
0.6956266164779663
0.6060121655464172
0.6247878074645996
0.4812430143356323
0.542096734046936
0.7459918260574341
0.7484212517738342
0.5597336888313293
0.38988274335861206
0.7629134058952332
0.7695685625076294
0.7750164270401001
0.5890070199966431
0.6788411140441895
0.9173454642295837
0.44022437930107117
0.5103527307510376
0.8985374569892883
0.7351741790771484
0.4841633439064026
0.6015088558197021
0.7682856917381287
0.6740235686302185
0.4154985547065735
0.7366809248924255
0.606414794921875
0.7443448305130005
0.7397385835647583
0.7082610726356506
0.779827356338501
0.5524206161499023
0.8169615268707275
0.7844639420509338
0.43021705746650696
0.6661726832389832
0.729182243347168
0.8607953786849976
0.8554800748825073
0.5985506772994995
0.6649840474128723
0.6302673816680908
0.32194456458091736
0.7365232110023499
0.49719056487083435
0.47712254524230957
0.8737291693687439
0.45643359422683716
0.6491949558258057
0.5924912691116333
0.6096007227897644
0.7680972814559937
0.5690247416496277
0.6060138940811157
0.5788896083831787
0.594085693359375
0.8152506351470947
0.38492801785469055
0.765152096748352
0.7168842554092407
0.8551691770553589
0.3992403447628021
0.31879231333732605
0.7204726934432983
0.7199606895446777
0.7878330945968628
0.5979059338569641
0.6761806011199951
0.5250298380851746
0.7331977486610413
0.8948752880096436
0.744293212890625
0.6709833741188049
0.21520428359508514
0.7219520807266235
0.6068932414054871
0.6695821285247803
0.7276249527931213
0.7724605798721313
0.6483668088912964
0.7057631015777588
0.8930057287216187
0.7820196151733398
0.6296820640563965
0.8219336271286011
0.6250184774398804
0.8125932216644287
0.7947951555252075
0.5683664083480835
0.6657519340515137
0.8892859816551208
0.2832273840904236
0.6686276197433472
0.5231693983078003
0.7296882271766663
0.16174554824829102
0.7910465002059937
0.5120186805725098
0.9193856716156006
0.5811833143234253
0.6321622133255005
0.542883574962616
0.5589792728424072
0.699869692325592
0.6024245023727417
0.625554621219635
0.5873913764953613
0.5755538940429688
0.4898020327091217
0.76333087682724
0.5993086695671082
0.7846646308898926
0.5891929268836975
0.40279141068458557
0.6491131782531738
0.635159432888031
0.18289479613304138
0.7671977281570435
0.6727895736694336
0.8083233833312988
0.7573539614677429
0.7658027410507202
0.7835719585418701
0.6933095455169678
0.6290168762207031
0.6529915928840637
0.7627728581428528
0.4386512339115143
0.6644324064254761
0.6356397271156311
0.7654554843902588
0.6157446503639221
0.7172507047653198
0.7975021600723267
0.7289367318153381
0.6193335056304932
0.6816368699073792
0.7538745999336243
0.6829816102981567
0.6903150677680969
0.7172774076461792
0.2442435622215271
0.7723487019538879
0.48333612084388733
0.7147752642631531
0.6500075459480286
0.7993658781051636
0.6551551818847656
0.7562166452407837
0.9665915369987488
0.7030911445617676
0.8306117057800293
0.5242606401443481
0.7289211750030518
0.7992367744445801
0.45583415031433105
0.7313568592071533
0.7929332256317139
0.5675826072692871
0.47162064909935
0.7015690207481384
0.6896740794181824
0.6786972284317017
0.726739764213562
0.459950715303421
0.7063345909118652
0.25366708636283875
0.7816756963729858
0.4742342531681061
0.5256855487823486
0.45037418603897095
0.9470817446708679
0.5976371765136719
0.39658066630363464
0.8104522824287415
0.45910587906837463
0.7618260383605957
0.658283531665802
0.41631752252578735
0.5391129851341248
0.7264255285263062
0.5404772758483887
0.47955453395843506
0.486492782831192
0.6921535134315491
0.711785078048706
0.6686879396438599
0.7645337581634521
0.3980187475681305
0.6351550221443176
0.5659011602401733
0.6023976802825928
0.9564643502235413
0.43707695603370667
0.46420079469680786
0.5114928483963013
0.7555681467056274
0.6501424908638
0.7778379321098328
0.9703341722488403
0.5816168785095215
0.8806771039962769
0.4740617573261261
0.5422160625457764
0.6589359045028687
0.7516173124313354
0.6220146417617798
0.8065972328186035
0.7166836261749268
0.7208304405212402
0.845892071723938
0.7742210626602173
0.5807656049728394
0.7974214553833008
0.5328031778335571
0.7116165161132812
0.628611147403717
0.3620065152645111
0.5514212846755981
0.5527225732803345
0.6197724342346191
0.19698025286197662
0.603298544883728
0.7723467350006104
0.7396278381347656
0.869813084602356
0.7978984117507935
0.716401994228363
0.7473798394203186
0.7737760543823242
0.6514790654182434
0.33281293511390686
0.5474148988723755
0.06350592523813248
0.701465368270874
0.7794393301010132
0.5761773586273193
0.6456435918807983
0.5396217107772827
0.7149893045425415
0.8919534087181091
0.7241066098213196
0.5643662810325623
0.6522971391677856
0.40700650215148926
0.5466502904891968
0.6629984974861145
0.729442298412323
0.6410204172134399
0.37391090393066406
0.7386237382888794
0.6378862857818604
0.7582309246063232
0.8136187791824341
0.5715242624282837
0.4457099139690399
0.581720769405365
0.6487051248550415
0.14148017764091492
0.36205050349235535
0.6226668357849121
0.7629382610321045
0.768122673034668
0.7394462823867798
0.6278047561645508
0.6953225135803223
0.4110618531703949
0.2953743040561676
0.8446581959724426
0.7542150020599365
0.6850554943084717
0.39588186144828796
0.6819613575935364
0.6616685390472412
0.42895036935806274
0.5586637258529663
0.24478180706501007
0.5238747596740723
0.7251347303390503
0.41690751910209656
0.7244514226913452
0.7430229187011719
0.6594234108924866
0.49902674555778503
0.7916349172592163
0.7700396776199341
0.6290279030799866
0.4726390540599823
0.5481399893760681
0.47211185097694397
0.7006505131721497
0.7217546701431274
0.7032287120819092
0.7457256317138672
0.7145019769668579
0.5178529024124146
0.6877212524414062
0.6202335357666016
0.750143826007843
0.7793009281158447
0.8459789752960205
0.5412657856941223
0.5080344080924988
0.5908206701278687
0.7783664464950562
0.49474477767944336
0.7245696783065796
0.6721584796905518
0.39452090859413147
0.7448767423629761
0.7999775409698486
0.5508453845977783
0.7303953170776367
0.7350298166275024
0.3431684672832489
0.4509067237377167
0.8627133369445801
0.7257771492004395
0.7494027614593506
0.6495030522346497
0.6158462762832642
0.818585216999054
0.7688703536987305
0.6740539073944092
0.7748165726661682
0.2681983411312103
0.728278398513794
0.6758736371994019
0.4088019132614136
0.6147348880767822
0.6680911183357239
0.7832788228988647
0.7223195433616638
0.6304327249526978
0.5731178522109985
0.7047091126441956
0.4581959843635559
0.728803277015686
0.7670629024505615
0.3127007782459259
0.8930665850639343
0.5043870806694031
0.7498209476470947
0.6794137954711914
0.6324834227561951
0.7568032741546631
0.7635837197303772
0.6004259586334229
0.4834154546260834
0.6099708676338196
0.837314784526825
0.6712490320205688
0.751171350479126
0.6803224086761475
0.46248769760131836
0.891136109828949
0.5832394957542419
0.626207709312439
0.5146417021751404
0.7478252649307251
0.7128504514694214
0.6920789480209351
0.4081439673900604
0.5707211494445801
0.644625723361969
0.6472356915473938
0.7813934683799744
0.6624099016189575
0.7874640226364136
0.7844239473342896
0.765117883682251
0.6362261772155762
0.4277123510837555
0.6191490888595581
0.8199514150619507
0.7896474003791809
0.6185178756713867
0.4003812372684479
0.5841897130012512
0.63972407579422
0.4475172460079193
0.5949741005897522
0.7933805584907532
0.8094601631164551
0.5458405017852783
0.6223821043968201
0.7635095715522766
0.8324757218360901
0.3822135925292969
0.9081310629844666
0.649695098400116
0.8107205629348755
0.7265008091926575
0.4924861192703247
0.8334195017814636
0.3163670599460602
0.7635892629623413
0.5845485925674438
0.4999711811542511
0.4206400513648987
0.7026519775390625
0.8099355697631836
0.9011993408203125
0.6681307554244995
0.7189441919326782
0.636258065700531
0.46241769194602966
0.5758965015411377
0.8905003666877747
0.8920423984527588
0.676140308380127
0.75205397605896
0.4465722441673279
0.6452046632766724
0.6090309619903564
0.6255481243133545
0.6536831259727478
0.6087434887886047
0.46911540627479553
0.5701253414154053
0.6443904042243958
0.7464214563369751
0.2453610748052597
0.6359302401542664
0.6771916151046753
0.6323968172073364
0.5900667905807495
0.6498968005180359
0.7707381844520569
0.7089666128158569
0.867917001247406
1.014158010482788
0.5792698860168457
0.7046493291854858
0.7414200305938721
0.6213316917419434
0.7596628665924072
0.46795517206192017
0.35452839732170105
0.6807101964950562
0.7458287477493286
0.6983466744422913
0.7303031086921692
0.4878731071949005
0.484057754278183
0.35079225897789
0.447481632232666
0.4296187162399292
0.7374274730682373
0.7319825291633606
0.5689163208007812
0.6028989553451538
0.6668455600738525
0.7306402921676636
0.6884762048721313
0.7168636322021484
0.7254126071929932
0.8296971321105957
0.7559765577316284
0.8421312570571899
0.8109520673751831
0.7007459998130798
0.6997851133346558
0.7226769328117371
0.8621736764907837
0.7693101763725281
0.6555553674697876
0.6236112713813782
0.7109092473983765
0.7802472114562988
0.8243433833122253
0.7881735563278198
0.6604673266410828
0.5286991000175476
0.8189307451248169
0.38671427965164185
0.37140679359436035
0.8397823572158813
0.754561722278595
0.7031798362731934
0.7288122177124023
0.8808728456497192
0.8388816118240356
0.8586380481719971
0.7288181781768799
0.940653383731842
0.5575469732284546
0.7210889458656311
0.66175377368927
0.36320504546165466
0.8264442682266235
0.6349694132804871
0.8551943898200989
0.8684420585632324
0.7032470703125
0.5679360628128052
0.6034926772117615
0.360609233379364
0.6807482242584229
0.9651027917861938
0.7606139183044434
0.41584762930870056
0.6130017638206482
0.8049606084823608
0.6014506816864014
0.6048237085342407
0.8058779835700989
0.4339955151081085
0.7540054321289062
0.7183052897453308
0.8001234531402588
0.3896697461605072
0.7122957706451416
0.7258089184761047
0.7241976261138916
0.48996904492378235
0.5286095142364502
0.5670353174209595
0.7347809076309204
0.6753144264221191
0.8685680627822876
0.5058867931365967
0.538659930229187
0.41597890853881836
0.7470019459724426
0.38431093096733093
0.7594321370124817
0.30757758021354675
0.6033622622489929
0.864029586315155
0.3224926292896271
0.6254183053970337
0.4614928662776947
0.577523946762085
0.6711820363998413
0.8128706216812134
0.5714981555938721
0.6442320942878723
0.6765050888061523
0.3089240491390228
0.8860981464385986
0.8180332779884338
0.3466086983680725
0.7613953351974487
0.6286689043045044
0.8964608907699585
0.8018118143081665
0.8016254901885986
0.6914198398590088
0.4406532943248749
0.5443514585494995
0.8107069730758667
0.7808603048324585
0.7702223062515259
0.6522694826126099
0.37331923842430115
0.4399067163467407
0.4151872992515564
0.7842580080032349
0.7787420749664307
0.5890624523162842
0.3072773814201355
0.8345187902450562
0.8292016983032227
0.8713773488998413
0.6220315098762512
0.7957403659820557
0.5038493275642395
0.4236285984516144
0.44274863600730896
0.5955758094787598
0.8364155292510986
0.7870578765869141
0.36275431513786316
0.4920094907283783
0.7758229970932007
0.6088860630989075
0.750150203704834
0.657400369644165
0.45215559005737305
0.7340871095657349
0.6974776387214661
0.25522512197494507
0.6939622163772583
0.3618466258049011
0.24906368553638458
0.5785807967185974
0.8540654182434082
0.5730963945388794
0.5249903202056885
0.8419299125671387
0.6980180740356445
0.6935740113258362
0.829185426235199
0.6136582493782043
0.5481909513473511
0.8557588458061218
0.4218561351299286
0.5372613072395325
0.46247291564941406
0.8013177514076233
0.6410471200942993
0.8345974683761597
0.7623165845870972
0.48369884490966797
0.5495992302894592
0.7692767381668091
0.7788016200065613
0.6511063575744629
0.7087796926498413
0.6894643306732178
0.6633414626121521
0.7122013568878174
0.7753031253814697
0.7916169166564941
0.16710792481899261
0.8290750980377197
0.7528146505355835
0.6364657282829285
0.7970560789108276
0.6364530920982361
0.6870958805084229
0.856674313545227
0.7371885180473328
0.7489035129547119
0.6271320581436157
0.7304984331130981
0.7629731297492981
0.7404749393463135
0.7492008805274963
0.6930218935012817
0.6735979318618774
0.7014001607894897
0.8040308356285095
0.7017669081687927
0.5881542563438416
0.6320562362670898
0.2075137048959732
0.7270863056182861
0.5693372488021851
0.7228755354881287
0.6705014705657959
0.8928402066230774
0.5560020804405212
0.6088854074478149
0.4957270622253418
0.600841760635376
0.5581787824630737
0.38857215642929077
0.6360766887664795
0.2365802824497223
0.8447682857513428
0.45143094658851624
0.5594900846481323
0.7848349809646606
0.4870718717575073
0.7310405373573303
0.7937093377113342
0.7928625345230103
0.7497376203536987
0.7006034851074219
0.7822022438049316
0.6094827055931091
0.6581559181213379
0.6679725050926208
0.6912527680397034
0.8137291669845581
0.5614002346992493
0.45123282074928284
0.8179537057876587
0.6042380332946777
0.6336833238601685
0.868064284324646
0.5473248958587646
0.7701518535614014
0.8111515641212463
0.6069498062133789
0.7304486632347107
0.670619010925293
0.8557042479515076
0.679438591003418
0.5660487413406372
0.6081437468528748
0.6367998123168945
0.7460627555847168
0.7759495377540588
0.6205615997314453
0.7125203013420105
0.7449636459350586
0.7508729696273804
0.3248204290866852
0.8619409799575806
0.7090095281600952
0.7236495018005371
0.5852018594741821
0.7678115963935852
0.7302943468093872
0.9556429386138916
0.7016044855117798
0.5900298357009888
0.7019501328468323
0.6640739440917969
0.7970523834228516
0.6057960391044617
0.7607237100601196
0.7064749002456665
0.7544875741004944
0.4508231282234192
0.5353941321372986
0.7369710206985474
0.14553239941596985
0.4524429440498352
0.8383515477180481
0.4508609473705292
0.4616157114505768
0.6640212535858154
0.6753866672515869
0.4601171016693115
0.32479241490364075
0.7857651710510254
0.7934091687202454
0.7986087799072266
0.6655412316322327
0.6844930648803711
0.7611008882522583
0.6576955318450928
0.5542454719543457
0.6597157716751099
0.3344039022922516
0.7485824227333069
0.3060479760169983
0.6606565713882446
0.7759847640991211
0.619549572467804
0.5739737153053284
0.5266634821891785
0.7696515321731567
0.39219653606414795
0.870110034942627
0.7021951675415039
0.6387370228767395
0.5126676559448242
0.8329284191131592
0.7815189957618713
0.752432107925415
0.8076614141464233
0.2574990391731262
0.8249150514602661
0.7929606437683105
0.627064049243927
0.6788767576217651
0.6832179427146912
0.6618402600288391
0.686055064201355
0.7449829578399658
0.7376525402069092
0.544136643409729
0.38970664143562317
0.6608006954193115
0.70035320520401
0.5296880006790161
0.763299822807312
0.565795361995697
0.6723397970199585
0.9110117554664612
0.8620003461837769
0.8865365982055664
0.7692608833312988
0.3579212427139282
0.4811871647834778
0.8844320178031921
0.7164248824119568
0.7468736171722412
0.842140793800354
0.5933854579925537
0.5820527076721191
0.4800664484500885
0.6897064447402954
0.8766675591468811
0.4190601706504822
0.5425127744674683
0.5245530605316162
0.7754254341125488
0.7430543899536133
0.6053949594497681
0.7868967056274414
0.6478018760681152
0.7844728231430054
0.3364104926586151
0.5675003528594971
0.36830154061317444
0.4385458528995514
0.5704639554023743
0.856974720954895
0.6505307555198669
0.6448332071304321
0.766377329826355
0.45606324076652527
0.7478470802307129
0.8772686719894409
0.4028294086456299
0.6036474704742432
0.6353771090507507
0.8196722865104675
0.7256304025650024
0.17825856804847717
0.739373505115509
0.7560217380523682
0.6943168640136719
0.447735995054245
0.6840669512748718
0.7507009506225586
0.4864867627620697
0.8042764067649841
0.5301954746246338
0.729631781578064
0.6655235290527344
0.5568800568580627
0.320938378572464
0.18753626942634583
0.5309802293777466
0.5501484870910645
0.6900497078895569
0.8173861503601074
0.7254190444946289
0.5855837464332581
0.727149248123169
0.7438080310821533
0.6434007883071899
0.3837401568889618
0.7228304147720337
0.5738030672073364
0.8519513010978699
0.5646907687187195
0.6818122863769531
0.6625875234603882
0.7110329270362854
0.624449610710144
0.8262721300125122
0.6852798461914062
0.7792109847068787
0.7369852662086487
0.6052215099334717
0.6096248626708984
0.7349913120269775
0.6424580812454224
0.7238117456436157
0.6508445143699646
0.5847887992858887
0.6825408339500427
0.5708341598510742
0.7733213901519775
0.7454477548599243
0.2676618993282318
0.6267861127853394
0.6968889832496643
0.6825152039527893
0.7181776762008667
0.6467463970184326
0.7900466322898865
0.533652663230896
0.6511754989624023
0.7323026061058044
0.684317946434021
0.70430988073349
0.5334271192550659
0.8298447132110596
0.7486246824264526
0.7622888684272766
0.6180872321128845
0.6050195097923279
0.618698000907898
0.3722207248210907
0.33525946736335754
0.8483912348747253
0.816887617111206
0.5567588806152344
0.30347880721092224
0.6957431435585022
0.7100622653961182
0.4686366021633148
0.27137449383735657
0.6416221857070923
0.5813127160072327
0.2808223068714142
0.5961973667144775
0.6710325479507446
0.8882973194122314
0.7493884563446045
0.5463439226150513
0.6555641293525696
0.6237329244613647
0.5383786559104919
0.525638222694397
0.8122204542160034
0.35731589794158936
0.5973023176193237
0.828286349773407
0.6476902961730957
0.7458341121673584
0.6615712642669678
0.4436374604701996
0.7015208005905151
0.5506339073181152
0.6858770847320557
0.36903953552246094
0.8676273226737976
0.7356907725334167
0.6525611877441406
0.8648751974105835
0.8279023170471191
0.6105051040649414
0.7732746005058289
0.7693840861320496
0.6158641576766968
0.6319693922996521
0.43502214550971985
0.6145914793014526
0.7490634322166443
0.5698370337486267
0.781659722328186
0.39172792434692383
0.7068701982498169
0.7445342540740967
0.688619077205658
0.6703544855117798
0.6516097784042358
0.8066766858100891
0.6300143003463745
0.7691783905029297
0.7533315420150757
0.7329562902450562
0.623440682888031
0.4636572599411011
0.7450591921806335
0.4154464900493622
0.8360174894332886
0.32893800735473633
0.7834216952323914
0.6728146076202393
0.6529234647750854
0.7353290915489197
0.3281926214694977
0.8217711448669434
0.5734037160873413
0.7876139283180237
0.7198330163955688
0.16067831218242645
0.36994144320487976
0.3271971642971039
0.5850529074668884
0.3136359453201294
0.5618849992752075
0.7990132570266724
0.6348515152931213
0.7719914317131042
0.6910985708236694
0.26596012711524963
0.45816439390182495
0.4552137553691864
0.5682021379470825
0.7273449897766113
0.8027514219284058
0.7550160884857178
0.7863863110542297
0.8008625507354736
0.6918634176254272
0.6395540237426758
0.6938474774360657
0.7215470671653748
0.7952430248260498
0.75523442029953
0.4935615360736847
0.4735318720340729
0.7415595054626465
0.7945390343666077
0.5075224041938782
0.7334455251693726
0.5928509831428528
0.6447947025299072
0.6754374504089355
0.5352621078491211
0.47698912024497986
0.7895748019218445
0.6680790781974792
0.5146355628967285
0.8165185451507568
0.6262162923812866
0.7322494983673096
0.4538746774196625
0.6613514423370361
0.7555593252182007
0.5560932159423828
0.8807681798934937
0.8346664905548096
0.7311525344848633
0.5593204498291016
0.6456557512283325
0.5155884623527527
0.46607866883277893
0.7277572154998779
0.5512728691101074
0.5225747227668762
0.7799975275993347
0.5457673072814941
0.5373990535736084
0.43528982996940613
0.7043449878692627
0.785092830657959
0.41726401448249817
0.7065633535385132
0.7928057312965393
0.7178844809532166
0.48612427711486816
0.8806195855140686
0.4368058145046234
0.5938464403152466
0.4975217878818512
0.5291144847869873
0.47645795345306396
0.8031060695648193
0.5108003616333008
0.7380274534225464
0.4478157162666321
0.3833111524581909
0.42492297291755676
0.305555135011673
0.3966079354286194
0.7229074835777283
0.683144211769104
0.5894292593002319
0.6509255766868591
0.6630107164382935
0.6259386539459229
0.5480023622512817
0.5677427053451538
0.7106356620788574
0.5852544903755188
0.5361510515213013
0.480078786611557
0.39530301094055176
0.6639195084571838
0.6267687082290649
0.7646057605743408
0.6362624168395996
0.6271320581436157
0.8201841115951538
0.37983348965644836
0.7224501967430115
0.7942513227462769
0.3319484293460846
0.662783682346344
0.7501341700553894
0.43966224789619446
0.6720026731491089
0.7983776330947876
0.7272500395774841
0.6213345527648926
0.6176766157150269
0.42489731311798096
0.789544403553009
0.7004486322402954
0.48532894253730774
0.6356468796730042
0.3417768180370331
0.5029939413070679
0.47137650847435
0.2871696650981903
0.7136855125427246
0.618832528591156
0.9094005227088928
0.23422227799892426
0.4613337218761444
0.5658801794052124
0.6027858853340149
0.46370312571525574
0.8305196166038513
0.345874160528183
0.6505014300346375
0.5278112292289734
0.4656364321708679
0.8517882823944092
0.7697889804840088
0.595949649810791
0.45597848296165466
0.7423033118247986
0.8361916542053223
0.9021940231323242
0.7897077202796936
0.5251345634460449
0.8747272491455078
0.5664230585098267
0.755905032157898
0.7419708371162415
0.7443656921386719
0.6361863613128662
0.8097198009490967
0.6344722509384155
0.6840177774429321
0.618661642074585
0.7141531705856323
0.5261257886886597
0.39791563153266907
0.7954834699630737
0.4485114514827728
0.8726537823677063
0.8097816109657288
0.6248999834060669
0.56114262342453
0.6868754625320435
0.8966923952102661
0.47671520709991455
0.7797905802726746
0.7086557149887085
0.7662844657897949
0.9071614146232605
0.7213190793991089
0.6236320734024048
0.7135687470436096
0.7331832647323608
0.48599985241889954
0.7774824500083923
0.6865258812904358
0.8462018966674805
0.5716933012008667
0.4711974561214447
0.6288893222808838
0.3542608916759491
0.8472192287445068
0.5161241292953491
0.6043394207954407
0.8168285489082336
0.6224977970123291
0.5582273006439209
0.750088095664978
0.7503491640090942
0.34200575947761536
0.6647091507911682
0.8374873995780945
0.7951039671897888
0.8855816721916199
0.8436086177825928
0.6406072378158569
0.5999382734298706
0.8162509799003601
0.8107527494430542
0.5791221261024475
0.7231014370918274
0.7250933051109314
0.6490339636802673
0.9390867948532104
0.3959668278694153
0.7883789539337158
0.6352989673614502
0.7948250770568848
0.8925690054893494
0.5880818367004395
0.6039952039718628
0.6757373809814453
0.5882835388183594
0.7184450626373291
0.6108842492103577
0.7337793707847595
0.7756071090698242
0.7220090627670288
0.7369760274887085
0.7474884986877441
0.6687942743301392
0.6926649808883667
0.6504127979278564
0.814110279083252
0.18110695481300354
0.7264870405197144
0.6651655435562134
0.8961302638053894
0.8403088450431824
0.6749395132064819
0.6135815978050232
0.6967909336090088
0.8410750031471252
0.5396138429641724
0.5211619138717651
0.6010915040969849
0.7200717329978943
0.5396373867988586
0.6398266553878784
0.35606980323791504
0.6736927032470703
0.8282281756401062
0.6289158463478088
0.3309532701969147
0.6631112694740295
0.4407925009727478
0.7892986536026001
0.4597899615764618
0.4283277094364166
0.8096184730529785
0.47391363978385925
0.7340607643127441
0.606695294380188
0.5558562278747559
0.6991725564002991
0.4099646806716919
0.7541812658309937
0.8427063822746277
0.840639054775238
0.8652350306510925
0.7061257362365723
0.7393485307693481
0.32498249411582947
0.864540159702301
0.6493456363677979
0.5731981992721558
0.6845493316650391
0.608121395111084
0.8856155276298523
0.7491006851196289
0.6601007580757141
0.6655169725418091
0.3734455406665802
0.7705257534980774
0.7750841975212097
0.5346503257751465
0.7087076306343079
0.5606048107147217
0.7742842435836792
0.7168413400650024
0.29108521342277527
0.8216055631637573
0.32688823342323303
0.3268086910247803
0.7076156139373779
0.5127336978912354
0.7450769543647766
0.42688581347465515
0.7231943011283875
0.7770194411277771
0.6457087397575378
0.790446937084198
0.6462199687957764
0.6340888738632202
0.7278259992599487
0.1750648468732834
0.8027019500732422
0.766389012336731
0.7028814554214478
0.5782904624938965
0.28257516026496887
0.3677157461643219
0.6309607625007629
0.5047126412391663
0.5393285155296326
0.6229513883590698
0.9090157151222229
0.542351245880127
0.5177987813949585
0.7381298542022705
0.245731920003891
0.7651813626289368
0.5003963708877563
0.2484266757965088
0.5718971490859985
0.5864299535751343
0.8062025308609009
0.8028358817100525
0.6219548583030701
0.48871076107025146
0.6849585771560669
0.6068147420883179
0.5790915489196777
0.7686996459960938
0.7821770310401917
0.5950210094451904
0.7798550724983215
0.6207799315452576
0.5175322890281677
0.6623514890670776
0.7477495670318604
0.6675461530685425
0.42695340514183044
0.7201791405677795
0.7580201029777527
0.6707772016525269
0.6024418473243713
0.703475296497345
0.828184962272644
0.75698322057724
0.7079188823699951
0.43240782618522644
0.6040249466896057
0.8668804168701172
0.7889136672019958
0.7391675710678101
0.5311311483383179
0.7726781368255615
0.8673006296157837
0.6504224538803101
0.5011575818061829
0.34121665358543396
0.8192542195320129
0.6548464298248291
0.49638330936431885
0.5913918018341064
0.7342934012413025
0.4287368357181549
0.3933963477611542
0.7554333806037903
0.7701582908630371
0.7163825631141663
0.48332086205482483
0.607768177986145
0.6332610249519348
0.1908470094203949
0.42809879779815674
0.8428229689598083
0.755150556564331
0.6562869548797607
0.6802408695220947
0.7925840616226196
0.9344494938850403
0.48163163661956787
0.7695056200027466
0.6149539351463318
0.6642272472381592
0.6217937469482422
0.443248987197876
0.80790114402771
0.5851487517356873
0.1457652896642685
0.7206425070762634
0.46131911873817444
0.6787890791893005
0.6867675185203552
0.6710989475250244
0.7461466789245605
0.4632124900817871
0.40875154733657837
0.44034865498542786
0.6600848436355591
0.72725510597229
0.6291433572769165
0.47391828894615173
0.3093292713165283
0.7486476898193359
0.83586585521698
0.7633481621742249
0.45948436856269836
0.4722450077533722
0.37215232849121094
0.6412142515182495
0.5761533379554749
0.5259464979171753
0.6145932674407959
0.5703914761543274
0.3174284100532532
0.658090353012085
0.7510404586791992
0.5475342273712158
0.5210942625999451
0.8438502550125122
0.4007103443145752
0.6487216949462891
0.6179517507553101
0.47686609625816345
0.6043022871017456
0.9642545580863953
0.4547172486782074
0.29535937309265137
0.7138448357582092
0.6817219853401184
0.7763419151306152
0.7289342880249023
0.5233904123306274
0.5261887907981873
0.6346989870071411
0.7219481468200684
0.42550352215766907
0.6563457250595093
0.6961745619773865
0.9073147177696228
0.798121452331543
0.3280889689922333
0.7443073987960815
0.4025282561779022
0.8012522459030151
0.6445003747940063
0.39352959394454956
0.48707103729248047
0.5091129541397095
0.6987531185150146
0.20930086076259613
0.6022530794143677
0.6825712323188782
0.3461499512195587
0.5771989822387695
0.8252593278884888
0.44912874698638916
0.822688639163971
0.7727766036987305
0.5818772912025452
0.21298235654830933
0.74419105052948
0.7174162864685059
0.434020459651947
0.759432315826416
0.8552464246749878
0.6266366243362427
0.3931609094142914
0.8408384323120117
0.5339502692222595
0.771479606628418
0.8068601489067078
0.8320950269699097
0.5980285406112671
0.702930748462677
0.5249806642532349
0.8062806725502014
0.6288882493972778
0.8244857788085938
0.7706230282783508
0.6215311288833618
0.71212238073349
0.5840170979499817
0.6779054403305054
0.7931739091873169
0.7788556814193726
0.627470850944519
0.5988830327987671
0.7668803930282593
0.49825799465179443
0.3777199685573578
0.5569345951080322
0.6256266832351685
0.4136333763599396
0.482980340719223
0.8038859367370605
0.6597726345062256
0.623214602470398
0.7376198172569275
0.7194472551345825
0.6669788360595703
0.636141836643219
0.5407223701477051
0.7878884077072144
0.6081513166427612
0.671390175819397
0.7450416088104248
0.849959671497345
0.3539874851703644
0.5767228603363037
0.47705283761024475
0.7870811223983765
0.8424213528633118
0.7934057116508484
0.4135262370109558
0.4770585894584656
0.7476376295089722
0.6169219017028809
0.708855390548706
0.7922368049621582
0.26327797770500183
0.48022931814193726
0.5042892098426819
0.6948831081390381
0.6519675850868225
0.669320285320282
0.5855494737625122
0.6330881714820862
0.794019341468811
0.39043569564819336
0.46971043944358826
0.6899667978286743
0.8116151094436646
0.7751736640930176
0.45034727454185486
0.3043404519557953
0.6985591650009155
0.7625813484191895
0.7961124777793884
0.5305848121643066
0.25893160700798035
0.8000967502593994
0.7464325428009033
0.9120872020721436
0.3509516716003418
0.7387368679046631
0.7316186428070068
0.4429059624671936
0.3859233260154724
0.6037307977676392
0.6719710826873779
0.717688798904419
0.7126632332801819
0.5911977291107178
0.7528711557388306
0.8054628372192383
0.4885443449020386
0.5058348774909973
0.6404079794883728
0.7925529479980469
0.3721477687358856
0.7071099281311035
0.7995139360427856
0.7799825668334961
0.6133193969726562
0.756318211555481
0.6224350929260254
0.3383887708187103
0.3712635636329651
0.6322258710861206
0.5503203868865967
0.8061987161636353
0.5977176427841187
0.32674190402030945
0.7347986698150635
0.8430155515670776
0.8425209522247314
0.7164518237113953
0.7532067894935608
0.681462287902832
0.5808166861534119
0.6927197575569153
0.6412272453308105
0.5645438432693481
0.7730319499969482
0.6978917121887207
0.5249756574630737
0.6623243093490601
0.7940008640289307
0.7108023166656494
0.3386674225330353
0.5465257167816162
0.7491690516471863
0.5555623173713684
0.7379331588745117
0.8086349368095398
0.5481544733047485
0.8671770691871643
0.547121524810791
0.677300751209259
0.4212759733200073
0.49477049708366394
0.34769701957702637
0.6691199541091919
0.6987526416778564
0.44918444752693176
0.8587464094161987
0.6899697780609131
0.7671505212783813
0.46642521023750305
0.7731475830078125
0.7161756157875061
0.7418652176856995
0.7452112436294556
0.6602896451950073
0.5839091539382935
0.5596243143081665
0.5907413959503174
0.7283111214637756
0.8102743625640869
0.7450705766677856
0.6978527307510376
0.6263308525085449
0.6353274583816528
0.6642863750457764
0.5063616037368774
0.6324304938316345
0.7394747138023376
0.7401045560836792
0.8246896862983704
0.6834668517112732
0.19920948147773743
0.7782351970672607
0.7846164703369141
0.764910876750946
0.6282073855400085
0.5829524397850037
0.4896555542945862
0.49591347575187683
0.4917769432067871
0.7525589466094971
0.33202406764030457
0.5753531455993652
0.4768402874469757
0.3192044496536255
0.8391343355178833
0.5169150233268738
0.5337920188903809
0.7948993444442749
0.7731407880783081
0.3294353485107422
0.487628310918808
0.6194643974304199
0.40567895770072937
0.8131579756736755
0.6307666301727295
0.7330237627029419
0.3011031746864319
0.4554295837879181
0.7081571221351624
0.7587704062461853
0.5963152647018433
0.5857500433921814
0.39346587657928467
0.6563369631767273
0.4190995693206787
0.7984668016433716
0.6622116565704346
0.3586917817592621
0.761624276638031
0.6709794998168945
0.6751848459243774
0.646481990814209
0.817129373550415
0.6249235272407532
0.7486697435379028
0.8324252367019653
0.7261755466461182
0.6306700706481934
0.5439725518226624
0.5473862886428833
0.37649014592170715
0.696235179901123
0.6315815448760986
0.6879712343215942
0.7104417085647583
0.5229693651199341
0.64654940366745
0.6978956460952759
0.4351824223995209
0.6197119951248169
0.8472481966018677
0.23338951170444489
0.6690422296524048
0.7580068111419678
0.36641648411750793
0.7647528648376465
0.887024462223053
0.8329831957817078
0.5472442507743835
0.7326130867004395
0.6206783056259155
0.4715708792209625
0.7694988250732422
0.6088431477546692
0.44903847575187683
0.845770537853241
0.743682861328125
0.7137296795845032
0.7145144939422607
0.4286821484565735
0.584884524345398
0.617347002029419
0.6595659255981445
0.7338688373565674
0.7415145635604858
0.7824167609214783
0.6462443470954895
0.7193437814712524
0.8480457067489624
0.4958026707172394
0.8121718168258667
0.8670498132705688
0.7251359820365906
0.5549680590629578
0.6026702523231506
0.6353675127029419
0.6326528787612915
0.644371747970581
0.5165956020355225
0.6439409255981445
0.6502671241760254
0.6338304281234741
0.5524508953094482
0.8903165459632874
0.32377246022224426
0.5447275638580322
0.6613747477531433
0.7196476459503174
0.714154839515686
0.4004455506801605
0.6056049466133118
0.7371426820755005
0.7779744267463684
0.45001456141471863
0.7009031772613525
0.7081922888755798
0.6460610628128052
0.7266014814376831
0.8410792350769043
0.5530596971511841
0.6849372386932373
0.5983155369758606
0.7324187159538269
0.6215893030166626
0.7216980457305908
0.7337872385978699
0.8185925483703613
0.6735819578170776
0.7868322730064392
0.3110869228839874
0.6506707668304443
0.7517558336257935
0.49036338925361633
0.7140069007873535
0.6615449786186218
0.6598613262176514
0.6716433167457581
0.32217779755592346
0.6665195226669312
0.8360272645950317
0.900089681148529
0.8785821795463562
0.5208905935287476
0.7412423491477966
0.8930922746658325
0.7686395049095154
0.7221208810806274
0.7544888257980347
0.768142819404602
0.6954469084739685
0.17357510328292847
0.7466402053833008
0.9082072973251343
0.6661854386329651
0.6856918334960938
0.45038285851478577
0.6513305306434631
0.6137419939041138
0.8444466590881348
0.4525555372238159
0.2878929078578949
0.7996816039085388
0.6610722541809082
0.5098479390144348
0.6267687082290649
0.7018249034881592
0.5001277923583984
0.7188344597816467
0.11871012300252914
0.63771653175354
0.6520211100578308
0.826334536075592
0.22234414517879486
0.8106813430786133
0.7636680603027344
0.7633373737335205
0.4565776288509369
0.6746664047241211
0.8433075547218323
0.4130057394504547
0.6637585759162903
0.07531219720840454
0.5676262378692627
0.3578753173351288
0.5181986689567566
0.6696586608886719
0.7524734139442444
0.34287846088409424
0.7484599947929382
0.862750768661499
0.6736242175102234
0.43185093998908997
0.7733196020126343
0.774717390537262
0.8836707472801208
0.8216626048088074
0.49263855814933777
0.6324372291564941
0.6340055465698242
0.7193043231964111
0.7921737432479858
0.7957535982131958
0.7515583038330078
0.6904391050338745
0.7684041261672974
0.266387015581131
0.6183067560195923
0.7478326559066772
0.53275465965271
0.5130156874656677
0.8022913336753845
0.753848671913147
0.8377242088317871
0.5329010486602783
0.44596606492996216
0.6361826658248901
0.4053410589694977
0.3939450979232788
0.3754523992538452
0.7111128568649292
0.8974111676216125
0.6660135388374329
0.7256647348403931
0.2867620289325714
0.7793020009994507
0.68690025806427
0.6883939504623413
0.7030807137489319
0.63038170337677
0.6427061557769775
0.23836243152618408
0.7082921266555786
0.4539875090122223
0.3754883408546448
0.7850275039672852
0.7700246572494507
0.6030457019805908
0.5217217803001404
0.7111178636550903
0.9016238451004028
0.6837131381034851
0.7564844489097595
0.5148701667785645
0.7917632460594177
0.8458197712898254
0.4407588839530945
0.8890320658683777
0.6063722372055054
0.8706347346305847
0.6057978868484497
0.706354022026062
0.45197930932044983
0.8979899883270264
0.4346921145915985
0.46531614661216736
0.6942366361618042
0.7895636558532715
0.346252977848053
0.33616742491722107
0.3564188778400421
0.7459092736244202
0.3458094000816345
0.4646998345851898
0.8067238330841064
0.47821125388145447
0.8121989369392395
0.38755935430526733
0.6628995537757874
0.6372799277305603
0.5210973620414734
0.37466365098953247
0.48748645186424255
0.44902393221855164
0.665989875793457
0.5097171068191528
0.7284241318702698
0.8549877405166626
0.758904218673706
0.8490821719169617
0.4497312307357788
0.6502276659011841
0.8203573226928711
0.6196174621582031
0.5643071532249451
0.6635615825653076
0.787466287612915
0.7634416818618774
0.5085383653640747
0.5109643340110779
0.5855091214179993
0.6870005130767822
0.6479763984680176
0.7176956534385681
0.6309164762496948
0.6294333934783936
0.5754401087760925
0.462945818901062
0.809086799621582
0.7513992786407471
0.6393982172012329
0.662104606628418
0.5990184545516968
0.4339708089828491
0.5617700815200806
0.7804698944091797
0.7968057990074158
0.74247807264328
0.7175979018211365
0.7987271547317505
0.6917272210121155
0.7032465934753418
0.2610975503921509
0.3678024709224701
0.7527740001678467
0.7866758704185486
0.15160036087036133
0.4458213150501251
0.8026301860809326
0.5361506938934326
0.6588613986968994
0.587698221206665
0.5531227588653564
0.5802931189537048
0.3772967755794525
0.6408392190933228
0.7421185970306396
0.3628411889076233
0.3951674699783325
0.6554995775222778
0.6072672605514526
0.6194385886192322
0.7616977691650391
0.5990294218063354
0.33495187759399414
0.7351800203323364
0.5342360138893127
0.37078943848609924
0.7333068251609802
0.6136025190353394
0.5207931995391846
0.8068344593048096
0.38246116042137146
0.3896418511867523
0.6817682981491089
0.5234014391899109
0.6301183700561523
0.38094475865364075
0.7098714113235474
0.8500996232032776
0.6595147848129272
0.769001841545105
0.6138971447944641
0.4425939619541168
0.7370413541793823
0.24319644272327423
0.3493620455265045
0.742832601070404
0.6126834154129028
0.7551144957542419
0.30355605483055115
0.6467575430870056
0.8681561946868896
0.5998969674110413
0.857806921005249
0.6690760254859924
0.6633670330047607
0.4556005001068115
0.3510251045227051
0.8362231850624084
0.5353698134422302
0.6727768778800964
0.5815239548683167
0.6959234476089478
0.4359746277332306
0.6277797222137451
0.21036876738071442
0.7309894561767578
0.3876802623271942
0.900759756565094
0.7083770036697388
0.6659741997718811
0.22415900230407715
0.5709452629089355
0.8215360045433044
0.30526867508888245
0.7899881601333618
0.7323412895202637
0.7570397257804871
0.3179650902748108
0.6129106283187866
0.6106451153755188
0.6500906944274902
0.6126587390899658
0.6204048991203308
0.7874894142150879
0.7910192012786865
0.717289924621582
0.6651185750961304
0.6090394258499146
0.6447926759719849
0.5195479989051819
0.7323471307754517
0.78581702709198
0.6295924186706543
0.6599535346031189
0.7534824013710022
0.7091414928436279
0.6165004372596741
0.7991318106651306
0.4665895998477936
0.7678420543670654
0.39299121499061584
0.5198490023612976
0.746245265007019
0.5671724081039429
0.5228465795516968
0.7328730821609497
0.7363897562026978
0.7315229773521423
0.395134299993515
0.7440842986106873
0.7374284267425537
0.6807992458343506
0.7325949668884277
0.5401409864425659
0.2856384813785553
0.5034645795822144
0.7598599791526794
0.8462782502174377
0.7843846082687378
0.809964656829834
0.7838179469108582
0.6796787977218628
0.474518746137619
0.841037392616272
0.5555292963981628
0.6588521599769592
0.7021759748458862
0.8788720965385437
0.746785044670105
0.5936963558197021
0.3980700373649597
0.7368266582489014
0.5901612639427185
0.783430814743042
0.8197119832038879
0.5224847793579102
0.4832076132297516
0.7008956670761108
0.399524986743927
0.7711507081985474
0.6645861864089966
0.8295927047729492
0.763877272605896
0.8216248750686646
0.704769492149353
0.6137597560882568
0.6758486032485962
0.7446797490119934
0.7627111673355103
0.6261602640151978
0.7731597423553467
0.6198394298553467
0.6005627512931824
0.5218253135681152
0.7420231699943542
0.647330641746521
0.676866888999939
0.44588199257850647
0.8416224122047424
0.3368266522884369
0.407925546169281
0.7599165439605713
0.5908148288726807
0.6601806282997131
0.8064000606536865
0.5546767115592957
0.7103041410446167
0.7157572507858276
0.7136457562446594
0.6826595664024353
0.4009121060371399
0.5149651765823364
0.7782977819442749
0.6144347190856934
0.663123607635498
0.7924210429191589
0.6825171709060669
0.596855878829956
0.712548017501831
0.6119358539581299
0.7357926368713379
0.7546320557594299
0.8756473064422607
0.760955274105072
0.4616761803627014
0.48344945907592773
0.7642230987548828
0.5819381475448608
0.5118430256843567
0.8286411166191101
0.6010298132896423
0.8768329620361328
0.7292237281799316
0.9349573850631714
0.36215466260910034
0.4960190951824188
0.5262939929962158
0.728029727935791
0.8149083852767944
0.697951078414917
0.5937871336936951
0.6513727903366089
0.5971564054489136
0.3276132643222809
0.6986038684844971
0.3104841709136963
0.6506133079528809
0.7267878651618958
0.5470494031906128
0.3469030559062958
0.42614707350730896
0.41039028763771057
0.7673014998435974
0.6222041845321655
0.34649452567100525
0.626849353313446
0.556990921497345
0.7257214784622192
0.8008109331130981
0.5493106245994568
0.6042580604553223
0.6622365117073059
0.7539999485015869
0.33006832003593445
0.7847104668617249
0.7966054677963257
0.4410416781902313
0.45897161960601807
0.7432115077972412
0.7118912935256958
0.7278916835784912
0.8001370429992676
0.6273621916770935
0.3739815354347229
0.5759222507476807
0.6828079223632812
0.8506889343261719
0.5932495594024658
0.7487127780914307
0.8057242035865784
0.7316879034042358
0.745282769203186
0.6956883072853088
0.3705487549304962
0.6818532943725586
0.7164483666419983
0.46945610642433167
0.5179593563079834
0.7527422904968262
0.7138478755950928
0.5747367143630981
0.4767875373363495
0.5579899549484253
0.5084447860717773
0.6212137341499329
0.7575244903564453
0.8242744207382202
0.596642792224884
0.8136419057846069
0.7262072563171387
0.653810441493988
0.7387973070144653
0.6171107292175293
0.6134703159332275
0.5429926514625549
0.5508809685707092
0.3511224389076233
0.7262264490127563
0.6766934394836426
0.5872216820716858
0.5891426801681519
0.5341451168060303
0.6075366735458374
0.3709467351436615
0.8157081007957458
0.45013028383255005
0.8851105570793152
0.3624105155467987
0.6365036368370056
0.8059883713722229
0.5325806140899658
0.6655174493789673
0.6720486283302307
0.38373926281929016
0.6593910455703735
0.5599974989891052
0.5305620431900024
0.6282191872596741
0.5303018689155579
0.913628339767456
0.4752140939235687
0.30411556363105774
0.6792036294937134
0.8460835218429565
0.3428323268890381
0.8808296322822571
0.5315065383911133
0.646526575088501
0.4375428557395935
0.7257808446884155
0.6550639271736145
0.6334018707275391
0.7505906224250793
0.525503933429718
0.9035946130752563
0.817033052444458
0.6586670279502869
0.8256587982177734
0.5567588806152344
0.7043038010597229
0.461338073015213
0.457541823387146
0.6166361570358276
0.6852908730506897
0.6018610000610352
0.3066428005695343
0.6084139347076416
0.5431265830993652
0.4382285177707672
0.6515625715255737
0.5326656699180603
0.7983313798904419
0.761996865272522
0.8692485094070435
0.8239108324050903
0.4932648837566376
0.52234947681427
0.5934451818466187
0.36280301213264465
0.6277825236320496
0.545829176902771
0.7276891469955444
0.5774921178817749
0.5067471265792847
0.273189902305603
0.5771304368972778
0.6076245307922363
0.7421349883079529
0.8037985563278198
0.7958711385726929
0.6825820207595825
0.7002435326576233
0.32580697536468506
0.5685622692108154
0.8859514594078064
0.6869217157363892
0.7023966312408447
0.4750645160675049
0.5853154063224792
0.7548220157623291
0.3260352313518524
0.3984241187572479
0.787848949432373
0.19613780081272125
0.319461464881897
0.7828880548477173
0.6579882502555847
0.8325620889663696
0.6937969923019409
0.6739546060562134
0.7804393768310547
0.722446084022522
0.6786404848098755
0.46253281831741333
0.40093544125556946
0.5016720294952393
0.3870573341846466
0.7055715918540955
0.646361231803894
0.36500251293182373
0.7347851991653442
0.7315633296966553
0.64217209815979
0.5041326284408569
0.8082342743873596
0.7004700899124146
0.5747368931770325
0.6672900915145874
0.7589829564094543
0.5333032608032227
0.7057779431343079
0.4509357213973999
0.5728983879089355
0.8384532332420349
0.4836910367012024
0.32836511731147766
0.3973295986652374
0.7825944423675537
0.8290637135505676
0.6095669269561768
0.611325204372406
0.7390812635421753
0.749051570892334
0.7471237182617188
0.6238232851028442
0.5374036431312561
0.5694504380226135
0.49530360102653503
0.8122215270996094
0.5715229511260986
0.7720707654953003
0.4352441728115082
0.3697454035282135
0.7837351560592651
0.6129190325737
0.6307846903800964
0.73331618309021
0.4258745014667511
0.7567914128303528
0.7419552206993103
0.5561134219169617
0.6650006771087646
0.45262542366981506
0.8145792484283447
0.7334216237068176
0.7260676026344299
0.5295519828796387
0.797582745552063
0.598662257194519
0.49977633357048035
0.5857826471328735
0.6564192175865173
0.6727111339569092
0.3196731209754944
0.5996896028518677
0.6148217916488647
0.8807052373886108
0.44250229001045227
0.42816904187202454
0.7225263118743896
0.5687785148620605
0.7778345942497253
0.6592060327529907
0.8673006296157837
0.7369785904884338
0.5770647525787354
0.6577264070510864
0.6195829510688782
0.2331777960062027
0.6851710081100464
0.21837961673736572
0.7684990167617798
0.8907268047332764
0.791397213935852
0.6830125451087952
0.4188483655452728
0.6097778081893921
0.40171363949775696
0.8152811527252197
0.7335225343704224
0.8117278814315796
0.7600458860397339
0.7006686925888062
0.8186099529266357
0.3943402171134949
0.7027455568313599
0.7278261184692383
0.7543827295303345
0.018065687268972397
0.8337118625640869
0.7651863694190979
0.5109929442405701
0.25835689902305603
0.568101704120636
0.2628729045391083
0.6274821758270264
0.49297448992729187
0.87374347448349
0.7405766844749451
0.8250020742416382
0.8370299935340881
0.8620589375495911
0.8057951927185059
0.3307163119316101
0.4294731318950653
0.7783576250076294
0.7434607148170471
0.7066211700439453
0.650209903717041
0.6522312164306641
0.6101208329200745
0.7890743017196655
0.4097709357738495
0.7564802169799805
0.4905410706996918
0.8177481889724731
0.7989622354507446
0.9041780829429626
0.5288403034210205
0.35544541478157043
0.3381200134754181
0.7801260352134705
0.7018464207649231
0.8039500713348389
0.6739716529846191
0.7896048426628113
0.37733542919158936
0.7285459041595459
0.37577900290489197
0.6938878297805786
0.7149494886398315
0.46861976385116577
0.7272487282752991
0.4790707230567932
0.6573326587677002
0.6919001340866089
0.5102154016494751
0.8169066309928894
0.7034335732460022
0.3752084970474243
0.7636911273002625
0.6976311206817627
0.7991842031478882
0.780927300453186
0.5771751999855042
0.7402708530426025
0.7917539477348328
0.531246542930603
0.30327194929122925
0.23884978890419006
0.5638248920440674
0.8199987411499023
0.34843021631240845
0.618209719657898
0.7754635810852051
0.5119941234588623
0.5534945726394653
0.5374172925949097
0.656025767326355
0.6765764951705933
0.54975426197052
0.29932376742362976
0.21497619152069092
0.6360096335411072
