0.49342334270477295
0.3702312111854553
0.46218955516815186
0.40137574076652527
0.518086850643158
0.3335918188095093
0.5312497615814209
0.44295650720596313
0.37104129791259766
0.5150068402290344
0.5765990018844604
0.5399669408798218
0.4779173731803894
0.35063350200653076
0.5145342946052551
0.5249407887458801
0.5487290620803833
0.4458380341529846
0.49692970514297485
0.4689669609069824
0.4474037289619446
0.6041344404220581
0.546196699142456
0.3594561517238617
0.5175743699073792
0.4685347080230713
0.2845826745033264
0.4956730604171753
0.32411617040634155
0.45213258266448975
0.40232837200164795
0.5561313033103943
0.5837358832359314
0.56214439868927
0.4012594223022461
0.430037260055542
0.4091709852218628
0.49228280782699585
0.38284122943878174
0.4964052438735962
0.4659469723701477
0.44113045930862427
0.5664629936218262
0.42037826776504517
0.40492555499076843
0.40460461378097534
0.29060566425323486
0.4332423806190491
0.38675835728645325
0.48140645027160645
0.5058240294456482
0.5358880162239075
0.4777184724807739
0.3478001356124878
0.5469219088554382
0.5016695857048035
0.4335034489631653
0.4696168899536133
0.47034305334091187
0.39972996711730957
0.31710636615753174
0.3570610582828522
0.5737069845199585
0.30556535720825195
0.37307530641555786
0.42340874671936035
0.4049748182296753
0.5292553305625916
0.45742183923721313
0.6156762838363647
0.47264742851257324
0.45213204622268677
0.5536141395568848
0.48517417907714844
0.3271191120147705
0.38536226749420166
0.3815740942955017
0.5335137248039246
0.40873879194259644
0.5006566047668457
0.4762515425682068
0.4107425808906555
0.4231673777103424
0.3673185706138611
0.5007368326187134
0.46968650817871094
0.45044511556625366
0.4829225540161133
0.3728216588497162
0.47194069623947144
0.5561328530311584
0.36838722229003906
0.4481828212738037
0.531886100769043
0.4388796091079712
0.30802905559539795
0.3963252305984497
0.5754186511039734
0.5575409531593323
0.4700103998184204
0.427145779132843
0.4478708505630493
0.6648073792457581
0.27115607261657715
0.4250428080558777
0.5271349549293518
0.476163387298584
0.4801316261291504
0.4006950259208679
0.48017656803131104
0.41142547130584717
0.40152841806411743
0.3798891305923462
0.35638123750686646
0.43632954359054565
0.4215061664581299
0.4817522168159485
0.46383583545684814
0.46992236375808716
0.4020472764968872
0.36245083808898926
0.4700695276260376
0.4667092561721802
0.4206203818321228
0.5003584623336792
0.5253087282180786
0.5012668967247009
0.5624694228172302
0.5143046975135803
0.47989386320114136
0.47627687454223633
0.4817330241203308
0.4525447487831116
0.44382137060165405
0.35778379440307617
0.5642785429954529
0.47510987520217896
0.5134694576263428
0.3842375874519348
0.5630741119384766
0.57658451795578
0.3727576732635498
0.5939624905586243
0.5198051333427429
0.4984179735183716
0.4290711581707001
0.6063454747200012
0.44445961713790894
0.5534943342208862
0.5396881103515625
0.4213820695877075
0.54253751039505
0.42522358894348145
0.49951982498168945
0.5924060940742493
0.48071038722991943
0.4941002130508423
0.4173966944217682
0.47010505199432373
0.4517415165901184
0.5847528576850891
0.4407190680503845
0.4799666404724121
0.478277325630188
0.47073858976364136
0.5846392512321472
0.5139039754867554
0.5494743585586548
0.4851030111312866
0.34266597032546997
0.3970673680305481
0.5011601448059082
0.3987168073654175
0.5183182954788208
0.6207877993583679
0.5958299040794373
0.5044193267822266
0.3332096040248871
0.33763813972473145
0.3997962474822998
0.479925274848938
0.461295485496521
0.42030906677246094
0.401652455329895
0.4133465886116028
0.43881040811538696
0.24724461138248444
0.3767002522945404
0.4869581460952759
0.39221954345703125
0.3881579637527466
0.3875747323036194
0.3590623140335083
0.46177589893341064
0.4882844090461731
0.4857708215713501
0.47075706720352173
0.41672801971435547
0.4526824355125427
0.42487263679504395
0.3648113012313843
0.5437012910842896
0.4313873052597046
0.41688859462738037
0.4964631199836731
0.47040271759033203
0.4964621663093567
0.380039781332016
0.37955546379089355
0.5984795093536377
0.5350112915039062
0.43792790174484253
0.3251127004623413
0.3571234345436096
0.496906578540802
0.6528719663619995
0.5154423713684082
0.33357980847358704
0.37895524501800537
0.5494816899299622
0.37724000215530396
0.41002821922302246
0.46572011709213257
0.47980087995529175
0.5391462445259094
0.44400131702423096
0.46615028381347656
0.3276662826538086
0.5054656267166138
0.4565814137458801
0.4251629710197449
0.6173804402351379
0.3719921112060547
0.47353190183639526
0.5536512732505798
0.49377650022506714
0.4746285080909729
0.44257277250289917
0.4558058977127075
0.44812721014022827
0.4278176426887512
0.559279203414917
0.42353251576423645
0.4570057988166809
0.507484495639801
0.46718013286590576
0.3476899564266205
0.5124331116676331
0.3619980812072754
0.4977441430091858
0.521144688129425
0.4690472483634949
0.4403168559074402
0.44758105278015137
0.5129283666610718
0.5440255999565125
0.5906451940536499
0.5301242470741272
0.38906463980674744
0.3870766758918762
0.47271728515625
0.39810097217559814
0.4451482892036438
0.44525307416915894
0.53111732006073
0.4222807288169861
0.4891800284385681
0.3632262945175171
0.6685953736305237
0.5762395858764648
0.3900216221809387
0.38565850257873535
0.37758195400238037
0.4277401566505432
0.4806920886039734
0.44338124990463257
0.4531441330909729
0.5346963405609131
0.5408073663711548
0.4323340654373169
0.4056001901626587
0.4623361825942993
0.49418336153030396
0.343888521194458
0.39843401312828064
0.40626227855682373
0.46958673000335693
0.3404756188392639
0.46326082944869995
0.445354700088501
0.35367149114608765
0.39391839504241943
0.4470810294151306
0.4480662941932678
0.38432577252388
0.523174524307251
0.5326703190803528
0.44427841901779175
0.4485567808151245
0.5347403883934021
0.44119274616241455
0.47391462326049805
0.4315377473831177
0.4403461217880249
0.4567086696624756
0.5339046716690063
0.3437707722187042
0.3944844901561737
0.517044723033905
0.3518920838832855
0.5200222134590149
0.4989674687385559
0.4346739649772644
0.4481552839279175
0.5063436031341553
0.45310813188552856
0.49041610956192017
0.39342936873435974
0.4866887927055359
0.5285533666610718
0.48943543434143066
0.4360908269882202
0.38763922452926636
0.38868361711502075
0.4998854398727417
0.5153915286064148
0.36010926961898804
0.298995703458786
0.4800306558609009
0.4975457191467285
0.43422967195510864
0.47323310375213623
0.5151552557945251
0.4642694592475891
0.4607616662979126
0.45959699153900146
0.6034694910049438
0.5249297618865967
0.4673529863357544
0.5412368178367615
0.5751669406890869
0.4908057451248169
0.426547110080719
0.43214333057403564
0.49623632431030273
0.44809144735336304
0.47587043046951294
0.49866437911987305
0.47849833965301514
0.5413169264793396
0.4149891138076782
0.5023625493049622
0.5619487166404724
0.40955811738967896
0.4600653648376465
0.4309983253479004
0.4549329876899719
0.4268360733985901
0.36732324957847595
0.3893033266067505
0.5569521188735962
0.4315570592880249
0.4280741214752197
0.4236932694911957
0.3003762364387512
0.41529178619384766
0.4132363200187683
0.43229764699935913
0.499844491481781
0.4957444667816162
0.3988370895385742
0.34682726860046387
0.48111796379089355
0.5057499408721924
0.3621729016304016
0.38141047954559326
0.25231143832206726
0.46051549911499023
0.541774570941925
0.4111632704734802
0.4238399267196655
0.4177888035774231
0.5096999406814575
0.4019489884376526
0.5518324375152588
0.395779550075531
0.4932177662849426
0.20558308064937592
0.40099048614501953
0.43611007928848267
0.5356969833374023
0.3152238130569458
0.4014965891838074
0.27767473459243774
0.4952676296234131
0.4950016140937805
0.36806291341781616
0.5226630568504333
0.48874229192733765
0.4221838712692261
0.4015476107597351
0.4536571502685547
0.5743349194526672
0.4106271266937256
0.5996841788291931
0.35166025161743164
0.44068264961242676
0.5181466937065125
0.5936404466629028
0.4112975001335144
0.3624790906906128
0.416396826505661
0.3553590178489685
0.4831024408340454
0.3309935927391052
0.3721032738685608
0.5370160341262817
0.4702243208885193
0.473636269569397
0.5174587965011597
0.6372615098953247
0.42976635694503784
0.4393601417541504
0.39271610975265503
0.44323140382766724
0.48113030195236206
0.42020925879478455
0.34257858991622925
0.48046326637268066
0.45604103803634644
0.45427626371383667
0.44993501901626587
0.4364743232727051
0.39545172452926636
0.4740130305290222
0.43110191822052
0.4553687572479248
0.5083298087120056
0.529507040977478
0.506064772605896
0.4046373963356018
0.3486226797103882
0.438942015171051
0.30771830677986145
0.4619904160499573
0.4357972741127014
0.4030466079711914
0.36528247594833374
0.31279218196868896
0.4678889513015747
0.3697872757911682
0.29338741302490234
0.547756016254425
0.5507718324661255
0.46991121768951416
0.46715104579925537
0.36134570837020874
0.2772960066795349
0.3808271288871765
0.41683390736579895
0.44491082429885864
0.5592451095581055
0.3678743243217468
0.4872499108314514
0.4881047010421753
0.44825059175491333
0.461087167263031
0.4085833430290222
0.38170909881591797
0.4769797921180725
0.38905054330825806
0.46167296171188354
0.48718470335006714
0.5457762479782104
0.6015702486038208
0.47264742851257324
0.5388407707214355
0.40613460540771484
0.43046146631240845
0.375868022441864
0.7196551561355591
0.5177637338638306
0.40640997886657715
0.6066768765449524
0.4558395743370056
0.4884694218635559
0.5572103261947632
0.5290817618370056
0.5026786923408508
0.4230155348777771
0.33371517062187195
0.4111552834510803
0.3621671795845032
0.5102108120918274
0.6112911105155945
0.4217008650302887
0.5188186764717102
0.3441706895828247
0.41149502992630005
0.4175970256328583
0.49182450771331787
0.43222224712371826
0.5501188635826111
0.49710071086883545
0.4224422574043274
0.42827147245407104
0.42696672677993774
0.469058096408844
0.41231513023376465
0.369190514087677
0.4744831919670105
0.43054622411727905
0.4849984049797058
0.5138251781463623
0.32457369565963745
0.31858980655670166
0.35909926891326904
0.541143536567688
0.530549168586731
0.4478423595428467
0.35687267780303955
0.40935927629470825
0.47926849126815796
0.4123998284339905
0.49738097190856934
0.4721139073371887
0.5577433705329895
0.5831090807914734
0.3989410996437073
0.5060619115829468
0.3720968961715698
0.4328039884567261
0.4692520499229431
0.48233968019485474
0.4509739279747009
0.4411965012550354
0.43497759103775024
0.44053125381469727
0.46644681692123413
0.5849729180335999
0.40367740392684937
0.47266173362731934
0.5726708769798279
0.4504428505897522
0.4423797130584717
0.48281019926071167
0.5971494317054749
0.3895201086997986
0.46757209300994873
0.3839789628982544
0.45781785249710083
0.394997239112854
0.3657134771347046
0.6448602676391602
0.38485705852508545
0.5515251755714417
0.3619621694087982
0.5077840685844421
0.5580791234970093
0.4705052375793457
0.5168728828430176
0.5617715716362
0.4175644814968109
0.42300498485565186
0.6523525714874268
0.3518019914627075
0.4769681692123413
0.45547693967819214
0.5006023049354553
0.5149295926094055
0.41021978855133057
0.3396955132484436
0.5551958680152893
0.45602846145629883
0.5681449770927429
0.5482857823371887
0.3974698781967163
0.4094030261039734
0.4785556197166443
0.5588695406913757
0.45236319303512573
0.4302930235862732
0.45580458641052246
0.5779868960380554
0.47731369733810425
0.44926512241363525
0.44141608476638794
0.4307876229286194
0.5815639495849609
0.3466712236404419
0.4072733521461487
0.3851456344127655
0.569780707359314
0.4528080224990845
0.3406849503517151
0.5256868004798889
0.41906458139419556
0.4412617087364197
0.40672698616981506
0.39334726333618164
0.5251495838165283
0.32046687602996826
0.4384270906448364
0.5495210289955139
0.452889621257782
0.4663064479827881
0.6159929037094116
0.48781371116638184
0.4309620261192322
0.48957526683807373
0.5053557753562927
0.6348990201950073
0.3391966223716736
0.5297292470932007
0.3998960256576538
0.468721866607666
0.4755539298057556
0.41292279958724976
0.34488534927368164
0.3855305314064026
0.4706920385360718
0.46041977405548096
0.4723464250564575
0.39789700508117676
0.4313928484916687
0.48549211025238037
0.4347204566001892
0.3412940502166748
0.5361995100975037
0.4522895812988281
0.5441017150878906
0.4396871328353882
0.4512951374053955
0.414436012506485
0.36516496539115906
0.38308078050613403
0.3825233578681946
0.5083627104759216
0.3906422257423401
0.4793365001678467
0.44588762521743774
0.5698221325874329
0.4339570999145508
0.39285987615585327
0.5041093230247498
0.42978644371032715
0.4553115963935852
0.5470821261405945
0.47394078969955444
0.474021315574646
0.48472660779953003
0.5653654336929321
0.43592584133148193
0.4491981267929077
0.4534054398536682
0.4311392903327942
0.5109166502952576
0.6094098687171936
0.40078821778297424
0.4137353301048279
0.4896416664123535
0.5710525512695312
0.5877503752708435
0.419566810131073
0.39417457580566406
0.4077267050743103
0.41043955087661743
0.38550567626953125
0.38854968547821045
0.449956476688385
0.21271167695522308
0.5844482779502869
0.6453171968460083
0.369546115398407
0.5470585227012634
0.5787686109542847
0.4080692529678345
0.4717060923576355
0.4044322371482849
0.5169333815574646
0.3552490472793579
0.3669486939907074
0.6155397891998291
0.4522404670715332
0.3583536148071289
0.5931007862091064
0.4831708073616028
0.3533838093280792
0.5392695665359497
0.5607582926750183
0.4463805556297302
0.38799840211868286
0.45072078704833984
0.5171293616294861
0.5495562553405762
0.5093950629234314
0.4659656286239624
0.5121968984603882
0.5911422371864319
0.31211966276168823
0.4471930265426636
0.5062988996505737
0.4749794006347656
0.3507385849952698
0.37507009506225586
0.4120774269104004
0.35672563314437866
0.5010179281234741
0.42039304971694946
0.3165150284767151
0.5216057896614075
0.35298386216163635
0.49708640575408936
0.5330398678779602
0.45363378524780273
0.5676753520965576
0.4016939401626587
0.32593846321105957
0.4745672941207886
0.512079656124115
0.5251782536506653
0.4611085057258606
0.4641575217247009
0.4596562385559082
0.4527817964553833
0.322673499584198
0.5509926676750183
0.3648848831653595
0.48655450344085693
0.4562090039253235
0.4116997718811035
0.4268978238105774
0.4382544159889221
0.3528780937194824
0.4728516936302185
0.42010757327079773
0.5035268664360046
0.4850195646286011
0.5513641834259033
0.6611572504043579
0.4547197222709656
0.4515032172203064
0.37327879667282104
0.5088390111923218
0.4123842716217041
0.4119652509689331
0.44268566370010376
0.38101726770401
0.3417488932609558
0.5305604338645935
0.3723256587982178
0.48702937364578247
0.43057411909103394
0.4450286626815796
0.3555189371109009
0.4847313165664673
0.4214462637901306
0.3801005482673645
0.454662561416626
0.3567781448364258
0.44779008626937866
0.3909482955932617
0.4981939196586609
0.5159152150154114
0.5411437153816223
0.4556005001068115
0.3799835443496704
0.4320724606513977
0.5226417183876038
0.4980924129486084
0.4382140040397644
0.3492268919944763
0.618105411529541
0.3499370813369751
0.3638586699962616
0.42285704612731934
0.43341249227523804
0.43588489294052124
0.4783310294151306
0.46188652515411377
0.46331268548965454
0.5599679946899414
0.5835900902748108
0.3617779612541199
0.4279809594154358
0.4114512801170349
0.5753912329673767
0.5353384613990784
0.40857475996017456
0.6324271559715271
0.42119666934013367
0.5802260637283325
0.5437493324279785
0.36404192447662354
0.5114811658859253
0.4222342073917389
0.371141642332077
0.4125514030456543
0.40958619117736816
0.3859094977378845
0.4922260642051697
0.44147562980651855
0.41278213262557983
0.4343293309211731
0.48151129484176636
0.40590453147888184
0.48748767375946045
0.39497292041778564
0.4444759488105774
0.3922758102416992
0.435219407081604
0.36034801602363586
0.40060824155807495
0.4977762699127197
0.4412580132484436
0.3164137601852417
0.44216281175613403
0.5798408389091492
0.5359265208244324
0.4788920283317566
0.3858931064605713
0.41964149475097656
0.45706266164779663
0.45510780811309814
0.4187926650047302
0.5097752213478088
0.40805739164352417
0.3908507525920868
0.5277521014213562
0.4246048331260681
0.42732492089271545
0.505212128162384
0.48032766580581665
0.49319398403167725
0.4695485234260559
0.3509450852870941
0.49661558866500854
0.49857378005981445
0.4439435601234436
0.3988637626171112
0.631138801574707
0.41375723481178284
0.5029104948043823
0.5067035555839539
0.4839385151863098
0.4540805220603943
0.4139406085014343
0.45601803064346313
0.5402892231941223
0.3920992612838745
0.4112062454223633
0.5182604193687439
0.43442362546920776
0.5975748300552368
0.49625277519226074
0.3220630884170532
0.43319565057754517
0.4074351191520691
0.3526836633682251
0.4119507074356079
0.36397820711135864
0.4218306839466095
0.35248368978500366
0.5304222106933594
0.4550621509552002
0.4106634855270386
0.43960243463516235
0.5309022665023804
0.576842725276947
0.4501763582229614
0.4329856038093567
0.3791268467903137
0.5828536748886108
0.5257038474082947
0.4004940390586853
0.4191635847091675
0.32959258556365967
0.4043388068675995
0.44643425941467285
0.5230979323387146
0.32080715894699097
0.4078337550163269
0.379142701625824
0.5410595536231995
0.43521732091903687
0.5627779960632324
0.4330412745475769
0.43704652786254883
0.4303283095359802
0.44399183988571167
0.4106893539428711
0.37083709239959717
0.47333306074142456
0.5070421695709229
0.5070701241493225
0.48902803659439087
0.3234393894672394
0.4641135334968567
0.48201990127563477
0.5671889185905457
0.4888610243797302
0.4252793788909912
0.3522440195083618
0.5383861064910889
0.4397401809692383
0.4187771677970886
0.5458135604858398
0.5159566402435303
0.46563810110092163
0.40185675024986267
0.5564892888069153
0.3746553659439087
0.4788515567779541
0.4741166830062866
0.4065249562263489
0.48952949047088623
0.6149556636810303
0.43663424253463745
0.5137240290641785
0.43818801641464233
0.34740036725997925
0.5180559158325195
0.5266934633255005
0.46731245517730713
0.5195099711418152
0.4557257294654846
0.5434185862541199
0.5055853724479675
0.4269147515296936
0.3808000087738037
0.42337799072265625
0.3971143364906311
0.6448851823806763
0.40780866146087646
0.3703486919403076
0.4154937267303467
0.34337300062179565
0.44261568784713745
0.3895759582519531
0.4335659146308899
0.45188021659851074
0.5220565795898438
0.48674774169921875
0.4858267307281494
0.4675671458244324
0.4621925354003906
0.2709663510322571
0.405822217464447
0.4703764319419861
0.4673129916191101
0.5275118350982666
0.5661154389381409
0.3064252734184265
0.5230678915977478
0.5736027359962463
0.3662912845611572
0.33957329392433167
0.5396099090576172
0.46501654386520386
0.554370105266571
0.579375147819519
0.48599499464035034
0.4130357503890991
0.2640083432197571
0.5798918008804321
0.3180692195892334
0.39436936378479004
0.48790472745895386
0.4554312825202942
0.5595874190330505
0.30260148644447327
0.46096664667129517
0.40581607818603516
0.4693450331687927
0.41682249307632446
0.48509061336517334
0.22280901670455933
0.4315209984779358
0.42723965644836426
0.4263637661933899
0.39125728607177734
0.4370858669281006
0.525920569896698
0.456193745136261
0.43981486558914185
0.5313431024551392
0.5170304775238037
0.6266177892684937
0.4906275272369385
0.42899441719055176
0.5858145952224731
0.34932172298431396
0.4541482925415039
0.42946767807006836
0.40132850408554077
0.3674025535583496
0.4292205572128296
0.36879175901412964
0.38738828897476196
0.4526903033256531
0.44717931747436523
0.5098497271537781
0.25628986954689026
0.5333003401756287
0.4701131582260132
0.45124751329421997
0.5333894491195679
0.525032639503479
0.3765488862991333
0.36407268047332764
0.33941715955734253
0.5110948085784912
0.49364858865737915
0.40017223358154297
0.43087238073349
0.6114304065704346
0.5691732168197632
0.5048198699951172
0.5146075487136841
0.4663435220718384
0.49819517135620117
0.3131435513496399
0.5605416893959045
0.5809576511383057
0.4273641109466553
0.48855626583099365
0.5324101448059082
0.4809211492538452
0.48094475269317627
0.2913599908351898
0.38333410024642944
0.3501875400543213
0.5155280232429504
0.5175292491912842
0.5729106664657593
0.3963402509689331
0.4146501421928406
0.6315621733665466
0.36349016427993774
0.5218809247016907
0.5464444756507874
0.5768247842788696
0.33624356985092163
0.36576372385025024
0.43223607540130615
0.46822524070739746
0.4523385763168335
0.5456578135490417
0.47819358110427856
0.4738005995750427
0.5399596095085144
0.4892492890357971
0.7149522304534912
0.29977452754974365
0.40449607372283936
0.4604864716529846
0.2980808615684509
0.5562464594841003
0.589225172996521
0.4386623501777649
0.4510141611099243
0.5018696188926697
0.41630637645721436
0.409856915473938
0.49751925468444824
0.5406580567359924
0.5129908323287964
0.45195096731185913
0.32610929012298584
0.5008204579353333
0.6356415152549744
0.44454002380371094
0.4908193349838257
0.33407866954803467
0.49352020025253296
0.45542389154434204
0.451862096786499
0.46670639514923096
0.4537198543548584
0.566095232963562
0.3920409083366394
0.42558807134628296
0.5814061164855957
0.393241822719574
0.36240851879119873
0.47317689657211304
0.3967238664627075
0.5804675817489624
0.3590938448905945
0.44009315967559814
0.41153573989868164
0.5116596221923828
0.43031013011932373
0.4066464304924011
0.46609652042388916
0.3777227997779846
0.44290924072265625
0.5044498443603516
0.43319565057754517
0.34848910570144653
0.49706947803497314
0.34162577986717224
0.5051056742668152
0.35937559604644775
0.5791338682174683
0.5718883872032166
0.35065025091171265
0.49612677097320557
0.5669897794723511
0.46752649545669556
0.4610574245452881
0.39241889119148254
0.4440873861312866
0.6269161105155945
0.48287099599838257
0.3867373466491699
0.355827271938324
0.5138042569160461
0.43013328313827515
0.3051280379295349
0.5759931802749634
0.4708020091056824
0.3708340525627136
0.5708506107330322
0.5005811452865601
0.5013403296470642
0.4665486812591553
0.33842161297798157
0.46151143312454224
0.461478590965271
0.5400570034980774
0.6312167644500732
0.3250805735588074
0.4839981198310852
0.3952764868736267
0.59014493227005
0.5909227132797241
0.35219478607177734
0.4406307339668274
0.5269709825515747
0.3553050756454468
0.5092965960502625
0.5173168182373047
0.4134473204612732
0.4139817953109741
0.38894033432006836
0.47680437564849854
0.5139679908752441
0.5380042791366577
0.5379538536071777
0.32059603929519653
0.46843528747558594
0.39746975898742676
0.2889394462108612
0.42613887786865234
0.5402761697769165
0.31016039848327637
0.4712190628051758
0.2930411994457245
0.4937622547149658
0.530800461769104
0.3519930839538574
0.44368356466293335
0.43471723794937134
0.31787705421447754
0.39464330673217773
0.5275272130966187
0.3939819931983948
0.3769538104534149
0.44621050357818604
0.37115278840065
0.4735868573188782
0.28613927960395813
0.4783444404602051
0.43109357357025146
0.5306496620178223
0.49277055263519287
0.45630818605422974
0.42799443006515503
0.47000443935394287
0.5303469300270081
0.45081186294555664
0.5732170343399048
0.38644614815711975
0.3238266706466675
0.38046860694885254
0.43856269121170044
0.5610190629959106
0.4053099751472473
0.45631951093673706
0.48269593715667725
0.5628240704536438
0.3450447618961334
0.4798317551612854
0.36557793617248535
0.38516801595687866
0.5242418646812439
0.42982017993927
0.5077821612358093
0.3572121858596802
0.5850736498832703
0.4798523783683777
0.41418349742889404
0.49610745906829834
0.36463066935539246
0.46216702461242676
0.4780306816101074
0.5267941951751709
0.35054707527160645
0.3092641532421112
0.4114219546318054
0.4661855101585388
0.5211582779884338
0.44059187173843384
0.3728734850883484
0.5130693912506104
0.4295341968536377
0.431918740272522
0.3897077441215515
0.4416388273239136
0.468966543674469
0.5087874531745911
0.2969675362110138
0.4317745566368103
0.5441535711288452
0.4251821041107178
0.451619029045105
0.380340576171875
0.35003459453582764
0.35697054862976074
0.36155271530151367
0.5745373368263245
0.586507260799408
0.39760100841522217
0.5332851409912109
0.517783522605896
0.5729392170906067
0.5357848405838013
0.43086951971054077
0.4341278672218323
0.547324538230896
0.4479426145553589
0.3468366861343384
0.4737308621406555
0.5777354836463928
0.43504053354263306
0.5473090410232544
0.28589439392089844
0.42428749799728394
0.43651044368743896
0.5994989275932312
0.5098194479942322
0.4279530644416809
0.40233057737350464
0.34967535734176636
0.4701559543609619
0.5340231657028198
0.5300964117050171
0.4836103320121765
0.6174831986427307
0.5092833638191223
0.38308846950531006
0.3560413420200348
0.40070587396621704
0.45714956521987915
0.505242645740509
0.35651466250419617
0.5425059199333191
0.4887250065803528
0.42400917410850525
0.45991891622543335
0.3786545395851135
0.431515634059906
0.5189036726951599
0.39946481585502625
0.43941521644592285
0.36831915378570557
0.44168007373809814
0.5124304294586182
0.4352529048919678
0.5718762874603271
0.5353384613990784
0.49713701009750366
0.4011557102203369
0.45088374614715576
0.5658162236213684
0.46289825439453125
0.5115010142326355
0.4740942120552063
0.7087423205375671
0.47428107261657715
0.5917037129402161
0.4386448264122009
0.31061697006225586
0.2846921980381012
0.4484966993331909
0.3813803791999817
0.42548590898513794
0.4370279312133789
0.41812998056411743
0.5095335841178894
0.42510977387428284
0.32617464661598206
0.42601215839385986
0.48038917779922485
0.3947206437587738
0.48550939559936523
0.4432706832885742
0.6422693133354187
0.3954610228538513
0.39142513275146484
0.4754822254180908
0.36677640676498413
0.3842298984527588
0.5111376643180847
0.38822251558303833
0.4685137867927551
0.46103984117507935
0.38977083563804626
0.34677574038505554
0.4356256127357483
0.43118125200271606
0.7687468528747559
0.4125934839248657
0.546379029750824
0.442746102809906
0.37474310398101807
0.558061957359314
0.48511290550231934
0.37673014402389526
0.5362921953201294
0.5436311960220337
0.3495129346847534
0.48874664306640625
0.5238746404647827
0.3295978307723999
0.5278037786483765
0.4700142741203308
0.44766008853912354
0.4414868950843811
0.41697168350219727
0.5560298562049866
0.4267045855522156
0.3055213689804077
0.43893420696258545
0.35168391466140747
0.5318027138710022
0.4779708981513977
0.3909875750541687
0.47795844078063965
0.37151217460632324
0.4204391837120056
0.5322218537330627
0.3443719744682312
0.43463975191116333
0.47449278831481934
0.36640575528144836
0.4796309471130371
0.3303232491016388
0.48143160343170166
0.3625168800354004
0.5272836089134216
0.5313926935195923
0.4789283275604248
0.4452211260795593
0.5558174252510071
0.4928920269012451
0.3903685510158539
0.3152174949645996
0.44751399755477905
0.40085476636886597
0.3550383746623993
0.40805912017822266
0.36555153131484985
0.33771103620529175
0.4493487477302551
0.6734758019447327
0.6435695290565491
0.5954654216766357
0.41179320216178894
0.49229270219802856
0.5727354288101196
0.4694786071777344
0.4833402633666992
0.4716426730155945
0.494789183139801
0.4108463525772095
0.4493837356567383
0.6994632482528687
0.4863995313644409
0.44772833585739136
0.39700716733932495
0.4733547568321228
0.5245510339736938
0.4802345037460327
0.343288779258728
0.4053826630115509
0.4816555380821228
0.5102442502975464
0.4379745125770569
0.4001947045326233
0.5451032519340515
0.4663156270980835
0.49104756116867065
0.6698424816131592
0.40920448303222656
0.43184858560562134
0.45961642265319824
0.32559651136398315
0.45112544298171997
0.47277891635894775
0.3603041172027588
0.49816620349884033
0.35599416494369507
0.4183424711227417
0.40412425994873047
0.3753703236579895
0.5854172706604004
0.4543352723121643
0.4622343182563782
0.49201101064682007
0.3063046336174011
0.5215532183647156
0.4488651752471924
0.5370011925697327
0.4831054210662842
0.5244031548500061
0.5397599935531616
0.47186100482940674
0.4982747435569763
0.5368763208389282
0.4913948178291321
0.5902414321899414
0.47873568534851074
0.4169766306877136
0.36584991216659546
0.5077911615371704
0.45230066776275635
0.4936080574989319
0.30035796761512756
0.4818422198295593
0.5176267027854919
0.35637545585632324
0.3979243040084839
0.49372196197509766
0.4364446997642517
0.5158926248550415
0.4705137014389038
0.49341660737991333
0.5123739242553711
0.42490899562835693
0.5163508057594299
0.48015493154525757
0.5881488919258118
0.4134805202484131
0.4715879559516907
0.42363613843917847
0.23725862801074982
0.3706442713737488
0.2947912812232971
0.5960522890090942
0.4938676357269287
0.42828232049942017
0.46083033084869385
0.5147722363471985
0.4248494505882263
0.40463972091674805
0.46078968048095703
0.3760839104652405
0.630828320980072
0.5265794396400452
0.5493396520614624
0.5473715662956238
0.36061543226242065
0.49123722314834595
0.42565709352493286
0.31675779819488525
0.40273386240005493
0.5226805806159973
0.43666326999664307
0.41271835565567017
0.3741892874240875
0.35441258549690247
0.3025128245353699
0.4309704303741455
0.5319605469703674
0.505856990814209
0.6503041982650757
0.5418390035629272
0.4876430034637451
0.4455246329307556
0.4990094304084778
0.30772772431373596
0.33359843492507935
0.4093632102012634
0.36862489581108093
0.3332868218421936
0.37886491417884827
0.5277002453804016
0.45894527435302734
0.535210132598877
0.4820787310600281
0.5598725080490112
0.4838787317276001
0.45009690523147583
0.40039724111557007
0.4992697834968567
0.4986444115638733
0.47092288732528687
0.34316399693489075
0.5310767889022827
0.4831342101097107
0.4282541275024414
0.381175696849823
0.43852853775024414
0.5547362565994263
0.5327244997024536
0.4787329435348511
0.4190600514411926
0.4926906228065491
0.5421393513679504
0.4492530822753906
0.353650838136673
0.5484358072280884
0.35586732625961304
0.43274611234664917
0.41967692971229553
0.4505782127380371
0.4519236087799072
0.43276137113571167
0.38208895921707153
0.39498502016067505
0.4129531979560852
0.5265920758247375
0.576461672782898
0.47869670391082764
0.6496538519859314
0.5054265260696411
0.399362176656723
0.3730095624923706
0.4874858856201172
0.5948070883750916
0.43276774883270264
0.3393871784210205
0.3733177185058594
0.43349629640579224
0.5131244659423828
0.5594027638435364
0.5717251896858215
0.5934864282608032
0.5748612880706787
0.3865792155265808
0.4226202368736267
0.4713056683540344
0.41993796825408936
0.37654298543930054
0.6161373257637024
0.6607085466384888
0.5762650370597839
0.42367446422576904
0.3506178855895996
0.5356169939041138
0.43866991996765137
0.3538779020309448
0.4000958800315857
0.504734456539154
0.34823521971702576
0.5208369493484497
0.360187828540802
0.4819833040237427
0.41544657945632935
0.4459463357925415
0.410319983959198
0.5832360982894897
0.4577673673629761
0.5349685549736023
0.33750635385513306
0.534002423286438
0.37517237663269043
0.5105243921279907
0.5142179131507874
0.36043623089790344
0.3256067633628845
0.37328821420669556
0.35202711820602417
0.5047083497047424
0.40532857179641724
0.31963491439819336
0.2523058354854584
0.5539764165878296
0.5163282752037048
0.4379819631576538
0.6156762838363647
0.3341449499130249
0.4190492630004883
0.47869259119033813
0.45133304595947266
0.32798224687576294
0.5151891112327576
0.4447600245475769
0.4506015181541443
0.5291330218315125
0.4741904139518738
0.4661223292350769
0.4779583215713501
0.4503418207168579
0.5698111653327942
0.4907948970794678
0.44758158922195435
0.3719947338104248
0.48052501678466797
0.4203909635543823
0.3869541883468628
0.6233755946159363
0.42317429184913635
0.3751128911972046
0.5412176251411438
0.54083251953125
0.528689980506897
0.5636945366859436
0.4736623167991638
0.4636681079864502
0.33453160524368286
0.542204737663269
0.3140227198600769
0.3683246970176697
0.3041940927505493
0.5494875907897949
0.4410066604614258
0.5336465835571289
0.5108490586280823
0.4229481816291809
0.43833428621292114
0.43853646516799927
0.43899816274642944
0.3867287039756775
0.3953213095664978
0.4301162362098694
0.5956128835678101
0.41574591398239136
0.4435635805130005
0.4718661904335022
0.2555772662162781
0.3443147540092468
0.4916757345199585
0.4157034754753113
0.4789866805076599
0.5133568048477173
0.41871899366378784
0.3313574194908142
0.4980130195617676
0.5054978132247925
0.2970033884048462
0.507610023021698
0.498981237411499
0.45688891410827637
0.5477720499038696
0.38664889335632324
0.5192117691040039
0.6250893473625183
0.44479238986968994
0.48157984018325806
0.46524882316589355
0.45625436305999756
0.4224255681037903
0.43028318881988525
0.38411253690719604
0.42549705505371094
0.35608184337615967
0.34111446142196655
0.5631331205368042
0.4086998701095581
0.3985488712787628
0.36943572759628296
0.4572649598121643
0.4294404685497284
0.3880680203437805
0.44290804862976074
0.5949270725250244
0.4519643187522888
0.39144167304039
0.4854464530944824
0.6479413509368896
0.31598660349845886
0.40088433027267456
0.38573241233825684
0.4605591893196106
0.5095762610435486
0.5558717846870422
0.4881388545036316
0.48759740591049194
0.24963301420211792
0.43094223737716675
0.4340549111366272
0.542692244052887
0.4468010663986206
0.3520594835281372
0.4598469138145447
0.5423166751861572
0.4288034439086914
0.4358026385307312
0.3918702006340027
0.42071565985679626
0.3536388874053955
0.5179414749145508
0.33617109060287476
0.6737633347511292
0.4635406732559204
0.5233893394470215
0.5918407440185547
0.5042716264724731
0.47540462017059326
0.4134880304336548
0.5853903293609619
0.5643292665481567
0.43382835388183594
0.569404661655426
0.5542769432067871
0.5628596544265747
0.44051265716552734
0.4101172089576721
0.3801773190498352
0.35540926456451416
0.4087371230125427
0.32540228962898254
0.3569102883338928
0.3654659688472748
0.3875412344932556
0.49447888135910034
0.4817473888397217
0.32112959027290344
0.38492271304130554
0.3794242739677429
0.3739108145236969
0.5325424075126648
0.5228919982910156
0.6044679284095764
0.38743340969085693
0.49409544467926025
0.46416252851486206
0.4227152466773987
0.4679415225982666
0.30019545555114746
0.4346020221710205
0.3945454955101013
0.4565318822860718
0.2911783456802368
0.43506163358688354
0.4395372271537781
0.41795921325683594
0.4522472620010376
0.41400593519210815
0.45908743143081665
0.5682506561279297
0.4281168282032013
0.3231244683265686
0.4741562604904175
0.5415891408920288
0.5026349425315857
0.5746147036552429
0.4966626763343811
0.3893393874168396
0.6352140307426453
0.3831232786178589
0.33075660467147827
0.4524509310722351
0.3172621726989746
0.514892578125
0.5536209344863892
0.5467390418052673
0.5561301112174988
0.3519049286842346
0.3732292652130127
0.3995842933654785
0.4503762722015381
0.4808165431022644
0.5259790420532227
0.4664725661277771
0.31873393058776855
0.4666224718093872
0.32030296325683594
0.4666593670845032
0.42315348982810974
0.46442389488220215
0.47259366512298584
0.5880836248397827
0.4913562536239624
0.4372970461845398
0.31117135286331177
0.4792054295539856
0.5448852777481079
0.37793540954589844
0.47172755002975464
0.30792462825775146
0.3447221517562866
0.3972334861755371
0.25735360383987427
0.5455754399299622
0.6039487719535828
0.44720810651779175
0.6039469838142395
0.5674598813056946
0.485845685005188
0.45711642503738403
0.45363694429397583
0.5802324414253235
0.3648220896720886
0.345493882894516
0.26482030749320984
0.5611739158630371
0.45342427492141724
0.47947001457214355
0.46300452947616577
0.2944430410861969
0.4476209878921509
0.39403173327445984
0.5058577656745911
0.40480613708496094
0.5570807456970215
0.5685321092605591
0.3909362554550171
0.48601508140563965
0.3124241828918457
0.5706379413604736
0.6310340762138367
0.409939169883728
0.3576393723487854
0.40133610367774963
0.45771777629852295
0.46707403659820557
0.5975815653800964
0.5034410357475281
0.4756699204444885
0.49808210134506226
0.5996747612953186
0.5422295331954956
0.4042792320251465
0.42704904079437256
0.4217642545700073
0.6442563533782959
0.5820397138595581
0.35893845558166504
0.5523684024810791
0.5043830275535583
0.4648805856704712
0.4162667989730835
0.4538727402687073
0.4787636399269104
0.39329993724823
0.6091572046279907
0.5183202624320984
0.585142970085144
0.45532524585723877
0.4067639112472534
0.3990707993507385
0.49056321382522583
0.4976128339767456
0.4718000292778015
0.5009077787399292
0.46930378675460815
0.3734046518802643
0.4458405375480652
0.3342125713825226
0.4882698059082031
0.44408154487609863
0.4177415370941162
0.6050682067871094
0.3321593999862671
0.6228323578834534
0.40371978282928467
0.4861331582069397
0.5471394658088684
0.5554552674293518
0.43782758712768555
0.45628225803375244
0.4883266091346741
0.5544648766517639
0.4330044984817505
0.47663068771362305
0.39105939865112305
0.534111499786377
0.42233163118362427
0.44058841466903687
0.4113128185272217
0.5685157775878906
0.3649677634239197
0.46690136194229126
0.37631213665008545
0.4172975718975067
0.4385976791381836
0.37354904413223267
0.4191322922706604
0.48036426305770874
0.5212684273719788
0.4509071111679077
0.7328082919120789
0.4604417085647583
0.5277504324913025
0.22968462109565735
0.36386728286743164
0.5667540431022644
0.3898582458496094
0.33844655752182007
0.39334601163864136
0.6509842276573181
0.4215238094329834
0.5403425693511963
0.45829951763153076
0.3826815187931061
0.40036720037460327
0.42873990535736084
0.49898451566696167
0.3998463749885559
0.42777055501937866
0.48933130502700806
0.5225015878677368
0.3406270742416382
0.359039306640625
0.6243162751197815
0.5159446001052856
0.5521107316017151
0.5081191658973694
0.6524671316146851
0.36508190631866455
0.4710378050804138
0.4139913022518158
0.5185175538063049
0.4562838077545166
0.49253708124160767
0.4693315029144287
0.6291592121124268
0.46329396963119507
0.4528470039367676
0.4763672351837158
0.4094615578651428
0.49419116973876953
0.3083868622779846
0.39506831765174866
0.6020609140396118
0.43591856956481934
0.380977600812912
0.4213021993637085
0.3591436743736267
0.4553372859954834
0.4144437909126282
0.48804861307144165
0.4548748731613159
0.528404951095581
0.5041989088058472
0.5964370965957642
0.39641332626342773
0.5330744385719299
0.4615331292152405
0.5270354747772217
0.3552926480770111
0.43811124563217163
0.6625626683235168
0.38379454612731934
0.41241908073425293
0.40571510791778564
0.3393285870552063
0.4059666693210602
0.4943004250526428
0.36988794803619385
0.5167267918586731
0.40452539920806885
0.48543667793273926
0.44100725650787354
0.43794602155685425
0.4802202582359314
0.3641561269760132
0.5072382092475891
0.5190914273262024
0.4926888942718506
0.47541236877441406
0.45003753900527954
0.46261149644851685
0.35024768114089966
0.5474594831466675
0.5092387795448303
0.5477175712585449
0.44127094745635986
0.5201864242553711
0.5492327213287354
0.4401169419288635
0.48400795459747314
0.51568204164505
0.4770517349243164
0.34597674012184143
0.5091844201087952
0.3599996566772461
0.42118775844573975
0.48783111572265625
0.4160998463630676
0.45851975679397583
0.4578357934951782
0.3917449116706848
0.4630979299545288
0.4006134867668152
0.4160648584365845
0.37779200077056885
0.40545105934143066
0.5387841463088989
0.4687970280647278
0.3959711194038391
0.5667383074760437
0.5992478132247925
0.41852283477783203
0.4520184397697449
0.5282685160636902
0.3863794207572937
0.5126309990882874
0.3760436475276947
0.345741331577301
0.45356446504592896
0.5457330346107483
0.34114107489585876
0.4755334258079529
0.5396108031272888
0.4286164939403534
0.5017637610435486
0.4278455376625061
0.4731466770172119
0.40092700719833374
0.3987922966480255
0.4401509761810303
0.5607641339302063
0.34039759635925293
0.35473477840423584
0.3982921838760376
0.5694146156311035
0.350788950920105
0.3558482527732849
0.584905207157135
0.49481284618377686
0.3615241050720215
0.40007346868515015
0.46437549591064453
0.38388121128082275
0.531861424446106
0.5144628882408142
0.5400510430335999
0.4941291809082031
0.5040047764778137
0.5243338942527771
0.5569130778312683
0.564217746257782
0.46742695569992065
0.4542267322540283
0.48841017484664917
0.4861992597579956
0.4097214937210083
0.33822089433670044
0.3983440697193146
0.6314254403114319
0.5534158945083618
0.35773760080337524
0.4438280463218689
0.3976643681526184
0.5184695720672607
0.3822614550590515
0.39751261472702026
0.4412423372268677
0.5770232081413269
0.456546425819397
0.3984439969062805
0.3288174271583557
0.36966344714164734
0.4771226644515991
0.40376150608062744
0.46788978576660156
0.51143479347229
0.484508216381073
0.35445547103881836
0.5674546360969543
0.539961576461792
0.3434726595878601
0.43434441089630127
0.4665437340736389
0.40918946266174316
0.5562191009521484
0.5534149408340454
0.486827552318573
0.3765416145324707
0.3535799980163574
0.4411606788635254
0.3843812048435211
0.5806239247322083
0.6347850561141968
0.4154813289642334
0.4326971173286438
0.4837884306907654
0.49401378631591797
0.45824432373046875
0.44943684339523315
0.43153053522109985
0.32604309916496277
0.4008415937423706
0.42361563444137573
0.4970594644546509
0.4425871968269348
0.6399480700492859
0.5410369634628296
0.4383277893066406
0.5850800275802612
0.567707896232605
0.3877582550048828
0.369022399187088
0.5577499866485596
0.6128461956977844
0.5268327593803406
0.5028563737869263
0.37289679050445557
0.3785803020000458
0.37305301427841187
0.6355549693107605
0.3918251395225525
0.41775935888290405
0.47144657373428345
0.4233816862106323
0.5581097602844238
0.3813133239746094
0.48106956481933594
0.5539084076881409
0.5168320536613464
0.4632800221443176
0.4143950343132019
0.5539824962615967
0.3353461027145386
0.4726346731185913
0.571292519569397
0.34064507484436035
0.41617143154144287
0.4488498568534851
0.3633759915828705
0.3836105465888977
0.48134899139404297
0.4216820001602173
0.42217791080474854
0.6751389503479004
0.42199766635894775
0.5816006660461426
0.43944889307022095
0.3476676940917969
0.5598537921905518
0.5109355449676514
0.5298415422439575
0.43065184354782104
0.5399470925331116
0.4007295072078705
0.5694286227226257
0.4880868196487427
0.28906363248825073
0.3997967839241028
0.538597583770752
0.44365084171295166
0.3732171058654785
0.538871169090271
0.5033578872680664
0.5169562101364136
0.5246026515960693
0.48662692308425903
0.3995961546897888
0.31550705432891846
0.3520280718803406
0.5368088483810425
0.3159477412700653
0.3389388918876648
0.37816327810287476
0.4983628988265991
0.40867918729782104
0.38766032457351685
0.4242311716079712
0.4715009331703186
0.45659691095352173
0.5425942540168762
0.38823509216308594
0.4481990933418274
0.428947389125824
0.31585922837257385
0.4814186692237854
0.39257603883743286
0.4756239652633667
0.39270925521850586
0.3005061745643616
0.19714894890785217
0.3722006678581238
0.4609595537185669
0.5128880739212036
0.5308504700660706
0.5358311533927917
0.37917613983154297
0.4409710168838501
0.3452814519405365
0.4257165193557739
0.22090870141983032
0.6162900924682617
0.37717729806900024
0.45234936475753784
0.3856688141822815
0.6121084690093994
0.5180268287658691
0.4900910258293152
0.48556429147720337
0.5150809288024902
0.5114482045173645
0.5603678226470947
0.534020185470581
0.31061023473739624
0.46649622917175293
0.42814552783966064
0.479580819606781
0.3075116276741028
0.37019041180610657
0.38189536333084106
0.4098985195159912
0.673673689365387
0.6319855451583862
0.5046262741088867
0.33797717094421387
0.39043372869491577
0.4837527275085449
0.45285457372665405
0.5104720592498779
0.4230460226535797
0.5170554518699646
0.3533581495285034
0.4572690725326538
0.4565218687057495
0.2716153562068939
0.4065309166908264
0.4130695164203644
0.4901959300041199
0.37842273712158203
0.48598235845565796
0.47535550594329834
0.42573368549346924
0.3187427818775177
0.3714953064918518
0.43862462043762207
0.5236167311668396
0.45735639333724976
0.4152786135673523
0.37335652112960815
0.431358277797699
0.42732059955596924
0.44329631328582764
0.4332882761955261
0.3941776156425476
0.49420714378356934
0.3591063618659973
0.46072709560394287
0.5627844929695129
0.40328776836395264
0.5972368717193604
0.3252389132976532
0.4907837510108948
0.3834637999534607
0.6097682118415833
0.3852807283401489
0.4165865182876587
0.5196230411529541
0.42999541759490967
0.4258134365081787
0.47916263341903687
0.5235687494277954
0.36404192447662354
0.45393437147140503
0.4521661400794983
0.6314095854759216
0.47993308305740356
0.5571534037590027
0.4701389670372009
0.43196719884872437
0.3817283511161804
0.45343828201293945
0.39883363246917725
0.43170446157455444
0.5334142446517944
0.35271114110946655
0.32127225399017334
0.5278204083442688
0.5174169540405273
0.5350515246391296
0.4373496174812317
0.5542491674423218
0.4874839186668396
0.3659866750240326
0.41869181394577026
0.5319480299949646
0.5023479461669922
0.3983575403690338
0.5496477484703064
0.4145585298538208
0.5332124829292297
0.3305160403251648
0.5334485769271851
0.6283291578292847
0.3801833391189575
0.4853176474571228
0.5112382769584656
0.44064366817474365
0.54728764295578
0.4670809507369995
0.5101220011711121
0.5661942958831787
0.40142184495925903
0.5254631042480469
0.40828561782836914
0.35232651233673096
0.5488307476043701
0.4694412350654602
0.5051078200340271
0.3644469082355499
0.5038869380950928
0.3462604582309723
0.467812716960907
0.4030015170574188
0.37786900997161865
0.5253587961196899
0.4330313205718994
0.49865978956222534
0.5047470331192017
0.4310343265533447
0.47170472145080566
0.40405964851379395
0.48040664196014404
0.46325498819351196
0.5818123817443848
0.3796547055244446
0.43909651041030884
0.47371184825897217
0.34756749868392944
0.3945227861404419
0.5140205025672913
0.4960666298866272
0.4647930860519409
0.48182225227355957
0.3683568835258484
0.4780758023262024
0.577303409576416
0.4902125597000122
0.5632047653198242
0.5695958137512207
0.5081660747528076
0.42709314823150635
0.48368674516677856
0.46828693151474
0.46776777505874634
0.4171183705329895
0.35252028703689575
0.3502008616924286
0.49123382568359375
0.5719894170761108
0.3393523693084717
0.430344820022583
0.3097219467163086
0.5736178755760193
0.40853750705718994
0.6714115738868713
0.5467507839202881
0.37045449018478394
0.37493520975112915
0.3879225254058838
0.5444169640541077
0.3286181092262268
0.4502239227294922
0.42235270142555237
0.4172784090042114
0.44130146503448486
0.476592481136322
0.46104973554611206
0.3432254195213318
0.43328404426574707
0.4720652103424072
0.2441752851009369
0.46384507417678833
0.46466732025146484
0.6404116153717041
0.4517216682434082
0.535555362701416
0.48035329580307007
0.4421362280845642
0.38710111379623413
0.38597798347473145
0.49250084161758423
0.43994271755218506
0.35881781578063965
0.4384814500808716
0.40556490421295166
0.42633140087127686
0.46205228567123413
0.4628133773803711
0.4995960593223572
0.5698323845863342
0.42814481258392334
0.4553227424621582
0.42034977674484253
0.37494373321533203
0.4149148464202881
0.5006980895996094
0.40346717834472656
0.6204541325569153
0.41868096590042114
0.3643254041671753
0.33568716049194336
0.41129279136657715
0.5350452661514282
0.49387258291244507
0.5977073311805725
0.37270277738571167
0.42118775844573975
0.466006338596344
0.5618075728416443
0.4673488736152649
0.49473094940185547
0.5543176531791687
0.4415583610534668
0.4790160059928894
0.3570813536643982
0.3659501075744629
0.42437297105789185
0.4161684513092041
0.553554117679596
0.40231525897979736
0.43646419048309326
0.5145782232284546
0.3105708956718445
0.46981894969940186
0.4832163453102112
0.35884642601013184
0.4973145127296448
0.29962486028671265
0.5005875825881958
0.474224328994751
0.5339665412902832
0.551948070526123
0.30985164642333984
0.3419649600982666
0.5263720154762268
0.4997568130493164
0.3579486608505249
0.40292540192604065
0.32549434900283813
0.4999556541442871
0.5469263792037964
0.4466288089752197
0.5489235520362854
0.4456446170806885
0.47847145795822144
0.4279939532279968
0.5340621471405029
0.3314395546913147
0.3125659227371216
0.5380375981330872
0.49624842405319214
0.6790915131568909
0.3222268223762512
0.6051027774810791
0.4307401776313782
0.5847059488296509
0.41041091084480286
0.5121831893920898
0.4289529621601105
0.4312751293182373
0.336362361907959
0.40930652618408203
0.33467817306518555
0.34170764684677124
0.5475019216537476
0.4910697340965271
0.39027076959609985
0.44002288579940796
0.5395442843437195
0.461326539516449
0.3418230414390564
0.4834058880805969
0.4319531321525574
0.4916265606880188
0.4105009436607361
0.5653841495513916
0.5788993239402771
0.5057342648506165
0.3767947554588318
0.3973519802093506
0.49650681018829346
0.4267175793647766
0.45936185121536255
0.4076199531555176
0.5106472373008728
0.5756261348724365
0.4845566153526306
0.4906882047653198
0.2908092439174652
0.46147263050079346
0.5118460059165955
0.3524269461631775
0.5515596866607666
0.3558186888694763
0.4660746455192566
0.5123076438903809
0.3687295913696289
0.3214336633682251
0.3622710406780243
0.3853646218776703
0.461586058139801
0.5188851356506348
0.44573378562927246
0.3964104652404785
0.43256866931915283
0.4692550301551819
0.60579913854599
0.4139251708984375
0.4797877073287964
0.4224521219730377
0.3949843645095825
0.5997045040130615
0.339019775390625
0.36775633692741394
0.47394973039627075
0.5182692408561707
0.515146791934967
0.3122483789920807
0.5419747829437256
0.3735348582267761
0.5187026858329773
0.46908038854599
0.35738539695739746
0.47082823514938354
0.3656577467918396
0.501239538192749
0.5239952802658081
0.47112327814102173
0.38911187648773193
0.5446708798408508
0.3380207121372223
0.36173972487449646
0.43011292815208435
0.623773992061615
0.3857709765434265
0.5221583247184753
0.4353477954864502
0.3250138759613037
0.4353989362716675
0.36529797315597534
0.4187288284301758
0.32965636253356934
0.48494869470596313
0.4981357455253601
0.3764994740486145
0.3415261507034302
0.5152865052223206
0.4520533084869385
0.48549818992614746
0.42833465337753296
0.4548342823982239
0.41232573986053467
0.5224857330322266
0.5782765746116638
0.39502668380737305
0.42637115716934204
0.44684362411499023
0.4940319061279297
0.3209914565086365
0.32477253675460815
0.5244135856628418
0.41797247529029846
0.4389925003051758
0.5234313011169434
0.35829997062683105
0.4337327480316162
0.5007839798927307
0.45662152767181396
0.3440832495689392
0.6130443811416626
0.4121842682361603
0.570847749710083
0.37169569730758667
0.3194853663444519
0.5726019740104675
0.571290910243988
0.5022504329681396
0.4941115379333496
0.40550321340560913
0.4663233757019043
0.4083239436149597
0.47379183769226074
0.5098012089729309
0.5244508981704712
0.4248073101043701
0.3114950656890869
0.32805633544921875
0.4745595455169678
0.33180445432662964
0.458712637424469
0.4455203413963318
0.47250431776046753
0.5361115336418152
0.43979811668395996
0.40934091806411743
0.47352135181427
0.3972126245498657
0.45528727769851685
0.5400405526161194
0.4544115662574768
0.42345815896987915
0.386688232421875
0.600866436958313
0.3021925091743469
0.4771047830581665
0.43991386890411377
0.5055696368217468
0.6150594353675842
0.41025274991989136
0.5582123398780823
0.42984628677368164
0.3987020254135132
0.5212691426277161
0.5424677133560181
0.5261369943618774
0.4988207221031189
0.6212979555130005
0.4589729905128479
0.517753541469574
0.5271559357643127
0.529872715473175
0.4669254422187805
0.4080420732498169
0.5699500441551208
0.4630119800567627
0.3625682592391968
0.4642452597618103
0.4676216244697571
0.31995248794555664
0.43791264295578003
0.4127194881439209
0.4362369179725647
0.3215148448944092
0.42618894577026367
0.4280756711959839
0.3251386880874634
0.38573938608169556
0.4446359872817993
0.4632772207260132
0.4863066077232361
0.5568917393684387
0.4642080068588257
0.3765217959880829
0.5229666233062744
0.5654079914093018
0.523482620716095
0.4750758409500122
0.4979548454284668
0.45133012533187866
0.30510833859443665
0.5640773177146912
0.5221375226974487
0.4000359773635864
0.4355068802833557
0.4664962887763977
0.4988834261894226
0.4408921003341675
0.35180819034576416
0.4266638159751892
0.46838200092315674
0.4400421380996704
0.41546350717544556
0.5442197918891907
0.32845765352249146
0.5340358018875122
0.42976683378219604
0.42905187606811523
0.5309291481971741
0.5356026887893677
0.49950599670410156
0.4763694405555725
0.5743831396102905
0.4741821885108948
0.34339115023612976
0.42512238025665283
0.5175590515136719
0.48964643478393555
0.45487451553344727
0.39518406987190247
0.399014949798584
0.3729552626609802
0.4861239790916443
0.40338951349258423
0.4115467369556427
0.575486958026886
0.37666448950767517
0.36937415599823
0.5152966380119324
0.36331260204315186
0.3931860327720642
0.3740859627723694
0.4922857880592346
0.4599229097366333
0.429393470287323
0.4348382353782654
0.34168630838394165
0.5264579653739929
0.4237769842147827
0.47659313678741455
0.5264450907707214
0.4811900854110718
0.3216058015823364
0.38434356451034546
0.4013000726699829
0.4993882179260254
0.3652280867099762
0.5124304294586182
0.4834911823272705
0.44708049297332764
0.37835216522216797
0.4632759690284729
0.36440473794937134
0.5499114394187927
0.4893689751625061
0.48216044902801514
0.43974244594573975
0.5004608631134033
0.4092579483985901
0.5233100056648254
0.5238325595855713
0.49628931283950806
0.37742096185684204
0.4718904495239258
0.5194972157478333
0.34929490089416504
0.543140172958374
0.5562582015991211
0.4426996111869812
0.38224899768829346
0.34809410572052
0.4658989906311035
0.4520772099494934
0.3826623558998108
0.40637028217315674
0.6018246412277222
0.3472597599029541
0.37520113587379456
0.286747008562088
0.5062544941902161
0.5621470212936401
0.6147304773330688
0.513588547706604
0.3331868648529053
0.328427791595459
0.42642396688461304
0.40744760632514954
0.4917917847633362
0.434694766998291
0.4438038468360901
0.41007423400878906
0.5164055824279785
0.4037996232509613
0.561051070690155
0.43569982051849365
0.434684693813324
0.3657965660095215
0.494387149810791
0.4504271149635315
0.49427056312561035
0.5194497108459473
0.531803548336029
0.4248789846897125
0.3542620539665222
0.43689578771591187
0.5215141773223877
0.3994556963443756
0.4367811679840088
0.4473744034767151
0.44590282440185547
0.39428627490997314
0.47751063108444214
0.4921800494194031
0.4050258994102478
0.597773015499115
0.48385971784591675
0.4013657569885254
0.4232741594314575
0.3567763566970825
0.49683719873428345
0.5629705190658569
0.4101213812828064
0.5423508286476135
0.5279086232185364
0.4334690570831299
0.46638965606689453
0.5278725624084473
0.5039152503013611
0.44890260696411133
0.5467419624328613
0.3865630030632019
0.48986607789993286
0.5737442374229431
0.3698059916496277
0.32312536239624023
0.49183762073516846
0.39958304166793823
0.43669593334198
0.33577412366867065
0.516768753528595
0.4979620575904846
0.3743382692337036
0.4231701195240021
0.42463141679763794
0.4695649743080139
0.497996985912323
0.516999363899231
0.44791603088378906
0.5461652874946594
0.4999614953994751
0.520413875579834
0.5105322003364563
0.42267176508903503
0.5165740847587585
0.5569242835044861
0.5411353707313538
0.327361524105072
0.477506160736084
0.4305669069290161
0.4189399480819702
0.38238728046417236
0.5120478272438049
0.5590230822563171
0.3164915442466736
0.4318365454673767
0.4941059350967407
0.4484706521034241
0.42029261589050293
0.39539337158203125
0.5526228547096252
0.5274654626846313
0.3893974721431732
0.4288647174835205
0.4462244510650635
0.5607550144195557
0.47305405139923096
0.5083476305007935
0.5309991240501404
0.327467679977417
0.36063623428344727
0.4108095169067383
0.5164546966552734
0.2589607536792755
0.5408095717430115
0.46220338344573975
0.6036754250526428
0.5192291736602783
0.5991694927215576
0.609941840171814
0.5156447887420654
0.40225154161453247
0.3494599461555481
0.4361252188682556
0.42827731370925903
0.3589523434638977
0.3451513648033142
0.35543251037597656
0.45998746156692505
0.3413456380367279
0.3949194550514221
0.5536015629768372
0.6326262950897217
0.354128897190094
0.45804888010025024
0.5554965138435364
0.45474934577941895
0.4943574070930481
0.35981911420822144
0.4684956669807434
0.4706665277481079
0.4591493606567383
0.3637693524360657
0.5268632769584656
0.45263558626174927
0.31888771057128906
0.5719752311706543
0.39798974990844727
0.37023699283599854
0.4333308935165405
0.5398297309875488
0.4071125388145447
0.450641393661499
0.4026460647583008
0.6130581498146057
0.47439563274383545
0.3975515365600586
0.4155315160751343
0.42636141180992126
0.6088393926620483
0.38167738914489746
0.4479535222053528
0.5333484411239624
0.37026679515838623
0.5809204578399658
0.4949074387550354
0.525522768497467
0.5328534841537476
0.39105838537216187
0.28677618503570557
0.46375495195388794
0.40340912342071533
0.37031251192092896
0.5623229146003723
0.5414758324623108
0.5582911968231201
0.4235326945781708
0.4577937126159668
0.3739209771156311
0.4856014847755432
0.4821770191192627
0.5570531487464905
0.521043598651886
0.6044263243675232
0.6384859085083008
0.4773986339569092
0.5048956871032715
0.47352027893066406
0.479722261428833
0.3767651319503784
0.37419378757476807
0.5242553949356079
0.5055770874023438
0.3687100410461426
0.32673972845077515
0.381229966878891
0.5141737461090088
0.37513962388038635
0.5843998193740845
0.4018678665161133
0.4602687358856201
0.5147448778152466
0.46398019790649414
0.459675669670105
0.33849895000457764
0.45514965057373047
0.657098114490509
0.5502088665962219
0.5533596277236938
0.46650004386901855
0.5195062756538391
0.43367713689804077
0.5876767039299011
0.39157354831695557
0.4127466082572937
0.4373457431793213
0.31204336881637573
0.3644161820411682
0.5117380619049072
0.5164744853973389
0.33045050501823425
0.5151509642601013
0.3931194245815277
0.4814363121986389
0.35514944791793823
0.5725426077842712
0.38002002239227295
0.5653489232063293
0.44098830223083496
0.5375708341598511
0.39054471254348755
0.5626869797706604
0.47719264030456543
0.49549949169158936
0.3659438490867615
0.42672914266586304
0.3534941077232361
0.5010060667991638
0.4539688229560852
0.42772120237350464
0.4517746567726135
0.4664853811264038
0.5500286817550659
0.350055992603302
0.435446560382843
0.5112361907958984
0.4412459135055542
0.4609834551811218
0.32497626543045044
0.3460281789302826
0.4339962601661682
0.4543827176094055
0.47995442152023315
0.3686445951461792
0.5342604517936707
0.4602280259132385
0.514595091342926
0.45000016689300537
0.48981624841690063
0.542838454246521
0.3888512849807739
0.38810354471206665
0.297404944896698
0.3318535387516022
0.2777850329875946
0.2892262041568756
0.40185368061065674
0.5385812520980835
0.39341437816619873
0.5307074785232544
0.6072662472724915
0.6297852396965027
0.4566793441772461
0.4675125479698181
0.4724007248878479
0.43168210983276367
0.5824534296989441
0.5177709460258484
0.37616783380508423
0.5687955021858215
0.4955422878265381
0.49130356311798096
0.4198375344276428
0.33330100774765015
0.33184921741485596
0.3479023873806
0.4791409969329834
0.46814417839050293
0.4281880855560303
0.44224125146865845
0.45686060190200806
0.34606707096099854
0.4390740394592285
0.4330448508262634
0.5936775207519531
0.4720873236656189
0.48023897409439087
0.50218266248703
0.43155723810195923
0.33173322677612305
0.4701823592185974
0.36430108547210693
0.3452044725418091
0.5677332878112793
0.36129429936408997
0.4730842709541321
0.44975531101226807
0.34279853105545044
0.5403210520744324
0.3922911286354065
0.3290121555328369
0.6067140102386475
0.526481032371521
0.5065054893493652
0.54616779088974
0.26634645462036133
0.36904674768447876
0.44118207693099976
0.4487300515174866
0.6052113175392151
0.42502298951148987
0.38800251483917236
0.4832655191421509
0.5105493068695068
0.36722153425216675
0.3341445326805115
0.42903071641921997
0.36290013790130615
0.5987606048583984
0.41811758279800415
0.4920397400856018
0.44541239738464355
0.34692347049713135
0.32727527618408203
0.559310793876648
0.439128041267395
0.3845619559288025
0.36728435754776
0.4871162176132202
0.5309066772460938
0.48936307430267334
0.475686252117157
0.46518778800964355
0.5491904616355896
0.46993958950042725
0.46056658029556274
0.387906551361084
0.372431218624115
0.5347663760185242
0.3630790412425995
0.4954351782798767
0.4416660666465759
0.5677287578582764
0.5906734466552734
0.48250532150268555
0.4135058522224426
0.5490717887878418
0.37387537956237793
0.5049719214439392
0.30384209752082825
0.4993519186973572
0.48274821043014526
0.5370609164237976
0.5062506198883057
0.40825581550598145
0.5855191349983215
0.5398610830307007
0.4580261707305908
0.49387258291244507
0.41758376359939575
0.2952229380607605
0.4798992872238159
0.4218605160713196
0.4873366355895996
0.4585726857185364
0.5018991827964783
0.5722335577011108
0.4891430735588074
0.34523308277130127
0.47495293617248535
0.4865289330482483
0.505647599697113
0.502357006072998
0.37430858612060547
0.5556402206420898
0.19062809646129608
0.4662342667579651
0.38778579235076904
0.4172166585922241
0.4799908399581909
0.3942147493362427
0.3788353204727173
0.39588624238967896
0.43024522066116333
0.5323307514190674
0.48203903436660767
0.5314019918441772
0.473178505897522
0.5321950316429138
0.41121038794517517
0.40836989879608154
0.34996920824050903
0.42671552300453186
0.479861319065094
0.4595869779586792
0.4098154306411743
0.48495423793792725
0.33247190713882446
0.4906456470489502
0.4760785698890686
0.40903839468955994
0.5126490592956543
0.48605453968048096
0.4809598922729492
0.4308099150657654
0.5066561102867126
0.4852837324142456
0.42291194200515747
0.37854665517807007
0.42867034673690796
0.3724008798599243
0.42328813672065735
0.47585946321487427
0.5231379866600037
0.5959376692771912
0.6583312153816223
0.4078524112701416
0.4430391192436218
0.42371824383735657
0.4516868591308594
0.5363703966140747
0.3418847322463989
0.5161316990852356
0.5063542723655701
0.4226961135864258
0.3380340039730072
0.4667097330093384
0.3913111686706543
0.47688496112823486
0.5765348672866821
0.48924005031585693
0.28168395161628723
0.515089213848114
0.4664009213447571
0.2985520362854004
0.5689364075660706
0.3941507339477539
0.45353585481643677
0.4913060665130615
0.4622531533241272
0.44222766160964966
0.447473406791687
0.4749451279640198
0.5459213256835938
0.5291251540184021
0.3964700698852539
0.45350557565689087
0.3505305051803589
0.48675382137298584
0.5515047907829285
0.5365607142448425
0.362362802028656
0.4895585775375366
0.5460033416748047
0.5008175373077393
0.32225435972213745
0.33425983786582947
0.5513827800750732
0.38852131366729736
0.5388952493667603
0.49695926904678345
0.47237640619277954
0.42054110765457153
0.41037172079086304
0.341589093208313
0.3847043514251709
0.38283783197402954
0.4188285768032074
0.502669095993042
0.486594021320343
0.46557486057281494
0.5023277401924133
0.4986402988433838
0.4153755307197571
0.4666352868080139
0.5589918494224548
0.42135781049728394
0.466139018535614
0.44828951358795166
0.5601097345352173
0.571927547454834
0.35873526334762573
0.44373947381973267
0.3871382176876068
0.48098206520080566
0.3468007743358612
0.5584992170333862
0.34686344861984253
0.31454944610595703
0.5441427826881409
0.49438202381134033
0.5611670017242432
0.4877293109893799
0.4870641827583313
0.41075456142425537
0.42839759588241577
0.45203709602355957
0.48834115266799927
0.3925340175628662
0.427298903465271
0.44385087490081787
0.4960147738456726
0.5094987154006958
0.3257068991661072
0.45192134380340576
0.46473246812820435
0.5117676258087158
0.44843751192092896
0.36214518547058105
0.21796157956123352
0.42269808053970337
0.3485003113746643
0.5411355495452881
0.40153688192367554
0.48560816049575806
0.38197827339172363
0.3977510929107666
0.4837239980697632
0.456184983253479
0.4382109045982361
0.553408682346344
0.3950437009334564
0.40625518560409546
0.4844859838485718
0.36683332920074463
0.3967127203941345
0.46889394521713257
0.3991299271583557
0.45595771074295044
0.43558669090270996
0.4014807343482971
0.577851414680481
0.4880005717277527
0.47278839349746704
0.5758073925971985
0.4200468063354492
0.492481529712677
0.4014226794242859
0.35883834958076477
0.4533191919326782
0.37007540464401245
0.406277060508728
0.7758872509002686
0.42838314175605774
0.4333975911140442
0.3813592791557312
0.3159593343734741
0.4627426862716675
0.38795751333236694
0.36114561557769775
0.5315936207771301
0.5319222211837769
0.39541059732437134
0.36381995677948
0.4596198797225952
0.4980158805847168
0.3773542046546936
0.3621528446674347
0.5480799674987793
0.3904276490211487
0.520006000995636
0.3126711845397949
0.49638450145721436
0.3471122980117798
0.5099518299102783
0.49050766229629517
0.5288373827934265
0.3279869556427002
0.5363907217979431
0.3735370337963104
0.5236098766326904
0.477435827255249
0.4930605888366699
0.5694530606269836
0.4522009491920471
0.49463343620300293
0.3231387138366699
0.5330448746681213
0.40367352962493896
0.41267865896224976
0.5068201422691345
0.45518219470977783
0.479917049407959
0.5236684083938599
0.4252416491508484
0.4339790940284729
0.27822595834732056
0.3974153399467468
0.641338586807251
0.4535844922065735
0.5264097452163696
0.37792307138442993
0.4820033311843872
0.4937970042228699
0.5378586053848267
0.5755782127380371
0.5455045700073242
0.4617875814437866
0.44298428297042847
0.4356205463409424
0.41247618198394775
0.4993688464164734
0.5336728096008301
0.5124359726905823
0.4822466969490051
0.33163729310035706
0.33515048027038574
0.5015925765037537
0.5055692195892334
0.6048704385757446
0.4334009289741516
0.4716179370880127
0.4500989317893982
0.38704925775527954
0.5263283848762512
0.33242279291152954
0.41757309436798096
0.44487208127975464
0.4830194115638733
0.3079325556755066
0.402057945728302
0.4313710927963257
0.6772388815879822
0.46376872062683105
0.492448091506958
0.542442798614502
0.4516109228134155
0.532065749168396
0.41424626111984253
0.5839215517044067
0.49977821111679077
0.4521218538284302
0.39832115173339844
0.5261329412460327
0.38931912183761597
0.4818298816680908
0.43556416034698486
0.3410382866859436
0.48960137367248535
0.4281318783760071
0.4976603388786316
0.48764199018478394
0.4468381404876709
0.37388184666633606
0.49555981159210205
0.3886110484600067
0.6157225370407104
0.4010215401649475
0.5163097977638245
0.3356374502182007
0.4608742594718933
0.4717921018600464
0.4583459496498108
0.5661172270774841
0.4371809959411621
0.43126344680786133
0.45882105827331543
0.40489429235458374
0.3718251585960388
0.4265757203102112
0.42332154512405396
0.4294031858444214
0.4303895831108093
0.46285611391067505
0.3529641032218933
0.4255453944206238
0.6847658157348633
0.41239774227142334
0.5014651417732239
0.46472859382629395
0.3427615761756897
0.46235352754592896
0.5446352362632751
0.39224421977996826
0.43364131450653076
0.5651028752326965
0.45068079233169556
0.4935980439186096
0.29015424847602844
0.41343992948532104
0.47368282079696655
0.5299139618873596
0.3848859667778015
0.46661126613616943
0.5627931952476501
0.2783984839916229
0.4503634572029114
0.5421991944313049
0.43060243129730225
0.28411665558815
0.3909621834754944
0.5332806706428528
0.5396281480789185
0.31005966663360596
0.5513816475868225
0.48558056354522705
0.5865121483802795
0.2882881164550781
0.46436166763305664
0.3184438645839691
0.2174132764339447
0.24626220762729645
0.46688318252563477
0.6158395409584045
0.46710193157196045
0.31460055708885193
0.47681552171707153
0.5252523422241211
0.4245959520339966
0.5300639867782593
0.3915083706378937
0.57508784532547
0.5558600425720215
0.29775741696357727
0.6015821099281311
0.5420980453491211
0.38785141706466675
0.48685508966445923
0.4050147533416748
0.43563032150268555
0.3472314476966858
0.43389296531677246
0.4867327809333801
0.33444178104400635
0.4886206388473511
0.5387972593307495
0.371402382850647
0.5771411657333374
0.3135605454444885
0.5515798330307007
0.35286086797714233
0.5088769793510437
0.4653977155685425
0.4522770643234253
0.44658732414245605
0.4316257834434509
0.4028278887271881
0.5094785690307617
0.40740543603897095
0.5752686262130737
0.44129854440689087
0.3892821669578552
0.42138874530792236
0.5432924032211304
0.4807552099227905
0.4359159469604492
0.4433022141456604
0.41802069544792175
0.3622118830680847
0.25579696893692017
0.47781968116760254
0.4493899941444397
0.6044117212295532
0.42117223143577576
0.4306064248085022
0.3965662717819214
0.3937508463859558
0.5213852524757385
0.48788774013519287
0.42790621519088745
0.543515682220459
0.4253953695297241
0.5433019995689392
0.43749451637268066
0.3723425269126892
0.5023118257522583
0.38167840242385864
0.37646323442459106
0.5409026741981506
0.3390306234359741
0.5273082852363586
0.3435054421424866
0.45826488733291626
0.44631391763687134
0.5762812495231628
0.44099271297454834
0.545583188533783
0.41145822405815125
0.4183211028575897
0.34357351064682007
0.5098612308502197
0.3807885944843292
0.39268240332603455
0.4688599705696106
0.5378749370574951
0.30104607343673706
0.35139966011047363
0.46643775701522827
0.5542566180229187
0.444715678691864
0.4960022568702698
0.407517671585083
0.3692569136619568
0.32888418436050415
0.46058565378189087
0.45167648792266846
0.34390151500701904
0.39083343744277954
0.51439368724823
0.30396294593811035
0.5293055772781372
0.45822155475616455
0.3395233750343323
0.5362840294837952
0.551694393157959
0.4192793369293213
0.44121402502059937
0.4904211759567261
0.4188425838947296
0.512378454208374
0.6232811212539673
0.5263025760650635
0.4644434452056885
0.4152786135673523
0.5309206247329712
0.43590885400772095
0.5165524482727051
0.43042755126953125
0.42142707109451294
0.33033663034439087
0.2767740488052368
0.36943572759628296
0.44592010974884033
0.34654420614242554
0.5135852694511414
0.3374662697315216
0.5568694472312927
0.4366360306739807
0.44734692573547363
0.486411988735199
0.4409734010696411
0.3519544005393982
0.3882827162742615
0.32117873430252075
0.4513382911682129
0.396980881690979
0.37580615282058716
0.4367571473121643
0.4281071424484253
0.4084596335887909
0.39342254400253296
0.5478196740150452
0.40692204236984253
0.5493085384368896
0.3618745803833008
0.4491063356399536
0.44369208812713623
0.3248104453086853
0.5523574948310852
0.6885536909103394
0.47522449493408203
0.46762561798095703
0.4474542737007141
0.40265578031539917
0.45589321851730347
0.4898551106452942
0.3561803698539734
0.41160356998443604
0.4331638216972351
0.5420477390289307
0.4577644467353821
0.3795008361339569
0.409178227186203
0.5143260359764099
0.502017617225647
0.5654053092002869
0.3972732424736023
0.46202218532562256
0.45070523023605347
0.5014869570732117
0.3799462914466858
0.41463959217071533
0.4523453116416931
0.4266234040260315
0.4912232756614685
0.4720798134803772
0.4233487844467163
0.6196744441986084
0.45378607511520386
0.3880460262298584
0.4231191575527191
0.4270232617855072
0.5471426844596863
0.46754705905914307
0.3891294002532959
0.3195968270301819
0.3782291114330292
0.4172546863555908
0.45168089866638184
0.4225938618183136
0.34016120433807373
0.40415963530540466
0.49388718605041504
0.35134565830230713
0.4853847026824951
0.4684504270553589
0.4828275442123413
0.5593215823173523
0.4666016101837158
0.5061782598495483
0.3890799283981323
0.586837887763977
0.5744166374206543
0.4719700217247009
0.5315836668014526
0.5036893486976624
0.3981568217277527
0.49659955501556396
0.41929301619529724
0.4477865695953369
0.4410616159439087
0.5201538801193237
0.32459741830825806
0.4183603525161743
0.5543389916419983
0.3647810220718384
0.37829622626304626
0.30974501371383667
0.5266492366790771
0.5217601656913757
0.39086952805519104
0.5039185285568237
0.4835904836654663
0.4221184253692627
0.4432472586631775
0.4223014712333679
0.49004632234573364
0.47002774477005005
0.32562774419784546
0.5744796395301819
0.5590290427207947
0.42886805534362793
0.39399588108062744
0.6189010739326477
0.4259112775325775
0.3060576319694519
0.43168002367019653
0.46548765897750854
0.4408921003341675
0.6200341582298279
0.42673948407173157
0.6120988726615906
0.44258272647857666
0.2841935455799103
0.506404459476471
0.4466584324836731
0.5487276315689087
0.5236078500747681
0.4794340133666992
0.35600149631500244
0.43716001510620117
0.4050639867782593
0.4033190608024597
0.35199588537216187
0.4400888681411743
0.4710811376571655
0.4615510106086731
0.383004367351532
0.5092905759811401
0.46503782272338867
0.34561794996261597
0.44954973459243774
0.3829032778739929
0.3058890104293823
0.4535801410675049
0.5457667708396912
0.3674199879169464
0.5037522912025452
0.6116902828216553
0.40194153785705566
0.4734392762184143
0.4908294677734375
0.5106042623519897
0.5355979204177856
0.5382317900657654
0.5350283980369568
0.3519642949104309
0.4956982135772705
0.4324033260345459
0.5990608930587769
0.47328436374664307
0.4430404305458069
0.46857619285583496
0.38467222452163696
0.37681281566619873
0.33009693026542664
0.40030336380004883
0.43178099393844604
0.48514288663864136
0.4114113450050354
0.42106571793556213
0.4900217652320862
0.4816599488258362
0.3911837339401245
0.4668331742286682
0.363037645816803
0.40401530265808105
0.5604822039604187
0.6128998398780823
0.5281016826629639
0.48477667570114136
0.34300696849823
0.5100768804550171
0.3616012930870056
0.3430102467536926
0.4504719376564026
0.44954484701156616
0.4268626868724823
0.46811825037002563
0.40109074115753174
0.5755863785743713
0.5350617170333862
0.4067910313606262
0.4570051431655884
0.46139371395111084
0.41954532265663147
0.49862807989120483
0.5614010095596313
0.5648161768913269
0.4666740894317627
0.41197389364242554
0.4559803009033203
0.4313192367553711
0.4111991822719574
0.42659109830856323
0.49528372287750244
0.462971031665802
0.36212483048439026
0.4710316061973572
0.46888357400894165
0.39957407116889954
0.520007848739624
0.4434407353401184
0.45843881368637085
0.3955223858356476
0.3318973779678345
0.39563778042793274
0.3734781742095947
0.24452191591262817
