0.6429478526115417
0.44981086254119873
0.5319845676422119
0.5498548746109009
0.5220423936843872
0.5514982342720032
0.5619724988937378
0.5036802291870117
0.5221943259239197
0.5147991180419922
0.5855227708816528
0.6219582557678223
0.5150040984153748
0.5304543972015381
0.5873216390609741
0.5042237043380737
0.5861368179321289
0.5340741276741028
0.559489905834198
0.570370078086853
0.47865790128707886
0.41948574781417847
0.6229254603385925
0.48652786016464233
0.4928007125854492
0.5202013254165649
0.4678637385368347
0.35894525051116943
0.40712666511535645
0.7152155041694641
0.3813285231590271
0.4882909655570984
0.5416184663772583
0.5818707942962646
0.4637340307235718
0.5375868082046509
0.5114630460739136
0.4713720381259918
0.43266305327415466
0.3374645709991455
0.6593446731567383
0.3309224843978882
0.5572569370269775
0.5764696002006531
0.5042763352394104
0.5062938928604126
0.4726034998893738
0.5405961275100708
0.4912056624889374
0.6146765947341919
0.5669674277305603
0.4395274817943573
0.5703536868095398
0.509628415107727
0.4939223527908325
0.5661894083023071
0.6291847229003906
0.5761855840682983
0.6046620607376099
0.5031793713569641
0.36366006731987
0.4290405511856079
0.5273789763450623
0.4429665803909302
0.3946894109249115
0.44948285818099976
0.4198685884475708
0.6070684194564819
0.5310505628585815
0.585049569606781
0.577601969242096
0.5934891700744629
0.5668926239013672
0.6189601421356201
0.5284635424613953
0.34170520305633545
0.47597363591194153
0.5206190943717957
0.57353675365448
0.500053346157074
0.5739545822143555
0.3960058391094208
0.48048093914985657
0.4494563341140747
0.6549112796783447
0.5169861316680908
0.6182647943496704
0.6116355061531067
0.5806342363357544
0.5276637077331543
0.5990031361579895
0.6256255507469177
0.4989160895347595
0.5547125339508057
0.5735211372375488
0.4039270281791687
0.4825729429721832
0.5934766530990601
0.5129057168960571
0.45918041467666626
0.5635097026824951
0.3696313798427582
0.6312776803970337
0.6294158697128296
0.4887622892856598
0.4684276282787323
0.44144415855407715
0.5430859327316284
0.5580223202705383
0.4839492440223694
0.5678539276123047
0.4976537227630615
0.5304654836654663
0.4861287474632263
0.41923150420188904
0.5940790176391602
0.5836631059646606
0.2944536507129669
0.6950426697731018
0.49915653467178345
0.48436638712882996
0.5435783267021179
0.5404145121574402
0.5180879831314087
0.5568923950195312
0.43660545349121094
0.39362969994544983
0.4600936472415924
0.7086001038551331
0.5739659667015076
0.46500301361083984
0.5353918671607971
0.5809391736984253
0.5697008371353149
0.4912700355052948
0.5993282794952393
0.6429483890533447
0.662179708480835
0.5375857949256897
0.543225884437561
0.6397539973258972
0.596139669418335
0.6177222728729248
0.38091012835502625
0.48899945616722107
0.568501889705658
0.669222354888916
0.7206505537033081
0.44797199964523315
0.5583848357200623
0.4067816436290741
0.5796932578086853
0.5408028960227966
0.6423269510269165
0.45368918776512146
0.5163527727127075
0.5398202538490295
0.43117755651474
0.5772916674613953
0.49573612213134766
0.5743873715400696
0.5423917174339294
0.4049299359321594
0.5596513152122498
0.3388792872428894
0.6185163259506226
0.47391319274902344
0.5130338668823242
0.3584935665130615
0.49184730648994446
0.4339422583580017
0.6485866904258728
0.61651611328125
0.5064225196838379
0.4773998260498047
0.6002244353294373
0.4956417977809906
0.28618761897087097
0.5147144794464111
0.49751347303390503
0.5580597519874573
0.46110397577285767
0.523563802242279
0.47150129079818726
0.36906781792640686
0.47111085057258606
0.43316909670829773
0.5023508071899414
0.5070587992668152
0.47710439562797546
0.40122532844543457
0.5705395340919495
0.4496147632598877
0.4426840543746948
0.5574727058410645
0.29065290093421936
0.4769909977912903
0.4427424967288971
0.494987428188324
0.6051027178764343
0.44637516140937805
0.46204817295074463
0.5773467421531677
0.46829378604888916
0.5662704110145569
0.5135011672973633
0.6281157732009888
0.5139508247375488
0.4473423361778259
0.45001375675201416
0.5325354337692261
0.5498412847518921
0.6293562650680542
0.49916553497314453
0.5243313312530518
0.5422247052192688
0.49777695536613464
0.4214460849761963
0.38492971658706665
0.3611295819282532
0.4769589900970459
0.5496839880943298
0.5525541305541992
0.5728586912155151
0.5553241968154907
0.5184066295623779
0.4012220501899719
0.49622273445129395
0.3221217691898346
0.45622551441192627
0.603890061378479
0.5795353651046753
0.38656604290008545
0.44712209701538086
0.6146752834320068
0.6078692674636841
0.5376136898994446
0.43571507930755615
0.5322155952453613
0.44846099615097046
0.5511239171028137
0.49504998326301575
0.44917505979537964
0.49921715259552
0.5824447274208069
0.4869275391101837
0.4313339591026306
0.5793692469596863
0.4806150197982788
0.6277520060539246
0.4346618056297302
0.3835394084453583
0.6000229716300964
0.7017710208892822
0.5551924109458923
0.43493950366973877
0.625821590423584
0.4159815013408661
0.5523250102996826
0.4876721203327179
0.5295493602752686
0.4683271050453186
0.574460506439209
0.7068900465965271
0.6322598457336426
0.5066341161727905
0.5428805947303772
0.35048240423202515
0.4923263192176819
0.4845151901245117
0.3914777934551239
0.5338585376739502
0.48330366611480713
0.5224694609642029
0.3655538558959961
0.3672899603843689
0.3430168330669403
0.45823901891708374
0.5679083466529846
0.4596708118915558
0.5673083066940308
0.4150090217590332
0.4686534106731415
0.36624014377593994
0.5520118474960327
0.5317448377609253
0.4871481955051422
0.4106963872909546
0.6663928031921387
0.570275068283081
0.34261471033096313
0.41446512937545776
0.5890949964523315
0.42932310700416565
0.4526854157447815
0.5188376903533936
0.331931471824646
0.47950559854507446
0.49045541882514954
0.6394428014755249
0.5494509339332581
0.434052437543869
0.40043267607688904
0.4795137941837311
0.49977076053619385
0.6311664581298828
0.48307740688323975
0.4446061849594116
0.5969030261039734
0.405249685049057
0.598720908164978
0.5484836101531982
0.41658300161361694
0.46282368898391724
0.5974054336547852
0.5420875549316406
0.5574454069137573
0.5443469285964966
0.464229017496109
0.2280067801475525
0.591366708278656
0.39527615904808044
0.5142361521720886
0.5041667222976685
0.6608015298843384
0.691216766834259
0.5926632881164551
0.4135383069515228
0.5465172529220581
0.33590131998062134
0.5827935934066772
0.6366328597068787
0.524376630783081
0.482239305973053
0.4007319509983063
0.6805005669593811
0.6499651670455933
0.4167480170726776
0.49287861585617065
0.6092531681060791
0.5950955748558044
0.6083945035934448
0.579833447933197
0.4893440902233124
0.6347929835319519
0.4249080717563629
0.44452041387557983
0.5844964385032654
0.6154147982597351
0.6702017784118652
0.43984365463256836
0.5416516065597534
0.6024448871612549
0.40647071599960327
0.5469980835914612
0.3817952275276184
0.5666143894195557
0.5275551080703735
0.445201575756073
0.4634515047073364
0.542754590511322
0.665884256362915
0.4309087097644806
0.5109117031097412
0.4837191104888916
0.42762309312820435
0.6447610855102539
0.5043969750404358
0.4408359229564667
0.4933142066001892
0.6440508365631104
0.35453519225120544
0.42878061532974243
0.45847460627555847
0.5410010814666748
0.4317835867404938
0.4920257329940796
0.5127159953117371
0.49827906489372253
0.4511706829071045
0.4727783799171448
0.5881540179252625
0.41560208797454834
0.5260188579559326
0.518586277961731
0.504055380821228
0.5041002035140991
0.3939211070537567
0.43423205614089966
0.3232548236846924
0.591209352016449
0.5074824094772339
0.4703253209590912
0.4358437657356262
0.5146118402481079
0.53571617603302
0.5182524919509888
0.5566108226776123
0.5300159454345703
0.49423086643218994
0.4523961544036865
0.5422029495239258
0.6584341526031494
0.45312923192977905
0.5362386703491211
0.5101250410079956
0.4968598484992981
0.5251198410987854
0.522346019744873
0.46241211891174316
0.513124406337738
0.5421751737594604
0.49108877778053284
0.750688374042511
0.4804984927177429
0.4004485607147217
0.49602562189102173
0.534162163734436
0.5079795122146606
0.6314861178398132
0.5303972959518433
0.47352296113967896
0.5591169595718384
0.5503140091896057
0.312749981880188
0.4485425651073456
0.5379453897476196
0.6103749871253967
0.522477924823761
0.5057565569877625
0.5197015404701233
0.5023231506347656
0.45568281412124634
0.45786911249160767
0.4968072474002838
0.43619048595428467
0.5867421627044678
0.4831681549549103
0.5157786011695862
0.6522312164306641
0.4824914336204529
0.47087693214416504
0.40988433361053467
0.4703027307987213
0.4485704004764557
0.5321390628814697
0.5782010555267334
0.48866528272628784
0.3744548261165619
0.5846381187438965
0.5026718378067017
0.4312414526939392
0.5938128232955933
0.6379615664482117
0.5003082752227783
0.39497804641723633
0.4136977791786194
0.358154296875
0.43636977672576904
0.3954598009586334
0.47234874963760376
0.4685278534889221
0.5219649076461792
0.47734829783439636
0.7575415968894958
0.4225306510925293
0.46763119101524353
0.5233044624328613
0.501537561416626
0.45874887704849243
0.48023492097854614
0.5332884788513184
0.5275629758834839
0.7804014086723328
0.5649331212043762
0.577601969242096
0.6800089478492737
0.5227311849594116
0.4053589701652527
0.5108620524406433
0.6524617075920105
0.5222287178039551
0.43664175271987915
0.5956076979637146
0.6489862203598022
0.44916588068008423
0.6373023390769958
0.4160815179347992
0.5818175673484802
0.3975902497768402
0.4302029609680176
0.4401704967021942
0.34830567240715027
0.45815473794937134
0.585475742816925
0.3706035017967224
0.43927425146102905
0.5133396983146667
0.49325528740882874
0.5492594242095947
0.5280029773712158
0.6144644618034363
0.44521448016166687
0.521670401096344
0.4677509665489197
0.5338218808174133
0.4378863275051117
0.39791569113731384
0.46003085374832153
0.44850730895996094
0.46241095662117004
0.5059264302253723
0.544682502746582
0.596017062664032
0.5386881232261658
0.5258582234382629
0.5002377033233643
0.5471090078353882
0.48302480578422546
0.6515215635299683
0.5910239815711975
0.5624077320098877
0.4506211280822754
0.5014623999595642
0.46193963289260864
0.5327902436256409
0.6082183122634888
0.5637869834899902
0.42273083329200745
0.4786275029182434
0.3743985891342163
0.39923572540283203
0.39909109473228455
0.39445266127586365
0.4227278232574463
0.5338329076766968
0.6167328357696533
0.4899403750896454
0.4526066184043884
0.4896276295185089
0.36374616622924805
0.4580461382865906
0.49864429235458374
0.5557810664176941
0.4343198239803314
0.511468231678009
0.5447592735290527
0.44594237208366394
0.5621293783187866
0.5510752201080322
0.40918034315109253
0.4522746801376343
0.4178134799003601
0.4688270390033722
0.3760474920272827
0.45992881059646606
0.4345335364341736
0.5335039496421814
0.45727604627609253
0.4186848998069763
0.4355104863643646
0.4608425498008728
0.44936856627464294
0.5909515023231506
0.5157465934753418
0.5072731971740723
0.5001398324966431
0.641984224319458
0.5643612146377563
0.49944496154785156
0.48765429854393005
0.42599740624427795
0.6322762966156006
0.4088591933250427
0.5771836042404175
0.4584673345088959
0.5066196918487549
0.3522374629974365
0.48406094312667847
0.742746889591217
0.47479432821273804
0.507622241973877
0.479605495929718
0.5312918424606323
0.5248831510543823
0.47130250930786133
0.4915037155151367
0.4526176452636719
0.5688135027885437
0.2816474437713623
0.6430266499519348
0.5480501651763916
0.6085299253463745
0.5176345109939575
0.47165197134017944
0.549553632736206
0.43613773584365845
0.46354687213897705
0.5128412246704102
0.567791223526001
0.5743881464004517
0.35752424597740173
0.4535215497016907
0.5402765870094299
0.453798770904541
0.5078745484352112
0.5843851566314697
0.49323445558547974
0.3232581615447998
0.5442556738853455
0.5002853274345398
0.5718170404434204
0.5592852830886841
0.5109784603118896
0.5480425357818604
0.5559276342391968
0.5359674692153931
0.6583959460258484
0.38419196009635925
0.5118662714958191
0.40302449464797974
0.5144451260566711
0.5046149492263794
0.44661766290664673
0.491641104221344
0.554940402507782
0.5166497826576233
0.44443386793136597
0.5255634784698486
0.6444973945617676
0.6712290644645691
0.6053870320320129
0.6488287448883057
0.5416949987411499
0.5358290076255798
0.6093120574951172
0.542076587677002
0.5609607100486755
0.6070200204849243
0.5254642367362976
0.6145578026771545
0.5922186970710754
0.3962761163711548
0.5551010370254517
0.5713950395584106
0.40080371499061584
0.42320477962493896
0.5898281335830688
0.5745925903320312
0.430868923664093
0.39708417654037476
0.4796125292778015
0.46378082036972046
0.6491498947143555
0.5396662950515747
0.4010922908782959
0.4837992191314697
0.5873466730117798
0.36038830876350403
0.6183176040649414
0.5257918834686279
0.5931665897369385
0.6014697551727295
0.584938645362854
0.5190539956092834
0.5137063264846802
0.5067344903945923
0.4955020248889923
0.5153907537460327
0.5373914837837219
0.46690213680267334
0.5549224019050598
0.5288306474685669
0.5122230052947998
0.556674063205719
0.5422800779342651
0.43919599056243896
0.54131680727005
0.45686250925064087
0.5416227579116821
0.510263204574585
0.43544670939445496
0.5385705232620239
0.46197080612182617
0.4160696268081665
0.593483030796051
0.3878769874572754
0.2780601680278778
0.5980371236801147
0.47895464301109314
0.6232144832611084
0.5065855383872986
0.5885316133499146
0.5436459183692932
0.5209474563598633
0.4665098786354065
0.44607728719711304
0.5981966853141785
0.5449090600013733
0.4151201844215393
0.4217063784599304
0.6497886180877686
0.5642874240875244
0.554925799369812
0.27262866497039795
0.6796084642410278
0.3889160752296448
0.6650252342224121
0.5581283569335938
0.6700345277786255
0.5256321430206299
0.28743648529052734
0.4138002395629883
0.5918669700622559
0.5146903991699219
0.4281100928783417
0.47647935152053833
0.419626384973526
0.5788590908050537
0.42775875329971313
0.4689958095550537
0.6257160902023315
0.5050299763679504
0.543838620185852
0.40732070803642273
0.41388607025146484
0.45910340547561646
0.49437230825424194
0.6188721656799316
0.508451521396637
0.46100956201553345
0.6081060171127319
0.5663458704948425
0.39727407693862915
0.5491997003555298
0.5314814448356628
0.4449270963668823
0.5366541147232056
0.5590121746063232
0.49762168526649475
0.5152773261070251
0.4646259844303131
0.4250955581665039
0.49171435832977295
0.2661471962928772
0.5324977040290833
0.4138699173927307
0.36071348190307617
0.4868374466896057
0.6229716539382935
0.3535528779029846
0.5096328854560852
0.5688766837120056
0.585685133934021
0.4763386845588684
0.5964071750640869
0.44750839471817017
0.5549361705780029
0.4882369637489319
0.6073596477508545
0.6006899476051331
0.37620022892951965
0.3891659379005432
0.502334713935852
0.5750056505203247
0.33746692538261414
0.5803529024124146
0.4492875337600708
0.4254249930381775
0.5062899589538574
0.5995446443557739
0.5405449271202087
0.47860121726989746
0.46079403162002563
0.5589752793312073
0.583233654499054
0.4636912941932678
0.5140649676322937
0.4665510058403015
0.5172765254974365
0.5377168655395508
0.5401350855827332
0.41795283555984497
0.4169449210166931
0.4251266121864319
0.2957373857498169
0.6251868009567261
0.6361134052276611
0.45402801036834717
0.4949988126754761
0.6690625548362732
0.6823869347572327
0.5460397005081177
0.3350379467010498
0.5769250392913818
0.5645037889480591
0.5000152587890625
0.46865957975387573
0.4426695704460144
0.4438655376434326
0.6224585771560669
0.49277859926223755
0.4733073115348816
0.5683591365814209
0.7519652247428894
0.4572448134422302
0.5720127820968628
0.4150986075401306
0.4229045808315277
0.6728375554084778
0.4689883291721344
0.5108515024185181
0.4902274012565613
0.5675410032272339
0.5759497284889221
0.39824533462524414
0.5572881102561951
0.5055254697799683
0.5975446701049805
0.5254012942314148
0.4842633008956909
0.4437088072299957
0.5057508945465088
0.4338259696960449
0.4665086567401886
0.5170170068740845
0.4850319027900696
0.511591911315918
0.4685673117637634
0.5249145030975342
0.5425675511360168
0.5755683183670044
0.568695068359375
0.5606048107147217
0.5119029879570007
0.373202383518219
0.5117480158805847
0.6009029150009155
0.486100435256958
0.4536097049713135
0.6974810361862183
0.5768487453460693
0.5929058790206909
0.6684126853942871
0.5461421608924866
0.5514044761657715
0.4495088458061218
0.5237317681312561
0.41012194752693176
0.5910444855690002
0.5555086731910706
0.445192813873291
0.5381783246994019
0.5486491918563843
0.5585669875144958
0.5020735263824463
0.5409417152404785
0.35986262559890747
0.3367588222026825
0.4118841290473938
0.3983130156993866
0.3234603703022003
0.4951687157154083
0.534004807472229
0.575542688369751
0.4807720184326172
0.6630240678787231
0.6035275459289551
0.532646119594574
0.6113783121109009
0.4364098906517029
0.3242607116699219
0.5782208442687988
0.5383321642875671
0.5202596187591553
0.5704596042633057
0.42826902866363525
0.5096848011016846
0.398715078830719
0.46794232726097107
0.6231662034988403
0.6090500354766846
0.5443019866943359
0.46795186400413513
0.6007585525512695
0.460064172744751
0.4161224663257599
0.5048947930335999
0.5551156997680664
0.4446091055870056
0.5992200970649719
0.4441834092140198
0.3771249055862427
0.672724723815918
0.47406935691833496
0.518967866897583
0.42358073592185974
0.45123448967933655
0.432522177696228
0.5115485191345215
0.4398345351219177
0.5268603563308716
0.4833677411079407
0.519544243812561
0.3802958130836487
0.4022681415081024
0.5460001826286316
0.4931020140647888
0.541172444820404
0.545640230178833
0.6918594241142273
0.5025805830955505
0.5688977837562561
0.4959529936313629
0.5259941816329956
0.4522702097892761
0.5122886896133423
0.4652245044708252
0.5859808921813965
0.5687223076820374
0.6070512533187866
0.4373466968536377
0.5172504782676697
0.4827428460121155
0.5652557611465454
0.4392464756965637
0.5669113397598267
0.480421245098114
0.5755587220191956
0.45947322249412537
0.4917892813682556
0.42883944511413574
0.4942781627178192
0.4298691749572754
0.48650693893432617
0.4026765823364258
0.41787755489349365
0.6210168600082397
0.38842302560806274
0.5437581539154053
0.44077301025390625
0.6116707921028137
0.5223618745803833
0.534343957901001
0.341521292924881
0.5211782455444336
0.4412927031517029
0.5486603379249573
0.5355355739593506
0.5206025242805481
0.6837026476860046
0.5632205605506897
0.4940618872642517
0.6276443004608154
0.5569584369659424
0.35978972911834717
0.5400586724281311
0.572864294052124
0.5341597199440002
0.5802422761917114
0.5855629444122314
0.5589723587036133
0.4325226843357086
0.44588738679885864
0.6503729224205017
0.4831998944282532
0.35165730118751526
0.5397374033927917
0.4482871890068054
0.519295334815979
0.4116297662258148
0.542156994342804
0.42907384037971497
0.4831588864326477
0.37245070934295654
0.4199926257133484
0.45243173837661743
0.5425341129302979
0.3670775890350342
0.6031508445739746
0.5642436742782593
0.6754744648933411
0.5368372201919556
0.4715484380722046
0.5403025150299072
0.5118301510810852
0.6370774507522583
0.4598705768585205
0.5164013504981995
0.587853193283081
0.5748541951179504
0.5684105753898621
0.4775022864341736
0.44354432821273804
0.4576452970504761
0.5546360015869141
0.4916570782661438
0.6939282417297363
0.4386880397796631
0.5261226892471313
0.5862191915512085
0.48219650983810425
0.4555622637271881
0.5737601518630981
0.6644381880760193
0.5104917883872986
0.5972771644592285
0.6151110529899597
0.49522414803504944
0.3681609332561493
0.4692933261394501
0.4830741286277771
0.4619014859199524
0.4606897234916687
0.3945702314376831
0.6469327211380005
0.34126609563827515
0.4478119909763336
0.5633591413497925
0.4929145574569702
0.6178140640258789
0.4529498815536499
0.4506556987762451
0.48202523589134216
0.4750335216522217
0.5778746008872986
0.5282882452011108
0.4725828766822815
0.4151652157306671
0.47283491492271423
0.5581539869308472
0.41175907850265503
0.505691409111023
0.32526537775993347
0.5427249670028687
0.4373602271080017
0.5869810581207275
0.6911130547523499
0.5930193066596985
0.5650543570518494
0.47645050287246704
0.680766761302948
0.4036343991756439
0.5181566476821899
0.6137417554855347
0.5725590586662292
0.4064628481864929
0.5244777202606201
0.6567761898040771
0.5960533022880554
0.5258463621139526
0.4479507803916931
0.470502108335495
0.43476057052612305
0.4648064374923706
0.5567779541015625
0.4359738826751709
0.6320009827613831
0.6186255812644958
0.5375569462776184
0.4923710823059082
0.4646194577217102
0.4102887213230133
0.4426242411136627
0.5244618654251099
0.6956080794334412
0.6413397789001465
0.5775171518325806
0.5068596601486206
0.6318879723548889
0.5423839688301086
0.5373958349227905
0.5194997787475586
0.46269798278808594
0.4959583878517151
0.513166606426239
0.6174758672714233
0.47116729617118835
0.556170642375946
0.36346763372421265
0.5522191524505615
0.4413450360298157
0.4579494595527649
0.43566301465034485
0.4956638514995575
0.5965637564659119
0.4235467314720154
0.6427167057991028
0.4931304454803467
0.5205459594726562
0.4646953344345093
0.6288641691207886
0.47793662548065186
0.5414742231369019
0.523281991481781
0.46240174770355225
0.42803242802619934
0.5507881045341492
0.5409417152404785
0.33096396923065186
0.41905850172042847
0.5204291939735413
0.4596879482269287
0.5162320137023926
0.49186962842941284
0.5350193977355957
0.5087851285934448
0.6013282537460327
0.5144771337509155
0.5358710289001465
0.5020312070846558
0.35642173886299133
0.5419191122055054
0.5026606321334839
0.44083115458488464
0.5953092575073242
0.54625004529953
0.5975236892700195
0.6795242428779602
0.46601399779319763
0.6182471513748169
0.5001013278961182
0.5456588268280029
0.5458464622497559
0.6127866506576538
0.6324142217636108
0.5676361918449402
0.5305958986282349
0.41017401218414307
0.47000831365585327
0.621982991695404
0.6409903764724731
0.4168817400932312
0.4452452063560486
0.5336833596229553
0.6177653074264526
0.5431501269340515
0.44910740852355957
0.5421298146247864
0.5028527975082397
0.5059866905212402
0.5001641511917114
0.6006498336791992
0.3929128646850586
0.5425876975059509
0.5238684415817261
0.5340681076049805
0.5466253757476807
0.47741231322288513
0.6269530653953552
0.44867515563964844
0.5649490356445312
0.5215274095535278
0.5404275059700012
0.4852418899536133
0.3507064878940582
0.4209122657775879
0.5004133582115173
0.5699384212493896
0.5540270209312439
0.6085255146026611
0.557796835899353
0.5029808282852173
0.37829869985580444
0.5051974654197693
0.5532011985778809
0.42978331446647644
0.4362959861755371
0.4840467572212219
0.533113956451416
0.5655229687690735
0.5287193655967712
0.5742369890213013
0.44965165853500366
0.429516077041626
0.561011552810669
0.6725603342056274
0.6551658511161804
0.5300005078315735
0.4560515284538269
0.6082394123077393
0.4618363380432129
0.5864823460578918
0.4550316333770752
0.4104904532432556
0.5123264789581299
0.3718860447406769
0.4860662817955017
0.5970854759216309
0.5451763272285461
0.3358355462551117
0.5374137163162231
0.5297750234603882
0.492393434047699
0.5541993379592896
0.45892369747161865
0.5607698559761047
0.5952480435371399
0.5812509059906006
0.5400514006614685
0.4905281066894531
0.5927283763885498
0.6581376194953918
0.431863009929657
0.3848690986633301
0.47880691289901733
0.4719262719154358
0.5452065467834473
0.3713223934173584
0.47430291771888733
0.5418260097503662
0.5338578224182129
0.6246605515480042
0.394745409488678
0.49390578269958496
0.3299117386341095
0.4898785352706909
0.4139688313007355
0.41275984048843384
0.5246225595474243
0.5240750312805176
0.5557452440261841
0.45234429836273193
0.6019389629364014
0.5611214637756348
0.6120993494987488
0.501012921333313
0.3396449089050293
0.5094277858734131
0.5644415616989136
0.5020265579223633
0.5049842596054077
0.38818827271461487
0.45986610651016235
0.6737868189811707
0.5474135875701904
0.4931173324584961
0.615291953086853
0.4494723081588745
0.36044490337371826
0.5621048212051392
0.46254587173461914
0.5296026468276978
0.5551689863204956
0.7000071406364441
0.5103034973144531
0.657033383846283
0.5828458666801453
0.4026761054992676
0.31687816977500916
0.46147620677948
0.6337466239929199
0.5058695077896118
0.4159083366394043
0.47877588868141174
0.6111571788787842
0.581863522529602
0.5518844127655029
0.4926756024360657
0.5487151145935059
0.5967971086502075
0.5552615523338318
0.44152289628982544
0.5307900905609131
0.556639552116394
0.5354915261268616
0.44828304648399353
0.6712269186973572
0.3830002248287201
0.49468761682510376
0.37976548075675964
0.5054643154144287
0.6738395094871521
0.5961109399795532
0.5427449345588684
0.562333881855011
0.4551559388637543
0.4728904366493225
0.363900363445282
0.605534553527832
0.5053391456604004
0.6361134052276611
0.689408004283905
0.38103365898132324
0.5463845133781433
0.4777325391769409
0.44219300150871277
0.5896787643432617
0.4254005551338196
0.7201505303382874
0.516080379486084
0.6161876320838928
0.561424732208252
0.34891271591186523
0.5032647848129272
0.5039925575256348
0.43701010942459106
0.46121731400489807
0.49816304445266724
0.4416412115097046
0.4869728684425354
0.45575499534606934
0.3657023310661316
0.4961777329444885
0.5537264347076416
0.5425108671188354
0.6286742687225342
0.5919983386993408
0.5776011943817139
0.4853604733943939
0.4023723602294922
0.6489496231079102
0.39475369453430176
0.31293925642967224
0.43415629863739014
0.5445935130119324
0.46210286021232605
0.4560391306877136
0.43242117762565613
0.5652885437011719
0.48046568036079407
0.39565494656562805
0.5838649868965149
0.6107538938522339
0.631036639213562
0.4613395631313324
0.5402745008468628
0.45208966732025146
0.3438495695590973
0.39562416076660156
0.577904224395752
0.5658075213432312
0.6015811562538147
0.5280713438987732
0.5447365045547485
0.2724190354347229
0.5597940683364868
0.6152725219726562
0.6411899328231812
0.45769399404525757
0.4849495589733124
0.576153576374054
0.58687424659729
0.4999665319919586
0.5021540522575378
0.398966908454895
0.5435754656791687
0.465178519487381
0.4166848063468933
0.5140721797943115
0.5804699063301086
0.6437129378318787
0.5282033681869507
0.3634467124938965
0.5335572361946106
0.6410105228424072
0.47959351539611816
0.4460553526878357
0.5337814688682556
0.5208611488342285
0.36185839772224426
0.44952499866485596
0.2718260884284973
0.5789560675621033
0.26853707432746887
0.6075567603111267
0.4874016046524048
0.5531853437423706
0.4840106964111328
0.6166550517082214
0.4140518307685852
0.4032444655895233
0.36635133624076843
0.594147801399231
0.29992711544036865
0.6762114763259888
0.554053783416748
0.7046052813529968
0.5644885301589966
0.5352725982666016
0.47258466482162476
0.5978809595108032
0.5586404800415039
0.4015832543373108
0.649653434753418
0.5161121487617493
0.49297600984573364
0.49453598260879517
0.4232236444950104
0.5625022053718567
0.7374964356422424
0.5172697901725769
0.543899416923523
0.6302685737609863
0.5391049385070801
0.5687824487686157
0.5084130764007568
0.684891402721405
0.5463647842407227
0.6596143245697021
0.32517462968826294
0.5466804504394531
0.5363432168960571
0.5071044564247131
0.6786074042320251
0.5738840103149414
0.5523724555969238
0.6133602857589722
0.4605277180671692
0.5768396258354187
0.541733980178833
0.4213336706161499
0.48620620369911194
0.5178205966949463
0.5974630117416382
0.32740628719329834
0.49653860926628113
0.5885778069496155
0.41328513622283936
0.42142823338508606
0.6321064233779907
0.49570798873901367
0.504528820514679
0.43649816513061523
0.5038791298866272
0.3649732172489166
0.5821627378463745
0.46367520093917847
0.5122807025909424
0.6465796828269958
0.4251250624656677
0.5257028341293335
0.6624130010604858
0.4962591826915741
0.44786399602890015
0.43792134523391724
0.33601114153862
0.5411324501037598
0.580487072467804
0.41397824883461
0.4754819869995117
0.5286127328872681
0.3692154288291931
0.4342438578605652
0.6505229473114014
0.6287425756454468
0.4322527050971985
0.39941853284835815
0.625295102596283
0.6281849145889282
0.511496901512146
0.5476552248001099
0.4979969263076782
0.5363006591796875
0.5096388459205627
0.5539333820343018
0.4581608176231384
0.3934856355190277
0.5246924757957458
0.4426794648170471
0.724007785320282
0.4833614230155945
0.5351986885070801
0.564541220664978
0.5443202257156372
0.42494404315948486
0.642163097858429
0.3913402557373047
0.5796142816543579
0.5236008167266846
0.5030649900436401
0.5912906527519226
0.5324925184249878
0.4370405077934265
0.48529958724975586
0.43649721145629883
0.6129640340805054
0.5684823393821716
0.6559383869171143
0.4830281138420105
0.5806109309196472
0.4929571747779846
0.41287145018577576
0.4601505398750305
0.4880422353744507
0.5607900619506836
0.532137393951416
0.6533783674240112
0.4072711169719696
0.33712244033813477
0.4894663095474243
0.4135599136352539
0.536286473274231
0.38857385516166687
0.5324909687042236
0.48304635286331177
0.45304185152053833
0.48224395513534546
0.5567028522491455
0.5593587756156921
0.5974146127700806
0.42907750606536865
0.6292293071746826
0.4739653468132019
0.39375966787338257
0.5913532972335815
0.6019769906997681
0.5269573330879211
0.5923552513122559
0.5100365877151489
0.39894184470176697
0.4339441657066345
0.40224263072013855
0.46999591588974
0.4657999277114868
0.45209795236587524
0.39165788888931274
0.4594871401786804
0.4259425401687622
0.5877954959869385
0.5680970549583435
0.48848772048950195
0.3451056480407715
0.6279137134552002
0.4111981987953186
0.4761830270290375
0.49132657051086426
0.5258840322494507
0.370743989944458
0.5863475203514099
0.5658679604530334
0.4817761778831482
0.36535170674324036
0.6031721234321594
0.5552247762680054
0.5419179201126099
0.46667802333831787
0.543010950088501
0.48231661319732666
0.37784427404403687
0.40529128909111023
0.501544713973999
0.4672008752822876
0.46020665764808655
0.5122455358505249
0.5353179574012756
0.5503072142601013
0.6215009689331055
0.6267184019088745
0.5898657441139221
0.6800057291984558
0.47725656628608704
0.457088828086853
0.7059145569801331
0.5474210381507874
0.39968353509902954
0.5045061707496643
0.5604017972946167
0.6081846356391907
0.4504408836364746
0.347360223531723
0.6436265707015991
0.4922083020210266
0.4418519139289856
0.5472021698951721
0.5956725478172302
0.4275851249694824
0.5266189575195312
0.45173096656799316
0.5430914163589478
0.4620932340621948
0.4948064684867859
0.4378904104232788
0.6607487797737122
0.36842721700668335
0.5618636608123779
0.6246887445449829
0.5095816850662231
0.5142759084701538
0.5184897184371948
0.5754304528236389
0.45942890644073486
0.5465115308761597
0.4406980574131012
0.5032027363777161
0.465501606464386
0.4890252947807312
0.5116831064224243
0.43866971135139465
0.5953044891357422
0.5774877071380615
0.7051910758018494
0.585049569606781
0.38743531703948975
0.5225422978401184
0.4259546995162964
0.5233577489852905
0.5293365716934204
0.4614398777484894
0.38820934295654297
0.46013110876083374
0.6105564832687378
0.5928985476493835
0.6313648223876953
0.4089556336402893
0.4667595624923706
0.506202757358551
0.4436231255531311
0.5936070680618286
0.399955689907074
0.6874598860740662
0.5309880375862122
0.4375525712966919
0.6297413110733032
0.48275190591812134
0.5615893006324768
0.44170576333999634
0.6145597696304321
0.6825425028800964
0.6486456394195557
0.44058430194854736
0.5063201785087585
0.539605975151062
0.45319247245788574
0.43436551094055176
0.4369690716266632
0.44154778122901917
0.5699030160903931
0.5515607595443726
0.3384937644004822
0.5613909959793091
0.43799376487731934
0.6142939925193787
0.5248561501502991
0.4478420615196228
0.46474725008010864
0.6051213145256042
0.47787803411483765
0.5184767842292786
0.5489994883537292
0.4601214528083801
0.540382981300354
0.5881756544113159
0.550207793712616
0.5459074378013611
0.49579179286956787
0.4178611636161804
0.6514847278594971
0.5308459401130676
0.32030028104782104
0.5662040114402771
0.48004668951034546
0.4997808337211609
0.6040647029876709
0.5236108303070068
0.6078214049339294
0.5821914672851562
0.2437552511692047
0.42046117782592773
0.5492584705352783
0.577608585357666
0.49049699306488037
0.6205093860626221
0.4793230891227722
0.5119211673736572
0.3919856548309326
0.5031858086585999
0.5446586608886719
0.563294529914856
0.37396568059921265
0.7112574577331543
0.49048900604248047
0.4613203704357147
0.40997540950775146
0.4722762703895569
0.3416237533092499
0.46744152903556824
0.5479516386985779
0.6137346029281616
0.5088225603103638
0.614689826965332
0.40428635478019714
0.5762825608253479
0.3255143165588379
0.4983729124069214
0.371723473072052
0.6215144395828247
0.6753787398338318
0.5939443111419678
0.5570217370986938
0.6101036071777344
0.47462135553359985
0.5439475178718567
0.5531675815582275
0.5285971164703369
0.41116490960121155
0.5177485942840576
0.5091791152954102
0.5868601202964783
0.5141229033470154
0.4737529158592224
0.575951337814331
0.41824376583099365
0.417525053024292
0.49685823917388916
0.4741787016391754
0.6369497179985046
0.5813729763031006
0.512945294380188
0.5625351667404175
0.3947720229625702
0.6756897568702698
0.4990357756614685
0.6930713653564453
0.6071188449859619
0.6185266971588135
0.5723600387573242
0.44607895612716675
0.5217646360397339
0.7071506381034851
0.36972618103027344
0.5031859874725342
0.41516613960266113
0.5141385793685913
0.5034593343734741
0.500065267086029
0.5774845480918884
0.584226131439209
0.49271050095558167
0.6121516227722168
0.5115911960601807
0.5599290728569031
0.6170070171356201
0.39279234409332275
0.5531694889068604
0.6324321031570435
0.5204019546508789
0.5408535599708557
0.5372394323348999
0.46891847252845764
0.5225757360458374
0.5353923439979553
0.5415694713592529
0.43626245856285095
0.66419517993927
0.49444833397865295
0.43219470977783203
0.6027946472167969
0.4312424063682556
0.5092256665229797
0.45741820335388184
0.3997047245502472
0.4867510199546814
0.5226471424102783
0.4139874279499054
0.5727267265319824
0.5671948194503784
0.48156213760375977
0.5750579833984375
0.5972736477851868
0.417479008436203
0.5041088461875916
0.5348309874534607
0.4357326626777649
0.5645909905433655
0.44495606422424316
0.377020001411438
0.4975176453590393
0.6433510780334473
0.6501444578170776
0.5289356112480164
0.32799768447875977
0.40390169620513916
0.40803343057632446
0.5851037502288818
0.5514311790466309
0.489989697933197
0.4650806188583374
0.47582775354385376
0.6145820617675781
0.5206835269927979
0.41517555713653564
0.536206841468811
0.4406784176826477
0.5537432432174683
0.5482112169265747
0.5446923971176147
0.5811358690261841
0.55314701795578
0.3904194235801697
0.47911128401756287
0.652147650718689
0.5284547209739685
0.45373600721359253
0.6243386268615723
0.46904757618904114
0.3614096939563751
0.6836849451065063
0.46579885482788086
0.5607795715332031
0.485221803188324
0.49931758642196655
0.40470120310783386
0.48503899574279785
0.632580041885376
0.609312891960144
0.5668075084686279
0.4172056317329407
0.4444617033004761
0.5068906545639038
0.6253238320350647
0.37631261348724365
0.5681476593017578
0.5429320335388184
0.6112586855888367
0.30551618337631226
0.5652175545692444
0.44311076402664185
0.6036980748176575
0.5681816339492798
0.5261199474334717
0.5558072328567505
0.511725902557373
0.5169209241867065
0.6022144556045532
0.4230960011482239
0.4427066743373871
0.5089065432548523
0.4293432831764221
0.5006372332572937
0.49503594636917114
0.5592169761657715
0.4637388288974762
0.4739246070384979
0.5556451678276062
0.5342323184013367
0.4248030483722687
0.5160669088363647
0.3847273290157318
0.6674294471740723
0.5790711045265198
0.45528072118759155
0.5863851308822632
0.38599923253059387
0.5491697192192078
0.5324580669403076
0.5319018363952637
0.5764447450637817
0.48583996295928955
0.5897967219352722
0.53499436378479
0.628110945224762
0.4064668118953705
0.4803684949874878
0.5778689384460449
0.6272160410881042
0.5652085542678833
0.6076326370239258
0.5947307348251343
0.5685996413230896
0.48461973667144775
0.5441251993179321
0.5654531121253967
0.3651925027370453
0.4754493236541748
0.5721155405044556
0.5987273454666138
0.4003395140171051
0.38300347328186035
0.46470487117767334
0.5281397104263306
0.5874907374382019
0.560694694519043
0.47089049220085144
0.4489799439907074
0.6208954453468323
0.6226415038108826
0.4831845164299011
0.5540780425071716
0.6431634426116943
0.3961259722709656
0.6216112971305847
0.3967374265193939
0.5763624906539917
0.5639052391052246
0.4079171121120453
0.5476844906806946
0.5509542226791382
0.5425178408622742
0.6452553272247314
0.557284951210022
0.350175678730011
0.564787745475769
0.49343377351760864
0.5256291627883911
0.5618478059768677
0.43987226486206055
0.6474730968475342
0.5985375642776489
0.46384137868881226
0.4758002460002899
0.533460259437561
0.6267996430397034
0.29056909680366516
0.5400910973548889
0.40428757667541504
0.45307227969169617
0.5306105613708496
0.5968338251113892
0.5734065175056458
0.18185482919216156
0.564892590045929
0.4858173131942749
0.5510965585708618
0.49668458104133606
0.3798031806945801
0.4462018609046936
0.32400503754615784
0.5666542053222656
0.579048216342926
0.4770997166633606
0.5936685800552368
0.694010853767395
0.6174322366714478
0.5951874256134033
0.5395806431770325
0.47367680072784424
0.5220777988433838
0.5118393898010254
0.41581571102142334
0.5027285218238831
0.5791617631912231
0.5976346135139465
0.4653754234313965
0.4427294135093689
0.47610950469970703
0.2945052981376648
0.34012502431869507
0.6087968349456787
0.5164830684661865
0.4246043562889099
0.553105354309082
0.5240752696990967
0.46321940422058105
0.5424506664276123
0.388560026884079
0.5925382971763611
0.6053718328475952
0.5601469278335571
0.6197276711463928
0.5622041821479797
0.5991988182067871
0.40655064582824707
0.5148137211799622
0.5462397336959839
0.4823814332485199
0.6787776350975037
0.45561230182647705
0.39425328373908997
0.5791620016098022
0.4683542847633362
0.437555193901062
0.6699144244194031
0.6258454918861389
0.5398342609405518
0.4945530295372009
0.5015237331390381
0.42741602659225464
0.4182735085487366
0.510802149772644
0.4880036413669586
0.6211848258972168
0.5295394062995911
0.4963340163230896
0.6296478509902954
0.4906022548675537
0.6043033599853516
0.6636394262313843
0.39380383491516113
0.5259141325950623
0.5302371978759766
0.6368327140808105
0.5345203876495361
0.5532674193382263
0.5869199633598328
0.4300440549850464
0.5306611061096191
0.5034909248352051
0.4983665943145752
0.4149653911590576
0.5093169212341309
0.4881525933742523
0.5888710021972656
0.43394747376441956
0.48466384410858154
0.5988873243331909
0.5808926820755005
0.4167577028274536
0.4229373037815094
0.4790075719356537
0.29670536518096924
0.417208194732666
0.6008528470993042
0.3376608192920685
0.6167106032371521
0.5577590465545654
0.6264634728431702
0.3812006115913391
0.5188100337982178
0.46053004264831543
0.4540333151817322
0.5352350473403931
0.5720947980880737
0.5052430033683777
0.452034592628479
0.5404975414276123
0.4936866760253906
0.495816707611084
0.548008382320404
0.6284984350204468
0.6696923971176147
0.4687359035015106
0.4548625349998474
0.47549140453338623
0.4644618034362793
0.6081466674804688
0.4797127842903137
0.45314928889274597
0.4331524968147278
0.5516588091850281
0.550141453742981
0.5942663550376892
0.4764050543308258
0.5623745918273926
0.6457111239433289
0.5039520859718323
0.5799165368080139
0.36640554666519165
0.5617353916168213
0.5495277643203735
0.4874156713485718
0.5396234393119812
0.4632360339164734
0.6159241199493408
0.6098713874816895
0.5575433969497681
0.49132633209228516
0.501217782497406
0.37367740273475647
0.4863763451576233
0.4758768379688263
0.53497314453125
0.339835524559021
0.5412207841873169
0.5306174159049988
0.5942102670669556
0.6576253175735474
0.5770070552825928
0.5409319400787354
0.487751841545105
0.30705350637435913
0.5121511220932007
0.5488134622573853
0.6291780471801758
0.5795419216156006
0.610950767993927
0.49079233407974243
0.41571110486984253
0.4742688536643982
0.6146069169044495
0.564332127571106
0.45301002264022827
0.3856205940246582
0.46287646889686584
0.5615752935409546
0.518844485282898
0.43183159828186035
0.5912241339683533
0.5713939666748047
0.46108299493789673
0.6485617756843567
0.6146536469459534
0.5025724172592163
0.4147133231163025
0.36679044365882874
0.4375489354133606
0.5251853466033936
0.5020955801010132
0.6349977254867554
0.47559335827827454
0.5889419317245483
0.5093711614608765
0.6080749034881592
0.5212880969047546
0.49081918597221375
0.549052894115448
0.547477126121521
0.459612637758255
0.44724905490875244
0.5434420108795166
0.47505223751068115
0.4813210368156433
0.4183175563812256
0.49617722630500793
0.5128352642059326
0.49053192138671875
0.547592282295227
0.40470781922340393
0.6009925603866577
0.6089413166046143
0.6884249448776245
0.4344615936279297
0.5719925165176392
0.41399726271629333
0.45427271723747253
0.5196921825408936
0.6099674105644226
0.38474300503730774
0.47871673107147217
0.6161065101623535
0.7422564625740051
0.43894338607788086
0.3708919286727905
0.6077231168746948
0.5172844529151917
0.48829302191734314
0.5108070969581604
0.48925459384918213
0.5137439966201782
0.3791623115539551
0.4544669985771179
0.46699100732803345
0.5207489132881165
0.3649914860725403
0.5001949667930603
0.4585874080657959
0.598534882068634
0.5010910034179688
0.4486241340637207
0.6137032508850098
0.509867787361145
0.5737504363059998
0.5715548992156982
0.5736598968505859
0.6659907102584839
0.6334964036941528
0.6053553819656372
0.4619792699813843
0.5396196842193604
0.4323527216911316
0.4870058596134186
0.4889530837535858
0.4586041569709778
0.32351937890052795
0.6289951801300049
0.5075681209564209
0.44515150785446167
0.5337496995925903
0.5164018273353577
0.5940675735473633
0.48747384548187256
0.5267383456230164
0.4427810311317444
0.24697771668434143
0.5318572521209717
0.3606069087982178
0.5068334341049194
0.5219931602478027
0.3709751069545746
0.3717750310897827
0.5365722179412842
0.47025173902511597
0.4789963662624359
0.5848202705383301
0.4229047894477844
0.4693766236305237
0.5334686040878296
0.3752577304840088
0.5766047239303589
0.3320505619049072
0.6156320571899414
0.5098219513893127
0.5032685399055481
0.42127910256385803
0.3067171573638916
0.4018549919128418
0.45201241970062256
0.39837878942489624
0.592282772064209
0.5533301830291748
0.45863497257232666
0.4571037292480469
0.4282442331314087
0.6316626071929932
0.6046203374862671
0.6119987368583679
0.616966962814331
0.5771403908729553
0.5492796897888184
0.4711592495441437
0.6318004727363586
0.603134274482727
0.7743980288505554
0.5205474495887756
0.5587285161018372
0.4466441869735718
0.4621052145957947
0.5200949907302856
0.496688574552536
0.5303873419761658
0.4220502972602844
0.567927360534668
0.44878414273262024
0.45666658878326416
0.38476359844207764
0.5139148235321045
0.5425916314125061
0.6476762294769287
0.4847227931022644
0.5145361423492432
0.6590738296508789
0.5555997490882874
0.5264135599136353
0.45459479093551636
0.47351616621017456
0.590404748916626
0.30591660737991333
0.552843451499939
0.49008259177207947
0.49195581674575806
0.5716644525527954
0.5137463808059692
0.49983394145965576
0.49102258682250977
0.5637038350105286
0.4280644953250885
0.6021953821182251
0.37294071912765503
0.5496002435684204
0.5429638624191284
0.4775034487247467
0.48738762736320496
0.44762325286865234
0.4537185728549957
0.4736884534358978
0.30073732137680054
0.5718255043029785
0.6124125719070435
0.3233337104320526
0.536874532699585
0.44331997632980347
0.4429652690887451
0.4923214018344879
0.39203935861587524
0.6539815664291382
0.581398069858551
0.35354024171829224
0.39350202679634094
0.5827374458312988
0.45770132541656494
0.43098270893096924
0.5800710320472717
0.5557687282562256
0.5430517196655273
0.6393308639526367
0.49545037746429443
0.3350379467010498
0.5562150478363037
0.4215599298477173
0.6646928191184998
0.5105279684066772
0.643274188041687
0.5292174220085144
0.5840984582901001
0.5049901604652405
0.5294460654258728
0.6242182850837708
0.6200429797172546
0.4538937509059906
0.4189043939113617
0.4811396598815918
0.548798143863678
0.6049534678459167
0.5022033452987671
0.4475131332874298
0.5227533578872681
0.6361100077629089
0.43954408168792725
0.3980304002761841
0.502606213092804
0.40601930022239685
0.5593327283859253
0.591832160949707
0.5116046667098999
0.4876013696193695
0.5120227336883545
0.5239314436912537
0.6099711656570435
0.5225489735603333
0.628328800201416
0.5434540510177612
0.47769802808761597
0.46051913499832153
0.5448768734931946
0.642410159111023
0.6069176197052002
0.5700850486755371
0.4329678416252136
0.6633994579315186
0.4259544014930725
0.548046350479126
0.6606929898262024
0.5688043832778931
0.4294416904449463
0.698827862739563
0.47075384855270386
0.43234503269195557
0.6116058826446533
0.4942261874675751
0.3776148557662964
0.48837658762931824
0.4462471306324005
0.46598052978515625
0.6188329458236694
0.4224085211753845
0.47985443472862244
0.5475921034812927
0.4673559069633484
0.5250319242477417
0.5305138826370239
0.6645151376724243
0.5595733523368835
0.41237351298332214
0.4665462374687195
0.46585914492607117
0.5425085425376892
0.6332863569259644
0.4194946587085724
0.46644577383995056
0.544519305229187
0.6276603937149048
0.6132329702377319
0.5490477681159973
0.6814873814582825
0.449707567691803
0.6738579869270325
0.4876352548599243
0.5048090815544128
0.3647218942642212
0.557120680809021
0.4979878067970276
0.4260605573654175
0.4618696868419647
0.40466052293777466
0.36641132831573486
0.5055934190750122
0.3684823513031006
0.5712687373161316
0.6377281546592712
0.6237837076187134
0.5306611061096191
0.5324651598930359
0.4928435981273651
0.45054715871810913
0.4474812150001526
0.49956274032592773
0.572274386882782
0.4333251714706421
0.4624943733215332
0.4734928011894226
0.4795290231704712
0.6292445063591003
0.54244065284729
0.5377544164657593
0.533930778503418
0.4788486361503601
0.5393405556678772
0.6843412518501282
0.5692631602287292
0.5284035205841064
0.3984355926513672
0.4849488139152527
0.4789542555809021
0.5042170286178589
0.5331746935844421
0.456148624420166
0.46072888374328613
0.5790966749191284
0.4812006950378418
0.5285287499427795
0.47351372241973877
0.46901047229766846
0.6709017753601074
0.596954345703125
0.484470009803772
0.4355153441429138
0.4307251572608948
0.322712242603302
0.5632073283195496
0.510123610496521
0.559706449508667
0.553888201713562
0.5032202005386353
0.4389844536781311
0.410602331161499
0.5274533629417419
0.49905169010162354
0.5555133819580078
0.531085729598999
0.527316689491272
0.44599834084510803
0.4881525933742523
0.5155713558197021
0.46276068687438965
0.5776603817939758
0.45458686351776123
0.5650086998939514
0.4148607850074768
0.4196339547634125
0.3996850252151489
0.4094310700893402
0.4719315767288208
0.5138376951217651
0.584781289100647
0.6351515650749207
0.5046216249465942
0.5528874397277832
0.49006253480911255
0.6207904815673828
0.5754976272583008
0.42759352922439575
0.38814854621887207
0.3020089864730835
0.6180776357650757
0.5747701525688171
0.5817551612854004
0.5256676077842712
0.3525959849357605
0.32698798179626465
0.5399394035339355
0.5110238790512085
0.6148027777671814
0.378287672996521
0.493354469537735
0.39106303453445435
0.5092943906784058
0.5211932063102722
0.47973397374153137
0.519006609916687
0.4986773729324341
0.5979708433151245
0.525660514831543
0.5854513645172119
0.5035488605499268
0.5452156066894531
0.6989758610725403
0.7024657130241394
0.5826205015182495
0.6093720197677612
0.505085825920105
0.5775502920150757
0.49033039808273315
0.5188985466957092
0.6183915138244629
0.41071391105651855
0.46922966837882996
0.48179516196250916
0.4156941771507263
0.46681714057922363
0.39787089824676514
0.566155195236206
0.6129674911499023
0.5771561861038208
0.5758187770843506
0.49641913175582886
0.5557838678359985
0.7486123442649841
0.553287148475647
0.483735591173172
0.5571743249893188
0.5242990255355835
0.516925036907196
0.395194411277771
0.27388355135917664
0.36636102199554443
0.5137268304824829
0.4555125832557678
0.35082921385765076
0.4865242838859558
0.5712464451789856
0.4949629306793213
0.4471536874771118
0.4891563355922699
0.4150342047214508
0.592623233795166
0.4871596097946167
0.572025716304779
0.48877573013305664
0.30404362082481384
0.6322165131568909
0.5264338850975037
0.4896683096885681
0.3933984041213989
0.501100480556488
0.5960850715637207
0.4646298885345459
0.48721420764923096
0.41225606203079224
0.510567307472229
0.41540756821632385
0.5121018886566162
0.6104274988174438
0.5421689748764038
0.5399740934371948
0.5072178244590759
0.42065733671188354
0.6587661504745483
0.5528134107589722
0.22358296811580658
0.43286606669425964
0.4966757893562317
0.5986692905426025
0.5081667304039001
0.5553502440452576
0.4547044038772583
0.5842212438583374
0.5627650022506714
0.505661129951477
0.4298096001148224
0.4998053312301636
0.38549643754959106
0.5229930281639099
0.49311208724975586
0.5149301290512085
0.5702340602874756
0.4775060713291168
0.4202805161476135
0.5173724889755249
0.672666609287262
0.600919246673584
0.5840750336647034
0.5039750337600708
0.4019448757171631
0.42372676730155945
0.4401305913925171
0.43316444754600525
0.29255473613739014
0.5797486901283264
0.5097754001617432
0.39290663599967957
0.2865210771560669
0.34960252046585083
0.48826372623443604
0.5160013437271118
0.5472466945648193
0.4239227771759033
0.550125241279602
0.5778992772102356
0.5593188405036926
0.44056129455566406
0.6156994700431824
0.5097361207008362
0.5433171987533569
0.4714106619358063
0.5011736750602722
0.5343889594078064
0.4907069802284241
0.5380760431289673
0.35467204451560974
0.5651300549507141
0.5502225756645203
0.5515341758728027
0.43425512313842773
0.4648842513561249
0.5006036758422852
0.4382880926132202
0.5973310470581055
0.5477043986320496
0.376181960105896
0.5169951319694519
0.5645172595977783
0.45258933305740356
0.5758476257324219
0.39254096150398254
0.4437246322631836
0.5326293706893921
0.36633583903312683
0.5921576023101807
0.6861129999160767
0.6060198545455933
0.3760935366153717
0.3135504424571991
0.5025904774665833
0.41809582710266113
0.5062614679336548
0.49745598435401917
0.6048944592475891
0.6327481269836426
0.5712249279022217
0.5513432621955872
0.5453872680664062
0.4482216536998749
0.4881661534309387
0.5617110729217529
0.32860100269317627
0.5903677344322205
0.44584906101226807
0.5761552453041077
0.35000473260879517
0.4663700461387634
0.5570992231369019
0.6001445651054382
0.554989218711853
0.4300187826156616
0.6037931442260742
0.6030967235565186
0.3896731734275818
0.4460946321487427
0.4430616796016693
0.6643339991569519
0.5126720666885376
0.6199766397476196
0.5582485198974609
0.5608136057853699
0.4392654597759247
0.6328260898590088
0.5109385848045349
0.6232370734214783
0.6260380744934082
0.6019863486289978
0.37953561544418335
0.5252112150192261
0.5964813232421875
0.5498772263526917
0.6466686725616455
0.37634626030921936
0.4779464304447174
0.49498263001441956
0.4346137046813965
0.5938622951507568
0.4320771098136902
0.45264720916748047
0.5296058058738708
0.5258117914199829
0.5902055501937866
0.5431666374206543
0.5496684908866882
0.4798102378845215
0.5513007044792175
0.5807629227638245
0.45314401388168335
0.5842469930648804
0.497555136680603
0.5459089279174805
0.461775541305542
0.48197951912879944
0.5968230962753296
0.5138466358184814
0.4938434958457947
0.4872554540634155
0.5193978548049927
0.4942282736301422
0.49006620049476624
0.41714003682136536
0.4142462909221649
0.32230547070503235
0.5502287149429321
0.6230581402778625
0.4383283257484436
0.5203335285186768
0.4391575753688812
0.44647645950317383
0.5101792812347412
0.5172102451324463
0.5947797298431396
0.5473771691322327
0.5530081987380981
0.46025341749191284
0.5610905289649963
0.3976150155067444
0.4204499125480652
0.3561474084854126
0.36794936656951904
0.40557146072387695
0.38826707005500793
0.4497331976890564
0.6439450979232788
0.5230686664581299
0.5441948771476746
0.6300737857818604
0.5494500398635864
0.48515844345092773
0.45878493785858154
0.5490521192550659
0.478941410779953
0.4743594527244568
0.6460632085800171
0.5146651864051819
0.5184826850891113
0.517657995223999
0.5005350708961487
0.49826663732528687
0.4486263394355774
0.5265811085700989
0.4629167914390564
0.5815169811248779
0.5241527557373047
0.5926946401596069
0.5367956161499023
0.4106873869895935
0.4988354444503784
0.363900363445282
0.44513845443725586
0.43716198205947876
0.5929265022277832
0.47533220052719116
0.40330666303634644
0.4862782061100006
0.49424490332603455
0.4672818183898926
0.5042287707328796
0.6459256410598755
0.49294108152389526
0.5200231075286865
0.47367221117019653
0.5218645930290222
0.48370325565338135
0.41714581847190857
0.4305878281593323
0.6101950407028198
0.584457516670227
0.5339046716690063
0.5544004440307617
0.45201021432876587
0.6004587411880493
0.5727962255477905
0.4542537331581116
0.5751534700393677
0.45816630125045776
0.6671758890151978
0.3698235750198364
0.49584686756134033
0.4268895983695984
0.5130186080932617
0.4634135067462921
0.6579065322875977
0.5664482712745667
0.44576379656791687
0.35611242055892944
0.5501658916473389
0.5403116941452026
0.5072982311248779
0.5156545042991638
0.5898322463035583
0.39008408784866333
0.4572671055793762
0.48452770709991455
0.534016489982605
0.5664795637130737
0.4713646173477173
0.5416494607925415
0.5442180633544922
0.4440821409225464
0.45100393891334534
0.48224371671676636
0.4364837408065796
0.5138237476348877
0.42590880393981934
0.4613245725631714
0.45557475090026855
0.5068686604499817
0.48903435468673706
0.49120333790779114
0.5528097748756409
0.38677582144737244
0.44723719358444214
0.4814344346523285
0.475485622882843
0.49653831124305725
0.6223444938659668
0.5203412771224976
0.5404918193817139
0.3359781801700592
0.45483818650245667
0.565287172794342
0.5845779180526733
0.5223393440246582
0.4809606075286865
0.4987277090549469
0.5516781806945801
0.6404037475585938
0.5209616422653198
0.524960994720459
0.6704573035240173
0.41945287585258484
0.5953600406646729
0.5830810070037842
0.5565937757492065
0.4085673987865448
0.6307961940765381
0.5713998079299927
0.7045388221740723
0.5032731294631958
0.5173441171646118
0.4852786064147949
0.5617753863334656
0.4902494251728058
0.43656736612319946
0.5730864405632019
0.5454308986663818
0.6230044364929199
0.6699115037918091
0.4799262583255768
0.5433222651481628
0.5801985859870911
0.5851998329162598
0.538249135017395
0.6012612581253052
0.7029089331626892
0.2986968159675598
0.5519594550132751
0.6234719753265381
0.5280918478965759
0.5200270414352417
0.36236727237701416
0.5519624948501587
0.5777658820152283
0.5216292142868042
0.5331579446792603
0.6215080618858337
0.49642589688301086
0.5124988555908203
0.32182028889656067
0.3747478127479553
0.4874860644340515
0.5011025667190552
0.4031240940093994
0.43153974413871765
0.6195382475852966
0.41919994354248047
0.5772353410720825
0.5783045291900635
0.6091901659965515
0.39855247735977173
0.5535522103309631
0.5077865123748779
0.2507629096508026
0.6011998653411865
0.4909767210483551
0.5705816745758057
0.5166113972663879
0.6200434565544128
0.6427009105682373
0.6512593030929565
0.6198357343673706
0.4865837097167969
0.6329060196876526
0.630138635635376
0.353999525308609
0.4804288148880005
0.5049269199371338
0.4903298616409302
0.5796641111373901
0.47395750880241394
0.5629177689552307
0.5992279052734375
0.37754204869270325
0.4477214813232422
0.6484086513519287
0.7377097010612488
0.49027180671691895
0.4406886696815491
0.49512702226638794
0.44340673089027405
0.4909435510635376
0.5241715908050537
0.513281524181366
0.6029716730117798
0.6219402551651001
0.6514144539833069
0.41062667965888977
0.38442158699035645
0.5086999535560608
0.46818044781684875
0.5499812364578247
0.429523229598999
0.4495243430137634
0.7214264869689941
0.4460303783416748
0.5582893490791321
0.562618613243103
0.553451418876648
0.5167083740234375
0.5475687384605408
0.5180487632751465
0.45970311760902405
0.5386810898780823
0.5856049060821533
0.44224032759666443
0.5730738639831543
0.5179875493049622
0.456862211227417
0.44533371925354004
0.5424700975418091
0.4568949341773987
0.539269208908081
0.5690634250640869
0.5929679870605469
0.6024367809295654
0.38455817103385925
0.47344350814819336
0.49284130334854126
0.4828329384326935
0.7287300825119019
0.52464759349823
0.6439222097396851
0.5058835744857788
0.6836310029029846
0.5225986242294312
0.5987465977668762
0.44758111238479614
0.4799397587776184
0.4694056212902069
0.4832727909088135
0.4523729681968689
0.5670415163040161
0.3066130578517914
0.5670985579490662
0.40517866611480713
0.3288615345954895
0.3461768329143524
0.5719113945960999
0.633033275604248
0.50491863489151
0.7913371920585632
0.6301983594894409
0.48165568709373474
0.31355684995651245
0.46085959672927856
0.6247736811637878
0.48122474551200867
0.5112700462341309
0.6209163069725037
0.5712171196937561
0.5983462929725647
0.5359371900558472
0.43642324209213257
0.4857397973537445
0.6050939559936523
0.5131077766418457
0.4113359749317169
0.5477298498153687
0.36334216594696045
0.47671598196029663
0.5780160427093506
0.3803737759590149
0.45603853464126587
0.5384494066238403
0.41389259696006775
0.4625973701477051
0.539623498916626
0.5531511902809143
0.6513723134994507
0.49034440517425537
0.5906671285629272
0.5388731360435486
0.5099465847015381
0.5085107088088989
0.5189616680145264
0.42630890011787415
0.44283851981163025
0.5448329448699951
0.48232755064964294
0.6745851635932922
0.3633004128932953
0.5482262372970581
0.46156805753707886
0.5076414942741394
0.4957965016365051
0.5188714861869812
0.5696114301681519
0.5046573877334595
0.5620120763778687
0.4894091486930847
0.5086594223976135
0.37478935718536377
0.5119504928588867
0.5216163992881775
0.4662002921104431
0.6765454411506653
0.39147821068763733
0.6208455562591553
0.6215754747390747
0.4967513084411621
0.29547417163848877
0.5104101896286011
0.3989894986152649
0.42515015602111816
0.5667155981063843
0.5150395631790161
0.46839362382888794
0.5732457637786865
0.5498121976852417
0.6084533929824829
0.5212132930755615
0.5467718243598938
0.5156786441802979
0.5200613141059875
0.4511216878890991
0.647882342338562
0.48958852887153625
0.4284653961658478
0.6449096202850342
0.30051690340042114
0.49709728360176086
0.4942554235458374
0.5772610902786255
0.43954628705978394
0.4965411126613617
0.5791599154472351
0.6026738882064819
0.5065430402755737
0.5711444616317749
0.517410397529602
0.5985106825828552
0.6013462543487549
0.41939282417297363
0.753344714641571
0.43016645312309265
0.4646254777908325
0.5895421504974365
0.5196390151977539
0.537169873714447
0.5056711435317993
0.4250657260417938
0.36720335483551025
0.4868393540382385
0.5407116413116455
0.597067654132843
0.6384327411651611
0.5387852787971497
0.5918986797332764
0.4440898895263672
0.4267343580722809
0.6562721729278564
0.41802024841308594
0.49818211793899536
0.5114534497261047
0.5218725204467773
0.4866866171360016
0.5234302282333374
0.5889843702316284
0.6030389070510864
0.49328064918518066
0.33402884006500244
0.6064377427101135
0.5451472997665405
0.48864081501960754
0.3666679263114929
0.39883726835250854
0.3577090799808502
0.6019930839538574
0.5586894154548645
0.4912826418876648
0.5344470739364624
0.47659024596214294
0.4350804090499878
0.5147044658660889
0.522242546081543
0.49308741092681885
0.504700243473053
0.591749906539917
0.601986289024353
0.49323391914367676
0.48358482122421265
0.48116832971572876
0.5675610899925232
0.499022901058197
0.7505888938903809
0.49497947096824646
0.5596593618392944
0.5470636487007141
0.40617451071739197
0.5221946239471436
0.3849097490310669
0.6343280673027039
0.4241389036178589
0.6688634157180786
0.34454792737960815
0.4852207899093628
0.44928425550460815
0.5619898438453674
0.5200057029724121
0.5453994274139404
0.5892266035079956
0.5257731676101685
0.5606675148010254
0.5112169981002808
0.5447494983673096
0.45166081190109253
0.469348669052124
0.531085729598999
0.457506000995636
0.4382750988006592
0.5822166204452515
0.5240837335586548
0.48190486431121826
0.4627346694469452
0.46235471963882446
0.4335681200027466
0.5272641181945801
0.5138780474662781
0.6348668336868286
0.6057541966438293
0.4882374703884125
0.6106107234954834
0.48211854696273804
0.5410279631614685
0.4231043756008148
0.4953925609588623
0.4563637971878052
0.5491132736206055
0.5933880805969238
0.4832724630832672
0.41250860691070557
0.4179884195327759
0.5463889837265015
0.4033350646495819
0.552605152130127
0.4854840636253357
0.5197372436523438
0.544397234916687
0.4545481503009796
0.40321213006973267
0.4791525602340698
0.5338082909584045
0.4892699718475342
0.6600379943847656
0.4095354676246643
0.5193737745285034
0.5827295780181885
0.5607231855392456
0.5286332368850708
0.663007378578186
0.47015881538391113
0.6288167238235474
0.5189675092697144
0.5803807973861694
0.4657692015171051
0.4655665159225464
0.4555697441101074
0.47337889671325684
0.3793608844280243
0.3442497253417969
0.43281272053718567
0.5141159892082214
0.47132495045661926
0.5896996259689331
0.4989379048347473
0.5462158918380737
0.49963802099227905
0.5092518329620361
0.49984464049339294
0.6218251585960388
0.4850585162639618
0.5060790181159973
0.42089828848838806
0.3137511610984802
0.4203208088874817
0.42623138427734375
0.5094785690307617
0.6004195809364319
0.6595630645751953
0.5051751732826233
0.28414446115493774
0.4674118757247925
0.42261719703674316
0.4240441620349884
0.4395350515842438
0.4635484218597412
0.4600071310997009
0.5711765289306641
0.5671632885932922
0.5521271228790283
0.4327082335948944
0.5417617559432983
0.5842311382293701
0.7073561549186707
0.5117185115814209
0.40470802783966064
0.4240254759788513
0.6242730617523193
0.4830409288406372
0.4960108995437622
0.6285052299499512
0.517112135887146
0.507542610168457
0.4635477662086487
0.6213407516479492
0.44883841276168823
0.5255980491638184
0.4190857708454132
0.4749220311641693
0.5223774909973145
0.538286566734314
0.44218993186950684
0.4192100167274475
0.510667085647583
0.40679049491882324
0.5586024522781372
0.625389814376831
0.5182254910469055
0.4799730181694031
0.6046112775802612
0.5727509260177612
0.5450882911682129
0.4177110493183136
0.47408780455589294
0.562213659286499
0.6311652064323425
0.5716228485107422
0.4479769468307495
0.5400850772857666
0.5345416069030762
0.4894194006919861
0.5414058566093445
0.5157407522201538
0.5695501565933228
0.3491407036781311
0.5095552802085876
0.33955639600753784
0.28350406885147095
0.47784850001335144
0.5124161243438721
0.4600566327571869
0.5268933176994324
0.4724256992340088
0.4981573224067688
0.4650035500526428
0.5341781377792358
0.4994022250175476
0.581099808216095
0.5539194345474243
0.5384362936019897
0.5650594234466553
0.5756776332855225
0.46000373363494873
0.40178149938583374
0.5197369456291199
0.5362289547920227
0.5239375233650208
0.5359054803848267
0.4199809432029724
0.4802553057670593
0.4448629915714264
0.43392616510391235
0.5582999587059021
0.45296984910964966
0.4965762495994568
0.4933655560016632
0.5098795890808105
0.5186432600021362
0.5379595756530762
0.5779110789299011
0.47687846422195435
0.49342694878578186
0.641147255897522
0.4416477084159851
0.6236923933029175
0.49784934520721436
0.4341577887535095
0.6544617414474487
0.6143019795417786
0.4122869372367859
0.6740712523460388
0.4460287094116211
0.5414676666259766
0.7562503218650818
0.5086534023284912
0.44376832246780396
0.5055320858955383
0.503153920173645
0.6301131844520569
0.6439023017883301
0.5628496408462524
0.6969384551048279
0.4356127381324768
0.5055876970291138
0.5546901226043701
0.3208180069923401
0.522485077381134
0.6106414794921875
0.39020565152168274
0.6255313158035278
0.49403032660484314
0.4548673927783966
0.5595543384552002
0.6315229535102844
0.4999384582042694
0.48359811305999756
0.39745599031448364
0.6723154187202454
0.6488816738128662
0.4923752546310425
0.41027194261550903
0.4749966859817505
0.5330774188041687
0.48789384961128235
0.4831400513648987
0.6102566719055176
0.43586188554763794
0.5879366993904114
0.4679543972015381
0.48057347536087036
0.5175468325614929
0.5361210107803345
0.4459419250488281
0.47349658608436584
0.49702131748199463
0.5235562324523926
0.4085562229156494
0.4738578796386719
0.46052223443984985
0.46932148933410645
0.47846150398254395
0.5710427761077881
0.6351041793823242
0.5558822751045227
0.4744664430618286
0.4371199607849121
0.6132064461708069
0.5837299823760986
0.5986694097518921
0.5101032257080078
0.5928592085838318
0.41860735416412354
0.4992959499359131
0.46870386600494385
0.5715190172195435
0.539264440536499
0.6380159854888916
0.41162818670272827
0.6029037833213806
0.5435882806777954
0.4195255935192108
0.49330025911331177
0.5363225340843201
0.5492674112319946
0.4432389736175537
0.4655812084674835
0.5380308628082275
0.4179406762123108
0.48107290267944336
0.29896068572998047
0.5864102840423584
0.48923200368881226
0.5279122591018677
0.5416864156723022
0.5176733732223511
0.5479831099510193
0.39592665433883667
0.5702072381973267
0.4175165891647339
0.45325252413749695
0.5093647241592407
0.5868015289306641
0.46649491786956787
0.5806751251220703
0.5817854404449463
0.5454729795455933
0.6681404113769531
0.4741624891757965
0.5191748142242432
0.43798398971557617
0.5508315563201904
0.5704437494277954
0.5081691741943359
0.4374757409095764
0.5129641890525818
0.48737311363220215
0.5168043971061707
0.5562038421630859
0.5186034440994263
0.48192548751831055
0.4855058789253235
0.41657400131225586
0.44867339730262756
0.684838056564331
0.5882774591445923
0.574590802192688
0.5256262421607971
0.6000325679779053
0.4920704662799835
0.6325356960296631
0.5846017599105835
0.5541234612464905
0.6738231778144836
0.49750232696533203
0.565203070640564
0.6106151342391968
0.5643385648727417
0.41409578919410706
0.5241268873214722
0.46058768033981323
0.614879310131073
0.639061689376831
0.4990077614784241
0.4515516459941864
0.40207380056381226
0.6316001415252686
0.4774167537689209
0.5960425734519958
0.5851815938949585
0.4774280786514282
0.5064062476158142
0.5858707427978516
0.559482216835022
0.5447282791137695
0.444103479385376
0.5859344601631165
0.4480041265487671
0.4661133289337158
0.4169929027557373
0.5798952579498291
0.47783362865448
0.53318852186203
0.5610858798027039
0.5143852829933167
0.41704386472702026
0.49353939294815063
0.6045083999633789
0.6234644651412964
0.47510284185409546
0.5910212993621826
0.4999287724494934
0.6011379361152649
0.33954936265945435
0.5143534541130066
0.46255528926849365
0.5901057124137878
0.45941728353500366
0.5778130292892456
0.5598467588424683
0.45180124044418335
0.48444539308547974
0.49786925315856934
0.5535140037536621
0.6703909635543823
0.40554141998291016
0.5162399411201477
0.5417171716690063
0.42093417048454285
0.4742061495780945
0.5790632963180542
0.48938506841659546
0.5330849885940552
0.4547225832939148
0.587471604347229
0.5737772583961487
0.49620509147644043
0.6267481446266174
0.34387320280075073
0.36112335324287415
0.6041029691696167
0.42968785762786865
0.5827260613441467
0.3751087784767151
0.5080372095108032
0.4816763997077942
0.5188490152359009
0.5482431054115295
0.47155046463012695
0.6834518909454346
0.6124757528305054
0.583460807800293
0.6002539396286011
0.6335111856460571
0.5145570635795593
0.3844057023525238
0.48212915658950806
0.5498554706573486
0.37687379121780396
0.5343765020370483
0.4828142523765564
0.4357587695121765
0.5337147116661072
0.4746767580509186
0.5489609241485596
0.4088677167892456
0.5117324590682983
0.46994173526763916
0.4311649799346924
0.42388296127319336
0.5011471509933472
0.572299063205719
0.5937666296958923
0.5686695575714111
0.5502102375030518
0.4646728038787842
0.5076421499252319
0.48359882831573486
0.6277227401733398
0.5525109171867371
0.5798089504241943
0.44737106561660767
0.5308576822280884
0.45422399044036865
0.4451692998409271
0.39172616600990295
0.4596039652824402
0.4552532136440277
0.49494239687919617
0.4849143624305725
0.5313318371772766
0.46388864517211914
0.4859717786312103
0.618291974067688
0.49829772114753723
0.5575160980224609
0.5214629769325256
0.4495178759098053
0.44583702087402344
0.47446173429489136
0.4705585837364197
0.5124670267105103
0.5118467807769775
0.49584612250328064
0.3973822593688965
0.4554976224899292
0.5079210996627808
0.5420200228691101
0.6383785009384155
0.6311441659927368
0.43708744645118713
0.5024104118347168
0.4410676956176758
0.5368771553039551
0.5108892917633057
0.4511831998825073
0.4109485149383545
0.5459423065185547
0.5834680795669556
0.41678377985954285
0.5607652068138123
0.594310462474823
0.38890278339385986
0.49129560589790344
0.4408717453479767
0.5134180784225464
0.5265757441520691
0.6030407547950745
0.35909560322761536
0.6220537424087524
0.6757153868675232
0.5462243556976318
0.6881799101829529
0.44762325286865234
0.4676133990287781
0.6419340372085571
0.4527169466018677
0.4369528591632843
0.5180014371871948
0.445090651512146
0.42521870136260986
0.4543730318546295
0.4430844783782959
0.5801259279251099
0.5034085512161255
0.5980474948883057
0.49897244572639465
0.43239301443099976
0.5093014240264893
0.5927144289016724
0.4855979084968567
0.5445488691329956
0.5617174506187439
0.49726760387420654
0.5448163151741028
0.43806707859039307
0.5228548645973206
0.5414636135101318
0.5598036050796509
0.46139493584632874
0.4536120295524597
0.5811857581138611
0.7141955494880676
0.6132369637489319
0.2732642889022827
0.46233922243118286
0.432650089263916
0.37631112337112427
0.5244051814079285
0.5931366682052612
0.3849228322505951
0.5778405070304871
0.47974154353141785
0.5101001262664795
0.5279650688171387
0.6225247383117676
0.4342617392539978
0.6047130227088928
0.34547436237335205
0.5795125365257263
0.60090172290802
0.4922942519187927
0.41748473048210144
0.476889967918396
0.44378992915153503
0.5596482753753662
0.5607972741127014
0.5230374336242676
0.4863198399543762
0.5384719371795654
0.5707895755767822
0.44823095202445984
0.5028467178344727
0.33265426754951477
0.6384547352790833
0.6375606060028076
0.5592750310897827
0.5811424851417542
0.5749104022979736
0.5007783770561218
0.5874667167663574
0.5987452864646912
0.5526515245437622
0.45354562997817993
0.6252714395523071
0.3792109191417694
0.5791661739349365
0.6551752686500549
0.5724508166313171
0.5254238843917847
0.5072746872901917
0.5810602903366089
0.5218052864074707
0.3743409216403961
0.48482751846313477
0.5015727281570435
0.4333939552307129
0.5247557163238525
0.4611632823944092
0.48150917887687683
0.4573160707950592
0.6587428450584412
0.5810224413871765
0.4412769675254822
0.6022485494613647
0.41935598850250244
0.529704213142395
0.4932628571987152
0.36586976051330566
0.5076762437820435
0.5391713976860046
0.595167338848114
0.40190935134887695
0.5727016925811768
0.6678009033203125
0.567012369632721
0.5838887691497803
0.30468517541885376
0.5996729731559753
0.6710932850837708
0.3119969367980957
0.4708239436149597
0.6802968978881836
0.5339968204498291
0.46208903193473816
0.5340275764465332
0.7113223671913147
0.6071000099182129
0.39818698167800903
0.5819369554519653
0.4952903389930725
0.4317534267902374
0.4631098210811615
0.46772855520248413
0.5067167282104492
0.38443323969841003
0.47299396991729736
0.5102890133857727
0.4942282736301422
0.5776033401489258
0.48009535670280457
0.5504666566848755
0.513932466506958
0.6694319844245911
0.580501139163971
0.5386996269226074
0.49034830927848816
0.4761301279067993
0.42779478430747986
0.5272499322891235
0.46592384576797485
0.496543288230896
0.7062154412269592
0.5073317289352417
0.5235257148742676
0.6214615702629089
0.4673381447792053
0.46571093797683716
0.3869982063770294
0.5640934705734253
0.36364197731018066
0.3223564326763153
0.4729050397872925
0.48083391785621643
0.4970942735671997
0.5305437445640564
0.42876046895980835
0.442630797624588
0.5295752286911011
0.3502146303653717
0.4737839102745056
0.6365476846694946
0.5693586468696594
0.5986730456352234
0.49980080127716064
0.5243498682975769
0.5758083462715149
0.556656539440155
0.4302179515361786
0.725307822227478
0.5291963815689087
0.5534173250198364
0.5423709154129028
0.6010849475860596
0.36556413769721985
0.4814808666706085
0.6611568927764893
0.5262647271156311
0.4738788604736328
0.5511555671691895
0.4808807969093323
0.4380720257759094
0.5785802602767944
0.4519651234149933
0.4709049463272095
0.45071399211883545
0.6451004147529602
0.6948513984680176
0.6556674242019653
0.6273453235626221
0.6015539169311523
0.4639500379562378
0.4733443856239319
0.4092083275318146
0.5457292199134827
0.5641541481018066
0.3559740483760834
0.48161348700523376
0.4883754849433899
0.5141623020172119
0.46248573064804077
0.5586710572242737
0.4980156421661377
0.5517615675926208
0.6065288782119751
0.5451729893684387
0.5428716540336609
0.5802237391471863
0.5566700100898743
0.6069548726081848
0.5412390232086182
0.35132116079330444
0.5349811315536499
0.4480026960372925
0.42230337858200073
0.4544869363307953
0.5948923826217651
0.5385206341743469
0.450557678937912
0.5759167671203613
0.46930932998657227
0.6297974586486816
0.5435781478881836
0.5043261647224426
0.3744949698448181
0.36769312620162964
0.42993229627609253
0.663184642791748
0.49695611000061035
