4.067145278885395
1.568201724066995
1.0791812460476249
1.6532125137753437
0.6020599913279624
2.505149978319906
1.6434526764861874
1.7075701760979363
2.041392685158225
0.6020599913279624
3.2730012720637376
4.717695461738047
2.9258275746247424
4.108767917678082
2.0681858617461617
1.4313637641589874
1.1139433523068367
0.7781512503836436
4.468435952896273
0.9542425094393249
1.7853298350107671
3.1082266563749283
1.4913616938342726
3.436162647040756
3.3251049829714074
3.256717745977487
3.8661100398443766
1.9294189257142926
0.6020599913279624
1.724275869600789
2.6020599913279625
1.4771212547196624
2.7641761323903307
3.482873583608754
0.9030899869919435
2.8692317197309762
1.6334684555795864
1.2787536009528289
3.732232880220498
0.9542425094393249
2.374748346010104
2.816241299991783
2.5877109650189114
0.9542425094393249
1.9867717342662448
4.171960354012677
1.8976270912904414
1.3979400086720377
4.548499974083596
1.9395192526186185
2.2095150145426308
4.078202982503686
0.6020599913279624
2.4608978427565478
4.416307587059882
1.9084850188786497
4.219243872245316
2.2695129442179165
1.0791812460476249
1.6532125137753437
4.220212724706482
3.7374312005145827
3.2005769267548483
4.157003196832525
1.3424226808222062
3.8194123112093252
1.6334684555795864
4.958630766110619
1.8129133566428555
1.4313637641589874
0.6020599913279624
1.0791812460476249
1.568201724066995
1.5314789170422551
0.6020599913279624
0.8450980400142568
0.6989700043360189
1.3617278360175928
2.656098202012832
1.6901960800285136
1.6232492903979006
0.47712125471966244
1.4471580313422192
1.3424226808222062
1.0
2.1072099696478683
2.012837224705172
1.5797835966168101
1.0
0.9542425094393249
0.6989700043360189
1.0
1.6812412373755872
1.462397997898956
1.8325089127062364
0.47712125471966244
1.380211241711606
0.6989700043360189
0.6020599913279624
1.1139433523068367
0.47712125471966244
0.7781512503836436
0.9030899869919435
1.5440680443502757
0.9542425094393249
0.47712125471966244
1.6901960800285136
1.1139433523068367
1.6127838567197355
4.152196582334209
1.7403626894942439
2.678518379040114
3.2605483726369795
1.662757831681574
1.414973347970818
1.6720978579357175
1.4913616938342726
2.459392487759231
2.9618954736678504
0.9542425094393249
2.832508912706236
1.380211241711606
4.106938450738178
1.6127838567197355
3.920801381825654
4.312811826212088
1.505149978319906
2.655138434811382
1.8808135922807914
0.8450980400142568
2.2121876044039577
1.8864907251724818
2.1903316981702914
2.3729120029701067
3.62490060220449
2.292256071356476
0.8450980400142568
1.255272505103306
2.0170333392987803
2.7715874808812555
1.6901960800285136
3.4158077276355434
3.4933186082321015
1.6127838567197355
1.3222192947339193
3.86123561863404
1.1139433523068367
2.4409090820652177
1.2787536009528289
3.6516656039229356
2.214843848047698
1.9242792860618816
3.5857990090130007
3.6423655808449733
1.1139433523068367
0.9030899869919435
1.4771212547196624
1.7781512503836436
1.146128035678238
0.6020599913279624
0.9542425094393249
2.361727836017593
3.3336487565147013
0.47712125471966244
2.4756711883244296
1.2041199826559248
1.6127838567197355
1.3222192947339193
1.5797835966168101
1.8864907251724818
1.0413926851582251
3.3911116137028023
1.2787536009528289
1.3010299956639813
1.8750612633917
2.4899584794248346
3.2281436075977417
2.4608978427565478
2.6580113966571126
1.7708520116421442
4.343211590179747
2.725094521081469
2.525044807036845
2.230448921378274
1.845098040014257
1.3222192947339193
1.1760912590556813
1.3010299956639813
1.4471580313422192
1.7403626894942439
1.0
2.24551266781415
0.7781512503836436
1.6532125137753437
1.3010299956639813
2.3180633349627615
1.1760912590556813
1.0
3.3412366232386925
2.4955443375464483
3.93896979722289
0.8450980400142568
1.9294189257142926
2.667452952889954
1.462397997898956
1.5314789170422551
1.1139433523068367
1.6020599913279623
2.413299764081252
2.3654879848909
2.4183012913197452
0.9030899869919435
1.3010299956639813
2.5550944485783194
1.0
2.8169038393756605
1.7708520116421442
3.614580866997486
1.1760912590556813
1.5563025007672873
3.4051755462179893
1.1139433523068367
1.3010299956639813
0.9030899869919435
1.4313637641589874
1.255272505103306
3.0224283711854865
1.7481880270062005
0.6989700043360189
3.5575072019056577
1.8325089127062364
2.3636119798921444
1.7853298350107671
1.568201724066995
1.6720978579357175
2.164352855784437
2.6424645202421213
3.596707029681446
1.6334684555795864
1.7781512503836436
2.7489628612561616
3.589502796263764
1.2304489213782739
1.1139433523068367
1.505149978319906
1.1760912590556813
2.0253058652647704
0.6989700043360189
2.2068258760318495
0.9030899869919435
3.0153597554092144
0.7781512503836436
1.3979400086720377
0.6020599913279624
1.954242509439325
1.1760912590556813
1.9637878273455553
1.2041199826559248
3.4542348957482654
2.505149978319906
0.8450980400142568
1.5563025007672873
2.9552065375419416
1.505149978319906
1.568201724066995
1.462397997898956
0.6020599913279624
1.0413926851582251
1.8195439355418688
1.1139433523068367
1.6989700043360187
1.380211241711606
0.9030899869919435
1.2787536009528289
1.6720978579357175
1.7558748556724915
2.5024271199844326
3.5768018958289125
1.2041199826559248
2.413299764081252
1.6127838567197355
2.622214022966295
3.912806392661292
1.0791812460476249
1.2304489213782739
1.806179973983887
4.149650113098115
3.3991543339582164
0.9542425094393249
3.0958664534785427
3.549371152333177
2.6830470382388496
1.3617278360175928
1.0791812460476249
2.776701183988411
1.380211241711606
1.4471580313422192
1.4913616938342726
2.123851640967086
0.7781512503836436
1.3010299956639813
1.1139433523068367
0.9542425094393249
3.379124146070392
1.6232492903979006
1.0
0.8450980400142568
3.0930713063760633
2.3180633349627615
1.806179973983887
2.824776462475546
1.0413926851582251
2.093421685162235
1.2304489213782739
1.4313637641589874
3.835056101720116
1.5185139398778875
0.6989700043360189
1.9395192526186185
1.380211241711606
2.775974331129369
1.146128035678238
2.1818435879447726
1.255272505103306
0.9542425094393249
2.9180303367848803
0.8450980400142568
2.278753600952829
3.7321524180652137
2.1760912590556813
2.2013971243204513
0.7781512503836436
1.5440680443502757
2.173186268412274
3.004751155591001
2.1492191126553797
1.7708520116421442
2.7589118923979736
1.1760912590556813
1.4471580313422192
2.307496037913213
1.146128035678238
1.146128035678238
0.6989700043360189
2.537819095073274
1.0
1.9493900066449128
2.0253058652647704
3.514547752660286
1.8808135922807914
1.1760912590556813
3.314709692955174
1.0791812460476249
0.6989700043360189
2.4533183400470375
1.5797835966168101
0.6989700043360189
0.8450980400142568
1.968482948553935
3.5179872030250783
1.3617278360175928
2.167317334748176
1.9822712330395684
2.615950051656401
1.6334684555795864
1.6812412373755872
1.7323937598229686
2.0755469613925306
0.8450980400142568
1.0
2.682145076373832
2.8662873390841948
1.4913616938342726
2.828015064223977
3.6068111469189637
2.130333768495006
1.2041199826559248
3.0149403497929366
3.41161970596323
0.47712125471966244
0.9542425094393249
0.6020599913279624
1.9493900066449128
3.571009672309305
1.0413926851582251
0.9030899869919435
1.5563025007672873
3.225050696138049
2.0
1.4471580313422192
2.45484486000851
2.1072099696478683
0.47712125471966244
3.6825962914605532
2.0791812460476247
1.5440680443502757
1.6232492903979006
2.7649229846498886
2.847572659142112
3.8303319934519617
2.247973266361807
4.198629599092019
1.414973347970818
1.146128035678238
0.9542425094393249
1.0
1.0413926851582251
0.9542425094393249
3.4127964287165433
1.0
0.9030899869919435
1.1760912590556813
1.5440680443502757
2.184691430817599
1.255272505103306
0.7781512503836436
1.2304489213782739
1.7853298350107671
2.2013971243204513
1.3010299956639813
1.845098040014257
1.0413926851582251
4.319189369204891
0.8450980400142568
4.342185728293693
1.2041199826559248
1.0
1.8692317197309762
1.5185139398778875
2.428134794028789
1.3979400086720377
3.524915147539867
3.66162340922923
2.670245853074124
0.7781512503836436
1.845098040014257
2.3180633349627615
2.161368002234975
2.1271047983648077
3.4820155764507117
1.792391689498254
2.164352855784437
4.4577608221634
1.380211241711606
2.1583624920952498
1.7403626894942439
2.1367205671564067
0.9030899869919435
1.4771212547196624
1.380211241711606
0.6020599913279624
2.9360107957152097
1.462397997898956
2.4183012913197452
0.9030899869919435
3.817300878393321
0.9542425094393249
1.1760912590556813
1.5797835966168101
1.6720978579357175
2.012837224705172
3.2258259914618934
2.1367205671564067
0.6989700043360189
1.4471580313422192
1.8864907251724818
2.8561244442423
2.093421685162235
2.4653828514484184
2.9708116108725178
1.6232492903979006
2.6893088591236203
1.2304489213782739
2.534026106056135
1.3010299956639813
2.595496221825574
0.9030899869919435
2.8000293592441343
1.8260748027008264
1.1760912590556813
0.8450980400142568
0.9030899869919435
0.6020599913279624
0.9030899869919435
1.0413926851582251
2.110589710299249
0.47712125471966244
2.4913616938342726
2.6085260335771943
1.3979400086720377
2.45178643552429
1.505149978319906
1.5563025007672873
1.1760912590556813
2.912753303671323
2.161368002234975
1.3424226808222062
1.5185139398778875
0.8450980400142568
2.5658478186735176
2.4712917110589387
1.8750612633917
2.292256071356476
0.6989700043360189
1.3979400086720377
1.5440680443502757
1.1139433523068367
1.9822712330395684
2.629409599102719
1.9493900066449128
1.146128035678238
0.9030899869919435
2.060697840353612
0.6020599913279624
1.568201724066995
1.7403626894942439
2.862131379313037
1.8976270912904414
0.6989700043360189
0.47712125471966244
1.2041199826559248
1.380211241711606
1.9444826721501687
3.0318122713303706
2.380211241711606
1.5440680443502757
0.6020599913279624
1.8388490907372552
1.792391689498254
0.6989700043360189
1.2041199826559248
1.2041199826559248
1.1139433523068367
2.7481880270062002
1.8195439355418688
1.2041199826559248
2.1522883443830563
1.0
1.255272505103306
2.303196057420489
1.0
2.869818207979328
2.214843848047698
0.7781512503836436
2.784617292632875
2.893206753059848
0.6020599913279624
0.6989700043360189
1.1139433523068367
1.4771212547196624
2.2833012287035497
1.5185139398778875
1.6127838567197355
1.8195439355418688
2.0253058652647704
0.47712125471966244
0.9030899869919435
3.6644539285811577
2.8543060418010806
0.47712125471966244
2.419955748489758
3.5440680443502757
2.161368002234975
1.591064607026499
2.3404441148401185
1.662757831681574
2.4471580313422194
1.5563025007672873
3.400192488592576
1.919078092376074
3.0565237240791006
1.6434526764861874
1.8388490907372552
2.225309281725863
0.8450980400142568
0.6989700043360189
2.5634810853944106
1.5440680443502757
2.8549130223078554
3.0425755124401905
3.1405080430381798
1.5185139398778875
0.47712125471966244
1.146128035678238
1.3010299956639813
1.2304489213782739
2.9943171526696366
2.8273692730538253
1.4471580313422192
0.9030899869919435
2.0530784434834195
2.0681858617461617
2.0827853703164503
1.7075701760979363
1.505149978319906
1.6020599913279623
0.6989700043360189
3.0034605321095067
1.1139433523068367
1.3979400086720377
2.7331972651065692
0.9542425094393249
2.296665190261531
1.7323937598229686
0.7781512503836436
1.414973347970818
2.550228353055094
0.9030899869919435
1.8976270912904414
2.8115750058705933
2.406540180433955
2.110589710299249
1.0413926851582251
3.307709923404807
2.9965116721541785
2.6503075231319366
2.357934847000454
2.0718820073061255
0.9542425094393249
1.9637878273455553
1.3979400086720377
1.591064607026499
3.028977705208778
2.8175653695597807
3.397070549959409
2.012837224705172
1.146128035678238
2.73559889969818
0.6989700043360189
2.383815365980431
2.571708831808688
1.7781512503836436
1.0
2.1492191126553797
1.255272505103306
0.9542425094393249
0.8450980400142568
1.146128035678238
1.6127838567197355
1.6812412373755872
0.9542425094393249
2.307496037913213
2.503790683057181
1.792391689498254
2.307496037913213
1.0413926851582251
1.8129133566428555
2.3944516808262164
1.5563025007672873
1.3617278360175928
1.4771212547196624
2.0
0.7781512503836436
1.5185139398778875
0.9030899869919435
0.8450980400142568
1.380211241711606
1.9242792860618816
0.8450980400142568
2.9014583213961123
2.294466226161593
2.4771212547196626
1.9590413923210936
1.1139433523068367
0.9030899869919435
0.8450980400142568
2.303196057420489
2.100370545117563
1.146128035678238
1.255272505103306
1.1139433523068367
2.298853076409707
1.4913616938342726
1.255272505103306
1.7993405494535817
1.3979400086720377
0.9542425094393249
3.6105537053170944
2.143014800254095
0.47712125471966244
2.5237464668115646
2.4913616938342726
3.3201462861110542
1.0413926851582251
2.89707700320942
2.436162647040756
0.6020599913279624
0.8450980400142568
0.9542425094393249
3.3014640731433
1.591064607026499
2.9222062774390163
1.9444826721501687
1.1760912590556813
2.900913067737669
0.8450980400142568
3.52022143588196
0.7781512503836436
3.2935835134961167
2.413299764081252
1.7075701760979363
0.47712125471966244
1.255272505103306
1.4313637641589874
2.0681858617461617
2.404833716619938
2.392696953259666
3.4371160930480786
0.6020599913279624
0.6020599913279624
1.255272505103306
1.6334684555795864
3.1652443261253107
3.1917303933628562
1.2787536009528289
1.5185139398778875
1.9344984512435677
1.9138138523837167
2.905256048748451
2.305351369446624
3.0784568180532927
3.5039268041935103
1.255272505103306
1.5314789170422551
1.6720978579357175
1.2304489213782739
2.909020854211156
1.0413926851582251
0.8450980400142568
0.6989700043360189
1.0413926851582251
2.2013971243204513
1.5440680443502757
1.3617278360175928
1.3010299956639813
2.845098040014257
0.6989700043360189
2.0791812460476247
3.307709923404807
2.3404441148401185
3.1245042248342823
1.4913616938342726
3.342422680822206
2.03342375548695
3.3995006613146104
3.3942765267678214
1.591064607026499
1.3010299956639813
1.2787536009528289
0.8450980400142568
2.184691430817599
3.668292710448221
2.413299764081252
1.3010299956639813
1.3010299956639813
1.4771212547196624
1.9731278535996986
2.656098202012832
2.73559889969818
2.7551122663950713
3.0751818546186915
3.348694190265541
2.0718820073061255
2.496929648073215
2.0
2.1958996524092336
3.127428777851599
2.8363241157067516
1.9912260756924949
3.161368002234975
2.8208579894397
0.7781512503836436
2.429752280002408
2.0211892990699383
0.9542425094393249
3.083860800866573
1.8129133566428555
2.7965743332104296
3.4778444763387584
3.0318122713303706
1.6127838567197355
1.146128035678238
1.8388490907372552
2.806179973983887
2.7701152947871015
1.3010299956639813
2.6242820958356683
0.9030899869919435
3.0086001717619175
2.733999286538387
2.250420002308894
2.376576957056512
2.2095150145426308
1.3222192947339193
2.8055008581584002
2.250420002308894
3.0043213737826426
2.751279103983342
1.9242792860618816
0.6020599913279624
2.247973266361807
1.5314789170422551
2.1398790864012365
2.812244696800369
2.5514499979728753
1.7558748556724915
1.8129133566428555
1.568201724066995
1.414973347970818
3.1405080430381798
2.3242824552976926
2.155336037465062
1.3010299956639813
2.060697840353612
1.845098040014257
1.863322860120456
1.5563025007672873
2.8573324964312685
1.2787536009528289
2.1583624920952498
0.6020599913279624
2.791690649020118
1.9344984512435677
2.462397997898956
3.3679147387937527
3.0569048513364727
1.146128035678238
2.1072099696478683
3.290034611362518
2.8898617212581885
1.8260748027008264
2.937517892017347
2.2068258760318495
2.4771212547196626
1.6127838567197355
2.8898617212581885
2.4216039268698313
3.0802656273398448
2.444044795918076
2.450249108319361
1.863322860120456
3.076276255404218
2.2013971243204513
0.9030899869919435
2.546542663478131
1.3222192947339193
0.8450980400142568
2.12057393120585
2.459392487759231
2.910624404889201
2.7715874808812555
1.0791812460476249
2.413299764081252
1.6020599913279623
3.1085650237328344
1.5797835966168101
1.3979400086720377
1.7781512503836436
3.4340896384178907
2.2041199826559246
1.724275869600789
2.0293837776852097
2.6570558528571038
3.1360860973840974
1.3979400086720377
1.5314789170422551
3.0068937079479006
2.7810369386211318
2.973589623427257
3.4605971888976015
3.144262773761991
1.9912260756924949
2.103803720955957
1.0413926851582251
1.0413926851582251
1.8864907251724818
1.9242792860618816
2.8407332346118066
2.4800069429571505
1.1139433523068367
2.367355921026019
2.9444826721501687
3.1319392952104246
2.6693168805661123
2.0969100130080562
1.4913616938342726
2.787460474518415
2.187520720836463
1.724275869600789
1.414973347970818
3.1142772965615864
1.7634279935629373
1.4471580313422192
1.5185139398778875
3.311753861055754
2.4082399653118496
2.9854264740830017
2.900913067737669
2.0530784434834195
2.693726948923647
2.220108088040055
3.2278867046136734
3.092018470752797
3.441695135640717
1.0791812460476249
3.2835273648616936
1.5563025007672873
1.662757831681574
3.438067450453494
0.8450980400142568
1.7403626894942439
2.7075701760979363
1.4471580313422192
1.1139433523068367
1.0791812460476249
1.255272505103306
3.0253058652647704
0.9030899869919435
2.2095150145426308
0.6020599913279624
1.6532125137753437
2.164352855784437
2.617000341120899
1.1139433523068367
2.2576785748691846
2.4265112613645754
2.3710678622717363
1.2041199826559248
2.1583624920952498
3.3402457615679317
2.733999286538387
0.8450980400142568
2.2278867046136734
2.9556877503135057
3.031408464251624
2.0253058652647704
2.459392487759231
0.9030899869919435
1.6720978579357175
2.3783979009481375
3.16790781000148
1.5185139398778875
3.592953571547866
2.456366033129043
1.7160033436347992
3.019116290447073
3.296884475538547
1.146128035678238
2.4216039268698313
3.4404367661057735
2.9849771264154934
2.4727564493172123
2.0170333392987803
1.6232492903979006
2.870403905279027
3.5733358400660675
2.814913181275074
0.9542425094393249
3.419955748489758
2.3820170425748683
1.8512583487190752
3.076276255404218
3.1815577738627865
3.062581984228163
3.2005769267548483
3.361538971269279
2.919601023784111
