0
0.6960798975
0.8322963893
0.7226575455
0.9705373069
0.5217561055
0.7249590822
0.7098390781
0.6311180151
0.9705373069
0.3406836242
0
0.422553126
0.1435955402
0.6247997254
0.7749732789
0.8498264465
0.924578737
0
0.8804601263
0.672236173
0.3407922951
0.7007247579
0.1268659828
0.1596361308
0.1798153764
0
0.5714657784
0.9631339185
0.6319980106
0.3729873802
0.7049267308
0.3251512405
0.113082834
0.8743080136
0.2941521449
0.6587928511
0.7634597229
0.03950357116
0.8592142716
0.533910446
0.4254722524
0.4816031974
0.8828108885
0.629204114
0.09248454787
0.6510995575
0.773831221
0
0.6408101288
0.5602153304
0.08583107678
0.9682831108
0.4963994032
0
0.6366346643
0
0.5211467035
0.8391543471
0.6857968157
0
0
0.1646635696
0
0.8069174184
0.254204181
0.7419737261
0
0.7019325523
0.5620685613
0.9426617446
0.7236960253
0.4992693839
0.5161226173
0.9426617446
0.8311240577
0.8981867386
0.5940266452
0
0.443282396
0.474006351
1
0.554820083
0.6028863788
0.7600347512
0.2519018079
0.2952123831
0.4939541039
0.7600347512
0.7810342806
0.8981867386
0.7600347512
0.4473920506
0.5478259904
0.3779706299
1
0.5855440379
0.8981867386
0.9426617446
0.7077426182
1
0.8618480126
0.8045097573
0.5103450769
0.7810342806
1
0.443282396
0.7077426182
0.4788092626
-0.06719416205
0.6331710879
0.3607428556
0.1917289019
0.655706531
0.7276599281
0.6529943087
0.7054777443
0.4243741695
0.2784538264
0.861450182
0.3160260039
0.7377543925
-0.05405178822
0.6702183246
0
-0.1138347436
0.7014738054
0.3675320879
0.5923859692
0.893144319
0.4961592582
0.5907374035
0.5025059296
0.4494869795
0.08592574476
0.4729084149
0.893144319
0.7740349795
0.5449586158
0.3219891589
0.6415384662
0.1316231791
0.1087188466
0.6644136457
0.7502749762
0
0.8118201606
0.4197040596
0.7631190143
0.06192758051
0.4865059491
0.5723672797
0.08139104652
0.0646757214
0.8118201606
0.874126969
0.7045017123
0.615547864
0.8023096418
0.9630808173
0.8590114862
0.4431019822
0.1559010144
1
0.4094319167
0.7851731207
0.6644136457
0.7502749762
0.674165166
0.5835337347
0.8332587585
0.1389208385
0.7631190143
0.7565363778
0.5869111211
0.4052100466
0.1870776052
0.413797415
0.4358926066
0.6653645816
0
0.3878950029
0.4423669272
0.5225830118
0.6275109501
0.7698866169
0.809676103
0.7756562922
0.7358668062
0.6560295416
0.8576243331
0.5184812751
0.9180319591
0.6797598319
0.7756562922
0.4987263133
0.809676103
0.8576243331
0.2201244758
0.4503996672
0.0573665515
0.899802888
0.6045510527
0.4035903372
0.7317170862
0.7129069088
0.8265984769
0.6936882513
0.4727942015
0.4858129635
0.4714323259
0.8840121484
0.7756562922
0.4341846521
0.8576243331
0.3628960657
0.647727545
0.145695042
0.809676103
0.7061476471
0.2027144226
0.8265984769
0.7756562922
0.8840121484
0.7401674578
0.788115688
0.3069333926
0.6538987653
0.939592374
0.1612357408
0.6309388679
0.4863237845
0.6437853504
0.7029075845
0.6746175049
0.5405804376
0.4103944859
0.1505619438
0.6851359797
0.6457400212
0.3813958463
0.1525235984
0.7948749497
0.8265984769
0.7200760666
0.809676103
0.5784418121
0.939592374
0.5290153766
0.8840121484
0.3088581197
0.9180319591
0.749268477
0.9659801893
0.597791791
0.809676103
0.5951926779
0.8020441075
0.1893559572
0.4477841286
0.899802888
0.7061476471
0.325237356
0.7200760666
0.7029075845
0.7317170862
0.9659801893
0.8463534387
0.6344691267
0.8265984769
0.6673004361
0.7540958773
0.8840121484
0.7817219749
0.6746175049
0.6518057038
0.448525541
0.1559819512
0.8020441075
0.4727942015
0.6907682293
0.4159085331
0.06449063563
0.8360639182
0.7948749497
0.6381080257
0
0.2043539501
0.8700837289
0.2869367949
0.1634511215
0.3993441934
0.7591287597
0.8360639182
0.3738429246
0.7540958773
0.7358668062
0.7238305053
0.5516085919
0.9180319591
0.7756562922
0.8265984769
0.8700837289
0.2098080088
0.687918576
0.8576243331
0.899802888
0.2876978909
0.4987263133
0.6381080257
0.3607524139
0.8463534387
0.5598944235
0.7948749497
0.7401674578
0.08566141302
0.7164371676
0.939592374
0.6018008151
0.7540958773
0.3740408408
0.8178348471
0.5358178522
0.788115688
0.8700837289
0.3353601357
0.899802888
0.509430037
0.1136812565
0.537384165
0.5304935819
0.9180319591
0.709478991
0.5381751705
0.3117467559
0.5447012338
0.647727545
0.3786868053
0.809676103
0.7358668062
0.5016037031
0.8178348471
0.8178348471
0.939592374
0.4388885915
0.8576243331
0.5991130884
0.5784418121
0.1729332525
0.6177858931
0.809676103
0.2273475451
0.8360639182
0.939592374
0.4618974659
0.699753934
0.939592374
0.899802888
0.5939142342
0.1719967179
0.7591287597
0.5397732339
0.5901597955
0.417614162
0.6851359797
0.6721278364
0.6581994169
0.5647615667
0.899802888
0.8576243331
0.3995897904
0.3494493368
0.7238305053
0.3598705687
0.1478106741
0.5498435608
0.8020441075
0.3089723205
0.2009597298
1
0.8700837289
0.9659801893
0.5991130884
0.157559127
0.8463534387
0.8840121484
0.7061476471
0.2517609671
0.5853323952
0.7358668062
0.4614818068
0.5561399848
1
0.1271749902
0.5637719803
0.709478991
0.687918576
0.3770500333
0.3545451933
0.09896460563
0.5241574524
0
0.7573515009
0.826909283
0.8765554215
0.8647166823
0.8540072399
0.8765554215
0.2404589382
0.8647166823
0.889790006
0.8191569613
0.7239511017
0.5582039607
0.798670564
0.9221151425
0.8050931176
0.6615299462
0.5538817318
0.7868318248
0.6460662443
0.8540072399
0.005949799608
0.9047941405
0
0.8119051486
0.8647166823
0.6398221881
0.7305626614
0.4952183715
0.761758501
0.211450698
0.1760804571
0.4325774865
0.9221151425
0.6460662443
0.5236969285
0.5642383823
0.573103229
0.2225500138
0.6597028475
0.5634661174
0
0.7731294251
0.577645449
0.6826536507
0.5031406992
0.8724713099
0.7006149032
0.7296283168
0.9625952042
0.2638451167
0.7050228269
0.4188396268
0.8724713099
0
0.857157007
0.7907387976
0.669879328
0.642241814
0.4412946762
0
0.2863899739
0.9046074008
0.582894519
0.3939861405
-0.02294603004
0.305008032
0.1450686926
-0.07226029003
0.5071771534
0.04878289462
0.6760771279
0.1155528243
0.6457280178
0.08912132935
0.8168379826
0.001174258974
0.4199643436
0.6994503437
0.8417739021
0.8168379826
0.9462776741
0.8168379826
0.7573692956
0.297625964
1
0.1338980671
0.08351864909
0.6040577445
0.1509150066
0.5579585995
0.5359635598
0.6994503437
-0.04729583638
0.2757918394
0.6279296041
0.5522122384
0.8417739021
0.1018698269
0.1425279459
0.3989006873
0.2195113639
0.9046074008
0.6040577445
0.5412242457
0.7261732815
0.3528015424
0.07453893837
0.3669401195
0.7123342105
0.8168379826
0.3190789366
0.9462776741
0.5308470205
0.4568196393
-0.02552894814
0.3891976217
0.9046074008
1
0.6873982911
0.6116809254
0.369050221
-0.09848992424
0.1816915776
0.5412242457
0.9462776741
0.4144715358
0.4344477235
0.9046074008
0.6873982911
0.6873982911
0.7261732815
0
0.4227725469
0.6873982911
0.2796959955
0.7751677093
0.6654032513
0.2148072864
0.7751677093
-0.02883420258
0.2527977953
0.8705603085
0.007801283446
-0.03889102783
0.9462776741
0.9046074008
0.7261732815
0.5700106521
0.2233618509
0.5522122384
0.5116771784
0.4227725469
0.4833993718
1
0.8578620966
0
0.2067773145
1
0.3517119902
-0.0233835341
0.4379979481
0.6282976645
0.3782435547
0.5943866974
0.3260387384
0.6308056973
0
0.5066980165
0.117571122
0.6009911054
0.5341448336
0.3149348089
0.8558003585
0.9130637816
0.1824148924
0.5818938838
0.068211001
-0.005328594102
-0.04370556886
0.5919078109
1
0.7378352607
0.6771335861
0.7047923027
0.01358248523
0.07900461333
0.619870163
0.8330749631
0.3824271783
0.3765070105
0.3707858781
0.5178220463
0.5971447675
0.5591684883
0.9130637816
0.009999454748
0.7504475232
0.6391573069
0.1159079462
0.8130297436
0.2869724568
0.5080943895
0.8820349022
0.6324824255
0.1876082615
0.8330749631
0.4433441441
0.08519393765
0.2439155716
0.3598901477
0.7788780672
-0.1092272326
0.01272251543
0.1483900797
0.26296262
0.3750585962
0.8130297436
0.4174176324
0.6391573069
0.5634772669
0
0.08284648441
-0.1442451219
0.398196568
0.7378352607
0.1149668138
0.9130637816
0.2528207804
0.1791906725
0.4901633298
0.7950986839
0.3447523831
0.6950646459
0.8130297436
0.8558003585
0.7378352607
0.5549661103
0.5281396089
0.8130297436
0.2827281555
0.2058058642
0.4845829065
0.2827281555
0.7788780672
0.4765410485
0.248652711
0.5770995481
0.653347828
0.6081284275
0.4032271114
0.8820349022
0.5919078109
0.8330749631
0.8558003585
0.6461047067
0.4328999066
0.8558003585
0.04997122146
0.2878341683
0.216256855
0.4192776254
0.7504475232
0.8330749631
0.8558003585
0.2844131956
0.363894748
0.7378352607
0.6950646459
0.7504475232
0.2861150864
0.6025480042
0.6950646459
0.4818598458
0.6391573069
0.8130297436
-0.2279031017
0.4140419
1
0.2801240969
0.2915150528
0
0.8015242834
0.1431791733
0.3063726614
0.9557636078
0.869712422
0.8310682217
0
0.6055920177
0.1739563221
0.5042689269
0.7638610732
0.1811499866
0.8756833017
-0.0280761783
0.8983004998
0.04849082089
0.3458844981
0.5843070719
1
0.7371106056
0.6776202117
0.462477236
0.3487446542
0.3528449193
0
0.9443865527
0.9443865527
0.6536248504
0.4852800988
-0.196552766
-0.2083423962
0.6431728103
0.5364493125
0.3512838999
0.3604911472
-0.08082529214
0.186207721
-0.1579214124
-0.347309054
0.6536248504
0.5306782675
0.4680851576
0.6646744664
-0.08250110395
0.7488282631
0.8362040619
0.9012494116
0.7488282631
0.232480431
0.5250745229
0.6062388427
0.6332570136
-0.0540474141
0.9012494116
0.2868818641
-0.2599678701
0.1705870368
-0.1784182983
0.548535476
-0.2754194119
0.3072497008
-0.3008262901
0
0.5041551432
0.6332570136
0.6431728103
0.8362040619
0.2399165652
0
0.1674638654
0.6457280178
0.6457280178
0.5700106521
0.3567330981
0.06306312341
0.02887867026
0.02048813044
-0.1171383831
-0.2347457739
0.314269864
0.1315039061
0.3451783614
0.2609435976
-0.1396040035
-0.01443209969
0.3489510554
-0.1541975085
-0.007781830141
0.8705603085
0.1603894588
0.3360671885
0.7948429428
-0.1208702375
0.4256236252
0.002659883365
-0.2902790212
-0.09848992424
0.5116771784
0.7123342105
0.4144715358
-0.001470439847
0.01403698804
0.6457280178
0.07674371016
0.8168379826
-0.08850896869
0.02956648688
0.2375004279
0.1832542812
0.255089137
0.6366168449
-0.001178427276
0.2375004279
-0.08666913113
0.02213634944
0.3777374618
0.9462776741
0.2385524983
0.5466374364
0.2850318443
-0.004078206056
0.1080607364
0.450149573
0.4256236252
0.5308470205
0.59673359
-0.1452279482
0.20574036
0.27838552
0.6457280178
0.3190789366
0.4117845542
0.4039480757
0.5359635598
0
0.6553066302
0.2770841767
0.9462776741
0.004759815545
0.3733433297
0.1463521479
-0.243010405
-0.1092794664
0.7123342105
0.2990792165
-0.2095227798
-0.03745269979
0.4199643436
-0.05794434557
0.2562454379
0.1400213043
0.5116771784
0
0.2530254209
0
0.244404743
0.2420213514
0.4674895407
0.001532520431
0.3376180408
0.8363637696
0.2050301049
0.6753549097
0.8487872164
0.3246556199
0.1854248338
0
0.05713447464
0.7525953516
0.2043657272
0.5377286705
-0.08133978328
0.5468827144
0.6216077411
0.4653674496
-0.2151076868
0.2903240221
0.487506472
0.3621284103
0.1041989824
-0.0926490243
0.6216077411
0.5667325673
-0.03955996648
0.05325140683
-0.0258743115
-0.2260004405
-0.09600906777
0.3778085634
0.3315470062
0.7681238134
0.7681238134
0.4208474847
0.4053190228
0.02872039441
0.176953731
0.7419015743
0.233904424
0
-0.07597452961
0.1115222884
0.3435137849
0.5889372218
-0.02839145022
0.2386571754
0.4448593817
0.5825378949
-0.1738660293
0.4274317636
0.5682116639
0.5364493125
-0.2617679308
0.1404093588
-0.1165112119
-0.07889211951
0
0
0.2136685213
0
0
0
0.7969151671
0
0.6398971377
0.6043749587
0.01198690753
0.8772129388
0.5042582749
0.1246910007
0.6193224099
0.7500879273
0.7637298378
0.6946252453
0
0.8328344302
0.3949289471
0.9563628
0.5892280422
0.4107026792
0.2526070448
0.7775779237
0.3781069192
0.319138933
0.3385035813
0.7460820421
0.4127949262
0
0
0.8515364482
0.2936378939
0
-0.03055020475
0.3753709601
0.2002347984
0.8281390743
0.5178759152
0.2934123138
0
0.6306808042
-0.1049978572
0.2980812134
0.5606432201
0.09850762753
0
0.7742370738
0.3438151744
0
0
0.2042464573
0.3859646792
0.5429848866
0
0
0
0.7959094437
0
0.2671095847
0.4713139102
0
0
0
0
0
0
