0.5571091892635041
0.5739793773158518
0.5199848527915616
0.5877109650310377
0.6014640413746728
0.5762822816515993
0.470993305053095
0.5767424220169055
0.5800997612859349
0.5298189207532007
0.5662723922333331
0.5988443010842486
0.5743917401638658
0.6036392250996354
0.5089298585460428
0.5840559254637763
0.5782098455332003
0.5687880335460148
0.5717690270162576
0.5759513437745526
0.5659336717999134
0.5885086007258732
0.5772253502959348
0.5793694776794535
0.5863686641242932
0.5769117440964353
0.5798258522091966
0.5940871413129134
0.5653286993192624
0.5632815034175208
0.586876739831216
0.5862119859854243
0.5909359387057262
0.5715094319580561
0.5449333832050609
0.5643764211360194
0.5792070893212639
0.5781990218459524
0.586904270301903
0.5898932755475704
0.5495406199767132
0.5896542377430839
0.5873000882381545
0.5781729019780152
0.562121789558628
0.5855880346541775
0.5712633105502979
0.5824785575698916
0.561767833987818
0.5860036564825318
0.5522061537241748
0.5816493298727403
0.5922590758411317
0.5851052675691354
0.5729558724901623
0.5962766752386051
0.5721223865639611
0.5770482018770776
0.5627994403900463
0.5750119037051045
0.5777738693716378
0.5883688515516444
0.551762411832752
0.5887832479913231
0.5726806177485813
0.593835219426591
0.5631572577363547
0.5762295349911495
0.5829988167480509
0.5898161847088801
0.5885662180604571
0.5714708763937025
0.5560495095471265
0.5731413456136821
0.5817489786143815
0.5706843265865142
0.5519796465525167
0.5869274530182753
0.5881695547085077
0.5690434277602312
0.5823715652814803
0.5808314645656346
0.5912927383351396
0.5792455751045095
0.5918804457849549
0.5927833016900345
0.5715399062827399
0.5680564448790911
0.5914360524234488
0.5679262457838865
0.5409370666380695
0.5652561820731302
0.5809338564970218
0.5580214320212646
0.5629198830405728
0.5790292998633637
0.5715651850708279
0.5678815371866536
0.5868140092880397
0.5799445371151543
0.6030139813757627
0.5891769726890543
0.5869116115190336
0.5994153114643358
0.5913730640939241
0.5988009430593916
0.5873393526108992
0.5742100966815009
0.563571529436402
0.5967198030782561
0.5844524422655337
0.5604577522193299
0.586209081266932
0.5807969399388934
0.5831579579974263
0.5815291237710157
0.5721540352101999
0.5781679398710531
0.5819928926365925
0.5946674302944022
0.5774998364880495
0.5840053833791298
0.5695908428508086
0.5703659697188872
0.5983490709217124
0.5758360946460721
0.5811264114323318
0.5724123559766049
0.5903693787072718
0.5910053398510311
0.5903401052535332
0.5805437759448548
0.5725946241496259
0.5676319646816071
0.5792446482220972
0.5830304037428646
0.5702919937280595
0.5811656014019858
0.5859180054964744
0.564845621651111
0.5807591077740338
0.5817319470065583
0.5859233651772883
0.5831623558785107
0.5737554228201367
0.5874650175117446
0.5786487742827185
0.6055077198960039
0.6012542842311464
0.6048043466564215
0.5639103176039763
0.5710449735797619
0.5812887797668436
0.573176231665056
0.5770444258361673
0.5736109195994441
0.3647812136499894
0.5825743506742397
0.5606132129006625
0.5821684019289634
0.590131683833973
0.5836619353771594
0.5884272319069285
0.5876747036676714
0.5879458391254838
0.5800606087076903
0.5765090916853086
0.5842216187891478
0.5749677704199143
0.5651552855673979
0.586572275159478
0.5709082250795112
0.5822496729490758
0.5913223884445187
0.570746924313131
0.5744862785649162
0.5779811359732845
0.5874140513397791
0.5914651753453198
0.570857618114192
0.5585815003111378
0.5673413059857205
0.5718108080913816
0.5691588812436602
0.5670004713919625
0.5866149471969353
0.5777865637889693
0.6114943801669314
0.5733410032784805
0.5727415912550259
0.5728777605813464
0.5699529394922793
0.5817726388986714
0.5752936466853649
0.5922790412751484
0.6049087906159836
0.5707210205708393
0.5861600425486283
0.5351396059773599
0.5668754828577066
0.5908523435770761
0.579107859044578
0.5889881952285323
0.5774971214442982
0.5717355400288852
0.5538421739616376
0.5704005973539843
0.5553030526818991
0.5592299944406676
0.5824986479518205
0.5834712708075834
0.5805001917515081
0.5807404628862071
0.5561052206417715
0.5729213975634143
0.5873928014933197
0.5759964438888397
0.5721946976007056
0.5634148116578723
0.5928093288437251
0.5806870736433627
0.5736608466147144
0.5536937890722169
0.5819401287653919
0.5760293793756043
0.5867940114438724
0.575975592249171
0.5992528640070924
0.5450454697376637
0.5754470544648786
0.5853500089838027
0.5816920930606092
0.5728104448948207
0.5670546834285981
0.5701043698277087
0.5785737546669704
0.5827434926692934
0.5608614923347538
0.5850159463052893
0.5721933987625518
0.5772198055555876
0.584032020465401
0.5713652145803688
0.60777936448013
0.600293402247211
0.5973761391262543
0.5930859487522568
0.5675715414059485
0.5673705559130279
0.5796135282624705
0.5816063534043192
0.5832108321640164
0.5879413195428165
0.5682760529316734
