0.5901784048791316
0.6052151031232113
0.5959443747083966
0.6013340844582172
0.5890513202594795
0.5809751269894119
0.5872217575517297
0.5869533338450833
0.6038757629646261
0.5924263109815588
0.5491596818200283
0.6004374025097006
0.595967814480136
0.5960585833259754
0.610618749129527
0.5858118548536888
0.5874361931180696
0.5992307155958225
0.5965249227686491
0.5978423226063762
0.5897468998013841
0.5938176574496924
0.5946270132036499
0.598701506036435
0.5982870879152854
0.5953787344768028
0.5812088669513924
0.5822162102872113
0.5893943127210022
0.5828583325796939
0.5826673505167138
0.5782380415454096
0.5748011510522766
nan
0.5953503938164858
0.5933277060703531
0.6033171500484135
nan
0.5687118315947822
0.5857822201038758
0.5953928425036028
0.5945270458062262
0.6184746011215018
0.5867850126602991
0.6016077137906372
0.6001137081407172
0.5918498259094651
0.5952845759253308
0.5894509766155431
0.599211305539053
0.5598301146637471
0.5961317541785255
0.6039974766276542
0.6072177744532051
0.6144294225945365
0.6044778921721715
0.6075117972097569
0.5938960664954014
0.610113261124694
0.6132449294652289
0.5745504401477259
0.5987341947591627
0.5946528332545175
0.6020363745964429
0.591277371776373
0.6092373183254729
0.5765364147988988
0.5863112234408748
0.5765390938600784
0.5814855594157384
0.6042036577962705
0.5963400510295863
0.5916944084880866
0.5926022284234611
0.6018587311652114
0.5953404327463782
0.5997707362793596
0.5815374865468388
0.5979105469138686
0.580257320056484
0.547623316200234
0.5871642467007938
0.6103461761781593
0.5902723217427585
0.6088621187948183
0.582988397351999
0.6227304635294253
0.6001712795391773
0.5621430413806926
0.60088744428375
0.6032225605447867
0.6014916226800912
0.6017488105800576
0.6046998071393022
0.6037510426065248
0.6108783553068143
0.5979634211467357
0.6085429247020742
0.5877791870039129
0.5994748278435466
0.6051979171886553
0.591541284123451
0.5788196485562017
0.6025661227969461
0.5867123162809871
0.5257273116763391
0.5840480572397064
0.6021974442526984
0.5981230266846931
0.6054607731765129
0.5764061634655632
0.5926874863200309
0.6081752051403273
0.5964217532004297
0.571618446585243
0.6039738554654454
0.6040657219538953
0.5962888122819106
0.6060367238105205
0.5826096042368909
0.5784108866088618
0.6233320255821496
0.5795855828305634
0.5964260489229757
0.6007398779249143
0.5956944973081315
0.5895483209810781
0.6062969359926559
0.5968386425748988
0.5799110673749973
0.6097540090366251
0.5926915362150615
0.564834593429213
0.5835349970571875
0.5952417784628673
0.6063117350735371
0.5779936945454924
0.5914871998514626
0.6071111314344801
0.5776001005929202
0.6091388719493264
0.5967076184338285
0.6089957258481961
nan
0.5963702158467716
0.5766350625148186
0.5948142899682921
0.5976839835735865
0.6024829460423243
0.6013391507510807
0.5911303582090527
0.5731907671343389
0.5724861377747185
0.6046195721854634
0.6090372839057632
0.6030074375281557
0.6023727616107377
0.5845988706882869
0.596597794632965
0.6157542042997999
0.5772775241221828
0.6027008668137226
0.5885617507348385
0.5909577342698523
0.602256735306532
0.5983591547999698
0.6167631314362826
0.6042621277421245
0.583150545454723
nan
0.5972312181192242
0.5691426141057573
0.6095119904761438
0.5898265504123223
0.5966949045174902
0.5914803786540569
0.5948726259243035
0.5743356259844197
0.6029816808807832
0.5817719831820263
0.5624874694025659
0.5895063925794913
0.5826657967749849
0.6200057772545439
0.6247890752073563
0.6159705431396739
0.5937977817211081
0.5985801914706447
0.5902760331678226
0.6214085171425233
0.5886846085672622
0.5620794767727344
0.5891864305676817
0.5977367857917835
0.5790768921586231
0.5838358210331647
0.6086042068205749
0.5818180158071327
0.6053151128197981
0.6030571697466508
0.5864679080081725
0.6108061674256934
0.5731880473935768
0.6026489519833956
0.5921847628719279
0.5985989900950536
0.6107243489390165
0.5984400977585186
0.5945771210309007
0.6114034433812789
0.5975754447377043
0.5863647162452156
0.6012878039622097
0.5910951522901418
0.5953447880543538
0.5901563278342923
0.5803675055212579
0.6128205901091442
0.5820907142171409
0.5887415583831399
0.5778537250078829
0.5803920071905311
0.6023338483772605
0.6018511901018839
0.560457851717105
0.5899218240303862
0.599543216496692
0.5887369143528967
0.5596685506206477
0.5974855240849486
0.5666004424102347
0.591249313993175
0.5821481628634803
0.602265472962187
0.5894289196035628
0.5871053725372379
0.5871118584512287
0.5777284850938329
0.5864486260089784
0.565463833309285
0.5948891718949689
0.5857675112981364
0.5952319434061397
0.5507160269073167
0.5663626091888093
0.6063928612534591
0.5750232344880192
0.5616560630000051
0.6006670300016298
0.5714858667180186
0.5944827345346232
0.5595275418030863
0.5997473568579756
0.5587579827543563
