0.273644109620768
0.10586212794582285
0.24596186396126218
0.23843692959337298
0.2679934838711506
0.2975506420849777
0.24970176896116644
0.2372573424098161
0.29520576182714525
0.19815045943801035
0.2588345633084319
0.22824801548078144
0.25026988078200524
0.20413774707867116
0.2869558794250264
0.3014081082058717
0.2713881138261797
0.2678184547934608
0.2712929639637969
0.2341906191051798
0.2992001455281616
0.4035384564294802
0.3325433955053485
0.26561045716832915
0.3461199657464253
0.41522121115435806
0.23119424443512185
0.25642562131437213
0.40562796973036436
0.30408775551261713
0.2601465970927449
0.29967750721378345
0.27575062395623706
0.28826027763536893
0.22054270979241036
0.25234782823416096
0.4011642771462302
0.21799395671938332
0.46117520423213876
0.2923661149821727
0.24539406799523017
0.42342413196102524
0.2950353117994197
0.29549605745609875
0.2935601512404649
0.32721934542153325
0.22926611261991234
0.30932167574225417
0.2842376795548188
0.3196569203480597
0.3027280984865094
0.3022097886285315
0.2523709974546112
0.30236877348019153
0.2778763442067392
0.23681580097389338
0.40244733609927796
0.260176679746251
0.2544151052521533
0.23638766728994515
0.3375735743501779
0.24880803220790532
0.4082068335980165
0.2234869110823732
0.24603007379645137
0.23903117223394144
0.2753567867953552
0.4335634206164682
0.272349974426047
0.4046569526578516
0.26571983880739103
0.3462485653290502
0.23959435726307807
0.2933136294615371
0.26304511551738535
0.43113953887939427
0.447341070811972
0.2983835219028475
0.3342875378403538
0.28407452243987286
0.2784088318671424
0.28768925562212727
0.2558915288577137
0.2586838804358341
0.4165171589339264
0.4453171034975077
0.2898752915289395
0.4250422896573609
0.23893712103078535
0.31970075628236405
0.3384412323413736
0.4606374303326299
0.4627502668759182
0.31062368269037904
0.2716043392975156
0.29313966052732776
0.4362783831021345
0.2618284287171481
0.2725567357305925
0.28578957062478416
0.39784095689951476
0.2900552973687114
0.2788003592953823
0.21752875591100337
0.3279858461554662
0.2970491143515152
0.30017477761688877
0.3032324816574514
0.2589844786434106
0.28869811147887264
0.36243742927975037
0.30930536479295634
0.24458990814406734
0.31448978339752914
0.25202924388023434
0.4104527634751711
0.3147632815300325
0.32440809888102085
0.23900783405999929
0.2641069458814421
0.2671534185634021
0.4644803478005302
0.2914673865731061
0.38287275248289654
0.2846188994942901
0.2952506507159658
0.29487482661805436
0.38339540281328305
0.38637223745835425
0.3097509476748105
0.2939109044600529
0.24119539526860756
0.3171854239611173
0.28487152632544877
0.39803526682813656
0.2606069076363181
0.29843627951809076
0.4678410910000808
0.2527045613718717
0.3743059021876135
0.26208530999059176
0.42411422746397576
0.48212174073124286
0.3449357938811622
0.2465252073119533
0.2526551242968093
0.29584270332638496
0.3256202881747435
0.27959444139679795
0.41460054470787266
0.28187971193011147
0.2709683835056874
0.42330139486316054
0.4075886560105933
0.45882490894782146
0.29142220198413654
0.23971136140849036
0.25308643237976425
0.2504208974277707
0.26361476147218216
0.2795611070469843
0.3138831960031505
0.2665570057166468
0.2915441160003245
0.3024697894738507
0.3345241467648605
0.2646060822146487
0.3194911469242377
0.4380044909828999
0.2775744562357508
0.342754191514631
0.40234054142949316
0.25333198069424856
0.431068821154942
0.4121485367199878
0.4449902889832872
0.3007244723094558
0.2606037685941593
0.295621705502719
0.40746498459275493
0.37893413758781297
0.2759747766703212
0.26609090535501534
0.25181584975272997
0.2336029371927586
0.2367959223112146
0.25106935652355067
0.457167908971854
0.2370913684186759
0.4626237737993801
0.3232857117966255
0.29620480001669514
0.39859256400041226
0.24807515877267203
0.4485636868241974
0.28389643627506317
0.2568657469026311
0.22806984470353145
0.41785829392463364
0.321095015363394
0.34097655625985857
0.44298431746368205
0.27290469311634313
0.2256017691208606
0.23350080043091143
0.2480954524785918
0.23225945278719684
0.31740286480747615
0.3861701829379067
0.29130306981816045
0.29571880381469035
0.29020428552438005
0.4166149668919283
0.2930710552752916
0.2550057530526313
0.2698378208839566
0.25456307072083095
0.22858024789364192
0.2664558373020647
0.39795782761638593
0.3836368537560136
0.2965342202279459
0.24920070910300415
0.31191253392497537
0.30192460665274073
0.42787737798253583
0.3674819929562172
0.23148809515340912
0.23900362884481388
0.28755720436767523
0.33105295462269657
0.3175181930181769
0.25141101655957815
0.40877977052699205
0.2300739177304171
0.40591753551711524
0.2388843887266142
0.4678621123129908
0.2900496316874874
0.3015554388956005
0.43123059804281444
0.42627472372642666
0.25021770375265145
0.425030532902827
0.2514203443342939
0.2861607034047166
0.23248916321061405
0.257765845766532
0.29422220684387906
0.3952581263651738
0.4164047791119827
0.3007125162375204
0.4307961486939026
0.2941631743955628
