0.5462301884758283
0.5278654974073351
0.51657822454787
0.5427125848421677
0.4748519731061709
0.5414468994324443
0.5455010653916716
0.5077686761231394
0.5381370674739968
0.5170899925301469
0.5248934998918096
0.5500846527244728
0.5282538226508338
0.526122223147975
0.5579278742724596
0.466617513475657
0.5540628709329465
0.5497430432018634
0.5372154609539207
0.5448949002539921
0.539345169714312
0.5336166700782337
0.5342207844253456
0.5373826735112393
0.5544989817414979
0.5450005843580291
0.5112846607623649
0.5436995968627293
0.5522312752851575
0.5262930018758686
0.5414767910899948
0.5370268519585046
0.5468723576706431
0.5131899928458645
0.5286876764049632
0.5301012600246848
0.5352683392180494
0.5290007499791156
0.5504953952657535
0.5645345545567687
0.47917672629215136
0.5396154670858537
0.515529357846993
0.5395424929589874
0.5354630603686478
0.5549139554708885
0.5534787069409652
0.5505063035395567
0.5516600609291163
0.545570416344604
0.5456869241469302
0.5579820818249108
0.5368285309196481
0.5379151483508023
0.5547251896530492
0.5472598363980281
0.5611476687475504
0.5340784727925488
0.5422151056287694
0.549749865603731
0.5383293019674882
0.5650787330381812
0.5487736579711168
0.5470378459043139
0.5573847905356913
0.5533626759933141
0.5460048063583539
0.5529448447521166
0.5313625505858345
0.5472865405287237
0.5238592840231143
0.5464693582549092
0.5529343759198125
0.5487194823755334
0.5625689825688599
0.5465444629212683
0.5483986223882023
0.5464745372807994
0.5187720126614459
0.5420767805359821
0.5485881202056431
0.5588329553345378
0.5506672004819684
0.5536841375227359
0.5498203324808157
0.5492083085070004
0.5509448830971426
0.5413759312021775
0.5429692004357003
0.5527337303684219
0.5640300938711387
0.5375047942297532
0.5560190186963474
0.54157918724516
0.5561664386681897
0.5488883437034874
0.5356302162478639
0.5532643089857531
0.5251978610836676
0.5452571020682169
0.5548183351751599
0.5521081563222324
0.5422326050817208
0.5559929497024572
0.5514936658848882
0.5463982552891619
0.5532595755197238
0.5496781551517442
0.5437517597980177
0.5578000780129811
0.54784630694571
0.5579428906621614
0.5690198314899391
0.556260894637066
0.5540256445383029
0.548520736898167
0.560774330864813
0.5654651629449449
0.551553392117224
0.543160858275903
0.5471378305445372
0.5491653186652832
0.5628171498927325
0.5473612106813137
0.5497822849745784
0.5458673139774864
0.5510730211445763
0.5516025701632544
0.5692915549023587
0.5469088092903256
0.5685714555517833
0.5581212973031706
0.5576166568921337
0.5366662847897918
0.5405917896827743
0.5595705507060883
0.5289768371218244
0.540487543370753
0.5213746183524773
0.5691079281539129
0.5537677587313797
0.5527203368747531
0.565934490944817
0.5403487799335585
0.5440126929831515
0.5587366890070465
0.5467606839353755
0.5404491899684299
0.5469694875137419
0.5573016183613546
0.5441536994742759
0.5602584135620571
0.5534102688210112
0.5271826203101778
0.562186729161805
0.5567903024133641
0.5581176909241343
0.5435958654482317
0.5662987867238518
0.5538653353255688
0.5531921688220843
0.562528490747225
0.5609076187371076
0.5635356312296724
0.5562453737512406
0.570658849802819
0.5541019038608965
0.5743907513299885
0.5622427608561569
0.5520091115346322
0.5458658620351792
0.5610583100823887
0.5531695657144204
0.5604443460413274
0.5611400329337821
0.5412245745305277
0.5480704989457109
0.5615628386457276
0.5540410297161172
0.5575572730805154
0.5543450895412189
0.541626436448301
0.5619642151653539
0.5623623103886434
0.5505441778011387
0.5426685721451885
0.5698372228654941
0.5613114603432876
0.5475063431929983
0.5586423132823786
0.5426619634433233
0.5506715964051427
0.5548123610262282
0.5445487989130012
0.5431790650741902
0.5501728984802221
0.5559944386788858
0.5787936399297384
0.564767646643152
0.5691556893154214
0.5460462125372647
0.5649302450988306
0.5527441653014951
0.5807264348166706
0.5405422462065312
0.5613451953434596
0.5709970695979059
0.5568800814935874
0.5619208327913883
0.5577791982329722
0.5689861072014725
0.5791251952074603
0.5554084066785303
0.5378351423429015
0.5496884067668453
0.5538983736290667
0.5611599832180697
0.5458079234116586
0.5680129470314655
0.554245720883453
0.5279320055176718
0.5737138676808077
0.5697125812541164
0.559310106560975
0.5470652857592344
0.5538684609481117
0.5678306553744777
0.5455564204362573
0.5598773679028772
0.5334280530602908
0.5669088242819775
0.5352389384238714
0.5425774583903871
0.5623272341770293
0.5401856583138638
0.5479451517491337
0.5471472669042468
0.5504556667306493
0.5579258060614012
0.561386914422439
0.5708077849784858
0.5649582560317393
0.548694223221206
0.5583978543775668
0.5381160198040617
0.55483917134175
0.4907814535915436
0.566248940273173
0.5576713092049909
0.5413051802221504
0.5619214293379107
0.5536427415444268
0.5694474196657514
0.5614064805659775
