0.3516789825131137
0.33207266781874273
0.34177043282276165
0.33173282985830466
0.35784273562479985
0.35749638613177726
0.34425599088246417
0.40331906187758293
0.33207819533646377
0.3334322618579358
nan
0.364498541419002
0.30442181090709763
0.33022793666804845
0.38221566824270065
0.3518537223945264
0.3207760988875387
0.2973079406904033
0.43303165178026587
0.41631676502581266
0.4322315013045844
0.3571130938091104
0.3564490341958839
0.38448514655998645
0.4044099971962166
0.37036607771672625
0.4161163189106515
0.42810780341277277
0.4210094983048797
0.3564698963076379
0.3713779116892473
0.34152182770811107
0.41661604543236225
0.37647499381864397
0.43267265486080264
0.321568625096013
0.34711664908497186
0.41007632044124753
0.28413341272742104
0.3817578910090698
0.4318454962841266
0.295718753864106
0.39077928986922916
0.3349555674335324
-0.016943884414355476
0.37536654902200045
0.40958577418909764
0.34661804816718794
0.4214053109804629
0.3298420813233811
0.3702005832162549
0.38978604300233777
0.36483685974813773
0.39064878218434435
0.3617510736935102
0.4416657954210478
0.3699770167316684
0.16268643768973726
0.3662478056526443
0.38826831774850973
0.3753967661596187
0.37186944020386664
0.3504843798958858
0.35603009231678107
0.27967897903336664
0.3355029237487782
0.3502395255042966
0.4162370562502328
0.3622889428747002
0.37005595763192206
0.3494520473297581
0.3738998538836015
0.39633236524723087
0.3825553245790066
0.3717557419039308
0.3702967094989915
0.3579028504507953
0.4416413703099503
0.35929317552170625
0.38770247543506553
0.4194841408109759
0.36447157654231765
0.37249614264533076
0.36203384779977327
0.4221710167567176
0.3454253054038699
0.3574077922441394
0.3665586192313675
0.36476041085528704
0.35692680334837396
0.3991299557421687
0.3690690285032281
0.4126571047505122
0.3810707208965258
0.3335273147634967
0.3195299490981331
0.36713616076955785
0.3612787109697433
0.42723533834393
0.3801547252865667
0.36681618753816136
0.4250584321426577
0.3424807018869483
0.3946689303556313
0.35596016689903553
0.3718341329711949
0.3812815502977562
0.4341770738098265
0.3751401356333213
0.34820132712869983
0.3695726263301453
0.3997979755950009
0.3582955382512982
0.3698089698826124
0.38519943855109956
0.4009551170439948
0.4180442993371845
0.38469934024305413
0.39246032686493304
0.41434571329882236
0.33507869436235105
0.3579984923585304
0.375466057699246
0.3678057626462933
0.3913329693670956
0.42677125886232287
0.32819417360878633
0.37360530610658466
0.376849313624054
0.35937128479658265
0.36982632110948643
0.38765683909322607
0.3925003376136615
0.3952282905012651
0.4007931905386151
0.32331805857228485
0.4249961551589741
0.41421580911264994
0.36595510122598685
0.3702721532648937
0.3598449606741811
0.31324854343257896
0.44548433192699644
0.420423219503308
0.3340503453170464
0.3498806091753635
0.40437061457122897
0.40660532964670243
0.39509832663334266
0.36405761433811024
0.4104569352852498
0.3585734876015457
0.34219071630129777
0.38692929145986643
0.4015817142576001
0.3683177347831865
0.3446582816699508
0.34206785211119123
0.3819031505258619
0.42121007018318507
0.4032916351304164
0.4021219305557961
0.3706749760837471
0.3414580749185975
0.4051691488901938
0.3273638492996183
0.38194074322587035
0.35730353607497617
0.3536455567189116
0.37359894873440375
0.39748480478189757
0.34774562567438594
0.38066407931477536
0.44498576726111705
0.38706409737935227
0.3557937649212147
0.4000422957355103
0.3585463058013839
0.4100145291981727
0.4282344018299569
0.3869082784314209
0.36297395848726655
0.3819252960502915
0.3448836017053728
0.37940923565072815
0.3915242922579694
0.36771683527953075
0.3432841987732965
0.39367526237679057
0.36899556288352703
0.4033363028053972
0.40382468764433554
0.33220088207687154
0.399138763167253
0.37608375200902977
0.40181284823094054
0.32946331552209485
0.39833345480495697
0.35164187513846645
0.3991606622254197
0.35621987578252373
0.3750326870208272
0.38330905295982454
0.3986338064817652
0.37927773785627084
0.4494249782669216
0.3518398420539626
0.3709366021073642
0.3912914190068719
0.39116395208018695
0.4186236565847864
0.37576822187506015
0.43165633493899624
0.4165379432986158
0.3683180346648648
0.34855943483047525
0.44587243271296934
0.34771833755532533
0.3432509480029218
0.40665366818818605
0.3493100439772333
0.334103078928888
0.3936275335112647
0.35725804774391917
0.3456047119047666
0.35238041188700825
0.3574475928218013
0.442557636283175
0.2793715939750496
0.4195403409018467
0.35764029417251403
0.35965192824794456
0.40940430106378123
0.3512758857826426
0.38442498172057266
0.38729766431145446
0.3655313887446014
0.369422723944905
0.3210788802417583
0.38606081416658594
0.4007882509051274
0.3469651539699073
0.4201818716443713
0.3797552576384868
0.35540921555422494
0.40022576238100505
0.4479385045990336
0.4038660912878243
0.4159329966514792
0.33828814913183575
0.41865892392090054
0.4389307731123659
0.4034244590564022
0.4034471055915146
