0.5266524666180705
0.5437964493754737
0.4753382058613819
0.557703608124444
0.5648875545505866
0.5466226190744302
0.4414675719618972
0.5435569010282791
0.5545786289889174
0.5085244159117397
0.5427172298182525
0.570940532299208
0.542117941618651
0.5814472730465396
0.4669356511185009
0.5564040374743332
0.5463905826963116
0.5387484061565461
0.5476050176968967
0.545055121527283
0.5388886295792941
0.562657334398309
0.5490581663814458
0.5476642787862724
0.5483136467797125
0.5438932703102283
0.5538516373150274
0.5711500327700996
0.5311396161460062
0.5199459475598557
0.5602827175071303
0.5473596267070878
0.5587244012555201
0.5439308301556072
0.510367352324999
0.529077163303088
0.5451193905960425
0.5468980579405422
0.5564315813609444
0.5590335380087383
0.5132636337353295
0.5614929791915623
0.5615864614733943
0.5464414971533806
0.5337863332503745
0.5471901900712672
0.5454240426752271
0.5510822247157546
0.5257627156142054
0.554474296085087
0.520541062443304
0.5435452157430501
0.5579022579733369
0.5478862992056234
0.5382542855240056
0.5580299614476253
0.5443256258637013
0.5487359863744178
0.5359330870795879
0.5474614556212262
0.5501448979077428
0.552109695152676
0.5336093846454784
0.5570133416327023
0.5563372644158817
0.5674524746583519
0.5319718287265054
0.5457478920087165
0.5461026238817397
0.5666253233967848
0.5611299006862327
0.540288359817082
0.5217738600349635
0.5482618976594126
0.5454457439192238
0.5413408701509225
0.5118004690920127
0.5528308441839513
0.5477836356282543
0.5521939961389709
0.5549216755767116
0.5523959846407864
0.5600481771393195
0.5420169473677432
0.561923665418574
0.5486458427455083
0.550160756509125
0.5355182594539584
0.5670167804519564
0.529831698863589
0.5081738573548696
0.5361634541312452
0.55227078515619
0.526476352676405
0.5362627790556918
0.5573447029352676
0.5417022793297909
0.5420995790275769
0.559626672207845
0.5446870350425695
0.5809130885789283
0.5630972019208578
0.560687529173992
0.5622566960476004
0.5681803009954725
0.5714396609111325
0.5536855393321295
0.5439516967363732
0.5402382800232435
0.5732124856130177
0.5553673857418748
0.5335526275457946
0.5656512714066247
0.565655444722778
0.5609320855005703
0.5603553332081962
0.5506298372447462
0.551583857317371
0.5512967331660298
0.5565208903266231
0.5467987330160958
0.5587310785613653
0.5455308795687495
0.5441528505749581
0.5671085934073271
0.550604797347827
0.5466009178304335
0.5405062069202797
0.5636555916221578
0.5595974589947724
0.5608753284008866
0.556289688611735
0.5455784553728961
0.5445935527607375
0.551831752296872
0.5551829251679027
0.539358544978146
0.5557287949207431
0.5502066629868104
0.5438431905163896
0.5533608553354095
0.558346298812039
0.5510638621246805
0.5586734867984509
0.54383067056793
0.560222621754524
0.5483453639824769
0.5779909326084479
0.5632324173642219
0.5719604907670537
0.5414059738829127
0.5276465505257661
0.5535812064282992
0.5397024262291708
0.5523216996132592
0.5439875872552908
0.3902142416210455
0.5599430095722586
0.5261199514769205
0.546443166479842
0.5642824237083705
0.5612333989268323
0.56045131947972
0.5592368844791348
0.5632758198522153
0.5523634327747913
0.5428849971276117
0.5555551849687694
0.5507508634131895
0.5358362661448333
0.5512725279323412
0.5465650273115158
0.5473554533909346
0.5562679873677384
0.5416981060136378
0.5427764909076281
0.5524352138126266
0.5557363068898189
0.5401264351503373
0.537365369183371
0.5304560269601097
0.553696389954128
0.5478704406042412
0.5332955512707567
0.543982579275907
0.5577995943959678
0.5488511699002464
0.5730897901181135
0.5382317496167781
0.5416229863228799
0.538643238589485
0.5276674171065322
0.5513635062244813
0.5551027974977609
0.5582519818669763
0.5737258034998631
0.5280279916221698
0.5540920203254526
0.5109833337892133
0.5472452778444897
0.5656145462244764
0.5441803944615693
0.5599087883798023
0.5521664522523596
0.5482018019068063
0.5260314771744723
0.5332421328239956
0.540676478219331
0.5314058737165813
0.563157297673464
0.5476500895113515
0.5493169119829451
0.5486082829001294
0.538269309462157
0.5410412260511218
0.5581301210353024
0.544449990685067
0.5391824310364802
0.5476150336556644
0.5585841778327721
0.5483044654841754
0.5439692246642167
0.5330743655146363
0.5507066262619654
0.5527089833522775
0.5560860307834583
0.542024459336819
0.5666895924655444
0.5181372323390527
0.5474055331847731
0.5505613948598336
0.5601967471943741
0.5388660936720666
0.540241618676166
0.5411405509755682
0.5621657177554604
0.5529376810774737
0.5289895236638704
0.5599797347544069
0.5462194767340297
0.542865799873307
0.5478011635560979
0.5419025985051452
0.5770669604121264
0.5636998287733819
0.555687061759211
0.562482055119874
0.5247644583903566
0.5304226404308842
0.5630788393297836
0.5517090568019675
0.5500998260932881
0.5555718782333823
0.5426871819419494
