0.563521643233155
0.5787248218486882
0.5712195488711606
0.5733596200360161
0.5639337917736476
0.5467564654972332
0.5550438159636334
0.5710476086761683
0.5846375613696853
0.5753194043944719
0.5064155080501519
0.5676730736841595
0.5655739009152002
0.5666547870924575
0.5873426981268213
0.5632627242164931
0.5554861863682253
0.5753169004110498
0.5799718055929527
0.5687547945225576
0.5622753200869985
0.5657333211930814
0.5678416752345888
0.572569195935736
0.5724206262526845
0.5668809802615979
0.5438869004953716
0.5534462745402585
0.5610141471033415
0.5542208400788645
0.5494366257187583
0.5426194057914406
0.5410340287163247
nan
0.5622791344580111
0.5661289434961945
0.581155355090521
nan
0.529120910254553
0.5542851089867015
0.5694308700465563
0.5687013762095503
0.588790835206004
0.5471606698273155
0.5806745902734551
0.5776232779402071
0.5566438613704306
0.5680945775602327
0.5509289365397888
0.5735182056527566
0.5131835280420541
0.5718517967815961
0.5781564176118448
0.5820190052591736
0.5980505659013654
0.58219283888846
0.5818664863824308
0.5720892657798109
0.5936911307632842
0.585604933631802
0.5419004069804121
0.5689342466678164
0.5709829416655433
0.5738712673152893
0.5658109446791701
0.5822253906729487
0.5523913704830244
0.5640456363665065
0.539128497332017
0.5565520486449493
0.5729514707381947
0.5707312721038281
0.5586336935299531
0.5621982155807503
0.5698223261215631
0.5703560538538183
0.5695677544736376
0.5510750022394182
0.5743553707769181
0.552176754945194
0.5030446368232901
0.5614640294582
0.5865497700431189
0.5642033873221063
0.589907611812313
0.5540480652227315
0.5916804320752432
0.5768201251255212
0.5097225506826315
0.5642709948745062
0.5757559321710786
0.5734405821666678
0.5784134932431924
0.5739547334293633
0.5893291916417808
0.581535960570698
0.5648552576730237
0.5764645594795663
0.556418502862431
0.5746741217903453
0.5761208808068642
0.5638097148134538
0.5401192401060745
0.5696503859265708
0.5597471314916993
0.48252845605620515
0.5607184541577551
0.5732627993436904
0.5716009890124785
0.5801922838713304
0.5337390903462634
0.564594843397113
0.5869019970445108
0.5669786356150643
0.5398265399584782
0.5737544147555859
0.5839806800175613
0.566241508238974
0.5821202233692155
0.5540731050569536
0.5456277921566922
0.6074321571232748
0.5363816275178439
0.5666142744250586
0.566583006234354
0.5711853277643903
0.5561504922294025
0.5704040849366584
0.5706077422549988
0.5560986281988207
0.59543640720857
0.5688816630159499
0.5280340312942048
0.5450818738759091
0.5672125774403833
0.576097308577641
0.541476273950832
0.5554411146666254
0.5785086446132367
0.5493155365547397
0.5875121343383913
0.57893014848931
0.5833865163825708
nan
0.563613812690469
0.5472287194334304
0.5750306116397761
0.5637090396796954
0.5842369240221305
0.567426565749109
0.5733036977395867
0.5403201092171803
0.5363352448303246
0.5841317567183972
0.5917747487841467
0.5783161370741501
0.5723070891487306
0.548139861798237
0.5673283586330341
0.5871874511546437
0.5403596225146075
0.5679161970756571
0.5550327256229112
0.5611460235635783
0.572181913166433
0.5681045934939216
0.5851592245826472
0.5835650218038353
0.5613196330808521
nan
0.5663901995108432
0.5228985114503417
0.5972351019668631
0.5614757147141703
0.567431021953345
0.5661514864245917
0.5669177053517904
0.546251495507086
0.5827587391418811
0.5521366912104385
0.5309413062025053
0.5645405904229649
0.5558153453542108
0.5922304737669905
0.6060825100586995
0.5896931038991431
0.5599249143146767
0.5776389277045865
0.5774002146183349
0.5926144178917305
0.5630016076855716
0.5247265191177293
0.5670220379943829
0.57195178537524
0.5363173586100071
0.5462375518501915
0.5910076951958074
0.5533820056324216
0.5774770034432829
0.5833029382056432
0.5652567296817192
0.5943021027183053
0.5370235117386942
0.5738435868463443
0.5641443618066155
0.5718572299826855
0.5897298289893356
0.5631525489459155
0.5606884651124914
0.5895862672731284
0.5784685808784812
0.5538552584992207
0.5702029316017402
0.5699642185154888
0.5673041534599527
0.5615449615160913
0.5499889634006857
0.5905970419145636
0.5454660793736502
0.5604677542297245
0.5489941920155551
0.5523507529096693
0.5762525555498185
0.5723571920059882
0.5055969511421129
0.5716944710602413
0.5815192673478833
0.5706361207337839
0.5199426074240958
0.5655563730312446
0.5314404335646675
0.5626417363277831
0.550371382897775
0.574231006266948
0.566214920671288
0.556252405295424
0.5618521468886437
0.5475619134980466
0.5629263557767752
0.5286451534043316
0.5686139097264578
0.5723730505676623
0.5753928545748571
0.5125745878005377
0.5299814458906552
0.5758393982851524
0.5428185342352253
0.5169081484432559
0.5745949185243102
0.5458274876475904
0.5844547705798634
0.5136529699943727
0.5753143964276275
0.5306458361586837
