0.5696896150001856
0.566173187614251
0.5633311664300338
0.5648769588626829
0.5650580803302233
0.5665320919047688
0.5108368233055184
0.5250494332100268
0.5464935472379003
0.5836509919013314
0.5186267157320381
0.5752207625816861
0.5776556209274012
0.5129560279418555
0.5516667769882023
0.5668884922118645
0.5775045472609274
0.5523703963298455
0.5522719063152383
0.5422284288087226
0.5637718675123441
0.5626726187899904
0.5682356352930177
0.5822237213506674
0.5752993725270942
0.5503763908646194
0.5738712673152893
0.5493539309672139
0.45687013792873904
0.5211100086703035
0.5149032923832002
0.5675654023970041
0.5618212644264364
0.575901997870708
0.556043740010239
0.5706344514115024
0.5626951546407905
0.5543936149349975
0.5504164545993749
0.5544737424045085
0.5612628761232819
0.5606819519693274
0.5789702122240656
0.5861265968447641
0.5668459244936868
0.5539454019024206
0.5784326904494295
0.5002424694461148
0.5636783854645813
0.5655822475266076
0.5680219620409884
0.5844088642171227
0.5245319433027685
0.5821619564262525
0.5629664195115307
0.545604633123013
0.5444244222700076
0.5689559478574757
0.5658460004470811
0.547803965228861
0.5552199294643294
0.5830992808873028
0.5587213329497307
0.584324563441908
0.5631391943676637
0.5658877335041181
0.5675729143472708
0.5645238972001502
0.5594449841587517
0.5533269179971327
0.5506276238679819
0.5779085232530452
0.5659478291062514
0.5714148595780936
0.5557157181819287
0.566265835000873
0.5578307495125618
0.5541983042280646
0.5455670733716796
0.5719440347413224
0.5616994038998885
0.549375632156873
0.5558851543934986
0.5678425098957296
0.5503162952624862
0.5751516375051833
0.5679167947372553
0.5756699620735826
0.5191984586134445
0.5769737027754172
0.5676655617338928
0.5870922997845994
0.5430872951225433
0.568587027633269
0.5885738233094117
0.5823188727207116
0.5684059061657285
0.5722077876617959
0.5438677032891346
0.5854755611549874
0.5638953973611734
0.5543644017950717
0.5728863671692169
0.5349535223060391
0.5618346190046882
0.5524505237993566
0.5317592741204299
0.5100413912383939
0.5515724602792988
0.5624422523151464
0.5497804428101316
0.5520799342528683
0.58441721082853
0.5713005110018123
0.5766081211957733
0.5760822846771076
0.5658894028263997
0.5757876492944266
0.5575778471869179
0.5686688244250614
0.5684551511730321
0.561966495464925
0.5598748346462324
0.5679059441424257
0.5653201639284154
0.5601285716330171
0.5702880670380955
0.5816169227013498
0.5816194266847721
0.5393188000721054
0.5655585893801177
0.5523019541163049
0.573523213619601
0.5854413400482172
0.5537909895913838
0.5637710328512033
0.5311883659001642
0.5726151022984767
0.5702797204266883
0.5248850049653012
0.5604165297265722
0.577662298216527
0.5787423497326437
0.5566338454367418
0.5541607444767314
0.5608505535197565
0.5679568584720107
0.5533110594354587
0.5712028556483458
0.5778684595182897
0.5556147241838991
0.5817596497564163
0.5753711533851978
0.5542291866902719
0.5626066805598721
0.5622786587315616
0.5802923154709966
0.5813573430865799
0.5611234877127783
0.5648469110616162
0.550099283365894
0.5490759888073476
0.5514931674709286
0.5799183872799453
0.5452640913775914
0.5902773666976605
0.5743687253551699
0.5676096394374632
0.5520089880559055
0.5697188281401114
0.54815285358569
0.5583565860312276
0.5683975595543211
0.5657466757713332
0.5163781386188865
0.5552750170996182
0.5848862903896256
0.5629196784876493
0.5719924450874853
0.5743695600163106
0.5747793786364136
0.556479433125705
0.5919750674579243
0.5550880530040927
0.5675445358684856
0.5455612307436946
0.5446714819676665
0.5512419344675661
0.5717545666623745
0.557859127991347
0.5807572217263882
0.5672465618412417
0.5807438671481366
0.5690869896565718
0.5722553633468181
0.5428736218705141
0.5888133710568039
0.5637777101403293
0.5782373797424964
0.568890844288498
0.5583857991711536
0.5807822615606105
0.591505153235688
0.5672540737915084
0.560747055538305
0.5611301650019043
0.5750673367299688
0.5422050582967819
0.5688007008852982
0.5501652215960124
0.5813723669871133
0.5380826669226706
0.5642726641967877
0.5862501266935936
0.5457181470381536
0.5806261799272924
0.5835424859530354
0.5427317294765883
0.5410340287163247
0.5643244131875135
0.5826335399707702
0.547551062903217
0.5823672830668744
0.5781864654129114
0.5763752507375071
0.5559636125407281
0.5608897825933714
0.5627994872833828
0.543315992275106
0.562004889877399
0.5902122631286828
0.5582806318674204
0.5590718906288412
0.5708548019526576
0.5798090466705086
0.5900411575948313
0.5568082896151563
0.5723780585345067
0.5662741816122804
0.570043511323859
0.5701119535373996
0.555195724291248
0.5866324014960521
0.5653051400278821
0.5775713201521865
0.5658618590087553
0.5567206501953788
0.5458391729035607
0.5747226216788434
0.5713338974474419
0.5494141090222074
0.555406893559855
0.5736317195678972
0.5264408133316392
