0.551834543877491
0.5530965515222888
0.5561956483378536
0.4910503463031532
0.5709741584957833
0.5154959017931251
0.5379015454551302
0.5509255978952259
0.5618429656160956
0.5443384521725115
0.5505224565642488
0.5667791516024278
0.5615358103163036
0.5118342433687019
0.5655914287991557
0.5444177449808817
0.5616793720325107
0.5121697771472791
0.5594433148364701
0.5424329207882037
0.5518203546380984
0.5579634606339394
nan
0.5246930329029311
0.5690627844834903
0.5399781823732895
0.5478665648144164
0.5484508276129338
0.5240386585685916
0.5371770595849685
0.565398622075645
0.5526182906886452
0.5688415992811945
0.5582948211068129
0.572293757759292
0.5634930906913371
0.5626943199796497
0.5608947905602159
0.5624330710425982
0.5575761778646364
0.5516692809716246
0.5676914362292557
0.5757016791969306
0.559344824821863
0.5657658729775702
0.5725525027129212
0.557820733578873
0.5526416612005859
0.554789244315708
0.5604549241390462
0.5657934167952146
0.5709315907776056
0.5864913437632672
0.5567857537643564
0.5656807375412147
0.5655672236260743
0.5740615700553778
0.5570253015117484
0.5416633632164422
0.5518871275293575
0.5593924005068851
0.5586069843734494
0.5450120237130881
0.5658677016367405
0.5525440058471194
0.576001322546456
0.5789243058613249
0.570606907593858
0.5531641590746886
0.5605075077909127
0.5471671187784769
0.5688265753806612
0.538202858126937
0.5603063544559946
0.5566897677331712
0.5795085686598425
0.5626225391215461
0.5524338305765417
0.5516843048721579
0.5712387460773977
0.5538844716391466
0.5720400207725074
0.5528378065686596
0.566342623825821
0.5645906700914094
0.5745256416496288
0.5781789534626447
0.5413770744451686
0.5552549852322405
0.5624973399504353
0.5478715727812609
0.561732790345518
0.5740014744532447
0.5678408405734481
0.5456872645759462
0.5421700025288709
0.5636475030023739
0.5471137004654696
0.5661781955810954
0.5711869970866718
0.5619514715643917
0.5742535421177479
0.5631450369956489
0.5683241093739362
0.5618254377321401
0.5513562830438473
0.5637025906376627
0.5634229791555151
0.5632209911594561
0.5616843799993552
0.5699500292760962
0.5512335878561586
0.5732360901871867
0.5697430333131929
0.5460586887835751
0.530734310239602
0.5571571779719853
0.5728187596168172
0.555947753979054
0.5547374953249822
0.5725925664476768
0.5907372649862078
0.5744680500309179
0.5632627242164931
0.553348619186792
0.5706010649658728
0.5545547045351602
0.5508254385583372
0.5693482385936233
0.5562732718239424
0.5650347098182825
0.5700535272575479
0.5676772469898632
0.570011794200511
0.5518387171831947
0.550214466603316
0.5556389293569806
0.5630882800380786
0.5698022942541854
0.5748787033121616
0.5705935530156061
0.5705092522403915
0.5673725956734933
0.5486494769644299
0.5722119609674996
0.5652709189211118
0.5501435204063532
0.5551055808880482
0.5674101554248266
0.5660630123436734
0.5586428748025012
0.5646991760397053
0.561364704782452
0.5524905875341121
0.5680661990814476
0.5581270542175243
0.5475836146877059
0.5670938188524864
0.5580293988640579
0.5680019301736108
0.5670787949519531
0.554302636870657
0.5527426551986152
0.5648544230118828
0.5689818223528386
0.5615700314230738
0.5721067936637665
0.5639813674586697
0.5684384579502173
0.5611718980589412
0.5825016635105335
0.5805001460950406
0.5518545757448687
0.5633194811740634
0.5654670642891856
0.566771639652161
0.5544002922241235
0.5674043127968414
0.5564777638034235
0.5645614569514834
0.5743954345116736
0.5592939104922778
0.5732920124836163
0.583364703130058
0.5774227504691349
0.5717687559017671
0.5661806995645177
0.5585452194490348
0.5605367209308386
0.5655113013296447
0.556421841506994
0.5591069463967523
0.5582856398342648
0.5663392851812581
0.5153398201598068
0.5641190865468916
0.5906112311539563
0.5551406366559593
0.5662132513490065
0.5698548779060519
0.5635632022271593
0.5517811255644836
0.5450404021918732
0.5783458856907926
0.5627418956646718
0.5753878466080127
0.566323426619584
0.5459852386031901
0.5718780965112039
0.5761440496015224
0.5681262946835809
0.542339438740441
0.528013314920792
0.5563342020872164
0.5791613496252949
0.5592980837979815
0.5594241176302331
0.5816127493956462
0.5649921421001048
0.5517060060618171
0.5757818066664415
0.5693782863946898
0.573100875082387
0.5501819148188272
0.5423527933186928
0.5467823399925962
0.5738203529857042
0.554686580995397
0.5214912727670553
0.5800452557733378
0.5544470332480049
0.5755347469687827
0.5768092745306915
0.5478415249801942
0.5567465246907416
0.5714432380568788
0.5715208615429676
0.5807079767190847
0.5709950250243018
0.5600626334028987
0.5695101628549266
0.5616985692387477
0.571836363454167
0.5734631180174679
0.5642108992723729
0.5859237741875645
0.5603205436953872
0.5780303837795931
0.5552766864218998
0.58572679415835
0.5567248235010824
0.5671121813975827
0.5519672549988686
0.5495225325176432
