0.4289068723894307
0.42029616157867
0.3844980221470242
0.4161120629905664
0.4076549858835595
0.41369300500283024
0.3974822548332968
0.4270723854810836
0.41811469461177736
0.41517255541068965
0.419896151058734
0.41491810443788957
0.3967940680859806
0.4157127587586844
0.4175010694101654
0.4190731489037704
0.4141862990525696
0.41258883064368895
0.4280088003753905
0.4156648060803491
0.4183834586190058
0.4169646168797909
0.41746168314981885
0.4056083343243142
0.41358954450424834
0.42027906084669514
0.41627795507259135
0.41279492763812303
0.4244322914364371
0.41142707240547555
0.4218813769599466
0.4160527936513653
0.4147898007920737
0.4194878577061642
0.4132160625916752
0.4296517762077527
0.42536720279329565
0.3743332786142893
0.4231567726655205
0.41549527019404553
0.38546865352886545
0.40947463004143775
0.4178259298110188
0.42280273507710153
0.42082562078717617
0.40172708349271324
0.40787003454401183
0.4117393908427028
0.4135792134723248
0.4099394371396643
0.3879344174895082
0.3909023094512329
0.4048038561787678
0.42000611261781323
0.3947756158691352
0.41020260434913125
0.3942360639756144
0.4192791527746552
0.4049790878774319
0.4058802542168818
0.40331080500214994
0.37167659215104004
0.3962441853812453
0.42015460968117396
0.4194427141280439
0.41632488042284793
0.41839048939554363
0.41095758882422445
0.4118288968015503
0.39646798238236686
0.4012255066103402
0.3707061844687992
0.4046227307475775
0.3737248061050716
0.39434163263702426
0.3969833265311265
0.353409243532167
0.39926544489638616
0.41605130616591823
0.40619659201331876
0.3762939674281263
0.3852936546114772
0.3973485791177367
0.3909708889511461
0.3876982176421045
0.39516095353303954
0.42159854069830827
0.40936508583439035
0.39504329771470503
0.42831432346543113
0.3855971872533656
0.414486450072866
0.41237545674203147
0.41238505583876583
0.4213708484115554
0.41926205420488927
0.42235297940535976
0.4153551148206563
0.40988964918252196
0.4026204041143898
