0.5164263248443604
0.35767239332199097
0.5502263307571411
0.5566390156745911
0.30948406457901
0.2045336216688156
0.6213515400886536
0.8822367191314697
0.8297410011291504
0.7159488201141357
0.8694195747375488
0.2923557758331299
0.355887770652771
0.7990673780441284
0.7700997591018677
0.8141905069351196
0.3812398910522461
0.5094850063323975
0.7765144109725952
0.6536644101142883
0.8348132371902466
0.38008707761764526
0.7522916793823242
0.39493250846862793
0.43702760338783264
0.6790858507156372
0.8546955585479736
0.382125586271286
0.6869561076164246
0.8881170749664307
0.32337242364883423
0.46573272347450256
0.7846444845199585
0.5904604196548462
0.5270426273345947
0.6235290765762329
0.3990247845649719
0.5787748098373413
0.7963279485702515
0.8050377368927002
0.7952486276626587
0.5190290212631226
0.7225872278213501
0.6898453235626221
0.8024518489837646
0.8357349634170532
0.23315533995628357
0.8878927230834961
0.8262274265289307
0.4782257378101349
0.7073321342468262
0.3061872124671936
0.6503437757492065
0.8356730937957764
0.2747056484222412
0.9024139642715454
0.789381742477417
0.7516131401062012
0.8144634962081909
0.8179417848587036
0.7560522556304932
0.2010822743177414
0.47966596484184265
0.1778850555419922
0.6406434178352356
0.8478783369064331
0.20978298783302307
0.3041357398033142
0.764564037322998
0.7847485542297363
0.2782079577445984
0.7512396574020386
0.7537426948547363
0.7049945592880249
0.8088561296463013
0.8546432256698608
0.562087893486023
0.2541438639163971
0.6466654539108276
0.548490047454834
0.4989336431026459
0.7626051902770996
0.6384783983230591
0.8211746215820312
0.8259292840957642
0.8696737289428711
0.28709322214126587
0.3430442214012146
0.6248948574066162
0.5851753950119019
0.4649330973625183
0.7036145925521851
0.8532185554504395
0.7868748903274536
0.8371856212615967
0.8090801239013672
0.2628248333930969
0.7222068309783936
0.6390053629875183
0.680376410484314
0.40836814045906067
0.3322194814682007
0.8531879186630249
0.7672195434570312
0.8238186836242676
0.5592702031135559
0.7044585943222046
0.7838135957717896
0.8021827936172485
0.8955473899841309
0.4389427900314331
0.6495203971862793
0.37734878063201904
0.41829049587249756
0.7768783569335938
0.817855954170227
0.7704663276672363
0.8117818832397461
0.8952887058258057
0.7273162603378296
0.5337673425674438
0.808905839920044
0.7161314487457275
0.3808250427246094
0.7725954055786133
0.844937801361084
0.7992736101150513
0.30717146396636963
0.813865065574646
0.6908206939697266
0.8820099830627441
0.3368205726146698
0.7843278646469116
0.8388701677322388
0.7753499746322632
0.7496137619018555
0.6060343980789185
0.7791783809661865
0.8035115003585815
0.6934829950332642
0.7162084579467773
0.5313149690628052
0.7397772073745728
0.7979680299758911
0.4380081295967102
0.7607622146606445
0.204526886343956
0.9502861499786377
0.36442840099334717
0.6942917108535767
0.8023072481155396
0.7142163515090942
0.35203081369400024
0.3687293231487274
0.39320704340934753
0.8531054258346558
0.43533796072006226
0.8352856636047363
0.7291432619094849
0.6894934177398682
0.8422015905380249
0.656470775604248
0.32676219940185547
0.6984179019927979
0.7237001657485962
0.6903390884399414
0.9567955732345581
0.4793072044849396
0.5167254209518433
0.6968790292739868
0.2733379006385803
0.8011689186096191
0.8396389484405518
0.7082324028015137
0.6610570549964905
0.8241496086120605
0.34087759256362915
0.7601120471954346
0.7340315580368042
0.6517000198364258
0.7393150329589844
0.7935813665390015
0.581348717212677
0.8099099397659302
0.5343643426895142
0.7882792949676514
0.8306511640548706
0.6382923722267151
0.8559702634811401
0.3900258541107178
0.6344467401504517
0.6600486040115356
0.8310672044754028
0.6269457340240479
0.7790900468826294
0.3309215009212494
0.39007627964019775
0.431515097618103
0.7472083568572998
0.7053294777870178
0.6235933303833008
0.6655057668685913
0.8287832736968994
0.6375316381454468
0.8156924247741699
0.8096845149993896
0.7167689800262451
0.7044661045074463
0.5884617567062378
0.5628274083137512
0.7707505226135254
0.6924575567245483
0.7460170984268188
0.5406947135925293
0.7832745313644409
0.627507209777832
0.7860749959945679
0.797229528427124
0.7829968929290771
0.19261464476585388
0.30902099609375
0.7787909507751465
0.8164544105529785
0.5445529222488403
0.8275362253189087
0.6975241899490356
0.6828428506851196
0.39920011162757874
0.7534852027893066
0.618004560470581
0.7862434387207031
0.3767227828502655
0.47541144490242004
0.8048422336578369
0.8380007743835449
0.7755179405212402
0.6807903051376343
0.6960638761520386
0.24079450964927673
0.7350502014160156
0.6856334209442139
0.7307722568511963
0.36182329058647156
0.7856467962265015
0.22023150324821472
0.37996208667755127
0.7095634341239929
0.6883342266082764
0.5777499675750732
0.37934499979019165
0.5666986703872681
0.5935530662536621
0.7203550338745117
0.7225478887557983
0.2980837821960449
0.66640305519104
0.4563377797603607
0.31465888023376465
0.5742920637130737
0.5996241569519043
0.6740512847900391
0.784000039100647
0.8601648807525635
0.7980563640594482
0.22353911399841309
0.34841060638427734
0.7277833223342896
0.5328821539878845
0.7696868181228638
0.43006929755210876
0.5395809412002563
0.3561772108078003
0.8338522911071777
0.8228346109390259
0.8478989601135254
0.8474265336990356
0.8905850648880005
0.8675440549850464
0.7778698205947876
0.3594156503677368
0.7762165069580078
0.7247576713562012
0.46765244007110596
0.8233903646469116
0.36412015557289124
0.8240023851394653
0.7184198498725891
0.7681715488433838
0.8694137334823608
0.35642051696777344
0.7023825645446777
0.8285396099090576
0.8930548429489136
0.91850745677948
0.32306718826293945
0.9084128141403198
0.7405717372894287
0.7874150276184082
0.8180395364761353
0.34841012954711914
0.5902101993560791
0.3168622553348541
0.7271238565444946
0.6388148069381714
0.4467080533504486
0.722053050994873
0.8168114423751831
0.5448633432388306
0.7286279201507568
0.7992812395095825
0.41868865489959717
0.3154524862766266
0.63877272605896
0.49343788623809814
0.5164775252342224
0.37093695998191833
0.6860384345054626
0.7979223728179932
0.7743914127349854
0.37521007657051086
0.7637894153594971
0.902604341506958
0.8415168523788452
0.8152382373809814
0.5889363288879395
0.507956862449646
0.7257083654403687
0.42244988679885864
0.7152040004730225
0.7984933853149414
0.5266690254211426
0.7533385753631592
0.4403618574142456
0.8501944541931152
0.7167723178863525
0.41611894965171814
0.6862055063247681
0.4179971218109131
0.7302523851394653
0.6684355735778809
0.6041990518569946
0.8510373830795288
0.7858074903488159
0.679807186126709
0.9108012914657593
0.8365565538406372
0.5901186466217041
0.560958743095398
0.8590885400772095
0.590595006942749
0.7778588533401489
0.7217730283737183
0.6078495979309082
0.7925301790237427
0.5553570985794067
0.8081628084182739
0.829321026802063
0.7518420219421387
0.6412888765335083
0.7938696146011353
0.7284672260284424
0.6698037981987
0.7161535024642944
0.7180749773979187
0.6667076349258423
0.8295638561248779
0.5629909038543701
0.9629426002502441
0.5945398807525635
0.8071149587631226
0.539667010307312
0.667588472366333
0.756423830986023
0.896111011505127
0.6478841304779053
0.8770480155944824
0.8221399784088135
0.49459901452064514
0.8422667980194092
0.30292218923568726
0.5968313217163086
0.7836203575134277
0.610869288444519
0.7666811943054199
0.797297477722168
0.34923458099365234
0.5727227926254272
0.4879395365715027
0.7446244955062866
0.7157336473464966
0.8447864055633545
0.6511703729629517
0.7957450151443481
0.8520539999008179
0.40046805143356323
0.7966841459274292
0.7435452938079834
0.7166635990142822
0.4702925384044647
0.279807448387146
0.5365105867385864
0.8293167352676392
0.7061761617660522
0.2628515660762787
0.7422209978103638
0.7884689569473267
0.8135221004486084
0.44355303049087524
0.5441731810569763
0.851537823677063
0.7786041498184204
0.7198209762573242
0.11341007053852081
0.5506688356399536
0.25800907611846924
0.7264572381973267
0.8346160650253296
0.8113917112350464
0.5756796598434448
0.7938061952590942
0.6970564723014832
0.7016878724098206
0.36716747283935547
0.6935862302780151
0.8576664924621582
0.4092599153518677
0.685234785079956
0.714440107345581
0.7161431312561035
0.7727005481719971
0.7175095081329346
0.4049075245857239
0.6905827522277832
0.7046576738357544
0.17920371890068054
0.8086222410202026
0.78031325340271
0.4255785346031189
0.6342471837997437
0.4933468997478485
0.7307615280151367
0.7644405364990234
0.8381761312484741
0.8155053853988647
0.7526589632034302
0.47607138752937317
0.41064655780792236
0.6079287528991699
0.646276593208313
0.4637685716152191
0.8313338756561279
0.8004164695739746
0.7586004734039307
0.6564347743988037
0.7077924013137817
0.6886705756187439
0.548796534538269
0.7191780805587769
0.6437626481056213
0.77915358543396
0.5913476943969727
0.7470468282699585
0.5209412574768066
0.4836626350879669
0.7323049306869507
0.7306561470031738
0.45444443821907043
0.36850646138191223
0.5628013014793396
0.7696579694747925
0.8487411737442017
0.3124784827232361
0.39637061953544617
0.7359051704406738
0.8918666839599609
0.46587643027305603
0.6538649797439575
0.8560510873794556
0.5120459198951721
0.5600793361663818
0.6563761234283447
0.4950859844684601
0.7196766138076782
0.8315907716751099
0.853447675704956
0.6752383708953857
0.7034300565719604
0.4885905086994171
0.696645975112915
0.8701471090316772
0.3321923017501831
0.22685304284095764
0.7880359888076782
0.7384562492370605
0.6214066743850708
0.8058067560195923
0.3838488757610321
0.37467697262763977
0.6517235040664673
0.7907166481018066
0.7578541040420532
0.2722734212875366
0.538792073726654
0.8275656700134277
0.8341928720474243
0.47664010524749756
0.5835891366004944
0.5718879699707031
0.6849880814552307
0.4282073974609375
0.8829687833786011
0.8746800422668457
0.45246046781539917
0.8093249797821045
0.3543851375579834
0.7979015111923218
0.7657631635665894
0.5211832523345947
0.5046699047088623
0.2142251431941986
0.6218087673187256
0.8098044395446777
0.600659966468811
0.815798282623291
0.690121054649353
0.8701244592666626
0.44144728779792786
0.7946054935455322
0.6355348825454712
0.5936681628227234
0.7862399816513062
0.45305418968200684
0.7765300273895264
0.7708748579025269
0.7605642080307007
0.8177120685577393
0.4537331759929657
0.7786279916763306
0.5547415018081665
0.49641016125679016
0.43588635325431824
0.8244069814682007
0.23970919847488403
0.49983149766921997
0.43308162689208984
0.24098271131515503
0.7247189283370972
0.7819561958312988
0.6994575262069702
0.7568485736846924
0.6736449599266052
0.636172890663147
0.2972099781036377
0.5329078435897827
0.3375190794467926
0.7173959016799927
0.7750186920166016
0.644041121006012
0.5214465856552124
0.7401121854782104
0.7011855244636536
0.81681227684021
0.7320280075073242
0.6163100004196167
0.8917355537414551
0.7995586395263672
0.6974184513092041
0.8273838758468628
0.8119157552719116
0.20476134121418
0.7878776788711548
0.8082423210144043
0.6827002763748169
0.784538745880127
0.6053493022918701
0.37229517102241516
0.6426495313644409
0.7181088924407959
0.8755918741226196
0.6358147263526917
0.7243961095809937
0.6391826868057251
0.7602297067642212
0.31514930725097656
0.620792031288147
0.4686504900455475
0.8243253231048584
0.3957388699054718
0.6166298389434814
0.479912132024765
0.8302334547042847
0.3849013149738312
0.541944146156311
0.7622017860412598
0.5462900400161743
0.7332357168197632
0.7005854845046997
0.817521333694458
0.8252677917480469
0.8053522109985352
0.76160728931427
0.8184859752655029
0.4760168790817261
0.8801909685134888
0.8877688646316528
0.4479914605617523
0.7766250371932983
0.7954645156860352
0.8204231262207031
0.7444937229156494
0.8004730939865112
0.8650150299072266
0.8147801160812378
0.7044818997383118
0.5504463911056519
0.7313858270645142
0.8552749156951904
0.6735759973526001
0.17949050664901733
0.787299633026123
0.5787891149520874
0.7364668846130371
0.8575491905212402
0.8142671585083008
0.5599496364593506
0.6880677938461304
0.8514065742492676
0.6416765451431274
0.7866592407226562
0.8605583906173706
0.7416518926620483
0.7967712879180908
0.4750705361366272
0.8066167831420898
0.6725773811340332
0.6065989136695862
0.8227839469909668
0.754508376121521
0.5132466554641724
0.2698466181755066
0.4093392789363861
0.6834663152694702
0.5630468130111694
0.7068934440612793
0.8356915712356567
0.8158663511276245
0.2493579238653183
0.7636144161224365
0.5454354286193848
0.7641538381576538
0.6182931661605835
0.8004716634750366
0.7382975816726685
0.292969286441803
0.5076841115951538
0.7758928537368774
0.7185659408569336
0.3141196370124817
0.37665683031082153
0.738395094871521
0.7385023832321167
0.5890837907791138
0.8238024711608887
0.5172591209411621
0.37411099672317505
0.37835198640823364
0.36739087104797363
0.2772323191165924
0.8039072751998901
0.7108159065246582
0.7789947986602783
0.22878897190093994
0.7609559297561646
0.7377705574035645
0.49123233556747437
0.7340042591094971
0.5848283767700195
0.8111989498138428
0.7682713270187378
0.5832879543304443
0.8100161552429199
0.846011757850647
0.6324058771133423
0.7150790691375732
0.6858114004135132
0.7416280508041382
0.19935369491577148
0.7348289489746094
0.5871784090995789
0.22684401273727417
0.5672348737716675
0.6055418848991394
0.5045698881149292
0.5971052050590515
0.26715531945228577
0.6914211511611938
0.8370712995529175
0.6397292613983154
0.6854367256164551
0.4819836914539337
0.47886040806770325
0.637215256690979
0.6282234191894531
0.8134695291519165
0.7709033489227295
0.465567946434021
0.5522916316986084
0.6061160564422607
0.3742307424545288
0.7924206256866455
0.5321040153503418
0.6052870154380798
0.5260519981384277
0.5798351764678955
0.3936261832714081
0.8109065294265747
0.8269832134246826
0.6723294258117676
0.7881972789764404
0.7713220119476318
0.09788204729557037
0.6367819309234619
0.7458453178405762
0.3950871527194977
0.5385446548461914
0.1574137955904007
0.8674925565719604
0.7507114410400391
0.8379597663879395
0.8777363300323486
0.8063347339630127
0.5564332008361816
0.8186098337173462
0.7263790369033813
0.40141743421554565
0.7940202951431274
0.8572131395339966
0.8415577411651611
0.6729192733764648
0.502259373664856
0.845717191696167
0.22134406864643097
0.7956691980361938
0.36257803440093994
0.593924880027771
0.4839361608028412
0.7712030410766602
0.700238823890686
0.6251101493835449
0.519202709197998
0.5660308003425598
0.7016992568969727
0.5740079879760742
0.7817178964614868
0.7767471075057983
0.6187881231307983
0.5974652767181396
0.9128985404968262
0.7670657634735107
0.8264017105102539
0.7414171695709229
0.783793568611145
0.552518367767334
0.3834332227706909
0.7480365037918091
0.8791570663452148
0.6986103057861328
0.4644199311733246
0.5394076108932495
0.6978000402450562
0.648535966873169
0.6831157207489014
0.7076983451843262
0.7155601978302002
0.45820099115371704
0.8063992261886597
0.8306682109832764
0.7226898670196533
0.8747659921646118
0.7208633422851562
0.6427860260009766
0.691304624080658
0.269557923078537
0.6487436294555664
0.9034891128540039
0.8744735717773438
0.4852621257305145
0.7463328838348389
0.324653685092926
0.5725691318511963
0.39873814582824707
0.6523863077163696
0.6960442662239075
0.8877588510513306
0.8377522230148315
0.7389607429504395
0.7264529466629028
0.6223351955413818
0.3882940709590912
0.6306432485580444
0.7518465518951416
0.7283833026885986
0.7270010709762573
0.6550922393798828
0.5058526992797852
0.8561602830886841
0.4980080723762512
0.8396083116531372
0.6624215245246887
0.7688976526260376
0.8012746572494507
0.8155099153518677
0.7977083921432495
0.809313178062439
0.7957046031951904
0.6121756434440613
0.8246057033538818
0.635831892490387
0.32127290964126587
0.6490271687507629
0.7657946348190308
0.5081348419189453
0.8622400760650635
0.5867404937744141
0.765914797782898
0.6707988977432251
0.625480055809021
0.2502038776874542
0.7729793787002563
0.8156706094741821
0.6274241209030151
0.3862454891204834
0.8274620771408081
0.6363347768783569
0.7647055387496948
0.7866628170013428
0.6909153461456299
0.7400639057159424
0.8072342872619629
0.791691780090332
0.7045793533325195
0.8347067832946777
0.7590253353118896
0.7583836317062378
0.8269997835159302
0.8739678859710693
0.4780997335910797
0.8711557388305664
0.146402969956398
0.5632237792015076
0.6460906267166138
0.44051894545555115
0.8624144792556763
0.3665027320384979
0.5447653532028198
0.3372320234775543
0.7816396951675415
0.2375987023115158
0.6800137758255005
0.2811073958873749
0.603675127029419
0.47600650787353516
0.6591198444366455
0.3663460910320282
0.7560758590698242
0.6741492748260498
0.6081058979034424
0.4263519048690796
0.8343082666397095
0.3957282304763794
0.7256702184677124
0.7784713506698608
0.7721606492996216
0.6662465333938599
0.6739038228988647
0.639575719833374
0.6282371878623962
0.7324608564376831
0.7777011394500732
0.49981823563575745
0.8181238174438477
0.7147929668426514
0.45370131731033325
0.8524532318115234
0.8429112434387207
0.8274096250534058
0.7391608953475952
0.5397466421127319
0.8419022560119629
0.7666131258010864
0.6416500806808472
0.35584965348243713
0.787032961845398
0.44373854994773865
0.42900413274765015
0.29083743691444397
0.48485347628593445
0.8030701875686646
0.4314504861831665
0.8346422910690308
0.3556964695453644
0.7736904621124268
0.3357866108417511
0.5559914112091064
0.752949595451355
0.8599643707275391
0.6276063919067383
0.7542562484741211
0.7186373472213745
0.7726799249649048
0.3929021656513214
0.5253545045852661
0.8606060743331909
0.698312520980835
0.49713537096977234
0.7177964448928833
0.22336675226688385
0.8251727819442749
0.7808552980422974
0.9002373218536377
0.6099249124526978
0.8233300447463989
0.7721691131591797
0.8482013940811157
0.8417580127716064
0.8492461442947388
0.8660757541656494
0.8217843770980835
0.7561397552490234
0.2919441759586334
0.5054731369018555
0.4025287926197052
0.7032685279846191
0.7849025726318359
0.8403910398483276
0.7776265144348145
0.8598672151565552
0.2975049614906311
0.5987164974212646
0.5717850923538208
0.7104396820068359
0.7180083990097046
0.7585680484771729
0.09414331614971161
0.3527679145336151
0.7694507837295532
0.3128514289855957
0.3292144536972046
0.47802653908729553
0.5720766186714172
0.5534555912017822
0.8360881805419922
0.4098001718521118
0.6953526139259338
0.7095730304718018
0.7757750749588013
0.6454060673713684
0.7775446176528931
0.778550386428833
0.8082358837127686
0.24699917435646057
0.32310909032821655
0.6583340167999268
0.7546330690383911
0.610136091709137
0.5101226568222046
0.7081484198570251
0.7245197296142578
0.8233300447463989
0.5668599009513855
0.3380758762359619
0.3163571357727051
0.7888946533203125
0.41417422890663147
0.607848048210144
0.6571853160858154
0.6801204681396484
0.892148494720459
0.4248843193054199
0.22778764367103577
0.7291576862335205
0.8267221450805664
0.8288754224777222
0.803422212600708
0.7443463802337646
0.28333044052124023
0.5474168062210083
0.5792896747589111
0.6850589513778687
0.4615234434604645
0.42053690552711487
0.8470488786697388
0.7043277025222778
0.7065361738204956
0.7360106706619263
0.5374279022216797
0.6091955900192261
0.4518914520740509
0.687291145324707
0.31519392132759094
0.6214371919631958
0.7678811550140381
0.8207193613052368
0.48568230867385864
0.6259565353393555
0.5167245864868164
0.5957937240600586
0.6346709728240967
0.8688286542892456
0.5986200571060181
0.8351976871490479
0.781752347946167
0.8403844833374023
0.625468373298645
0.3405532240867615
0.3709796071052551
0.9288023710250854
0.2706083059310913
0.6359128952026367
0.7540489435195923
0.8681430816650391
0.7107622027397156
0.6876144409179688
0.8789958953857422
0.5772874355316162
0.7263530492782593
0.7019150257110596
0.6608738899230957
0.2850169837474823
0.8667153120040894
0.6088243722915649
0.24814625084400177
0.751387357711792
0.8403037786483765
0.5086499452590942
0.8108052015304565
0.730444073677063
0.8088663816452026
0.5210683345794678
0.6924567222595215
0.8041390180587769
0.4017559885978699
0.8740829229354858
0.34003734588623047
0.6556130647659302
0.7484631538391113
0.7300533056259155
0.8260221481323242
0.6789551973342896
0.7836277484893799
0.826190710067749
0.5577168464660645
0.6376566290855408
0.8043918609619141
0.7401449680328369
0.4394517242908478
0.720525860786438
0.7837897539138794
0.5151044130325317
0.8425172567367554
0.7626298666000366
0.8777186870574951
0.7603977918624878
0.7466490268707275
0.774748682975769
0.19688192009925842
0.750045657157898
0.8071504831314087
0.7061008214950562
0.461753249168396
0.8704686164855957
0.5563653111457825
0.6472535133361816
0.3914724290370941
0.5286278128623962
0.702082633972168
0.2581009268760681
0.7963080406188965
0.8383440971374512
0.8263814449310303
0.6886551380157471
0.8988238573074341
0.18280529975891113
0.8079137802124023
0.49648475646972656
0.7916102409362793
0.3312290906906128
0.7647684812545776
0.5276368260383606
0.6383672952651978
0.825497031211853
0.8450608253479004
0.5701131820678711
0.6418445110321045
0.636405348777771
0.6202017664909363
0.4956114590167999
0.8029623031616211
0.6768054962158203
0.7969237565994263
0.5910744667053223
0.30684179067611694
0.633659839630127
0.7464077472686768
0.3470839858055115
0.7971756458282471
0.5877000093460083
0.1886221319437027
0.7982339859008789
0.6209765672683716
0.8682394027709961
0.8791320323944092
0.7641105651855469
0.6265069246292114
0.849496603012085
0.7596120834350586
0.4126560389995575
0.8359342813491821
0.11714649200439453
0.7637823820114136
0.7076759934425354
0.2300320267677307
0.6802201271057129
0.56592857837677
0.7839624881744385
0.3504917025566101
0.30717068910598755
0.5841178894042969
0.8843648433685303
0.26636558771133423
0.690464973449707
0.7353700399398804
0.6380203366279602
0.7398980855941772
0.7770568132400513
0.908913254737854
0.25629106163978577
0.7874007225036621
0.7326211929321289
0.9069604873657227
0.6489152908325195
0.6671475172042847
0.46955010294914246
0.5577658414840698
0.8874804973602295
0.7989987134933472
0.5311932563781738
0.6288244724273682
0.686539888381958
0.6130807399749756
0.7011528015136719
0.1421709954738617
0.46574440598487854
0.26882314682006836
0.2592637538909912
0.8289270401000977
0.792913556098938
0.7570773363113403
0.6092751026153564
0.8279659748077393
0.39241111278533936
0.5654052495956421
0.759212851524353
0.5676507949829102
0.8379936218261719
0.7685081958770752
0.4912758767604828
0.7805296182632446
0.5898499488830566
0.7316006422042847
0.5569318532943726
0.6948791742324829
0.9474442005157471
0.5240424871444702
0.8095932006835938
0.8519816398620605
0.7202426195144653
0.6313858032226562
0.3168777525424957
0.5111599564552307
0.7171998023986816
0.7015516757965088
0.670357346534729
0.5683071613311768
0.7469491958618164
0.3289155662059784
0.846790075302124
0.48298409581184387
0.43208014965057373
0.5902999639511108
0.5341936349868774
0.7176294326782227
0.7874976396560669
0.6956496238708496
0.43245893716812134
0.5663623809814453
0.6984887719154358
0.5423917770385742
0.8602368831634521
0.8210000991821289
0.7060062885284424
0.8402916193008423
0.8830713033676147
0.2490912824869156
0.36216455698013306
0.45596078038215637
0.34132158756256104
0.433131605386734
0.7713320255279541
0.5852276086807251
0.435518741607666
0.6893447637557983
0.48193955421447754
0.7716505527496338
0.851441502571106
0.583800196647644
0.7621492147445679
0.7672791481018066
0.8630576133728027
0.7020083069801331
0.3413304388523102
0.6301587820053101
0.6436705589294434
0.5965540409088135
0.566531777381897
0.8236756324768066
0.5856409072875977
0.726436972618103
0.8048899173736572
0.8087435960769653
0.35701122879981995
0.6467138528823853
0.7024683952331543
0.8394763469696045
0.6896176338195801
0.42069339752197266
0.7743697166442871
0.70289546251297
0.7905938625335693
0.7747853994369507
0.6710616946220398
0.760675311088562
0.6522216796875
0.547701358795166
0.3873324394226074
0.44556236267089844
0.6644831895828247
0.5573232173919678
0.8094100952148438
0.6460033655166626
0.7705713510513306
0.18563510477542877
0.48017504811286926
0.27490097284317017
0.5518152713775635
0.5077610015869141
0.4577275514602661
0.7874408960342407
0.6779628992080688
0.7726312875747681
0.6056634187698364
0.867084264755249
0.3377893567085266
0.7657747268676758
0.7635519504547119
0.277615487575531
0.17713037133216858
0.5787142515182495
0.7570576667785645
0.8235738277435303
0.6448189616203308
0.8233777284622192
0.7100691795349121
0.8011103868484497
0.8536934852600098
0.8676794767379761
0.751049280166626
0.366227924823761
0.5664780139923096
0.8031376600265503
0.39089471101760864
0.5717002153396606
0.5862393379211426
0.6555231809616089
0.763225793838501
0.8073590993881226
0.3019416928291321
0.8200761079788208
0.28381872177124023
0.7206140756607056
0.7692553997039795
0.7484748363494873
0.11185251176357269
0.6295751333236694
0.5847421884536743
0.8139208555221558
0.7328331470489502
0.7029976844787598
0.6486724615097046
0.7581698894500732
0.587693452835083
0.42802882194519043
0.6124379634857178
0.24136468768119812
0.5272303819656372
0.7465859651565552
0.6498795747756958
0.7184048891067505
0.7202470302581787
0.29808175563812256
0.4938304126262665
0.5269767045974731
0.7998219728469849
0.4436178207397461
0.7858513593673706
0.8421735763549805
0.7846783399581909
0.6175455451011658
0.7066926956176758
0.8544470071792603
0.5188637971878052
0.3808062672615051
0.4190613627433777
0.7380541563034058
0.7880642414093018
0.7822971343994141
0.41042035818099976
0.7747455835342407
0.7747679948806763
0.8026221990585327
0.25633853673934937
0.5039112567901611
0.46738314628601074
0.45031121373176575
0.664948582649231
0.5595694780349731
0.5611530542373657
0.7674425840377808
0.7378666400909424
0.812300443649292
0.792066216468811
0.8403667211532593
0.8126254081726074
0.28061115741729736
0.26877954602241516
0.7565218210220337
0.39302414655685425
0.4457383453845978
0.7920006513595581
0.849177360534668
0.5525901317596436
0.7108502388000488
0.5257408618927002
0.31246697902679443
0.7334598302841187
0.7901661396026611
0.28400707244873047
0.3772992193698883
0.5106233358383179
0.7933790683746338
0.6209045648574829
0.6644235849380493
0.8483694791793823
0.6745745539665222
0.6781858205795288
0.7977651357650757
0.4281376004219055
0.7759629487991333
0.7678017616271973
0.4450848698616028
0.5896798372268677
0.811955451965332
0.8764389753341675
0.5753644704818726
0.5794960260391235
0.2510470747947693
0.8697842359542847
0.7813118696212769
0.45030924677848816
0.2563515603542328
0.7740747928619385
0.8702419996261597
0.6660265922546387
0.55079185962677
0.6840294599533081
0.7863482236862183
0.7779543399810791
0.8247251510620117
0.5982071161270142
0.5842021107673645
0.8171999454498291
0.4801845848560333
0.39807969331741333
0.2891436219215393
0.5913156270980835
0.846782922744751
0.2686854302883148
0.814087986946106
0.5756169557571411
0.8559666872024536
0.7385854721069336
0.6643508076667786
0.6438579559326172
0.8004775047302246
0.772432804107666
0.6586493253707886
0.7750411033630371
0.4622235596179962
0.40237027406692505
0.6696233749389648
0.2789808213710785
0.5536772012710571
0.8307676315307617
0.5973433256149292
0.8208727836608887
0.798263430595398
0.31226199865341187
0.8418549299240112
0.785346508026123
0.597055196762085
0.6065678596496582
0.39427244663238525
0.5283795595169067
0.20887306332588196
0.8105517625808716
0.4937794506549835
0.30098649859428406
0.8068534135818481
0.7299423217773438
0.5927896499633789
0.871977686882019
0.45106881856918335
0.7687356472015381
0.8136366605758667
0.7015519142150879
0.5322558283805847
0.5598548650741577
0.7248913049697876
0.7719317674636841
0.19795538485050201
0.8597615957260132
0.8134428262710571
0.639177143573761
0.7401332855224609
0.5995520353317261
0.7448561191558838
0.7644271850585938
0.7648088932037354
0.7893790006637573
0.8286808729171753
0.7267582416534424
0.6594873070716858
0.7048059105873108
0.6222278475761414
0.79026198387146
0.7831457853317261
0.6647740602493286
0.8251655101776123
0.7603508234024048
0.7902626991271973
0.832571268081665
0.7886028289794922
0.40025362372398376
0.616439938545227
0.6901037693023682
0.7986266613006592
0.7373284101486206
0.8072412014007568
0.29733163118362427
0.19784915447235107
0.8309245109558105
0.6979520916938782
0.6361820697784424
0.6044893264770508
0.7509486675262451
0.8107657432556152
0.7286350727081299
0.8657716512680054
0.6783345937728882
0.27154290676116943
0.15238939225673676
0.7991290092468262
0.763758659362793
0.7190506458282471
0.7314044237136841
0.7597676515579224
0.19841067492961884
0.752732515335083
0.7296328544616699
0.7366758584976196
0.3676769733428955
0.7242919206619263
0.8847181797027588
0.5646436214447021
0.7869555950164795
0.37534675002098083
0.4137755334377289
0.3641960620880127
0.41747570037841797
0.5356024503707886
0.48259416222572327
0.8455369472503662
0.8340780735015869
0.7350642681121826
0.7578873634338379
0.7129544019699097
0.8611478805541992
0.6993085145950317
0.5412725210189819
0.3907913863658905
0.8217732906341553
0.8331743478775024
0.3263166844844818
0.8809268474578857
0.6848775148391724
0.5454727411270142
0.7965490818023682
0.724240779876709
0.6900702714920044
0.8182141780853271
0.5235772132873535
0.38334107398986816
0.7404147386550903
0.6978999972343445
0.7160093784332275
0.5527639389038086
0.814400315284729
0.4481024742126465
0.6237202882766724
0.8693011999130249
0.7125511169433594
0.84869384765625
0.7387012243270874
0.7504805326461792
0.1091734990477562
0.4240174889564514
0.8064907789230347
0.5497719049453735
0.7687186002731323
0.8051592111587524
0.8432979583740234
0.7296082973480225
0.7710815668106079
0.8423840999603271
0.8861000537872314
0.34522825479507446
0.5891625881195068
0.612720787525177
0.6679377555847168
0.49957191944122314
0.6642599105834961
0.820001482963562
0.7853341102600098
0.7564316987991333
0.7985837459564209
0.7200021743774414
0.8351901769638062
0.7999310493469238
0.6003866195678711
0.8392375707626343
0.8271369934082031
0.8430927991867065
0.7119706869125366
0.8724939823150635
0.6916506290435791
0.7553781270980835
0.19092002511024475
0.718970775604248
0.2075035572052002
0.7851274013519287
0.12804195284843445
0.6317157745361328
0.7586607933044434
0.806078314781189
0.8107221126556396
0.6637696027755737
0.8785868883132935
0.8556699752807617
0.6825433969497681
0.5100762844085693
0.7279294729232788
0.5775943994522095
0.6549750566482544
0.37432044744491577
0.22541159391403198
0.7929339408874512
0.6680035591125488
0.2686269283294678
0.7585690021514893
0.6035699844360352
0.8410050868988037
0.6618610620498657
0.7163259983062744
0.614978551864624
0.5778999328613281
0.446078896522522
0.2626378834247589
0.6336731910705566
0.3518657982349396
0.6751070022583008
0.6386508941650391
0.3256092965602875
0.6299844980239868
0.7601603269577026
0.7288609743118286
0.634139895439148
0.796906590461731
0.2830163538455963
0.3812633752822876
0.9230729341506958
0.8060399293899536
0.6396071910858154
0.8398128747940063
0.5936639308929443
0.16695089638233185
0.7931007146835327
0.7446045875549316
0.7717019319534302
0.7114657759666443
0.6434136629104614
0.3534163236618042
0.6052427887916565
0.6638407111167908
0.7804644107818604
0.6547849774360657
0.5751006603240967
0.7895878553390503
0.691254734992981
0.40441352128982544
0.47398367524147034
0.33007141947746277
0.787792444229126
0.4450196921825409
0.50935959815979
0.8654357194900513
0.6460679769515991
0.7235407829284668
0.8681905269622803
0.7087914943695068
0.5839760899543762
0.7308098077774048
0.7786910533905029
0.8028004169464111
0.8035112619400024
0.6206603050231934
0.820631742477417
0.4583222568035126
0.6963918805122375
0.8540992736816406
0.6523727178573608
0.15449637174606323
0.6258831024169922
0.8390179872512817
0.6831108927726746
0.7933133840560913
0.8507652282714844
0.771609902381897
0.7308523654937744
0.6904412508010864
0.6001225709915161
0.7305853366851807
0.693300724029541
0.6630922555923462
0.7977770566940308
0.4640980064868927
0.7136423587799072
0.31838157773017883
0.898067831993103
0.7587406635284424
0.8530926704406738
0.5709881782531738
0.6388159394264221
0.6345360279083252
0.8646310567855835
0.11828728020191193
0.7978415489196777
0.6103237271308899
0.5803356170654297
0.7793382406234741
0.5879107713699341
0.4637947678565979
0.6736176013946533
0.8232752084732056
0.8725495338439941
0.7180737257003784
0.6333403587341309
0.7123922109603882
0.834114670753479
0.694004237651825
0.7872104644775391
0.7435483932495117
0.4407489597797394
0.7839450836181641
0.7787773609161377
0.6974867582321167
0.6585149168968201
0.6406639814376831
0.7832967042922974
0.59303879737854
0.8800220489501953
0.7994019985198975
0.7003076076507568
0.7923740148544312
0.21906830370426178
0.6983370780944824
0.6430917382240295
0.606918454170227
0.7034450769424438
0.9112638235092163
0.46339595317840576
0.5932161211967468
0.6174876689910889
0.9128493070602417
0.7624518871307373
0.7659950256347656
0.7630505561828613
0.8515965938568115
0.7876428365707397
0.740584135055542
0.8508667945861816
0.801334023475647
0.8612871170043945
0.6843221187591553
0.8200639486312866
0.7440212965011597
0.2667878270149231
0.7092976570129395
0.7979329824447632
0.648926854133606
0.6929312944412231
0.7527598142623901
0.5976475477218628
0.6718175411224365
0.5343087911605835
0.7656229734420776
0.6282751560211182
0.751595139503479
0.679063081741333
0.765386700630188
0.5633385181427002
0.7954981327056885
0.7323181629180908
0.43437162041664124
0.8257961273193359
0.5953774452209473
0.7083327770233154
0.7084975242614746
0.7436970472335815
0.5742928981781006
0.715043306350708
0.6225671768188477
0.8446012735366821
0.7478460073471069
0.6079835891723633
0.8039733171463013
0.5037665367126465
0.8695242404937744
0.4573482871055603
0.5346139073371887
0.8344762325286865
0.7198882102966309
0.7533450126647949
0.2514527440071106
0.5086246728897095
0.7448937892913818
0.8191299438476562
0.7512377500534058
0.8642525672912598
0.623403787612915
0.41328373551368713
0.7784547805786133
0.7552390098571777
0.7724505662918091
0.686799943447113
0.7798655033111572
0.7587758302688599
0.5134024620056152
0.35088807344436646
0.5047841668128967
0.7001521587371826
0.7581175565719604
0.7259602546691895
0.8392900228500366
0.6127306222915649
0.3792002201080322
0.8055704832077026
0.5953174829483032
0.7408981323242188
0.49498167634010315
0.36992254853248596
0.710039496421814
0.6455801725387573
0.7387304306030273
0.6825546622276306
0.8948981761932373
0.8211052417755127
0.7564212083816528
0.6305174827575684
0.8161481618881226
0.4626385569572449
0.7824461460113525
0.7793129682540894
0.5798132419586182
0.2666226625442505
0.7028971910476685
0.5321016907691956
0.7216055393218994
0.7379399538040161
0.7311207056045532
0.714910626411438
0.5968924760818481
0.6595672369003296
0.6437350511550903
0.7983698844909668
0.8106603622436523
0.6129367351531982
0.5763541460037231
0.761643648147583
0.5942766666412354
0.685756266117096
0.38013845682144165
0.6731825470924377
0.646571159362793
0.6927134990692139
0.7697831392288208
0.4884284436702728
0.7285209894180298
0.6655987501144409
0.5725771188735962
0.6643499135971069
0.7115745544433594
0.6177895069122314
0.3891773223876953
0.5092151165008545
0.7557580471038818
0.8032010793685913
0.8022992610931396
0.6255985498428345
0.44371238350868225
0.39218205213546753
0.3035847246646881
0.22700460255146027
0.35843580961227417
0.672838568687439
0.2117082178592682
0.8726271390914917
0.7780201435089111
0.8257544040679932
0.7347352504730225
0.6992191076278687
0.5042219161987305
0.6374317407608032
0.7422840595245361
0.7302718162536621
0.8098925352096558
0.8204706907272339
0.3278851807117462
0.35653454065322876
0.8384907245635986
0.7006150484085083
0.581895112991333
0.6462646722793579
0.5000690221786499
0.774832010269165
0.8268684148788452
0.24307246506214142
0.3487490117549896
0.46438533067703247
0.38621872663497925
0.4323832392692566
0.7986065149307251
0.7411320209503174
0.8436170816421509
0.6879526376724243
0.63483726978302
0.5278110504150391
0.8059742450714111
0.5487436056137085
0.9168821573257446
0.42735975980758667
0.7713925838470459
0.7000707387924194
0.6819748878479004
0.8125622272491455
0.7192238569259644
0.6138341426849365
0.561678409576416
0.6076571941375732
0.5725994110107422
0.7431389093399048
0.3936956524848938
0.5735666155815125
0.5634286403656006
0.7628779411315918
0.8353209495544434
0.7883456945419312
0.6191296577453613
0.7595685720443726
0.8261162042617798
0.7326511144638062
0.5048667788505554
0.24310074746608734
0.43799665570259094
0.714460015296936
0.6066547632217407
0.5521073341369629
0.7726744413375854
0.5737513303756714
0.6087496876716614
0.4314798414707184
0.7092093229293823
0.8112717866897583
0.7259583473205566
0.6912025213241577
0.7232722043991089
0.5510662794113159
0.715246319770813
0.4456055760383606
0.6041829586029053
0.7610925436019897
0.575474739074707
0.7238924503326416
0.6064278483390808
0.6309462785720825
0.8428274393081665
0.7344422340393066
0.5003153085708618
0.7715102434158325
0.6451248526573181
0.46989572048187256
0.7180358171463013
0.7106508016586304
0.7870675325393677
0.5836520195007324
0.7972526550292969
0.656366229057312
0.4899456799030304
0.7717294692993164
0.47994938492774963
0.7897524833679199
0.4036639928817749
0.7976580858230591
0.795612096786499
0.75645911693573
0.756855845451355
0.7752219438552856
0.5022695064544678
0.6693242788314819
0.3278334140777588
0.8382039070129395
0.7915256023406982
0.7221378087997437
0.6759455800056458
0.2922331392765045
0.7959873676300049
0.4291960597038269
0.6652513742446899
0.37666529417037964
0.42021870613098145
0.4837803244590759
0.6988801956176758
0.28732651472091675
0.8161331415176392
0.8414596319198608
0.6501568555831909
0.6281852722167969
0.6636201739311218
0.6831785440444946
0.6913775205612183
0.6184319853782654
0.7783231735229492
0.775473952293396
0.8186353445053101
0.4875451624393463
0.5366894006729126
0.7412031888961792
0.6132403016090393
0.6855560541152954
0.46439945697784424
0.7922987937927246
0.6780651211738586
0.5486437082290649
0.569940447807312
0.8012598752975464
0.7605202198028564
0.839130163192749
0.7590587139129639
0.5728839635848999
0.6323634386062622
0.4042331278324127
0.4462210536003113
0.7295142412185669
0.5095217227935791
0.3667011857032776
0.8348078727722168
0.652824878692627
0.7395733594894409
0.4200949966907501
0.7366907596588135
0.6484853625297546
0.5486346483230591
0.5089908242225647
0.6695982813835144
0.7522526979446411
0.8481090068817139
0.7150543928146362
0.8162871599197388
0.5181936621665955
0.7808084487915039
0.7190443277359009
0.2774089574813843
0.7906004190444946
0.39443182945251465
0.4577184021472931
0.6149691343307495
0.7678356170654297
0.5945740938186646
0.7461583614349365
0.7176831960678101
0.7077056169509888
0.6871880888938904
0.8660426139831543
0.7471163272857666
0.7324379682540894
0.7072006464004517
0.6019458770751953
0.7640683650970459
0.8830584287643433
0.7104546427726746
0.6238158941268921
0.6908096075057983
0.9048715829849243
0.8276525735855103
0.8417525291442871
0.7804751396179199
0.6916382312774658
0.740607500076294
0.6907861232757568
0.48260268568992615
0.7153817415237427
0.8315480947494507
0.58141028881073
0.7499868869781494
0.8490265607833862
0.39883744716644287
0.7935832738876343
0.6998864412307739
0.8118860721588135
0.41438037157058716
0.6839855909347534
0.8486472368240356
0.8407144546508789
0.8189868927001953
0.8507994413375854
0.7300323247909546
0.7943236827850342
0.826482892036438
0.853036642074585
0.6817007064819336
0.7311170101165771
0.7796198129653931
0.6168148517608643
0.6044262647628784
0.6223589181900024
0.344908207654953
0.7035029530525208
0.8349281549453735
0.7215800285339355
0.8196096420288086
0.6745942831039429
0.651070773601532
0.744134783744812
0.8811013698577881
0.851995587348938
0.5431820154190063
0.9363782405853271
0.8604888916015625
0.8354851007461548
0.8228362798690796
0.7550406455993652
0.7075382471084595
0.25952547788619995
0.5606300830841064
0.755607008934021
0.8038575649261475
0.6674857139587402
0.6250648498535156
0.7294981479644775
0.8692830801010132
0.8200974464416504
0.7853100299835205
0.4504789113998413
0.6639797687530518
0.6238065958023071
0.6923309564590454
0.6991761922836304
0.3943077325820923
0.4472695291042328
0.8559302091598511
0.6062999963760376
0.5939948558807373
0.5358278155326843
0.3202941119670868
0.5900799036026001
0.7347334623336792
0.8292359113693237
0.653346061706543
0.7748204469680786
0.6414240598678589
0.7680386304855347
0.8225091695785522
0.6592743396759033
0.7282136678695679
0.6292771100997925
0.7309409379959106
0.6061320900917053
0.22160229086875916
0.46659228205680847
0.8402200937271118
0.4020116925239563
0.5562598705291748
0.6534824371337891
0.7157107591629028
0.6490716934204102
0.6642554998397827
0.3609291911125183
0.6272786855697632
0.7169977426528931
0.5073428153991699
0.7844921350479126
0.8864580392837524
0.7309505939483643
0.41176021099090576
0.5458493232727051
0.3779776990413666
0.6417819261550903
0.6188121438026428
0.7472745180130005
0.7345157861709595
0.21058906614780426
0.4881199896335602
0.7995314598083496
0.479859858751297
0.847091555595398
0.4497072100639343
0.46865114569664
0.6328984498977661
0.7460153102874756
0.8035844564437866
0.7302259206771851
0.5477520227432251
0.5366860628128052
0.6373767852783203
0.7246185541152954
0.8084506988525391
0.6038973331451416
0.21151947975158691
0.38177019357681274
0.35744839906692505
0.7621474266052246
0.7700746059417725
0.6247824430465698
0.6883339881896973
0.5469751358032227
0.8378472328186035
0.6339997053146362
0.9329807758331299
0.8116037845611572
0.5527855753898621
0.7757413387298584
0.4143715500831604
0.8455278873443604
0.8478641510009766
0.41302230954170227
0.7674705982208252
0.5647722482681274
0.4212009310722351
