0.4024951756000519
0.5351219773292542
0.5409379601478577
0.3040848970413208
0.48950740694999695
0.5748670697212219
0.46172165870666504
0.06524817645549774
0.1641101837158203
0.28166133165359497
0.04482204467058182
0.3494512736797333
0.20207732915878296
0.10125778615474701
-0.04545130580663681
0.2189294546842575
0.11485505104064941
0.5069883465766907
0.47232699394226074
0.3323366343975067
0.06737841665744781
0.22409574687480927
0.4013781249523163
0.5622465014457703
0.19372351467609406
0.5286498069763184
0.6572756767272949
0.6074754595756531
0.4757290184497833
-0.002695603296160698
0.24281051754951477
0.25034818053245544
0.45619267225265503
0.05921938642859459
0.6422398686408997
0.5223783850669861
0.5205349922180176
0.21334463357925415
0.4644773304462433
0.3128635287284851
0.7022748589515686
0.6683329939842224
0.4141484797000885
0.5359341502189636
0.5109835267066956
0.226744145154953
0.4966979920864105
0.06590865552425385
0.18184363842010498
0.3280247449874878
-0.001903984695672989
0.5359018445014954
0.041919317096471786
0.86948162317276
0.6377401351928711
0.054429423063993454
0.35473960638046265
0.13734667003154755
0.7343300580978394
0.05443882569670677
0.5880177617073059
0.5635464787483215
0.636357307434082
0.4246881902217865
0.4479868412017822
-0.02767886593937874
0.3788444697856903
0.4530040919780731
0.37017491459846497
0.5000099539756775
0.4344457983970642
0.6018834114074707
0.5771941542625427
0.3843294084072113
0.22193434834480286
0.1161109060049057
0.6159030199050903
0.6075186133384705
0.6249358057975769
0.5827120542526245
0.5477706789970398
0.5837154984474182
0.43389007449150085
0.5094684958457947
0.3505413234233856
0.6048288345336914
0.3108930289745331
0.4201883375644684
0.30992019176483154
0.5577375292778015
0.5129736661911011
0.2609424889087677
0.28052884340286255
0.40920647978782654
0.1176205426454544
0.34668126702308655
0.510265052318573
0.8220292329788208
0.5138571262359619
0.4928499758243561
0.43133053183555603
0.5364556908607483
0.0836285799741745
0.01590656116604805
0.011398619040846825
0.4891343414783478
0.46491190791130066
0.05854339525103569
0.4008524715900421
0.43989065289497375
0.16282416880130768
0.2649354040622711
0.47598591446876526
0.5058978796005249
0.3124291002750397
0.23493821918964386
0.2579369843006134
0.34201735258102417
0.13486003875732422
0.40236738324165344
0.5214305520057678
0.5507750511169434
0.527187705039978
0.6957359910011292
0.44036605954170227
0.48012837767601013
0.4925982654094696
0.32994768023490906
0.562572181224823
0.47975224256515503
0.11774057149887085
0.6234752535820007
0.3454301059246063
0.2434864044189453
0.3723212778568268
0.39741843938827515
0.46896854043006897
0.5254536271095276
0.24622926115989685
0.23244622349739075
0.5966292023658752
0.1397622972726822
0.40511953830718994
0.18000425398349762
0.5550826787948608
0.30320754647254944
0.3959459662437439
0.02435087412595749
0.23087379336357117
0.027949508279561996
0.7533686757087708
0.7408403754234314
0.4969851076602936
0.39262449741363525
0.37397733330726624
0.5071040987968445
0.31522902846336365
0.2322562038898468
0.569804847240448
0.20930641889572144
0.1236359179019928
0.5761960744857788
0.6842402815818787
0.4337324798107147
0.6277477145195007
0.1453443467617035
0.17629820108413696
0.36741092801094055
0.30623120069503784
0.44059428572654724
0.4765261709690094
0.41521814465522766
0.6459044814109802
0.25598078966140747
0.1119997501373291
0.2943858504295349
0.09830285608768463
0.5996406674385071
0.265564888715744
0.5035607814788818
0.5206464529037476
-0.006124425679445267
0.5996699333190918
0.06465485692024231
0.45414820313453674
0.4295334815979004
0.3877536654472351
0.5157329440116882
0.32374992966651917
0.5389679074287415
0.536182701587677
0.5084993243217468
0.10497286915779114
0.3101094663143158
0.5041053891181946
0.4182136654853821
0.42413070797920227
0.4422076642513275
0.4316847026348114
0.6772336959838867
0.4912833869457245
0.5306194424629211
0.5416496396064758
0.0017108488827943802
0.2059984803199768
0.10479158163070679
0.2077130526304245
0.31081798672676086
0.4587356448173523
0.17708060145378113
0.38435646891593933
0.3946826756000519
0.5608491897583008
0.4541761875152588
0.252333402633667
0.310558021068573
0.1858055293560028
0.49360087513923645
0.27433905005455017
0.517751157283783
0.3386172354221344
0.48883137106895447
0.13943840563297272
0.45225295424461365
0.37116333842277527
0.3082430064678192
0.4566302001476288
0.477480411529541
0.24888178706169128
0.8159728646278381
0.4258978068828583
0.6471156477928162
0.4864669442176819
0.19442270696163177
0.39009711146354675
-0.02588725835084915
0.41244760155677795
0.5352587699890137
0.2068752944469452
0.3055523633956909
0.42610809206962585
0.6222359538078308
0.4914461672306061
0.5235787630081177
0.6340042948722839
0.5576093792915344
0.27821144461631775
0.013821929693222046
0.4556819200515747
0.4151545763015747
0.42018821835517883
0.4374716281890869
0.28096356987953186
0.17847512662410736
0.48179325461387634
0.5272477269172668
0.296185702085495
0.3713342845439911
0.40723302960395813
0.5356850624084473
0.504865825176239
0.24685874581336975
0.3722906708717346
0.7192233204841614
0.382619172334671
0.5043246150016785
0.43441829085350037
0.5335167646408081
0.030839379876852036
0.7535523772239685
0.5057289004325867
0.634025514125824
0.4423139691352844
0.36643412709236145
0.22127902507781982
0.5538659691810608
0.05878268554806709
0.4955095946788788
0.4897405207157135
0.18504273891448975
-0.004813250154256821
0.37866371870040894
0.6011070609092712
0.11478763818740845
0.3509632647037506
0.6676080822944641
0.11995713412761688
0.4419678747653961
0.45198318362236023
0.38289913535118103
0.5854836106300354
0.6510506272315979
0.23780140280723572
0.10276831686496735
0.39455074071884155
0.43443435430526733
0.663506805896759
0.23863576352596283
0.04623207449913025
0.47475293278694153
0.6026978492736816
0.4711850881576538
-0.012497074902057648
0.5305892825126648
0.10567378997802734
0.3728850483894348
0.14249730110168457
0.5100868940353394
0.5586876273155212
0.483276903629303
0.5813886523246765
0.004671487025916576
0.45525863766670227
0.25600674748420715
0.43730416893959045
0.4726123511791229
0.43075934052467346
0.2876273989677429
0.11568477749824524
0.6235605478286743
0.19864824414253235
0.16350127756595612
0.09278206527233124
0.3795614540576935
0.4595243036746979
0.22976261377334595
0.5009334683418274
0.43959176540374756
0.5691538453102112
0.5915904641151428
0.5408962368965149
0.31619948148727417
0.4530695676803589
0.4536075294017792
0.2987714111804962
0.4590517580509186
0.38278377056121826
0.36521580815315247
0.3563784062862396
0.6500301957130432
0.4226124584674835
0.0528191439807415
0.4727337062358856
0.3512323200702667
0.25494787096977234
0.4627542495727539
0.6414697170257568
0.6868043541908264
0.3307257890701294
0.2620735764503479
0.33158519864082336
0.44757750630378723
0.2785881459712982
0.4088068902492523
0.526901125907898
0.5055791735649109
0.07683208584785461
0.16268329322338104
0.4821576774120331
0.1440156102180481
0.5001761317253113
0.5008031725883484
0.43269017338752747
0.7300587296485901
0.5141980051994324
0.32157379388809204
0.5343456864356995
0.3433019816875458
0.08463992178440094
0.5964697599411011
0.35291364789009094
0.5204898715019226
0.3362134099006653
0.0771501362323761
0.3898555040359497
0.06141582503914833
0.31420835852622986
0.2683457136154175
0.1875736266374588
0.3312745988368988
0.43973615765571594
0.18666931986808777
0.37584570050239563
0.23463307321071625
0.34706029295921326
0.588726282119751
0.34043651819229126
0.3964225649833679
0.450936883687973
0.12554417550563812
0.38956648111343384
0.3552846312522888
0.35597971081733704
0.2948867380619049
0.528477668762207
0.1520739495754242
0.3740382790565491
0.3828233778476715
0.5378898978233337
0.11117784678936005
0.3740648329257965
0.4203745424747467
0.6237253546714783
0.5226354002952576
0.38694795966148376
0.1924617886543274
0.3640435039997101
0.355518639087677
0.5467081069946289
0.2684116065502167
0.5118876099586487
0.392508864402771
0.40834882855415344
0.4529753029346466
0.476144939661026
0.5574777722358704
0.28151336312294006
0.6405724883079529
0.5588660836219788
0.1498004049062729
0.14244821667671204
0.6339027285575867
0.5860370993614197
0.5625964403152466
0.2818952202796936
0.5023403763771057
0.5750210881233215
0.4240650236606598
0.540550708770752
0.41213786602020264
-0.006387852132320404
0.4429703652858734
0.4198881983757019
0.6074668169021606
0.40032967925071716
0.44771090149879456
0.08901078999042511
0.5502080917358398
0.12034609913825989
0.5536813139915466
0.050889331847429276
0.4344688653945923
0.09484066069126129
0.4764975607395172
0.4137597978115082
0.3966880738735199
-0.03871319815516472
0.2817988097667694
0.4316640794277191
0.48760753870010376
0.6458236575126648
0.060481879860162735
0.4262857735157013
0.6725015044212341
0.3142504096031189
0.4619491994380951
0.3390893042087555
0.35167038440704346
0.024755503982305527
0.563742458820343
0.12100812792778015
0.2639572322368622
0.46395644545555115
0.5635600090026855
0.4010288417339325
0.3922719955444336
0.4831352233886719
0.4723530411720276
0.6463555693626404
0.2272709608078003
0.15708623826503754
0.4488282799720764
0.5585275888442993
0.528419554233551
0.48435530066490173
0.45001742243766785
0.653628408908844
0.20874564349651337
0.4430864751338959
0.29607778787612915
0.6486776471138
0.15524335205554962
0.35413679480552673
0.35412779450416565
0.3004920184612274
0.028925012797117233
0.02543114498257637
0.5906843543052673
0.15524479746818542
0.559226393699646
0.7286638617515564
0.5615177154541016
0.32353994250297546
0.2141033113002777
0.49397894740104675
0.26800158619880676
0.6810774207115173
0.22214794158935547
0.5098146796226501
0.11554943025112152
0.1792510449886322
0.5312946438789368
0.6503781080245972
0.38746553659439087
0.2650255262851715
0.5114200711250305
0.35294783115386963
0.4674362242221832
0.12280064821243286
0.0813106894493103
-0.020389940589666367
0.2672002613544464
0.7719264626502991
0.5567432641983032
0.4195553660392761
0.49068382382392883
0.28892678022384644
0.23812171816825867
0.6008931994438171
0.5452604293823242
0.5414682626724243
0.5150849223136902
0.3817273676395416
0.48967882990837097
0.14723041653633118
0.5749332904815674
0.3602534234523773
0.3356839120388031
0.3140774369239807
0.5724275708198547
0.5409739017486572
0.18979692459106445
0.2267874777317047
0.39858558773994446
0.6538446545600891
0.6047233939170837
0.3301888406276703
0.156855508685112
0.5111623406410217
0.6280825138092041
0.6742979288101196
0.24575212597846985
0.5726509690284729
0.5537511706352234
0.4121324419975281
0.3135562837123871
0.43191057443618774
0.38471391797065735
0.488995760679245
0.362455278635025
0.46315351128578186
0.5498579144477844
0.5039152503013611
0.23265814781188965
0.3915135860443115
0.4613884389400482
0.585926353931427
0.41469842195510864
0.4674597978591919
0.6315897107124329
0.45458531379699707
0.2825416922569275
0.23705190420150757
0.4520473778247833
0.6161327362060547
0.4045187532901764
0.554273784160614
0.35477766394615173
0.12215504050254822
0.3102797865867615
0.12828023731708527
0.36834296584129333
0.49390801787376404
0.535507082939148
0.4953518807888031
0.7941356897354126
0.020657438784837723
0.2615220248699188
0.4963325560092926
0.6442921161651611
0.48501288890838623
0.485927939414978
0.47515201568603516
0.2893597483634949
0.40321528911590576
0.48235493898391724
0.5436588525772095
0.10823690891265869
0.32892048358917236
0.16428332030773163
0.2892429232597351
0.4255172908306122
0.27890637516975403
0.47672340273857117
0.7126700282096863
0.5771769285202026
0.30277249217033386
0.3557359576225281
0.42747607827186584
0.5668460130691528
0.5171598792076111
0.4833742380142212
0.4460621178150177
0.2564331591129303
0.4344107508659363
0.4265032112598419
0.02565988153219223
0.23137935996055603
0.21871066093444824
0.028292808681726456
0.44225767254829407
0.4484066367149353
0.1819317638874054
0.35546979308128357
0.6900967955589294
0.15529628098011017
0.36921414732933044
0.04124803468585014
0.5517295002937317
0.5143749713897705
0.15273848176002502
0.564014196395874
0.49410101771354675
0.3321661651134491
0.28056803345680237
0.20517152547836304
0.13553303480148315
0.5126520991325378
0.17549845576286316
0.363448828458786
0.5331318378448486
0.13464196026325226
0.5612420439720154
0.2972942590713501
0.09987498819828033
0.4586218595504761
0.2977358400821686
-0.02161746472120285
0.543900191783905
0.530919075012207
0.35812631249427795
0.33220914006233215
0.600128710269928
0.4676772654056549
0.387160986661911
0.08061021566390991
0.6357465982437134
0.40124863386154175
0.05214802548289299
0.6340945363044739
0.25897687673568726
0.7440386414527893
0.10394355654716492
0.48447686433792114
0.3112066388130188
0.6300580501556396
0.19650208950042725
0.4520324170589447
0.4389154314994812
0.1983492076396942
0.23148062825202942
0.16324292123317719
0.15946203470230103
0.4705789089202881
0.3031030595302582
0.2657943665981293
0.4908703863620758
0.44963347911834717
0.524296224117279
0.22514837980270386
0.4019239544868469
0.46354129910469055
-0.046240080147981644
0.4554867446422577
0.44911685585975647
0.5047889947891235
0.392276406288147
0.27327781915664673
0.5738860964775085
0.5427461266517639
0.3251754343509674
0.6325915455818176
0.24747034907341003
0.2968684732913971
0.4636625051498413
0.6185234785079956
0.5054550766944885
0.6922885775566101
0.7587642073631287
0.3368831276893616
0.507897138595581
0.5391302704811096
0.19344954192638397
0.7312218546867371
0.26624882221221924
0.34681931138038635
0.2694978415966034
0.4488559067249298
0.6326937079429626
0.549910306930542
0.33827486634254456
0.5540603399276733
0.11541393399238586
0.38358810544013977
0.2925802171230316
0.6110644936561584
0.5594700574874878
0.1458180695772171
0.3944929540157318
0.5016204118728638
0.5943495631217957
0.15973025560379028
0.5241803526878357
0.26936253905296326
0.42393362522125244
0.33904486894607544
0.3509174883365631
-0.011897120624780655
0.5509232878684998
0.6735812425613403
0.47646069526672363
0.5804071426391602
0.1873360425233841
0.24677175283432007
0.4584636092185974
0.6283389329910278
0.5681560635566711
0.6080461740493774
0.6153563261032104
0.10703204572200775
0.20643135905265808
0.17588433623313904
0.32546353340148926
0.22918465733528137
0.5362562537193298
0.17693975567817688
0.44435879588127136
0.5781223177909851
0.36964061856269836
0.5513966679573059
0.3794843256473541
0.40335479378700256
0.3912540376186371
0.4233919680118561
0.45139995217323303
0.605027973651886
0.03328429162502289
0.5501604080200195
0.34160199761390686
0.626289427280426
0.5662782788276672
0.2389572113752365
0.41575124859809875
0.09149615466594696
0.4153711497783661
0.4404461681842804
0.4886358678340912
0.16628751158714294
0.5699227452278137
0.07351090013980865
0.3992985188961029
0.21493127942085266
0.5972909331321716
0.451336145401001
0.42850548028945923
0.19879752397537231
0.47138574719429016
0.29512569308280945
0.6176937222480774
0.2465006411075592
0.8809894323348999
0.5072605013847351
0.10358944535255432
0.4781390130519867
0.2623201310634613
0.44997701048851013
0.2744145691394806
0.17654621601104736
0.579348087310791
0.4852679967880249
0.4381127655506134
0.5248278379440308
0.3657866418361664
0.1509668231010437
0.2544375956058502
0.6570412516593933
0.5151224732398987
0.4611921012401581
0.43373438715934753
0.30154797434806824
0.5931739211082458
0.4500567615032196
0.4884175956249237
0.09693540632724762
0.18890345096588135
0.4180961549282074
0.2617075443267822
0.2724587321281433
0.5330966114997864
0.342615008354187
0.3252516984939575
0.6218594908714294
0.5215898156166077
0.3721200227737427
0.3212113082408905
0.21741807460784912
0.5386799573898315
0.23084163665771484
0.2968216836452484
0.09611374139785767
0.4762900173664093
0.22470711171627045
0.2538060247898102
0.6958562731742859
0.6178091168403625
0.5097283720970154
0.3551904857158661
0.3802712857723236
0.3641277253627777
0.2541027367115021
0.2864210307598114
0.25330600142478943
0.5823408961296082
0.2713035047054291
0.08142359554767609
0.25733140110969543
0.305009663105011
0.3369026482105255
0.03562081977725029
0.27753397822380066
0.5802648067474365
0.2485198676586151
0.11929802596569061
0.3064299523830414
0.33404937386512756
0.5187134742736816
0.5610602498054504
0.4866017997264862
0.02296973019838333
0.6033442616462708
0.27504071593284607
0.4028085172176361
0.29231274127960205
0.38036492466926575
0.029989805072546005
0.7654240727424622
0.4105755090713501
0.7676944732666016
0.4628465473651886
0.5675053000450134
0.5437343716621399
0.45298653841018677
0.0071025509387254715
0.46294182538986206
0.6829850077629089
0.5805151462554932
0.07368388772010803
0.4761872887611389
0.5318241715431213
0.3314605951309204
0.432485967874527
0.44168326258659363
0.3815651834011078
0.4273875653743744
0.2735350430011749
0.42365777492523193
0.32215315103530884
0.3719460070133209
0.3011791408061981
0.37612083554267883
0.5459631085395813
0.2530072033405304
0.47731056809425354
0.294241338968277
-0.011438023298978806
0.3204400837421417
0.7491862177848816
0.37216195464134216
-0.011278688907623291
0.552096426486969
0.40967217087745667
0.06771191954612732
0.6784228682518005
0.6264494061470032
0.06125975772738457
0.46765080094337463
0.6018584966659546
0.4058808386325836
0.4210854470729828
0.10205592215061188
0.4820433557033539
0.27566805481910706
0.36591336131095886
0.3007083237171173
0.18105259537696838
0.3582485020160675
0.470416396856308
0.05912161245942116
0.3910766541957855
0.012568529695272446
0.22697550058364868
0.5356007218360901
0.4681152403354645
0.29430481791496277
0.4699953496456146
0.3782120645046234
0.05424156412482262
0.4964098632335663
0.45244482159614563
0.6034882664680481
0.5632693767547607
0.4179781377315521
0.2786629796028137
0.18066725134849548
0.29479995369911194
0.4664582312107086
0.3654826581478119
0.13561151921749115
0.14256656169891357
0.07470858097076416
0.2906738221645355
0.5876829028129578
0.3758174479007721
0.06054404005408287
0.3888697922229767
0.27976351976394653
0.3876895606517792
0.446744829416275
0.5408477783203125
0.20007959008216858
0.5560200810432434
0.37886708974838257
0.4727995991706848
0.7505361437797546
0.5585642457008362
0.2637641131877899
0.6017752885818481
0.3863264322280884
0.31592801213264465
0.2890505790710449
0.2571803033351898
0.32224777340888977
0.5625499486923218
0.5464304685592651
0.3974169194698334
0.4116515815258026
0.4444461762905121
0.57547527551651
0.3501869738101959
0.39630675315856934
0.3293236792087555
0.5823193192481995
0.48410913348197937
0.09961724281311035
0.40048912167549133
0.5095818638801575
0.3736736476421356
0.11279578506946564
0.37965282797813416
0.30961886048316956
0.18789106607437134
0.6319668292999268
0.49608007073402405
0.5772959589958191
0.38144370913505554
0.5092337727546692
0.39433929324150085
0.5853528380393982
0.24345922470092773
0.20850521326065063
0.6312331557273865
0.21237492561340332
0.3721124827861786
0.17925730347633362
0.09489944577217102
0.7783057689666748
0.12708234786987305
0.10363692045211792
0.7145540714263916
0.47274383902549744
0.4551609456539154
0.4286762773990631
0.543410062789917
0.3592378795146942
0.5701181888580322
0.5331159234046936
0.5774242281913757
0.3986041843891144
0.1093246340751648
0.5521321892738342
0.39523395895957947
0.34608787298202515
0.4979253113269806
0.49441269040107727
0.3878273665904999
0.4036468267440796
0.5515483617782593
0.4544619619846344
0.6238150000572205
0.14218547940254211
0.46164605021476746
0.6618694067001343
0.38604047894477844
0.5915443301200867
0.08577623963356018
0.17167970538139343
0.7374516725540161
0.5395515561103821
0.04301147162914276
0.6254286766052246
0.4057566821575165
0.40272924304008484
0.52775639295578
0.46835607290267944
0.3534616529941559
0.5382727384567261
0.0005500148981809616
0.26376888155937195
0.42917969822883606
0.33369383215904236
0.4180857837200165
0.5598084330558777
0.47019729018211365
0.25073111057281494
0.6049287915229797
0.12099076807498932
0.4307001233100891
0.5635582804679871
0.2594625651836395
0.20050229132175446
0.4333801567554474
0.3639555871486664
0.7079024314880371
0.5570786595344543
0.5400232076644897
0.5868836045265198
0.28936976194381714
0.22630515694618225
0.46254247426986694
0.7276707291603088
0.3432362377643585
0.5963725447654724
0.06880408525466919
0.6486237049102783
0.34833481907844543
0.3736255466938019
0.372091680765152
0.0346037782728672
0.41714149713516235
0.48062339425086975
0.4147906005382538
0.3963129222393036
0.6946926712989807
0.30405309796333313
0.6061099767684937
0.5144087672233582
0.4996683895587921
-0.03269433230161667
0.5460994839668274
0.2954545021057129
0.04590684548020363
0.0335763618350029
0.4940026104450226
0.45535048842430115
0.27594152092933655
0.47045668959617615
0.2980597913265228
0.03401922434568405
0.32426759600639343
0.5444097518920898
0.162369966506958
0.3426637053489685
0.27504274249076843
0.2814905047416687
0.5068156123161316
0.22898319363594055
0.7609443664550781
0.3989560008049011
0.47663459181785583
0.09980788826942444
0.6680489182472229
0.34625235199928284
0.5275100469589233
0.32507264614105225
0.5014505982398987
0.2440435290336609
0.4935290515422821
0.28890082240104675
0.5568951368331909
0.4683336019515991
0.1399669200181961
0.20026417076587677
0.3674807846546173
0.5087623596191406
0.411587655544281
0.05826040729880333
0.6354007124900818
0.26910272240638733
0.6067033410072327
0.4271850287914276
0.6089386343955994
0.6117047071456909
-0.030385443940758705
0.5147390961647034
0.6612440943717957
0.1671169251203537
0.4688476026058197
0.4181670844554901
0.09539437294006348
0.28550204634666443
0.4696437418460846
0.1498563289642334
0.6032199263572693
0.16528376936912537
0.4405333399772644
0.4294678866863251
0.5957483649253845
0.4783138334751129
0.5133375525474548
-0.023760035634040833
0.5551225543022156
0.5592800974845886
0.111879363656044
0.47295740246772766
0.7296256422996521
0.5843022465705872
0.3613416254520416
0.5562784075737
0.1296055018901825
0.5277405381202698
0.5707445740699768
0.4134158790111542
0.5361501574516296
0.43591296672821045
0.5706445574760437
0.22200191020965576
0.629334032535553
0.012670367956161499
0.22175894677639008
0.1675964593887329
0.2872985303401947
0.43324723839759827
0.28953850269317627
0.170408234000206
-0.011027703061699867
0.4818921387195587
0.38753238320350647
0.4410798251628876
0.39336907863616943
0.46650347113609314
0.5121899247169495
0.5379360318183899
0.2854931056499481
0.12036611139774323
0.1231163889169693
0.30970242619514465
0.3460541367530823
0.12566989660263062
0.5068272948265076
0.44164401292800903
0.4633387625217438
0.5084185004234314
0.4052750766277313
0.600342869758606
0.3473204970359802
0.4381692409515381
0.5330114960670471
0.13919010758399963
0.552545428276062
0.34604400396347046
0.650539219379425
0.36723044514656067
0.3338829278945923
0.17300012707710266
0.46644479036331177
0.19125671684741974
0.5098404884338379
0.5207014679908752
0.5373733043670654
0.4622047245502472
-0.010677151381969452
0.48348644375801086
0.252001017332077
0.3393104672431946
0.32357531785964966
-0.05687110126018524
0.26279574632644653
0.24989891052246094
0.5735558867454529
0.46042966842651367
0.4527115523815155
0.3463895618915558
0.4511900246143341
0.26259297132492065
0.5147478580474854
0.316287100315094
0.43595853447914124
0.6111299395561218
0.5762138366699219
0.042023371905088425
0.5443444848060608
0.6492840647697449
0.41328391432762146
0.28851237893104553
0.37456580996513367
0.47669002413749695
0.12207666039466858
0.26406827569007874
0.4091583490371704
0.45627179741859436
0.3293168842792511
0.3267931640148163
0.3723785877227783
0.32102906703948975
0.5901912450790405
0.6089841723442078
0.5075798034667969
0.4924949109554291
0.4373812973499298
0.44829151034355164
0.2671982944011688
-0.010896410793066025
0.4427110254764557
0.5149642825126648
0.21881723403930664
0.6505133509635925
0.6003433465957642
0.48408249020576477
0.18255914747714996
0.43119797110557556
0.5638154745101929
0.4560524821281433
0.42869412899017334
0.38082605600357056
0.3609471619129181
0.5721498131752014
0.5251134037971497
0.57154780626297
0.23001837730407715
0.38194921612739563
0.5001527667045593
0.4052819609642029
0.3145195543766022
0.31744271516799927
0.41251686215400696
0.2727161943912506
0.41817420721054077
0.040133073925971985
0.45489975810050964
0.35996559262275696
0.07045917212963104
0.29669466614723206
0.16523951292037964
0.4524306058883667
0.5762876272201538
0.6054325103759766
0.6040810346603394
0.6258537173271179
0.3811708986759186
0.5545448064804077
0.4365445077419281
0.4623517394065857
0.35703811049461365
0.5753745436668396
0.4328361451625824
0.6036996245384216
0.5372623801231384
0.5815417766571045
0.37566718459129333
0.23387113213539124
0.6640273332595825
0.13656020164489746
0.32185694575309753
0.286800354719162
0.03752107173204422
0.3700660169124603
0.3969244658946991
0.14708995819091797
0.4372314512729645
0.5271885991096497
0.4761788547039032
0.23931215703487396
0.5678518414497375
0.43128451704978943
0.7280243039131165
0.3412131071090698
0.4543296694755554
0.43942293524742126
0.7309311628341675
0.22528906166553497
0.38122162222862244
0.41133806109428406
0.28976958990097046
0.3963322937488556
0.40818339586257935
0.2596542537212372
0.33153900504112244
0.415711909532547
0.03615311160683632
0.47686123847961426
0.6098653674125671
0.15950249135494232
0.3184438645839691
0.33085381984710693
0.5731856226921082
0.6160969138145447
0.6388013958930969
0.5466042160987854
0.2653954327106476
0.5582241415977478
0.3868432343006134
0.6149844527244568
0.5415797829627991
0.5832260251045227
0.3630734384059906
0.33090725541114807
0.4664073884487152
0.5037714838981628
0.29862090945243835
0.3687029480934143
0.5072173476219177
0.5641030073165894
0.23256021738052368
0.5104044079780579
0.11629274487495422
-0.0041213370859622955
0.26229867339134216
0.34180769324302673
0.09295894205570221
0.11066204309463501
0.39432859420776367
0.47682830691337585
0.5035640597343445
0.4126412570476532
0.234172523021698
0.48881176114082336
0.4161096513271332
0.3830546438694
0.7044145464897156
0.5176447033882141
0.5618305802345276
0.29679933190345764
-0.018119145184755325
0.43293318152427673
0.6191002726554871
0.5363719463348389
0.2685898244380951
0.4566202461719513
0.3604898750782013
0.4057317078113556
0.2167527973651886
0.5809757709503174
0.18914029002189636
0.6460431218147278
0.3220684826374054
0.2788076102733612
0.4014767110347748
0.15385761857032776
0.15326792001724243
0.4783266484737396
0.47782447934150696
0.668611466884613
0.3622375428676605
-0.008569259196519852
0.4152791202068329
0.30136844515800476
0.4488969147205353
0.09384368360042572
0.36845695972442627
0.5394842028617859
0.3995404541492462
0.24769410490989685
0.22616350650787354
0.7393606901168823
0.4954253137111664
0.3947753608226776
0.03104507550597191
0.2670871913433075
0.4322073757648468
0.294537752866745
0.20871707797050476
0.06971509754657745
0.48004263639450073
0.4384825825691223
-0.008755151182413101
0.2610458433628082
0.24021366238594055
0.1612078845500946
0.5109922289848328
0.2545631229877472
0.4795713722705841
0.03379448875784874
0.38484880328178406
0.36349785327911377
0.33877894282341003
0.10008570551872253
0.3958616554737091
0.058957409113645554
0.6206435561180115
0.5111994743347168
0.3384939134120941
0.33933600783348083
0.18010413646697998
0.3938663899898529
0.38181859254837036
0.7097456455230713
0.6304770112037659
0.505498468875885
0.3223588466644287
0.6313000321388245
0.3531663715839386
0.1305888444185257
0.3286791443824768
0.4164983332157135
0.22551795840263367
0.1742899864912033
0.2454400360584259
0.5435090661048889
0.011660890653729439
0.4616413414478302
0.582618772983551
0.519234299659729
0.2891373932361603
0.45858654379844666
0.17603236436843872
0.4686530828475952
0.6983570456504822
0.5020803809165955
0.5525804758071899
0.5782338976860046
0.5056527256965637
0.3810137212276459
0.34516641497612
0.36173954606056213
0.45872962474823
0.208758145570755
0.5825434327125549
0.6035667061805725
0.4125262498855591
0.30077704787254333
0.2850256860256195
0.6048234701156616
0.5785178542137146
0.12664580345153809
0.30188894271850586
-0.008792073465883732
0.20077042281627655
0.2969723045825958
0.18311932682991028
-0.029641542583703995
0.3110513985157013
0.5174162983894348
0.3651677370071411
0.23244738578796387
0.009886227548122406
0.6756982207298279
0.3530016839504242
0.4064413607120514
0.10305386781692505
0.3043062090873718
0.2358126938343048
0.4706230163574219
0.43854883313179016
0.47085288166999817
0.2953476309776306
0.632250964641571
0.5450219511985779
0.11366122961044312
0.45931169390678406
0.49580010771751404
0.5454168319702148
0.4902065694332123
0.5246594548225403
0.28744393587112427
0.4572836458683014
0.11137904226779938
0.47440019249916077
0.07691605389118195
0.4076661169528961
0.5275883674621582
0.6351177096366882
0.23752127587795258
0.20610687136650085
0.478963166475296
0.07195024192333221
0.5374035835266113
0.3956466615200043
0.005564466118812561
0.7510199546813965
0.5810661911964417
0.6064059734344482
0.4191727042198181
0.10907377302646637
0.45604056119918823
0.48219063878059387
0.5138118863105774
0.6660203337669373
0.5186083912849426
0.44734758138656616
0.5227029919624329
0.1929381638765335
0.2640787661075592
0.2931646406650543
0.026093710213899612
0.4834352433681488
0.5668949484825134
0.17480221390724182
0.4060993492603302
0.5449687838554382
0.2235572338104248
0.2042161226272583
0.695314347743988
0.41734540462493896
0.4873262345790863
0.27950334548950195
0.500228226184845
0.22505393624305725
0.27234166860580444
0.33681225776672363
0.3944048583507538
0.44419220089912415
0.39882686734199524
-0.03729824721813202
0.4632349908351898
0.5609245300292969
0.49439331889152527
0.3688184320926666
0.4664253890514374
-0.03262360021471977
0.0429728664457798
0.5301023125648499
0.07361787557601929
0.7373542189598083
0.1159568727016449
0.5990978479385376
0.44379109144210815
0.39538612961769104
0.34995853900909424
0.6076496243476868
0.2946928143501282
0.25314149260520935
0.16666461527347565
0.509571373462677
0.39400699734687805
0.05888821557164192
0.49150022864341736
0.5490029454231262
0.6715222001075745
0.442348837852478
0.4929898679256439
0.6688380241394043
0.598766028881073
0.34288743138313293
0.5656337738037109
0.3754560947418213
0.4942903220653534
0.060295555740594864
0.453336626291275
0.5897967219352722
0.18060138821601868
0.04354250803589821
0.32719382643699646
0.6362058520317078
0.13100837171077728
0.22310754656791687
0.7022005319595337
0.19999739527702332
0.12045933306217194
0.40830084681510925
0.44463738799095154
0.5596756935119629
0.256277471780777
0.6297618746757507
0.17799177765846252
0.6511210799217224
0.4247559905052185
0.7082263827323914
0.27021655440330505
0.6615746021270752
0.6929497718811035
0.4318389594554901
0.5548761487007141
0.6052759289741516
0.6378461718559265
0.46786871552467346
0.47869887948036194
0.3253040611743927
0.12245418131351471
0.1520213484764099
0.6189722418785095
0.05855106934905052
0.42187997698783875
0.4008592963218689
0.43940165638923645
0.4288422763347626
0.48715412616729736
0.3195511996746063
0.5281307697296143
0.26866334676742554
0.36020827293395996
0.44284114241600037
0.35662418603897095
0.10946381092071533
0.5441849827766418
0.4618816673755646
0.5271012187004089
0.5532827377319336
0.4402155578136444
0.16094358265399933
0.029555555433034897
0.30403876304626465
0.7452043890953064
0.2897941768169403
0.34982559084892273
0.4748607575893402
0.4229925572872162
0.07190653681755066
0.58201003074646
0.4931841790676117
0.3071994483470917
0.5525275468826294
0.374616801738739
-0.008284512907266617
0.3210192620754242
0.18748228251934052
0.42514052987098694
0.6348140239715576
0.594367504119873
-0.013011597096920013
0.5762858986854553
0.1269984394311905
0.5524253845214844
0.19249391555786133
0.2518281042575836
0.5816411375999451
0.3026045858860016
0.3760993778705597
0.4156159460544586
0.44765594601631165
0.5240650177001953
0.4576040208339691
0.4576163589954376
0.19257789850234985
0.5752602219581604
0.6537577509880066
0.18172675371170044
0.579038679599762
0.49585309624671936
0.27830713987350464
0.3503902554512024
0.4877600073814392
0.5204691886901855
0.12060564756393433
0.49805667996406555
0.6508029699325562
0.3825109899044037
0.4959792196750641
0.25305116176605225
0.23981210589408875
0.5538581013679504
0.22752590477466583
0.5115841031074524
0.3691137731075287
0.46707412600517273
0.5329228639602661
0.4340592622756958
0.4406072795391083
0.3854961395263672
0.3802390992641449
0.16173669695854187
0.212327241897583
0.527677595615387
0.3597102463245392
0.13226601481437683
0.39914098381996155
0.2861733138561249
0.3408842980861664
0.4198206961154938
0.7902057766914368
0.39763715863227844
0.3629559278488159
0.47350141406059265
0.07866404950618744
0.4355979263782501
0.5933457016944885
0.332394540309906
0.593880832195282
0.6567108035087585
0.5933334231376648
0.4428359866142273
0.21373791992664337
0.41732802987098694
0.5366485714912415
0.3788676857948303
0.25853392481803894
-0.029921386390924454
0.26697880029678345
0.24558398127555847
0.4795486032962799
0.07941100001335144
0.6538406014442444
0.36379942297935486
0.48145249485969543
0.241911381483078
0.2767362892627716
-0.01006300374865532
0.5892111659049988
0.22337858378887177
0.06812067329883575
0.6621379256248474
0.26505887508392334
0.20900839567184448
0.09443490207195282
0.13257263600826263
0.1632186323404312
0.44006916880607605
-0.014112599194049835
0.5668520331382751
0.4431224763393402
0.4053751826286316
0.40672406554222107
0.4239668846130371
0.39192330837249756
0.5810990333557129
0.622964084148407
0.5826811790466309
0.675709068775177
0.34376057982444763
0.6836772561073303
0.5197649598121643
0.14831852912902832
0.5055798888206482
0.6973302960395813
0.30701354146003723
0.5863754153251648
0.6890401244163513
0.2932738661766052
0.6330745816230774
0.49936267733573914
0.17837372422218323
0.29622241854667664
0.5916040539741516
0.18185846507549286
0.16790753602981567
0.5058054327964783
0.6115277409553528
0.499482125043869
0.11343333125114441
0.3709279000759125
0.4662516117095947
0.48514968156814575
0.62680584192276
-0.03397689759731293
0.5790463089942932
0.5339828133583069
0.575698971748352
0.47775372862815857
0.44299712777137756
0.2896757423877716
0.41648754477500916
0.5384522676467896
0.12480448186397552
0.40460458397865295
0.6145095825195312
0.52828449010849
0.2610864043235779
0.5978693962097168
0.5243715643882751
0.5563560128211975
0.3779926896095276
0.15958385169506073
0.15023493766784668
0.6199905276298523
0.38846123218536377
0.38370034098625183
0.47473829984664917
0.4027714431285858
0.30319133400917053
0.020419729873538017
0.4079822599887848
0.5595800876617432
0.21602649986743927
0.4011147916316986
0.3974105417728424
0.4367079436779022
0.058091145008802414
0.3280199468135834
0.2092399150133133
0.49314484000205994
0.5169433355331421
0.3927716612815857
0.41250768303871155
0.7004532217979431
0.4679744839668274
0.12728407979011536
0.08378368616104126
0.0008914340287446976
0.4764297306537628
0.25646504759788513
0.3984592854976654
0.625847339630127
0.2048862725496292
0.4010128080844879
0.6092514395713806
0.4110112488269806
0.3330809473991394
0.43266037106513977
0.338561475276947
0.21547037363052368
0.2882433533668518
0.6102925539016724
0.31705471873283386
0.5785894989967346
0.4801694452762604
0.17097073793411255
0.6112542748451233
0.1433955430984497
0.2883262634277344
0.7063760161399841
0.2961561977863312
0.5998542904853821
0.1976703256368637
0.7036533951759338
0.4089950919151306
0.4999549090862274
0.4518078863620758
-0.022626008838415146
0.4469619691371918
0.35177621245384216
0.5924766659736633
0.688913881778717
0.4113253355026245
0.3084801137447357
0.19065293669700623
0.27125707268714905
0.41702428460121155
0.2243022322654724
0.585396945476532
0.5261235237121582
0.3476395606994629
0.38970446586608887
0.4780631363391876
0.013990361243486404
0.10962948203086853
0.3578729033470154
0.18881040811538696
0.6012254357337952
0.4357396066188812
0.3433057963848114
0.416663259267807
0.6028484106063843
0.5438867807388306
0.06871521472930908
0.356904000043869
0.5218597054481506
0.4561566114425659
0.31086963415145874
0.3479335904121399
0.42352667450904846
0.25498995184898376
0.12538295984268188
0.39726898074150085
0.5177897810935974
0.4806137979030609
0.2886776328086853
0.5806055665016174
0.30848491191864014
0.6053524613380432
0.5286580324172974
0.618407666683197
0.44879159331321716
0.4423392117023468
0.10242420434951782
0.15262867510318756
0.12760350108146667
0.4567777216434479
0.47031745314598083
0.292051762342453
0.5153982043266296
0.6027259230613708
0.053432758897542953
0.24749252200126648
0.17851313948631287
0.5871188044548035
0.38597795367240906
0.2278212010860443
0.5272476673126221
0.38423362374305725
0.5691688060760498
0.48768314719200134
0.16113807260990143
0.016800422221422195
0.7053690552711487
0.483006089925766
0.15444159507751465
0.4787920415401459
0.47789183259010315
0.5884384512901306
0.7308489680290222
0.44021254777908325
0.468126118183136
0.41696640849113464
0.42257991433143616
0.06057208403944969
0.2876769006252289
0.5886049866676331
0.4674766957759857
0.2249920517206192
0.4614274799823761
0.5337774753570557
0.5605171918869019
0.3327001631259918
0.4922127425670624
0.5722200274467468
0.727558970451355
0.7138060331344604
0.4318974018096924
0.34691452980041504
0.5003456473350525
0.5134531855583191
0.15281125903129578
0.5484353303909302
0.5599434971809387
0.4935787618160248
0.12204355001449585
0.2351384311914444
0.5739734172821045
0.6016486883163452
0.41292834281921387
0.13687629997730255
0.40081587433815
0.5531840324401855
0.578205943107605
-0.008568551391363144
0.3898918330669403
0.48502132296562195
0.5950031876564026
0.5657245516777039
0.1577792912721634
0.2700904607772827
0.23865801095962524
0.1507807821035385
-0.015718473121523857
0.4463649094104767
0.25896701216697693
0.5638266205787659
0.5222928524017334
0.3277190625667572
0.47664719820022583
0.4181758463382721
0.3997555077075958
0.21509289741516113
0.3355811536312103
0.21238133311271667
0.44302475452423096
0.46478497982025146
0.6158948540687561
0.5651017427444458
0.372312992811203
0.6647525429725647
0.4866078495979309
0.6597465872764587
0.2388787418603897
0.35874858498573303
0.5894286632537842
0.3847084939479828
0.4463091790676117
0.22197681665420532
0.6752938032150269
0.4228719472885132
0.2831331193447113
0.543204128742218
0.6482440829277039
0.5912723541259766
0.2817468047142029
0.3934426009654999
0.36886176466941833
0.4601407051086426
0.31569334864616394
0.21518856287002563
0.4112756550312042
0.21550214290618896
0.6955147385597229
0.44434282183647156
0.36278235912323
0.5101565718650818
0.6219717860221863
0.5342659950256348
0.5097827315330505
0.5156625509262085
0.5306217074394226
0.1574452817440033
0.4302864670753479
0.4364960491657257
0.3721257746219635
0.6334303021430969
0.42352303862571716
0.31290966272354126
0.38139966130256653
0.39604225754737854
0.2972487211227417
0.4167024791240692
-0.0012863315641880035
0.39501625299453735
0.13878390192985535
0.5345306992530823
0.28451547026634216
0.09480910003185272
0.11920613050460815
0.48329100012779236
0.40868207812309265
0.559213399887085
0.42299726605415344
0.20431378483772278
0.1303999274969101
0.40961840748786926
0.5607724189758301
0.5201625823974609
0.49317845702171326
0.1418473869562149
0.6824801564216614
0.3448358476161957
0.15714405477046967
0.3593815267086029
0.5139517188072205
0.3578679859638214
0.49468550086021423
0.4119756519794464
0.5409368872642517
0.5935488343238831
0.5075687766075134
0.40679600834846497
0.013065580278635025
0.7236629724502563
0.17437446117401123
0.5496909618377686
0.4956662356853485
0.4007021486759186
0.3711830675601959
0.5755383968353271
0.5440544486045837
0.285116970539093
0.5852540135383606
0.36290988326072693
0.7238689661026001
0.6413151621818542
-0.003919735550880432
0.6207556128501892
0.25329700112342834
0.2052198201417923
0.30636289715766907
0.20469658076763153
0.2068326771259308
0.21677017211914062
0.26613709330558777
0.3310183584690094
0.2033781260251999
0.3710932433605194
0.40676435828208923
0.10217718780040741
0.43541595339775085
0.5438290238380432
0.29763489961624146
0.41705191135406494
0.3330431282520294
0.02165955677628517
0.21191437542438507
0.3707042634487152
0.4611923098564148
0.4732484817504883
0.35473939776420593
0.18848662078380585
0.13828948140144348
0.16623756289482117
0.29242441058158875
0.05678608641028404
0.2048739492893219
0.2803804874420166
0.2858561873435974
0.1971408724784851
0.5853453278541565
0.45651641488075256
0.32352888584136963
0.5286701321601868
0.34022077918052673
0.3811209499835968
0.46958020329475403
0.010347126051783562
0.26601076126098633
0.30294498801231384
0.479554682970047
0.10465264320373535
0.22518320381641388
0.548395574092865
-0.018756764009594917
0.3773750364780426
0.602992832660675
0.4909796416759491
0.13288219273090363
0.4138460159301758
0.4664917588233948
-0.03117719665169716
0.13716217875480652
0.6589354276657104
0.6626361012458801
0.36544790863990784
0.04377978667616844
0.4044991731643677
0.02377733215689659
0.6112338900566101
0.36586758494377136
0.46806779503822327
0.3414323925971985
0.4763821065425873
0.4203808903694153
0.6039903163909912
0.13907699286937714
0.1987336128950119
0.19243235886096954
0.4404959976673126
0.49874845147132874
0.12383392453193665
0.36960217356681824
0.6083667874336243
0.6350026726722717
0.15474620461463928
0.4974815547466278
0.0035528279840946198
0.612223744392395
0.3568139374256134
0.18494993448257446
0.27522316575050354
0.40576639771461487
0.5884414911270142
0.5077618360519409
0.5649208426475525
0.6323861479759216
0.5807383060455322
0.3850800693035126
0.25615572929382324
0.25302207469940186
0.18971467018127441
0.3014853596687317
0.4220118522644043
0.5199386477470398
0.5294612050056458
0.490119069814682
0.11004164814949036
0.5062617063522339
0.5376490950584412
0.5961616635322571
0.39797455072402954
0.6706028580665588
0.20876094698905945
0.19899535179138184
-0.0316484309732914
0.517022430896759
0.7580147385597229
0.503939688205719
0.42974403500556946
0.30115216970443726
0.2984482944011688
0.46044084429740906
-0.02846955880522728
0.185182124376297
0.5929870009422302
0.23589777946472168
0.5312638878822327
0.5472273230552673
0.10515157878398895
0.5594422817230225
0.4071245491504669
0.721892237663269
0.44607675075531006
0.5882558226585388
0.4118255376815796
0.20505866408348083
