0.2465914636850357
0.592424213886261
0.8106763362884521
0.8268089294433594
0.4535692632198334
0.3567359149456024
0.4468480944633484
0.8815139532089233
0.8825849294662476
0.8734153509140015
0.8716979026794434
0.1915721297264099
0.31839075684547424
0.9107071161270142
0.6032899618148804
0.8647663593292236
0.31549936532974243
0.27036428451538086
0.842376708984375
0.5049896240234375
0.8772997856140137
0.3998899757862091
0.7777359485626221
0.5102893114089966
0.25101280212402344
0.6924209594726562
0.8811701536178589
0.2297288030385971
0.431071937084198
0.7009743452072144
0.23524723947048187
0.23569662868976593
0.7478020191192627
0.6664990186691284
0.21730220317840576
0.8840330839157104
0.7349333763122559
0.24721188843250275
0.6678256988525391
0.7236174941062927
0.7525769472122192
0.8102766275405884
0.6885154247283936
0.8672837018966675
0.7641721963882446
0.42323508858680725
0.2528802156448364
0.8758436441421509
0.7916712760925293
0.6506013870239258
0.8114084005355835
0.20279742777347565
0.6028168797492981
0.8914461135864258
0.23750244081020355
0.8887797594070435
0.7753503322601318
0.8015816807746887
0.9340075254440308
0.8825374841690063
0.7351046800613403
0.32024669647216797
0.6352412700653076
0.1820690929889679
0.2855692505836487
0.4836590886116028
0.4961988925933838
0.39307069778442383
0.9131580591201782
0.8587687015533447
0.4573047459125519
0.8169975280761719
0.7568777799606323
0.8172026872634888
0.6119039058685303
0.7622835636138916
0.5405559539794922
0.27779531478881836
0.7526675462722778
0.7348236441612244
0.49346789717674255
0.8208565711975098
0.9621390104293823
0.8602714538574219
0.8838682174682617
0.9748935699462891
0.19499164819717407
0.271404504776001
0.7528382539749146
0.3160763084888458
0.38892126083374023
0.8687715530395508
0.7635184526443481
0.8605779409408569
0.8299009799957275
0.8292580842971802
0.6294299364089966
0.7793463468551636
0.28543660044670105
0.45214033126831055
0.42647719383239746
0.29191499948501587
0.8908443450927734
0.7975015640258789
0.8414227962493896
0.5582385063171387
0.29296988248825073
0.6866172552108765
0.6676672101020813
0.9486966133117676
0.6482953429222107
0.881248950958252
0.22659975290298462
0.16169297695159912
0.7764085531234741
0.8754338026046753
0.790258526802063
0.8125866651535034
0.8805551528930664
0.6989357471466064
0.21672828495502472
0.8596367835998535
0.468710720539093
0.4633997082710266
0.5047890543937683
0.8154947757720947
0.7881237268447876
0.2583131194114685
0.7403439879417419
0.7548992037773132
0.6959480047225952
0.24194787442684174
0.6649969816207886
0.8552422523498535
0.8074355125427246
0.7941735982894897
0.7913160920143127
0.8580641746520996
0.9245446920394897
0.8743197917938232
0.6172229051589966
0.35657185316085815
0.5724508762359619
0.8517551422119141
0.5212709307670593
0.6708858013153076
0.23043209314346313
0.8702293634414673
0.21551251411437988
0.8168976306915283
0.8836880922317505
0.5621727705001831
0.3994869589805603
0.2524675130844116
0.5019354224205017
0.9145700931549072
0.4620532691478729
0.8586770296096802
0.8090419769287109
0.8876959085464478
0.935599684715271
0.8076629638671875
0.5056896805763245
0.8473910093307495
0.780586838722229
0.6820141077041626
0.8664519786834717
0.75018310546875
0.9083032608032227
0.8150659799575806
0.26480183005332947
0.9088144302368164
0.9287834167480469
0.9138580560684204
0.814262866973877
0.47970569133758545
0.2611406445503235
0.7143580913543701
0.2577406167984009
0.3019375801086426
0.8721147775650024
0.6733997464179993
0.34478694200515747
0.8580834865570068
0.7810764908790588
0.8373732566833496
0.8990631103515625
0.8595768213272095
0.9077974557876587
0.3281482458114624
0.6614704132080078
0.862822413444519
0.7892407178878784
0.2787996828556061
0.8287445306777954
0.31663376092910767
0.2978841960430145
0.23203587532043457
0.4296979308128357
0.6376630663871765
0.5109140276908875
0.4455532729625702
0.9131789207458496
0.6822336912155151
0.8677068948745728
0.7833737134933472
0.7670521140098572
0.8161740303039551
0.7614323496818542
0.3191933035850525
0.8685635328292847
0.845452070236206
0.635319709777832
0.7082487344741821
0.8704913854598999
0.8345563411712646
0.8245584964752197
0.7351506948471069
0.8836473226547241
0.1943950206041336
0.3098345696926117
0.8048572540283203
0.7248326539993286
0.6010582447052002
0.8798766136169434
0.8761798143386841
0.756395697593689
0.2890639901161194
0.7770227193832397
0.7754274606704712
0.8900929689407349
0.21552884578704834
0.3239402770996094
0.7433158159255981
0.8769476413726807
0.7335590124130249
0.8052089810371399
0.5902329087257385
0.2901058495044708
0.6849104166030884
0.6752575635910034
0.7829862236976624
0.5888225436210632
0.5424087047576904
0.28308379650115967
0.38485050201416016
0.7453985214233398
0.5587224960327148
0.2900703549385071
0.39589864015579224
0.2216748595237732
0.7512917518615723
0.7585315704345703
0.37163448333740234
0.46900880336761475
0.6846339702606201
0.33411964774131775
0.17711785435676575
0.45143529772758484
0.5008689165115356
0.3785538673400879
0.9082024097442627
0.9516016244888306
0.7130041122436523
0.20961852371692657
0.5770511627197266
0.8601840734481812
0.313235878944397
0.8392746448516846
0.2623372972011566
0.4755125641822815
0.3840574026107788
0.8553777933120728
0.9379220008850098
0.8799583911895752
0.8165704011917114
0.8601542711257935
0.9678069353103638
0.669129490852356
0.8373938798904419
0.8168704509735107
0.8101745843887329
0.5893725156784058
0.8726104497909546
0.34423941373825073
0.9299883842468262
0.7152930498123169
0.850517749786377
0.8839026689529419
0.26307016611099243
0.7645782232284546
0.8608435392379761
0.5327986478805542
0.8929721117019653
0.18658515810966492
0.9293473958969116
0.7575212717056274
0.464372456073761
0.8719046115875244
0.24193710088729858
0.6140904426574707
0.3325393795967102
0.6342540979385376
0.48486530780792236
0.5850143432617188
0.5932583808898926
0.805572509765625
0.8361742496490479
0.7607842683792114
0.7782081365585327
0.5895691514015198
0.29721885919570923
0.876319169998169
0.2877093553543091
0.5850475430488586
0.45618101954460144
0.3346068859100342
0.787879467010498
0.8788260221481323
0.21120479702949524
0.43897491693496704
0.8645045757293701
0.8385435342788696
0.835456371307373
0.8798710107803345
0.5264121294021606
0.6219365000724792
0.6228136420249939
0.8172813653945923
0.5718076229095459
0.19739088416099548
0.7587791681289673
0.3486926257610321
0.9463213682174683
0.8085647821426392
0.38187092542648315
0.7132593393325806
0.2216806262731552
0.8295520544052124
0.5181883573532104
0.3468756079673767
0.9008387327194214
0.8900200128555298
0.7662817239761353
0.954261302947998
0.8152003288269043
0.2547209560871124
0.20044298470020294
0.8090212345123291
0.8596471548080444
0.5405111908912659
0.819526195526123
0.7572444677352905
0.8677031993865967
0.8697079420089722
0.8294923305511475
0.925643801689148
0.7138967514038086
0.5741827487945557
0.727537214756012
0.8168556690216064
0.8235799074172974
0.7926008701324463
0.7486770153045654
0.6802246570587158
0.9152531623840332
0.20239639282226562
1.0451557636260986
0.6148034930229187
0.856049656867981
0.28340399265289307
0.8054008483886719
0.8757871389389038
0.9133065938949585
0.5695474743843079
0.8760703802108765
0.6445814371109009
0.3643130362033844
0.7978255152702332
0.22806309163570404
0.49462994933128357
0.7920416593551636
0.6966439485549927
0.7225728034973145
0.9189838171005249
0.1903669834136963
0.6061592102050781
0.39329832792282104
0.846197247505188
0.8300280570983887
0.8686354160308838
0.6019625663757324
0.7698588967323303
0.9108903408050537
0.6344689130783081
0.5513746738433838
0.7409018278121948
0.7322490215301514
0.68366938829422
0.2260783314704895
0.47349077463150024
0.8722057342529297
0.3577490746974945
0.24779367446899414
0.903623104095459
0.48367464542388916
0.9446771144866943
0.7321304082870483
0.3258824646472931
0.8374717235565186
0.8326709270477295
0.6959015130996704
0.2928021550178528
0.5783863663673401
0.378571093082428
0.8318039178848267
0.7768113613128662
0.7919621467590332
0.4321466088294983
0.850987434387207
0.5510654449462891
0.20790141820907593
0.5593241453170776
0.6915062665939331
0.9017722606658936
0.5124044418334961
0.7508529424667358
0.5115222930908203
0.9110574722290039
0.8439359664916992
0.7659262418746948
0.4655693471431732
0.746313214302063
0.5417702198028564
0.166240394115448
0.7217432260513306
0.8684786558151245
0.4359166622161865
0.3746291995048523
0.9183951616287231
0.8447064161300659
0.8624593019485474
0.9091655015945435
0.769681453704834
0.853295087814331
0.27909043431282043
0.20650584995746613
0.7177902460098267
0.8896063566207886
0.2879659831523895
0.8208268880844116
0.8402698040008545
0.714134931564331
0.6952414512634277
0.6548162698745728
0.8090083599090576
0.4945088028907776
0.6388296484947205
0.6083384156227112
0.9401317834854126
0.7067680358886719
0.8844630718231201
0.6782839298248291
0.39815062284469604
0.5762379169464111
0.4071830213069916
0.5048143863677979
0.23482118546962738
0.7801146507263184
0.6122159957885742
0.9454776048660278
0.3090059161186218
0.2180209755897522
0.8608062267303467
0.8515801429748535
0.4763653874397278
0.7016572952270508
0.6315641403198242
0.25943171977996826
0.4129709303379059
0.6288975477218628
0.24808266758918762
0.8494442701339722
0.8728893995285034
0.8603159189224243
0.28010889887809753
0.7506942749023438
0.33927232027053833
0.8658416271209717
0.2923884987831116
0.16526147723197937
0.16278204321861267
0.8514268398284912
0.8459997177124023
0.7240688800811768
0.8091030120849609
0.280731737613678
0.2271331250667572
0.7342257499694824
0.8895447254180908
0.7338032722473145
0.19296342134475708
0.5913009643554688
0.8644856214523315
0.7494766712188721
0.5648510456085205
0.6752126216888428
0.4085219204425812
0.8374489545822144
0.3433396816253662
0.6628261804580688
0.9329419136047363
0.15303325653076172
0.7923028469085693
0.7576180696487427
0.825287938117981
0.7980232834815979
0.34557557106018066
0.5880981683731079
0.31691765785217285
0.3062126636505127
0.8136790990829468
0.6313492059707642
0.8134216070175171
0.7644646763801575
0.9069676399230957
0.3698611855506897
0.7242351770401001
0.7900955080986023
0.5177456140518188
0.8688951730728149
0.7410455942153931
0.5445277690887451
0.8301105499267578
0.8945033550262451
0.8260987997055054
0.5354912281036377
0.8738211393356323
0.7244552373886108
0.5978931188583374
0.37672239542007446
0.8707417249679565
0.23907244205474854
0.4252554178237915
0.6546933650970459
0.2005872130393982
0.8613941669464111
0.8981975317001343
0.720960259437561
0.8169301748275757
0.8103213310241699
0.6568370461463928
0.38897818326950073
0.7030148506164551
0.2112690508365631
0.4413941502571106
0.7022674083709717
0.7877562046051025
0.8156532049179077
0.7706893682479858
0.5454503297805786
0.8238867521286011
0.8337870836257935
0.7542006969451904
0.9053205251693726
0.754509449005127
0.6844035983085632
0.7483775615692139
0.8981430530548096
0.3367868959903717
0.8427211046218872
0.9017534255981445
0.5463707447052002
0.878180980682373
0.2893439531326294
0.21426604688167572
0.6789706945419312
0.71839439868927
0.8871097564697266
0.26960888504981995
0.5889066457748413
0.35070353746414185
0.5279766321182251
0.5940757989883423
0.7200389504432678
0.2695905864238739
0.9048831462860107
0.37170735001564026
0.3306339979171753
0.49639976024627686
0.7228780388832092
0.41487815976142883
0.23236925899982452
0.8809893131256104
0.28608402609825134
0.8709187507629395
0.8113584518432617
0.9103461503982544
0.8289221525192261
0.8378703594207764
0.8149017095565796
0.8877213001251221
0.4000834822654724
0.9048738479614258
0.9069511890411377
0.218157559633255
0.8958591222763062
0.8447260856628418
0.8467556238174438
0.8405330181121826
0.834975004196167
0.859228253364563
0.9022284746170044
0.6372519135475159
0.36750394105911255
0.8346179723739624
0.8684022426605225
0.28923851251602173
0.4939546585083008
0.859428882598877
0.28663986921310425
0.7066245079040527
0.8192638158798218
0.50950026512146
0.7521947622299194
0.8824795484542847
0.7772860527038574
0.8673874139785767
0.7231769561767578
0.8737244606018066
0.6492282152175903
0.8600132465362549
0.25768595933914185
0.8861328363418579
0.382393479347229
0.7034331560134888
0.8316056728363037
0.7289727926254272
0.22950872778892517
0.2606669068336487
0.31044360995292664
0.6463119983673096
0.29266831278800964
0.6680601835250854
0.7894536256790161
0.8724390268325806
0.24597540497779846
0.8610038757324219
0.26895761489868164
0.6529169082641602
0.7424837350845337
0.8625327348709106
0.7799526453018188
0.1744149625301361
0.243681862950325
0.7463712692260742
0.1701480746269226
0.20846694707870483
0.26124757528305054
0.9135452508926392
0.33935463428497314
0.8846961259841919
0.7309064865112305
0.4034942388534546
0.4478038549423218
0.13415145874023438
0.7559688091278076
0.16673247516155243
0.39292871952056885
0.7393686771392822
0.7814342379570007
0.19826966524124146
0.7421027421951294
0.7520719766616821
0.8114980459213257
0.8630877733230591
0.5920850038528442
0.8337136507034302
0.7888187170028687
0.7384082674980164
0.7321040630340576
0.7729529142379761
0.3075907230377197
0.8556536436080933
0.8683295249938965
0.7666857242584229
0.5571436882019043
0.7028425931930542
0.6182706356048584
0.1967814564704895
0.5942245721817017
0.9453134536743164
0.2891768217086792
0.3972969353199005
0.4337136149406433
0.3375885486602783
0.8666417598724365
0.48786547780036926
0.7799397706985474
0.29586631059646606
0.21821540594100952
0.6107022762298584
0.8279188871383667
0.8341003656387329
0.7886296510696411
0.29183030128479004
0.7468386888504028
0.7507517337799072
0.2654746472835541
0.9158340692520142
0.6798504590988159
0.7977255582809448
0.7436180114746094
0.5090134739875793
0.25516796112060547
0.7833653688430786
0.6978671550750732
0.822882890701294
0.9023240804672241
0.3706704378128052
0.46043482422828674
0.459570050239563
0.9559894800186157
0.2319975346326828
0.5063952207565308
0.17351876199245453
0.9063601493835449
0.6935641765594482
0.782228410243988
0.7854874134063721
0.38775697350502014
0.7082909345626831
0.881911039352417
0.8907536268234253
0.22897623479366302
0.7945437431335449
0.8788967132568359
0.6521230936050415
0.8278690576553345
0.7212411165237427
0.8204630613327026
0.16226111352443695
0.6808001399040222
0.265275776386261
0.7350276708602905
0.2097712606191635
0.8545495271682739
0.7883265018463135
0.833051323890686
0.263394296169281
0.3899073302745819
0.353218138217926
0.5465236306190491
0.8423941135406494
0.7963435649871826
0.45775437355041504
0.8228778839111328
0.8906500339508057
0.8851377964019775
0.881173849105835
0.6602050065994263
0.8096833229064941
0.5629154443740845
0.17279638350009918
0.8408670425415039
0.8541868925094604
0.8420276641845703
0.8091449737548828
0.3354357182979584
0.7604870796203613
0.44205784797668457
0.7112109661102295
0.7935843467712402
0.867995023727417
0.5222964286804199
0.776608407497406
0.8336964845657349
0.7928553819656372
0.8289780616760254
0.8370014429092407
0.2441694140434265
0.6927417516708374
0.26621052622795105
0.6979079842567444
0.8421132564544678
1.0102201700210571
0.5470878481864929
0.9026041030883789
0.253471314907074
0.5119240283966064
0.43577635288238525
0.6261932849884033
0.8256121873855591
0.8216004371643066
0.8148409128189087
0.6896243095397949
0.48616257309913635
0.8533065319061279
0.47033166885375977
0.6086987257003784
0.7109167575836182
0.8705471754074097
0.218074768781662
0.2410650998353958
0.49231359362602234
0.9413714408874512
0.7333276271820068
0.2240690141916275
0.24685673415660858
0.7366212606430054
0.7845134139060974
0.8227624893188477
0.8064590692520142
0.8682048320770264
0.8535265922546387
0.5619944334030151
0.8738455772399902
0.8700226545333862
0.24919556081295013
0.5798566937446594
0.8231056928634644
0.33683085441589355
0.8801385164260864
0.7282100915908813
0.7181272506713867
0.5827246904373169
0.8809056282043457
0.20886112749576569
0.8809934854507446
0.8301706314086914
0.646469235420227
0.8165119886398315
0.9337739944458008
0.8036768436431885
0.6147080659866333
0.7948065996170044
0.8750672340393066
0.767810583114624
0.7840107679367065
0.7332937717437744
0.5989112854003906
0.9353121519088745
0.8722460269927979
0.8520693778991699
0.790014386177063
0.8521195650100708
0.23548097908496857
0.8113332986831665
0.3777322769165039
0.6965609788894653
0.7740232348442078
0.2203923612833023
0.8797891139984131
0.25323787331581116
0.6772447824478149
0.18803206086158752
0.835669994354248
0.2398286759853363
0.7063177824020386
0.18362583220005035
0.6674700975418091
0.7953799962997437
0.7182796001434326
0.31347525119781494
0.5889326333999634
0.7955219745635986
0.4485211670398712
0.3638623356819153
0.8689786195755005
0.2189704328775406
0.8019973635673523
0.4455599784851074
0.7193244099617004
0.851357102394104
0.6677718162536621
0.8483726978302002
0.7085000276565552
0.7619509696960449
0.8051952719688416
0.6081271171569824
0.7485551834106445
0.5644755363464355
0.2796367406845093
0.9353615045547485
0.5589337348937988
0.8663936853408813
0.7766567468643188
0.2919265031814575
0.8227639198303223
0.7246708869934082
0.26173174381256104
0.19494466483592987
0.8822982311248779
0.2524038851261139
0.8114269971847534
0.21778735518455505
0.8156284093856812
0.875525712966919
0.32551109790802
0.9395914077758789
0.18150223791599274
0.320243239402771
0.26680654287338257
0.2744297385215759
0.7863125205039978
0.9647278785705566
0.7656568288803101
0.808741569519043
0.4844812750816345
0.7940405607223511
0.24721015989780426
0.44153037667274475
0.922959566116333
0.8453590869903564
0.41489043831825256
0.701560378074646
0.2690524458885193
0.8972622156143188
0.5504629611968994
0.876923680305481
0.8083137273788452
0.9156674146652222
0.7752907276153564
0.9040980339050293
0.9060684442520142
0.8020191192626953
0.9044843912124634
0.859900712966919
0.8502261638641357
0.19127780199050903
0.7799063920974731
0.42208153009414673
0.8158693313598633
0.8144165277481079
0.842239260673523
0.6903749704360962
0.7960435152053833
0.4170152544975281
0.6756521463394165
0.2789970934391022
0.6199570894241333
0.8163479566574097
0.7712881565093994
0.22112925350666046
0.5170071125030518
0.7261360883712769
0.5421476364135742
0.38984209299087524
0.6967613697052002
0.8647080659866333
0.5458624362945557
0.8166894912719727
0.48641860485076904
0.8277338743209839
0.8858836889266968
0.9503589868545532
0.4100816249847412
0.7549864649772644
0.8560382127761841
0.6002604961395264
0.22624243795871735
0.1593114137649536
0.8393696546554565
0.6589139699935913
0.8489996194839478
0.7204636335372925
0.7961453199386597
0.5271879434585571
0.87861168384552
0.8441362380981445
0.41114556789398193
0.21252237260341644
0.8135677576065063
0.2052227258682251
0.45800089836120605
0.436147540807724
0.5718991756439209
0.9381850957870483
0.3748168349266052
0.12294256687164307
0.858333945274353
0.4995932877063751
0.84893798828125
0.8976503610610962
0.8124306201934814
0.208658367395401
0.7113693952560425
0.9169259071350098
0.8730474710464478
0.2953282594680786
0.3445284366607666
0.9062832593917847
0.5787875652313232
0.7411074638366699
0.9147056341171265
0.33171409368515015
0.7184873819351196
0.25544577836990356
0.9134072065353394
0.2084905356168747
0.791325569152832
0.8353129625320435
0.8286470174789429
0.36505791544914246
0.3230176270008087
0.5003889799118042
0.506201982498169
0.5358150005340576
0.8718698024749756
0.5468818545341492
0.8269847631454468
0.9512960910797119
0.8797601461410522
0.8184994459152222
0.6657376289367676
0.5240366458892822
0.7592823505401611
0.16202029585838318
0.7944741249084473
0.7855018377304077
0.852618932723999
0.42776092886924744
0.39879095554351807
0.6532759070396423
0.810282826423645
0.8569706678390503
0.7897453308105469
0.7443622350692749
0.2162461131811142
0.8951611518859863
0.7630082368850708
0.17985424399375916
0.8141700029373169
0.7869107723236084
0.27480024099349976
0.8273924589157104
0.9091365337371826
0.8335480690002441
0.3293825089931488
0.8943721055984497
0.7556881904602051
0.338014155626297
0.9239972829818726
0.20616407692432404
0.3182169198989868
0.8147984743118286
0.8551527261734009
0.8572695255279541
0.7274669408798218
0.4718396067619324
0.7675807476043701
0.7830069065093994
0.8459603786468506
0.8462339639663696
0.8396855592727661
0.39992836117744446
0.7618187665939331
0.6200203895568848
0.47654399275779724
0.8889387845993042
0.4919963479042053
0.8501015901565552
0.789949893951416
0.8052719831466675
0.9175964593887329
0.21635378897190094
0.7459663152694702
0.6857815980911255
0.7412792444229126
0.5593093633651733
0.8034471869468689
0.5614056587219238
0.9008520841598511
0.6967366933822632
0.7332802414894104
0.9090490341186523
0.24031397700309753
0.8261140584945679
0.9030213356018066
0.6800562739372253
0.6392037272453308
0.827415943145752
0.13825644552707672
0.7107095718383789
0.2678070068359375
0.8409057855606079
0.5008951425552368
0.855589747428894
0.4160333275794983
0.5845820903778076
0.7264262437820435
0.836546778678894
0.3147246241569519
0.22548824548721313
0.7478563785552979
0.3092900514602661
0.43680405616760254
0.8546432256698608
0.8714512586593628
0.8028753995895386
0.779589056968689
0.27254945039749146
0.28197187185287476
0.8189857006072998
0.21065714955329895
0.773503839969635
0.6921225190162659
0.1917143166065216
0.5729146003723145
0.8206292390823364
0.8340319395065308
0.527646541595459
0.7369940280914307
0.8546922206878662
0.8800404071807861
0.8188380002975464
0.3644348978996277
0.8523859977722168
0.1830790787935257
0.8007421493530273
0.7532612085342407
0.2520207166671753
0.6714391112327576
0.7162024974822998
0.6290158629417419
0.4624668061733246
0.2203257977962494
0.8447021245956421
0.8730055093765259
0.1668405830860138
0.7489544153213501
0.7448281049728394
0.6076643466949463
0.8403117656707764
0.7007994651794434
0.9532555341720581
0.17120547592639923
0.8477303981781006
0.6160436272621155
0.8770705461502075
0.6371510028839111
0.2989230155944824
0.26119720935821533
0.898759126663208
0.8990150690078735
0.8333339691162109
0.6289499402046204
0.49613744020462036
0.8302042484283447
0.3121803104877472
0.7635527849197388
0.2085825353860855
0.7323175668716431
0.17684128880500793
0.14409378170967102
0.6221846342086792
0.8546533584594727
0.5464044213294983
0.27128690481185913
0.7341328859329224
0.3004917502403259
0.5478391051292419
0.777011513710022
0.8348616361618042
0.7716986536979675
0.7058179378509521
0.3230498731136322
0.8533717393875122
0.22038528323173523
0.2611280083656311
0.6818060874938965
0.8825284242630005
1.017348289489746
0.27028411626815796
0.8175445795059204
0.9113142490386963
0.4730689823627472
0.6626681089401245
0.25634896755218506
0.3713456392288208
0.6605099439620972
0.4450503885746002
0.846656322479248
0.6397216320037842
0.7845343351364136
0.14229226112365723
0.8799725770950317
0.54801344871521
0.3049698770046234
0.793698787689209
0.8255922794342041
0.3494560420513153
0.743855357170105
0.6395305395126343
0.5349025130271912
0.2855682671070099
0.7227396965026855
0.6167746186256409
0.8121770620346069
0.8255839347839355
0.7582844495773315
0.8935633897781372
0.8398253917694092
0.17037682235240936
0.2553827166557312
0.852668046951294
0.19736921787261963
0.533604621887207
0.862929105758667
0.42525869607925415
0.23108810186386108
0.8594648838043213
0.44146955013275146
0.8698116540908813
0.8963192701339722
0.15001459419727325
0.8211725950241089
0.8301540613174438
0.8302329778671265
0.8314847946166992
0.19136372208595276
0.605599582195282
0.8151185512542725
0.6749311685562134
0.41063928604125977
0.7709224224090576
0.6205275654792786
0.7066962718963623
0.8687713146209717
0.9082223176956177
0.4087933599948883
0.3625257909297943
0.8702292442321777
0.8408730030059814
0.8762147426605225
0.48877987265586853
0.9116470813751221
0.809327244758606
0.877906084060669
0.8653064966201782
0.8204394578933716
0.9477396011352539
0.8396507501602173
0.8180332183837891
0.22491738200187683
0.5729141235351562
0.22815436124801636
0.48202431201934814
0.8728044033050537
0.14995557069778442
0.8843629360198975
0.21696370840072632
0.5445543527603149
0.2974007725715637
0.6700936555862427
0.6971812844276428
0.13983088731765747
0.754738450050354
0.5374661087989807
0.8960025310516357
0.3081597685813904
0.7715127468109131
0.29639673233032227
0.726728081703186
0.8601248264312744
0.2043125033378601
0.28750187158584595
0.7231866121292114
0.7807872295379639
0.7759971618652344
0.8318914175033569
0.6945763826370239
0.4769029915332794
0.850272536277771
0.7512222528457642
0.872657299041748
0.2140025794506073
0.40928930044174194
0.5865775346755981
0.866895318031311
0.217981219291687
0.7416306734085083
0.7106854915618896
0.8332979679107666
0.859900712966919
0.7948436737060547
0.17996935546398163
0.938360333442688
0.3902318477630615
0.8393856287002563
0.843314528465271
0.9369298219680786
0.14698351919651031
0.4439130127429962
0.303369402885437
0.8546586036682129
0.8404940366744995
0.7616902589797974
0.7420661449432373
0.8840327262878418
0.34595394134521484
0.15971922874450684
0.27605897188186646
0.21220815181732178
0.44159677624702454
0.48738622665405273
0.41415661573410034
0.8372553586959839
0.8919181823730469
0.21688604354858398
0.32631105184555054
0.6251300573348999
0.8921031951904297
0.3202739357948303
0.8851233720779419
0.8413341045379639
0.8484756946563721
0.7223348617553711
0.9137588739395142
0.8608458042144775
0.19934827089309692
0.358206570148468
0.2631388306617737
0.6614341139793396
0.6896325349807739
0.592459499835968
0.2153087854385376
0.8845610618591309
0.7745939493179321
0.8719074726104736
0.412529855966568
0.4123232364654541
0.3553052544593811
0.5845592021942139
0.6752133369445801
0.5360417366027832
0.7478123903274536
0.6482380628585815
0.5057440996170044
0.896942138671875
0.8870776891708374
0.775306224822998
0.6767212152481079
0.5307502746582031
0.21773569285869598
0.5547472238540649
0.8393940925598145
0.21125346422195435
0.8885791301727295
0.881879448890686
0.4463013708591461
0.8057081699371338
0.5541930198669434
0.22312569618225098
0.7923606634140015
0.8725123405456543
0.19228976964950562
0.29310163855552673
0.8861172199249268
0.9106824398040771
0.5318101644515991
0.5138826370239258
0.8218691349029541
0.7513391375541687
0.7640926837921143
0.8793751001358032
0.35009950399398804
0.8553663492202759
0.8421928882598877
0.1734105348587036
0.6970486640930176
0.584818959236145
0.9172407388687134
0.6643053293228149
0.7573961615562439
0.3024999499320984
0.8678460121154785
0.7649245262145996
0.8979573249816895
0.3417011499404907
0.32838866114616394
0.8160746097564697
0.6640825271606445
0.3038908541202545
0.5860809683799744
0.8547989130020142
0.8843353986740112
0.7044351696968079
0.22819818556308746
0.8687173128128052
0.6747459173202515
0.8996535539627075
0.39145147800445557
0.4829736351966858
0.5214046239852905
0.6898330450057983
0.6170682907104492
0.8438669443130493
0.7269887924194336
0.8596363067626953
0.7624455094337463
0.707417368888855
0.7551946640014648
0.8768587112426758
0.8335084915161133
0.2531302869319916
0.7242751717567444
0.4771070182323456
0.2676372528076172
0.7532188892364502
0.1781511902809143
0.39313769340515137
0.8246380090713501
0.6390070915222168
0.9023739099502563
0.8586870431900024
0.22178958356380463
0.8976008892059326
0.8762813806533813
0.8198468685150146
0.8079019784927368
0.4018581211566925
0.595363199710846
0.23114655911922455
0.6900490522384644
0.3346746265888214
0.5506978631019592
0.8847242593765259
0.8927916288375854
0.5749946236610413
0.9618597030639648
0.41453731060028076
0.7956929206848145
0.8296941518783569
0.864804744720459
0.39177244901657104
0.43094131350517273
0.8468904495239258
0.8646713495254517
0.32342755794525146
0.840951681137085
0.7216284275054932
0.6657551527023315
0.8293811082839966
0.8475359678268433
0.5919676423072815
0.6945725679397583
0.5126339793205261
0.8599270582199097
0.8836030960083008
0.7876654863357544
0.7301801443099976
0.7225934267044067
0.8778716325759888
0.6478792428970337
0.7680634260177612
0.8415272235870361
0.8545465469360352
0.7985451221466064
0.9235622882843018
0.879435658454895
0.5748406648635864
0.23546183109283447
0.6436400413513184
0.8148530721664429
0.859567403793335
0.8728165626525879
0.7827984690666199
0.16439932584762573
0.46500009298324585
0.8231335878372192
0.6445541381835938
0.7008011341094971
0.6640956401824951
0.8410288095474243
0.8821454048156738
0.7185336351394653
0.8623607158660889
0.7769519090652466
0.2671787440776825
0.2204551249742508
0.7920229434967041
0.9307820796966553
0.7629376649856567
0.8679168224334717
0.8899518251419067
0.3463333249092102
0.6498938798904419
0.816128134727478
0.8199014663696289
0.4680304527282715
0.7811113595962524
0.934380054473877
0.5982345938682556
0.5427821278572083
0.2551432251930237
0.2011851966381073
0.20756594836711884
0.49951237440109253
0.7703394889831543
0.8869673013687134
0.9145450592041016
0.8299815654754639
0.6111375093460083
0.860061526298523
0.7825692892074585
0.8667646646499634
0.6034854650497437
0.45568299293518066
0.2707998752593994
0.828418493270874
0.7684601545333862
0.2601630687713623
0.9722638130187988
0.7986441850662231
0.3055172860622406
0.8397548198699951
0.7451595067977905
0.5613800883293152
0.925208330154419
0.7430537939071655
0.20259398221969604
0.7858425974845886
0.7385493516921997
0.7491971254348755
0.7433086633682251
0.8213472366333008
0.5856386423110962
0.7186177968978882
0.6850934028625488
0.6444799304008484
0.9291117191314697
0.7353518009185791
0.645643949508667
0.15573382377624512
0.7949173450469971
0.7803357839584351
0.572871208190918
0.7311757802963257
0.8656686544418335
0.8418254852294922
0.8509907722473145
0.7561812400817871
0.6198080778121948
0.8798997402191162
0.29544922709465027
0.745268702507019
0.7317804098129272
0.5614741444587708
0.7806510925292969
0.8383780717849731
0.9013404846191406
0.7933439016342163
0.8505706787109375
0.7881119251251221
0.5698767900466919
0.819320559501648
0.8933382034301758
0.8532915115356445
0.7462772130966187
0.7827036380767822
0.8792966604232788
0.5028713941574097
0.737919807434082
0.3439278304576874
0.7685310244560242
0.19306962192058563
0.2495863139629364
0.22130975127220154
0.9247807264328003
0.20787671208381653
0.485593318939209
0.588040828704834
0.9281314611434937
0.8650617599487305
0.8626736402511597
0.8840380907058716
0.8844894170761108
0.7438957691192627
0.4234190881252289
0.8390789031982422
0.5194524526596069
0.7075746059417725
0.3495158553123474
0.1580962836742401
0.8425545692443848
0.834963321685791
0.17081518471240997
0.8722518682479858
0.8853442668914795
0.8969739675521851
0.9741171598434448
0.6139498949050903
0.7749439477920532
0.7456892728805542
0.2683589458465576
0.18146827816963196
0.6545607447624207
0.29274553060531616
0.7598576545715332
0.6869698762893677
0.5666825771331787
0.838194727897644
0.8920587301254272
0.23328807950019836
0.7503046989440918
0.8160192966461182
0.45634132623672485
0.672944188117981
0.882797360420227
0.8771172761917114
0.7597901821136475
0.8876601457595825
0.636184811592102
0.36746886372566223
0.6101729869842529
0.881921648979187
0.7672736644744873
0.5041206479072571
0.6348150968551636
0.20823319256305695
0.7826583385467529
0.7385790348052979
0.8950632810592651
0.88768470287323
0.3058566153049469
0.8355547189712524
0.7582222819328308
0.4302748441696167
0.14406991004943848
0.2339165210723877
0.8068758249282837
0.3080202341079712
0.7649272680282593
0.9001034498214722
0.6643800735473633
0.7428035736083984
0.9305003881454468
0.7687604427337646
0.5691336393356323
0.900303840637207
0.9535853862762451
0.9282850027084351
0.35066765546798706
0.43192923069000244
0.8942724466323853
0.3354792594909668
0.43801188468933105
0.8848718404769897
0.24839995801448822
0.19373929500579834
0.915614128112793
0.8273935317993164
0.6547368764877319
0.7526084184646606
0.8080919981002808
0.792304515838623
0.8502726554870605
0.7308402061462402
0.6089112758636475
0.6604673862457275
0.8527754545211792
0.5880298018455505
0.7620423436164856
0.4396771192550659
0.7667149305343628
0.5714247226715088
0.7574683427810669
0.7398630380630493
0.8701907396316528
0.5516471862792969
0.6593778133392334
0.3002703785896301
0.8479486703872681
0.19642958045005798
0.8872880935668945
0.6555259227752686
0.8624635934829712
0.816260814666748
0.7200747728347778
0.36491766571998596
0.6715695858001709
0.8674650192260742
0.6315871477127075
0.2940201759338379
0.7185550928115845
0.7669845819473267
0.7219548225402832
0.7915213108062744
0.8876980543136597
0.792178750038147
0.26751184463500977
0.7436968088150024
0.8693448305130005
0.895118236541748
0.5627332925796509
0.6778384447097778
0.8802909851074219
0.37573081254959106
0.871355414390564
0.7574851512908936
0.8231911659240723
0.7564518451690674
0.4081036448478699
0.8929630517959595
0.7963560819625854
0.8183400630950928
0.7100625038146973
0.8051708936691284
0.624011754989624
0.3084656596183777
0.46024587750434875
0.899895191192627
0.8497985601425171
0.8186957836151123
0.8107621669769287
0.830567479133606
0.8182229995727539
0.5191939473152161
0.878347635269165
0.7708430290222168
0.925395131111145
0.8816313743591309
0.6098483800888062
0.3160179555416107
0.17665883898735046
0.6135514974594116
0.8800226449966431
0.5017348527908325
0.6705987453460693
0.4940096139907837
0.5383963584899902
0.51343834400177
0.7675094604492188
0.8376338481903076
0.5705641508102417
0.8182364702224731
0.28081679344177246
0.8154436349868774
0.7505108118057251
0.8903423547744751
0.6434627771377563
0.37829476594924927
0.71463942527771
0.6204499006271362
0.3466860055923462
0.6426447033882141
0.6724576354026794
0.4349728226661682
0.7580757141113281
0.20041172206401825
0.8712115287780762
0.6119841933250427
0.896536111831665
0.716088056564331
0.5064323544502258
0.9566880464553833
0.2571336627006531
0.8589049577713013
0.9226917028427124
0.5348535776138306
0.7445051670074463
0.23355646431446075
0.1894398033618927
0.8875254392623901
0.5653695464134216
0.8249931335449219
0.7483986616134644
0.1543307900428772
0.6515836119651794
0.7762984037399292
0.8928385972976685
0.781196117401123
0.730132520198822
0.8825035095214844
0.8615189790725708
0.19985076785087585
0.2587069272994995
0.790627121925354
0.4892238676548004
0.625664234161377
0.45315438508987427
0.7859693765640259
0.33688271045684814
0.6496000289916992
0.6613655090332031
0.5344405174255371
0.8770289421081543
0.38720014691352844
0.46915334463119507
0.7954007387161255
0.27413269877433777
0.5953383445739746
0.38324010372161865
0.968813419342041
0.8672235012054443
0.5776790380477905
0.39106881618499756
0.8787740468978882
0.6344177722930908
0.7994339466094971
0.6533065438270569
0.7051043510437012
0.5519846677780151
0.27007389068603516
0.5730587244033813
0.705193281173706
0.572107195854187
0.395455002784729
0.6352406740188599
0.42732879519462585
0.7693089246749878
0.7467309236526489
0.6302196979522705
0.8812603950500488
0.5560697913169861
0.3117297887802124
0.8331053256988525
0.47980797290802
0.8543703556060791
0.5502820014953613
0.6522607803344727
0.5080850720405579
0.5927375555038452
0.7011146545410156
0.6859089732170105
0.6899925470352173
0.5995051860809326
0.3362677991390228
0.4637996554374695
0.8266403675079346
0.4571886658668518
0.5704768896102905
0.4173438251018524
0.9109426736831665
0.7048465013504028
0.7348507046699524
0.6965327262878418
0.49811047315597534
0.6242592334747314
0.8439477682113647
0.3066326975822449
0.26388993859291077
0.316059410572052
0.24478498101234436
0.874308705329895
0.809417724609375
0.8212306499481201
0.3898006081581116
0.7935107946395874
0.6615968942642212
0.6564536094665527
0.9678411483764648
0.8763365745544434
0.6786562204360962
0.9157179594039917
0.5467369556427002
0.3925461173057556
0.9131025075912476
0.6150103807449341
0.6781411170959473
0.6400482654571533
0.2271241694688797
0.8361413478851318
0.8825286626815796
0.3940882682800293
0.5035653114318848
0.840430736541748
0.6257749795913696
0.18520602583885193
0.8830951452255249
0.9079083204269409
0.8075188398361206
0.39259594678878784
0.20451420545578003
0.7510451078414917
0.7598971128463745
0.8453415632247925
0.8984572887420654
0.4820901155471802
0.6272857189178467
0.8428912162780762
0.9193211793899536
0.8768746852874756
0.6019625663757324
0.626121461391449
0.8061821460723877
0.20213672518730164
0.6194926500320435
0.8059873580932617
0.23652216792106628
0.41050344705581665
0.3491336703300476
0.7638154029846191
0.8079798221588135
0.9066791534423828
0.727382242679596
0.8598724603652954
0.7897062301635742
0.6339572668075562
0.7199254035949707
0.5004822611808777
0.21142227947711945
0.59096759557724
0.5622106790542603
0.5817214250564575
0.8194727897644043
0.817737340927124
0.4659340977668762
0.4699987471103668
0.83488929271698
0.566704273223877
0.5705485343933105
0.3742949366569519
0.5343687534332275
0.6683210134506226
0.2428806722164154
0.7304701805114746
0.3323630094528198
0.7080499529838562
0.8461403846740723
0.615267276763916
0.8161312341690063
0.5979340076446533
0.793106198310852
0.8105463981628418
0.6656423807144165
0.6015275716781616
0.6376215815544128
0.713042676448822
0.8727043867111206
0.649499773979187
0.8375962972640991
0.6187507510185242
0.8537390232086182
0.7292088270187378
0.6017065048217773
0.8075884580612183
0.8723483085632324
0.77045738697052
0.5231490135192871
0.6854057312011719
0.8774106502532959
0.7249903678894043
0.9059289693832397
0.6957166194915771
0.589593768119812
0.5525318384170532
0.31955212354660034
0.8361448049545288
0.5237566828727722
0.7672809362411499
0.8566970825195312
0.33107465505599976
0.8259189128875732
0.6246198415756226
0.3875316083431244
0.43884509801864624
0.8368148803710938
0.7463788986206055
0.5810394287109375
0.6847319602966309
0.7971478700637817
0.7522902488708496
0.7440102100372314
0.7211127281188965
0.18814747035503387
0.7546190619468689
0.45639103651046753
0.25062108039855957
0.9264519214630127
0.33827370405197144
0.8895057439804077
0.4389022886753082
0.4764048755168915
0.5377141237258911
0.4467931389808655
0.8111317157745361
0.49507927894592285
0.35598307847976685
0.7151183485984802
0.28333374857902527
0.46741530299186707
0.7640663981437683
0.707756757736206
0.8544738292694092
0.7397477626800537
0.2671986222267151
0.2985135018825531
0.4309115409851074
0.757544755935669
0.9118450880050659
0.1841168999671936
0.7386907339096069
0.8133256435394287
0.22000578045845032
0.843673825263977
0.7254418134689331
0.7420127391815186
0.7562414407730103
0.6746135950088501
0.7356338500976562
0.8186501264572144
0.8196690082550049
0.8506976366043091
0.7466889023780823
0.8861294984817505
0.7027528285980225
0.7675470113754272
0.6538890600204468
0.5128979682922363
0.7955831289291382
0.482816219329834
0.544347882270813
0.8892780542373657
0.6459662914276123
0.5612530708312988
0.7837356328964233
0.815062403678894
0.5974693298339844
0.8400074243545532
0.9433075189590454
0.7979394197463989
0.8920354843139648
0.7488033175468445
0.9309265613555908
0.4409424662590027
0.9158022403717041
0.8126524686813354
0.9092211723327637
0.8369340896606445
0.8658251762390137
0.850027322769165
0.9004635810852051
0.8480077981948853
0.8390824794769287
0.6192454695701599
0.7512129545211792
0.6259232759475708
0.6305550336837769
0.7705180644989014
0.42725467681884766
0.7273496985435486
0.8872922658920288
0.8174049854278564
0.8316910266876221
0.4652070999145508
0.9636082649230957
0.69544517993927
0.5447242856025696
0.6744948029518127
0.8373864889144897
0.9003767967224121
0.8475745916366577
0.6261053085327148
0.8762727975845337
0.6085032224655151
0.9244847297668457
0.8302370309829712
0.8230665922164917
0.6764649152755737
0.720984697341919
0.5365613698959351
0.5553724765777588
0.5332281589508057
0.8197237253189087
0.780060350894928
0.7926560640335083
0.9037799835205078
0.3341073989868164
0.8041330575942993
0.7819837331771851
0.8035726547241211
0.8604635000228882
0.3589746057987213
0.5674923658370972
0.7599611282348633
0.841681957244873
0.7329767942428589
0.789364218711853
0.8089097738265991
0.2528359591960907
0.5099425315856934
0.8120180368423462
0.7163078188896179
0.8162040710449219
0.582497775554657
0.23489965498447418
0.689892053604126
0.860975980758667
0.7957659959793091
0.6409018635749817
0.8611102104187012
0.5680211782455444
0.47783681750297546
0.7456774711608887
0.1965419203042984
0.36822250485420227
0.8717232942581177
0.5920345783233643
0.2558548152446747
0.17192873358726501
0.7438602447509766
0.5870933532714844
0.7122656106948853
0.704432487487793
0.7123846411705017
0.8943947553634644
0.6111683249473572
0.23725634813308716
0.8630642890930176
0.7704905271530151
0.5880872011184692
0.8729513883590698
0.4972139298915863
0.8206390142440796
0.8083248138427734
0.5272157192230225
0.879619836807251
0.19637490808963776
0.2624073624610901
0.5742789506912231
0.74077308177948
0.5874629616737366
0.8337650299072266
0.71434485912323
0.3219377100467682
0.8056081533432007
0.24545502662658691
0.8693511486053467
0.618319034576416
0.7950887680053711
0.18150798976421356
0.5265849828720093
0.3786645829677582
0.6009994745254517
0.7824719548225403
0.696434736251831
0.6849147081375122
0.26482123136520386
0.6112964749336243
0.8684468269348145
0.6273934841156006
0.6441358327865601
0.6875928640365601
0.7385183572769165
0.8227276802062988
0.690557599067688
0.6607048511505127
0.6881530284881592
0.26898688077926636
0.8111592531204224
0.6831144094467163
0.7577729225158691
0.8362017869949341
0.49413299560546875
0.6337104439735413
0.4334051012992859
0.41366812586784363
0.8786933422088623
0.7785388231277466
0.5332979559898376
0.35212695598602295
0.6025329828262329
0.873273491859436
0.3734903037548065
0.8993667364120483
0.7968975305557251
0.34763815999031067
0.7626643180847168
0.25894245505332947
0.8634147644042969
0.6734652519226074
0.41581809520721436
0.815345287322998
0.2782495617866516
0.42986243963241577
