0.5996882915496826
0.6525297164916992
0.3080304265022278
0.1799536496400833
0.38878124952316284
0.5821356773376465
0.05935806781053543
0.5491384267807007
0.4289647340774536
0.48619991540908813
0.5160551071166992
0.2093283087015152
0.41560518741607666
0.35896390676498413
0.5571317672729492
0.6525058746337891
0.37707334756851196
0.5003342032432556
0.20091120898723602
0.4639819860458374
0.5396323204040527
0.29069364070892334
0.6356818079948425
0.5471104383468628
0.7244904041290283
0.3957430124282837
0.7391049265861511
0.34409159421920776
0.5658368468284607
0.6480181217193604
0.20086218416690826
0.5272891521453857
0.6699275374412537
0.5198740363121033
0.27292895317077637
0.5846080780029297
0.49435973167419434
0.38232874870300293
0.48173457384109497
0.7170130014419556
0.5738186836242676
0.5862651467323303
0.6185836791992188
0.5705761313438416
0.5498154759407043
0.23644010722637177
0.6627651453018188
0.26942378282546997
0.6900352239608765
0.46925055980682373
0.5494894981384277
0.5836790800094604
0.3760533332824707
0.3608199954032898
0.5251375436782837
0.4910535216331482
0.5995339751243591
0.6721349954605103
0.35211801528930664
0.5659959316253662
0.5133634209632874
0.607972264289856
0.502183735370636
0.46010851860046387
0.40072399377822876
0.36595410108566284
0.6907027959823608
0.23022203147411346
0.5495942234992981
0.3529989719390869
0.3217417001724243
0.2646525502204895
0.3729506731033325
0.6570048332214355
0.5768865346908569
0.5537872314453125
0.5054170489311218
0.5273888111114502
0.38405489921569824
0.6268316507339478
0.4012065529823303
0.6342259645462036
0.42555510997772217
0.5454821586608887
0.5572946071624756
0.4243137836456299
0.26774418354034424
0.4131583571434021
0.32002758979797363
0.30359065532684326
0.20188896358013153
0.43363648653030396
0.5632879734039307
0.5063869953155518
0.1557965725660324
0.5185067653656006
0.5732522010803223
0.40695446729660034
0.5797745585441589
0.6665316820144653
0.5830427408218384
0.7275109887123108
0.7525372505187988
0.4679643511772156
0.48883897066116333
0.6474279165267944
0.4788557291030884
0.6499103903770447
0.3080440163612366
0.6232909560203552
0.4864169955253601
0.5514192581176758
0.6395402550697327
0.5319080352783203
0.06814368069171906
0.6518216133117676
0.5775129199028015
0.3912445306777954
0.6208052635192871
0.527894914150238
0.16611041128635406
0.038261666893959045
0.45656055212020874
0.6476712822914124
0.5850136280059814
0.5357796549797058
0.08345553278923035
0.3696252107620239
0.6851480007171631
0.5681858658790588
0.2857164740562439
0.5217394232749939
0.4162423610687256
0.4658346176147461
0.6422809362411499
0.6238877773284912
0.5045910477638245
0.25936394929885864
0.592795193195343
0.5944582223892212
0.5401855707168579
0.6392502784729004
0.4956623315811157
0.18482398986816406
0.3867748975753784
0.5495826005935669
0.09755337238311768
0.5564966201782227
0.5931466817855835
0.3953280448913574
0.4498976469039917
0.4882330894470215
0.5457381010055542
0.37866663932800293
0.07026651501655579
0.60701984167099
0.5125949382781982
0.48722201585769653
0.5179694890975952
0.5184649229049683
0.1338169276714325
0.5700767040252686
0.24260841310024261
0.3373873829841614
0.4402890205383301
0.548596978187561
0.362415611743927
0.6220298409461975
0.4453853964805603
0.19191543757915497
0.7141900658607483
0.09636600315570831
0.4004998207092285
0.5702822208404541
0.45247048139572144
0.3953855037689209
0.5056219100952148
0.49954044818878174
0.670793890953064
0.6133925914764404
0.5285196900367737
0.15077157318592072
0.6505122184753418
0.5507264137268066
0.5633511543273926
0.43347877264022827
0.46174418926239014
0.09664636850357056
0.5792324542999268
0.42817115783691406
0.5812252163887024
0.42876434326171875
0.6110072731971741
0.7222438454627991
0.4728275537490845
0.6046192049980164
0.24428017437458038
0.5258868932723999
0.3648313283920288
0.5562365055084229
0.1746753603219986
0.3585963249206543
0.4931235909461975
0.2533780336380005
0.3954695463180542
0.5571305155754089
0.5853699445724487
0.2919902205467224
0.6130348443984985
0.5866009593009949
0.40798765420913696
0.6741206645965576
0.6111253499984741
0.542712390422821
0.6128508448600769
0.10058806091547012
0.6645697355270386
0.3726122975349426
0.3933108448982239
0.5893356800079346
0.6756406426429749
0.06892439723014832
0.46505701541900635
0.4278041124343872
0.5136179327964783
0.4035003185272217
0.5102344751358032
0.5473208427429199
0.5609416365623474
0.4474133253097534
0.44639259576797485
0.49273765087127686
0.5122871398925781
0.5508829355239868
0.21731416881084442
0.361564040184021
0.3291695713996887
0.576566219329834
0.12441499531269073
0.20150433480739594
0.7440677881240845
0.2563244104385376
0.507821261882782
0.6398206353187561
0.6906543970108032
0.640465259552002
0.5905673503875732
0.626518964767456
0.3561369776725769
0.09867985546588898
0.5880383253097534
0.45293450355529785
0.48825204372406006
0.5646424293518066
0.5095528364181519
0.42385566234588623
0.30006223917007446
0.48666316270828247
0.2593715190887451
0.4919527769088745
0.652600884437561
0.5389768481254578
0.6103312969207764
0.19460873305797577
0.5681413412094116
0.5540334582328796
0.6576539278030396
0.18985508382320404
0.6119511127471924
0.1562444567680359
0.2885403633117676
0.2850220203399658
0.5573530793190002
0.44946396350860596
0.5930045247077942
0.5595681667327881
0.5509040951728821
0.2923969626426697
0.5457184314727783
0.3307156562805176
0.5868597030639648
0.3882678151130676
0.4667092561721802
0.4423888921737671
0.5285202264785767
0.6426706314086914
0.5733596682548523
0.20693160593509674
0.6988894939422607
0.5624100565910339
0.05445897579193115
0.6069860458374023
0.4029654860496521
0.27777349948883057
0.5592288374900818
0.5991781949996948
0.5431818962097168
0.4752116799354553
0.6306589841842651
0.44922971725463867
0.5952022075653076
0.6003277897834778
0.5773460268974304
0.5810683369636536
0.25202643871307373
0.5692266821861267
0.5410181283950806
0.5047433376312256
0.12013351917266846
0.36172807216644287
0.42948830127716064
0.5396933555603027
0.5802203416824341
0.5569313764572144
0.11325083673000336
0.32875579595565796
0.37856054306030273
0.291431725025177
0.5881562829017639
0.5841215252876282
0.22906839847564697
0.2757032513618469
0.5085585713386536
0.5214017629623413
0.5829362869262695
0.6537656784057617
0.6112890839576721
0.4751831889152527
0.7007560729980469
0.559040367603302
0.609980583190918
0.45829182863235474
0.4084823727607727
0.41338521242141724
0.4599767327308655
0.5525049567222595
0.5919244289398193
0.6665803790092468
0.42130130529403687
0.6026654243469238
0.582249641418457
0.2795675992965698
0.6504056453704834
0.1928694248199463
0.549551784992218
0.4614850878715515
0.5753670930862427
0.4670219421386719
0.5488011837005615
0.4239100217819214
0.5907625555992126
0.490872859954834
0.5227794647216797
0.6949424743652344
0.3829757571220398
0.3268558979034424
0.28310203552246094
0.558570384979248
0.4085913300514221
0.40727096796035767
0.39899158477783203
0.5474939346313477
0.2736608386039734
0.520280122756958
0.29480862617492676
0.514569878578186
0.42762309312820435
0.35134512186050415
0.7227023839950562
0.33101117610931396
0.5952901840209961
0.5502088665962219
0.27096807956695557
0.24796713888645172
0.48842287063598633
0.4357343316078186
0.5774158239364624
0.4972923994064331
0.5560718774795532
0.7202225923538208
0.6103763580322266
0.35052430629730225
0.5299307703971863
0.6337958574295044
0.5839170813560486
0.2842481732368469
0.5464436411857605
0.36207205057144165
0.6283396482467651
0.3389238119125366
0.43133747577667236
0.5212110280990601
0.26469749212265015
0.2969995141029358
0.09984239935874939
0.6698310971260071
0.531316339969635
0.38832253217697144
0.4984489679336548
0.39554649591445923
0.3026008605957031
0.5713527798652649
0.5817881226539612
0.6665593385696411
0.17047367990016937
0.5118615627288818
0.25842052698135376
0.5546194314956665
0.367652952671051
0.36332547664642334
0.5206316709518433
0.5679540634155273
0.49988412857055664
0.1376098245382309
0.48991531133651733
0.5683600902557373
0.4399220943450928
0.47522276639938354
0.5173040628433228
0.2478032261133194
0.15213720500469208
0.5652551651000977
0.5442980527877808
0.5355329513549805
0.6569414138793945
0.554441511631012
0.26242518424987793
0.5159096121788025
0.4500960111618042
0.6007634997367859
0.2906009554862976
0.5096033811569214
0.3620052933692932
0.48343002796173096
0.5007508397102356
0.09559447318315506
0.44661909341812134
0.5438575148582458
0.5724541544914246
0.6734538078308105
0.46490931510925293
0.6631476879119873
0.2715833783149719
0.4756295680999756
0.408719539642334
0.139033243060112
0.5148709416389465
0.4887470006942749
0.3853914141654968
0.6890606880187988
0.3603498935699463
0.5755860209465027
0.3915574550628662
0.5304109454154968
0.6089346408843994
0.4814697504043579
0.6293625235557556
0.5608173608779907
0.5710763335227966
0.5723020434379578
0.5577813982963562
0.5204758644104004
0.6013001203536987
0.3704381585121155
0.5099560618400574
0.6242167353630066
0.5664719939231873
0.44268542528152466
0.11687614023685455
0.4819275140762329
0.5910177826881409
0.11767919361591339
0.504845917224884
0.3546420931816101
0.4640190601348877
0.47709912061691284
0.4409770369529724
0.5030279755592346
0.5035231113433838
0.31512999534606934
0.5744173526763916
0.5244356393814087
0.5843029022216797
0.5291056632995605
0.5531717538833618
0.5253819227218628
0.3323959708213806
-0.016825437545776367
0.47716736793518066
0.7076869010925293
0.05923234671354294
0.637108325958252
0.4202827215194702
0.10481339693069458
0.5351088047027588
0.46982598304748535
0.3230835199356079
0.5253908038139343
0.5209687352180481
0.3661305904388428
0.5442509651184082
0.5394925475120544
0.46548062562942505
0.4946765899658203
0.142446368932724
0.051088325679302216
0.6719735860824585
0.42921483516693115
0.7258406281471252
0.5939210653305054
0.4926937222480774
0.4581647515296936
0.5062735080718994
0.38957881927490234
0.10594147443771362
0.3217162489891052
0.2197761833667755
0.5883967280387878
0.4799199104309082
0.04303719103336334
0.3717944622039795
0.36859023571014404
0.35884034633636475
0.35496312379837036
0.39239639043807983
0.15723292529582977
0.5462676882743835
0.4407854676246643
0.26732319593429565
0.3841807246208191
0.36369866132736206
0.4607212543487549
0.35201209783554077
0.3419504165649414
0.0306081622838974
0.5918024778366089
0.4435882568359375
0.6860286593437195
0.57342529296875
0.5177580118179321
0.5167073011398315
0.6378380060195923
0.5413731336593628
0.5268862247467041
0.4147571325302124
0.4995309114456177
0.2621060013771057
0.5851473212242126
-0.00712580606341362
0.25452977418899536
0.09260567277669907
0.5994668006896973
0.10560093820095062
0.32716840505599976
0.5796217918395996
0.5643176436424255
0.49844640493392944
0.3421984910964966
0.39344948530197144
0.018972091376781464
0.4733414053916931
0.4899914264678955
0.5773579478263855
0.5291088819503784
0.3922939896583557
0.6966520547866821
0.3653685450553894
0.3216119408607483
0.45441287755966187
0.2287946194410324
0.5215573310852051
0.3715856671333313
0.6706120371818542
0.39016830921173096
0.15966881811618805
0.48103398084640503
0.488847017288208
0.5123711824417114
0.5991927981376648
0.5920443534851074
0.625817596912384
0.4614078402519226
0.5115245580673218
0.5398471355438232
0.3959731459617615
0.5966850519180298
0.6307292580604553
0.5189086198806763
0.23805327713489532
0.2602413296699524
0.6103190183639526
0.39606934785842896
0.15219320356845856
0.6100929975509644
0.14383479952812195
0.4843865633010864
0.06695474684238434
0.45105063915252686
0.49857014417648315
0.437222421169281
0.415588915348053
0.506075382232666
0.6168805360794067
0.46949493885040283
0.5311568975448608
0.4990741014480591
0.6252539753913879
0.6682702898979187
0.601364016532898
0.4979126453399658
0.48368436098098755
0.5379624366760254
0.5001034140586853
0.2966853380203247
0.3806442618370056
0.1326947957277298
0.4672165513038635
0.35913848876953125
0.5479236841201782
0.08691451698541641
0.34916049242019653
0.48307716846466064
0.43734097480773926
0.25061291456222534
0.12577596306800842
0.39367175102233887
0.5993708372116089
0.5162279605865479
0.3380189538002014
0.22196991741657257
0.4666029214859009
0.45653629302978516
0.21417181193828583
0.3047028183937073
0.5408065915107727
0.5446240901947021
0.34915441274642944
0.5360644459724426
0.49584656953811646
0.6205254197120667
0.5183225274085999
0.4038705825805664
0.5422098636627197
0.3199295997619629
0.5555762648582458
0.5793116092681885
0.5239905714988708
0.6362683176994324
0.4743506908416748
0.37535738945007324
0.6011112332344055
0.10130010545253754
0.3956131935119629
0.504330575466156
0.3422861099243164
0.537783145904541
0.6421507596969604
0.5589569807052612
0.31820833683013916
0.6090139150619507
0.42582249641418457
0.5707197189331055
0.5263170599937439
0.3266017436981201
0.6094651222229004
0.46813464164733887
0.40581434965133667
0.318134605884552
0.4721395969390869
0.4539390802383423
0.508512020111084
0.16386725008487701
0.43010812997817993
0.19260627031326294
0.27100062370300293
0.2836604118347168
0.44275182485580444
0.53624427318573
0.48105597496032715
0.10694309324026108
0.42793571949005127
0.4199787378311157
0.3907011151313782
0.5914641618728638
0.5956965088844299
0.027593262493610382
0.47686636447906494
0.5959821343421936
0.37752729654312134
0.3235246539115906
0.5188618898391724
0.5200797319412231
0.6072710752487183
0.33309996128082275
0.44973117113113403
0.4727593660354614
0.6393871307373047
0.2810884714126587
0.4957435131072998
0.5028456449508667
0.5727715492248535
0.5349938869476318
0.5884580612182617
0.36240851879119873
0.03169843554496765
0.2815353274345398
0.5999478101730347
0.5365781784057617
0.6545766592025757
0.37065792083740234
0.603683352470398
0.48991191387176514
0.4872201085090637
0.6032712459564209
0.11587658524513245
0.25973427295684814
0.3832356333732605
0.6481435298919678
0.6046236753463745
0.7714372277259827
0.5509361028671265
0.6252144575119019
0.5147680044174194
0.5516990423202515
0.4935765266418457
0.20428036153316498
0.22994789481163025
0.456829309463501
0.5857733488082886
0.6216819286346436
0.5418100357055664
0.550890326499939
0.5362908244132996
0.3373241424560547
0.1635490506887436
0.32517385482788086
0.5177633166313171
0.5422351360321045
0.6145584583282471
0.5148764848709106
0.48609161376953125
0.5677569508552551
0.4201449155807495
0.21931646764278412
0.593940019607544
0.4016669988632202
0.6728018522262573
0.6018942594528198
0.655713677406311
0.28317683935165405
0.5486845374107361
0.6007870435714722
0.5854563117027283
0.20249339938163757
0.5194841623306274
0.44386494159698486
0.4587472677230835
0.5468567609786987
0.25716036558151245
0.5869547128677368
0.3420761823654175
0.27085548639297485
0.39657312631607056
0.11768226325511932
0.4402328133583069
0.059528060257434845
0.15435321629047394
0.6180025339126587
0.6435926556587219
0.5394943356513977
0.3754984140396118
0.6805984377861023
0.25570380687713623
0.31639981269836426
0.4857107400894165
0.49627959728240967
0.5098768472671509
0.555038571357727
0.6062227487564087
0.10450281202793121
0.6579440832138062
0.21150235831737518
0.2142701894044876
0.48973220586776733
0.6247711777687073
0.38402581214904785
0.4912005066871643
0.5812258124351501
0.4706708788871765
0.4236619472503662
0.42527639865875244
0.4113803505897522
0.5354539155960083
0.6215550303459167
0.2503661513328552
0.5363391637802124
0.06018860638141632
0.5867746472358704
0.6420072913169861
0.19637168943881989
0.5537040829658508
0.4659358263015747
0.422477126121521
0.14346955716609955
0.5552711486816406
0.6821512579917908
0.6113531589508057
0.5096390843391418
0.5347241163253784
0.2628384828567505
0.46230143308639526
0.4690190553665161
0.4571797847747803
0.48277920484542847
0.3883126974105835
0.46634453535079956
0.437461256980896
0.48581141233444214
0.4342670440673828
0.27986443042755127
0.4137389659881592
0.5819314122200012
0.4773483872413635
0.3614775538444519
0.5529594421386719
0.47098368406295776
0.5177443027496338
0.43645548820495605
0.5479671955108643
0.05834745615720749
0.3197215795516968
0.5498172044754028
0.4437708854675293
0.586923360824585
0.5975030064582825
0.4864268898963928
0.5030639171600342
0.3050733208656311
0.2941480875015259
0.5282152891159058
0.3607560992240906
0.2714804410934448
0.5675070285797119
0.688478946685791
0.1149703711271286
0.28344637155532837
0.6470022201538086
0.4043463468551636
0.4027765989303589
0.6203383207321167
0.5722302198410034
0.37902742624282837
0.530348002910614
0.437369704246521
0.5641677379608154
0.30860835313796997
0.32903093099594116
0.5473485589027405
0.609076201915741
0.499358594417572
0.5176207423210144
0.4281548857688904
0.3552306890487671
0.3925982117652893
0.5433709025382996
0.5019533634185791
0.2690156102180481
0.5029908418655396
0.42903465032577515
0.41331470012664795
0.440405011177063
0.561285138130188
0.6673046350479126
0.46779143810272217
0.5580243468284607
0.48721736669540405
0.5795096158981323
0.5787214636802673
0.6046671271324158
0.6820287704467773
0.5391349196434021
0.3565305471420288
0.7388095855712891
0.23741263151168823
0.6974611282348633
0.21629022061824799
0.05582880973815918
0.08741959929466248
0.4049099087715149
0.3473936915397644
0.34224438667297363
0.11774756014347076
0.32426440715789795
0.5401324033737183
0.4070730209350586
0.588977575302124
0.4178917407989502
0.7183713912963867
0.5734130144119263
0.6156004667282104
0.5773838758468628
0.42434853315353394
0.557672917842865
0.38815605640411377
0.5428968667984009
0.5159752368927002
0.183799609541893
0.5688800811767578
0.45811814069747925
0.5149818658828735
0.3088591694831848
0.40644848346710205
0.058283962309360504
0.5521687269210815
0.4619138240814209
0.5501044988632202
0.5679506659507751
0.5474473237991333
0.23044447600841522
0.0925949439406395
0.5106671452522278
0.5791293382644653
0.5120711326599121
0.2023472934961319
0.5871698260307312
0.5240592956542969
0.5960615873336792
0.08166180551052094
0.5442619323730469
0.3023477792739868
0.480671226978302
0.57420814037323
0.5336792469024658
0.4755123257637024
0.6412732005119324
0.5468018054962158
0.3020908236503601
0.6726597547531128
0.6435726881027222
0.5762673020362854
0.0766994059085846
0.341951847076416
0.4548017978668213
0.6180121302604675
0.38264942169189453
0.4139384627342224
0.09504899382591248
0.5654249787330627
0.5189695954322815
0.5064406991004944
0.5772225856781006
0.5786215662956238
0.4060695767402649
0.6201785802841187
0.46875566244125366
0.582511305809021
0.5242033004760742
0.4332870841026306
0.3835884928703308
0.4564463496208191
0.5885558128356934
0.6637272238731384
0.3884694576263428
0.5099149942398071
0.5242278575897217
0.23979146778583527
0.6333154439926147
0.5241330862045288
0.5651554465293884
0.653773307800293
0.40158379077911377
0.6698623895645142
0.5319491624832153
0.642325758934021
0.23538845777511597
0.4833427667617798
0.1870148926973343
0.3102506399154663
0.18963293731212616
0.5793077945709229
0.29210829734802246
0.6252055168151855
0.2966635823249817
0.4652792811393738
0.17019794881343842
0.6067211627960205
0.466414213180542
0.4225098490715027
0.49624699354171753
0.46036362648010254
0.3736916184425354
0.41100823879241943
0.5518990755081177
0.5761470794677734
0.4869428873062134
0.5200313329696655
0.019561991095542908
0.15297217667102814
0.4499906897544861
0.4481537938117981
0.3098103404045105
0.38539546728134155
0.2331843227148056
0.5466024875640869
0.3123493790626526
0.24600346386432648
0.44318532943725586
0.5989686846733093
0.10526236146688461
0.6458641290664673
0.33635926246643066
0.525861918926239
0.6325825452804565
0.5141921043395996
0.4678042531013489
0.5749680995941162
0.4325523376464844
0.5500233173370361
0.5143041610717773
0.4712783098220825
0.5450106859207153
0.5708892345428467
0.4856575131416321
0.23015441000461578
0.41859501600265503
0.6034735441207886
0.3115348815917969
0.22794784605503082
0.5364586710929871
0.38625407218933105
0.5883551836013794
0.6179867386817932
0.6444683074951172
0.44546669721603394
0.5043177604675293
0.32589441537857056
0.6121435165405273
0.4874650835990906
0.4259527921676636
0.5328229665756226
0.5842446088790894
0.4972419738769531
0.07745593786239624
0.5040788650512695
0.3171084523200989
0.656635046005249
0.20708590745925903
0.5493849515914917
0.056081622838974
0.3156205415725708
0.10174966603517532
0.6569511890411377
0.5726333856582642
0.09815604984760284
0.1414337158203125
0.44496870040893555
0.5265809297561646
0.4919931888580322
0.42891937494277954
0.4095054864883423
0.5228245854377747
0.1248655617237091
0.5557340383529663
0.3748010993003845
0.3446013331413269
0.6484371423721313
0.4218560457229614
0.7418450713157654
0.17695282399654388
0.28602135181427
0.4833741784095764
0.6096820831298828
0.3787289261817932
0.5127068758010864
0.5801881551742554
0.4919804334640503
0.41139256954193115
0.38252222537994385
0.09604349732398987
0.5595905780792236
0.5979472994804382
0.6553840637207031
0.49910205602645874
0.565809965133667
0.5335322618484497
0.3940849304199219
0.5052885413169861
0.45686209201812744
0.43583136796951294
0.5054147243499756
0.44775909185409546
0.023201778531074524
0.5536185503005981
0.6043623685836792
0.520999014377594
0.3874129056930542
0.5540010929107666
0.21430885791778564
0.520044207572937
0.4634397625923157
0.6466725468635559
0.43805378675460815
0.6550662517547607
0.47722405195236206
0.6752244234085083
0.6741541028022766
0.5914406776428223
0.7161909341812134
0.13623212277889252
0.09060245752334595
0.5303350687026978
0.7115402817726135
0.4817439913749695
0.31904321908950806
0.4040268063545227
0.5185207724571228
0.3874879479408264
0.20771005749702454
0.4121614098548889
0.045343346893787384
0.38315463066101074
0.16357411444187164
0.5474112033843994
0.2891061305999756
0.5414413809776306
0.44900864362716675
0.47791773080825806
0.4845617413520813
0.37027978897094727
0.5942433476448059
0.22481049597263336
0.44425320625305176
0.6271563768386841
0.19193626940250397
0.46336257457733154
0.6157374978065491
0.42044293880462646
0.20322175323963165
0.36334413290023804
0.46295350790023804
0.03785271570086479
0.2779337763786316
0.4465214014053345
0.017831869423389435
0.5748776197433472
0.5771133899688721
0.48682957887649536
0.13536688685417175
0.38417088985443115
0.4587193727493286
0.4180552363395691
0.24650408327579498
0.5060763955116272
0.3552972674369812
0.49600690603256226
0.38853031396865845
0.6253442764282227
0.6184149980545044
0.6498445272445679
0.3797709345817566
0.4517694115638733
0.3670925498008728
0.6522652506828308
0.5471031665802002
0.41522741317749023
0.5395366549491882
0.0837530642747879
0.44573771953582764
0.35871636867523193
0.36273711919784546
0.5935598611831665
0.5057018995285034
0.5104634761810303
0.31536567211151123
0.5353333950042725
0.4043240547180176
0.6317375302314758
0.6583390235900879
0.4558066725730896
0.5080413222312927
0.1854981929063797
0.6128243803977966
0.44576185941696167
0.4224202632904053
0.4379822015762329
0.40279561281204224
0.5636937618255615
0.5685324668884277
0.5302249193191528
0.6559178829193115
0.5352345108985901
0.4984803795814514
0.4675655961036682
0.46281182765960693
0.4249265789985657
0.47690635919570923
0.3347533941268921
0.42681872844696045
0.5063091516494751
0.6525900363922119
0.24128906428813934
0.5898466110229492
0.6776807308197021
0.6602600812911987
0.11203758418560028
0.2701987028121948
0.5567079782485962
0.46625077724456787
0.328163206577301
0.7512898445129395
0.3372759222984314
0.5385705232620239
0.16516664624214172
0.5726253986358643
0.5244145393371582
0.5951685905456543
0.44721484184265137
0.5065596699714661
0.38441383838653564
0.08748866617679596
0.5323764681816101
0.6321207880973816
0.5969761610031128
0.5410285592079163
0.24402935802936554
0.4584033489227295
0.7348101139068604
0.5409694314002991
0.5095706582069397
0.6678680181503296
0.4450695514678955
0.5906416773796082
0.21398919820785522
0.5615396499633789
0.6308248043060303
0.5219218730926514
0.41624176502227783
0.5642423629760742
0.3901992440223694
0.5159256458282471
0.4107710123062134
0.6116978526115417
0.5655713081359863
0.32496899366378784
0.5399671792984009
0.2669784426689148
0.12541402876377106
0.44467461109161377
0.4535021185874939
0.32111382484436035
0.6866296529769897
0.5032303333282471
0.2796139717102051
0.5226916670799255
0.12965571880340576
0.2565825581550598
0.5702902674674988
0.6155864000320435
0.4782879948616028
0.3424168825149536
0.7877619862556458
0.4834829568862915
0.11976324021816254
0.5081719160079956
0.513299286365509
0.6172792911529541
0.6363444328308105
0.6316423416137695
0.5357372760772705
0.27156323194503784
0.4112766981124878
0.08157788962125778
0.3747599720954895
0.5818092823028564
0.5404964685440063
0.6784735918045044
0.4024873375892639
0.25045233964920044
0.6587928533554077
0.6240594387054443
0.43907618522644043
0.2955971360206604
0.5728206634521484
0.2426360696554184
0.6174980401992798
0.3691325783729553
0.07040983438491821
0.5136328935623169
0.3306535482406616
0.07617698609828949
0.32897770404815674
0.5552738904953003
0.5497326850891113
0.5267313122749329
0.4825495481491089
0.07992911338806152
0.5153640508651733
0.5439184904098511
0.38462966680526733
0.3906840682029724
0.5624326467514038
0.3381286859512329
0.5915495157241821
0.6751903295516968
0.7117013931274414
0.49666905403137207
0.4826408624649048
0.5523548126220703
0.6206371784210205
0.44727736711502075
0.6135473847389221
0.291309654712677
0.5805529356002808
0.4533618688583374
0.42936867475509644
0.08537649363279343
0.24331147968769073
0.3969012498855591
0.5374271273612976
0.4251665472984314
0.38847821950912476
0.5664404630661011
0.16615302860736847
0.459489643573761
0.26314806938171387
0.4983937740325928
0.5774003267288208
0.610858678817749
0.626144289970398
0.6160373687744141
0.4442518353462219
0.4562104344367981
0.2977994680404663
0.5126243829727173
0.414063036441803
0.3970116972923279
0.5106577277183533
0.63536137342453
0.4990127682685852
0.5573782920837402
0.44052284955978394
0.11049823462963104
0.6319379210472107
0.6393623948097229
0.3813283443450928
0.6020963788032532
0.10056744515895844
0.6606562733650208
0.435573935508728
0.41115039587020874
0.717269241809845
0.5402544736862183
0.4010453224182129
0.4702405333518982
0.4364722967147827
0.6249680519104004
0.27466529607772827
0.39451050758361816
0.4691556692123413
0.21898935735225677
0.4569892883300781
0.34489983320236206
0.42697930335998535
0.3809126615524292
0.5872370004653931
0.504725456237793
0.05657193064689636
0.33084720373153687
0.5608178377151489
0.5312414765357971
0.6392111778259277
0.6118123531341553
0.23299573361873627
0.5850959420204163
0.017818927764892578
0.41275036334991455
0.4228222370147705
0.680112898349762
0.598710298538208
0.600751519203186
0.5177261233329773
0.08496963977813721
0.5162592530250549
0.15949539840221405
0.07641095668077469
0.027301322668790817
0.5214312076568604
0.43479979038238525
0.4876040816307068
0.7698410749435425
0.6839227080345154
0.5219088792800903
0.5176597833633423
0.6218971610069275
0.4381090998649597
0.4141536355018616
0.37114620208740234
0.5027496218681335
0.5539708733558655
0.5124266147613525
0.10288030654191971
0.5845890641212463
0.5906468629837036
0.4604915976524353
0.5861542224884033
0.20597012341022491
0.40492087602615356
0.4669845700263977
0.37069106101989746
0.2680511474609375
0.6640826463699341
0.2898489236831665
0.5572004914283752
0.5898537039756775
0.571262001991272
0.1362592726945877
0.5650403499603271
0.07783064246177673
0.6058670282363892
0.0939658060669899
0.5931816101074219
0.5743682980537415
0.15501855313777924
0.40014010667800903
0.6898684501647949
0.4782794117927551
0.6305661201477051
0.6314367055892944
0.19241826236248016
0.5435320138931274
0.5752172470092773
0.4215949773788452
0.393990159034729
0.4677978754043579
0.741019070148468
0.42936939001083374
0.6232773065567017
0.32355254888534546
0.5054696202278137
0.6376881003379822
0.36081379652023315
0.4631248116493225
0.6637142896652222
0.19201309978961945
0.5694931149482727
0.42639797925949097
0.45693469047546387
0.5883098840713501
0.5009058713912964
0.5571842193603516
0.4346633553504944
0.05140136182308197
0.5593233108520508
0.6116974949836731
0.5303117036819458
0.05014387518167496
0.591743528842926
0.14845989644527435
0.5787265300750732
0.20472685992717743
0.6007870435714722
0.5143486857414246
0.16403542459011078
0.5585005879402161
0.45617568492889404
0.5240685939788818
0.5535829067230225
0.131541445851326
0.08801054954528809
0.3882153630256653
0.5065021514892578
0.6547499299049377
0.554121732711792
0.477115273475647
0.5109639763832092
0.6465653777122498
0.17357274889945984
0.5606880187988281
0.22177718579769135
0.22441986203193665
0.4297748804092407
0.5490749478340149
0.4999525547027588
0.5103577375411987
0.5656421780586243
0.044908348470926285
0.5512381196022034
0.47768354415893555
0.23193173110485077
0.6587958335876465
0.44123148918151855
0.6194278001785278
0.35484862327575684
0.2218756079673767
0.6374685168266296
0.6258577108383179
0.5280081629753113
0.5399761199951172
0.529090940952301
0.6653780937194824
0.5245535969734192
0.4983011484146118
0.5681944489479065
0.0680931955575943
0.46543532609939575
0.5802960395812988
0.5928521156311035
0.5469774603843689
0.6127615571022034
0.39703869819641113
0.40939784049987793
0.6185424327850342
0.42291927337646484
0.4559136629104614
0.6107699871063232
0.4984748363494873
0.15797586739063263
0.5550638437271118
0.636928915977478
0.4825148582458496
0.17608864605426788
0.6163699626922607
0.5984621644020081
0.4144260883331299
0.6223206520080566
0.5560003519058228
0.48311126232147217
0.452143132686615
0.5073590278625488
0.5017228722572327
0.5676411390304565
0.29804491996765137
0.4514694809913635
0.6204496622085571
0.6225541830062866
0.5351142883300781
0.262842059135437
0.5045866370201111
0.35639500617980957
0.4173070788383484
0.5598665475845337
0.5325393676757812
0.5984951853752136
0.6961379647254944
0.29345864057540894
0.46165382862091064
0.5177156329154968
0.6086820363998413
0.5718756318092346
0.11288292706012726
0.09504899382591248
0.42598849534988403
0.47303277254104614
0.3937230110168457
0.5489003658294678
0.21117475628852844
0.25444960594177246
0.42536038160324097
0.6873162388801575
0.40368181467056274
0.6357029676437378
0.35538941621780396
0.5256595015525818
0.6123904585838318
0.5558440685272217
0.5153857469558716
-0.03859608620405197
0.6583231091499329
0.7087711095809937
0.38113534450531006
0.5816143155097961
0.031476885080337524
0.4044155478477478
0.3419140577316284
0.48755931854248047
0.20825275778770447
0.5253955721855164
0.5946059226989746
0.366476833820343
0.6042020320892334
0.599126935005188
0.46440476179122925
0.5889321565628052
0.4361118674278259
0.41081732511520386
0.6147351264953613
0.43013858795166016
0.4409957528114319
0.041266560554504395
0.6233313679695129
0.47365719079971313
0.5759464502334595
0.42078977823257446
0.6279201507568359
0.2547875642776489
0.31626319885253906
0.5750744342803955
0.68397057056427
0.43396294116973877
0.5718294382095337
0.5565816164016724
0.47531062364578247
0.36020874977111816
0.43876737356185913
0.6298123002052307
0.5119519829750061
0.4897814989089966
0.7359634041786194
0.12878850102424622
0.18518894910812378
0.5502053499221802
0.7376759052276611
0.4342661499977112
0.14123199880123138
0.43468600511550903
0.2407272607088089
0.5149223804473877
0.5841232538223267
0.4147135019302368
0.4239111542701721
0.575009286403656
0.4486488699913025
0.3300536274909973
0.28670984506607056
0.38215380907058716
0.5361239910125732
0.5078305006027222
0.4536965489387512
0.41966813802719116
0.5692664980888367
0.4603469967842102
0.610686182975769
0.45646458864212036
0.6909641623497009
0.4522911310195923
0.40882575511932373
0.2583545446395874
0.010198470205068588
0.3333415985107422
0.5708763003349304
0.41718995571136475
0.40393245220184326
0.5946588516235352
0.6884920597076416
0.22260655462741852
0.4515247344970703
0.5289409756660461
0.4825836420059204
0.1656518578529358
0.6660759449005127
0.11946925520896912
0.5974048376083374
0.5273289680480957
0.4553260803222656
0.21590176224708557
0.4597662091255188
0.6045733094215393
0.3445025682449341
0.5774675011634827
0.12015242874622345
0.5335026383399963
0.5937379598617554
0.616023600101471
0.37188971042633057
0.6429635286331177
0.2971768379211426
0.4742024540901184
0.4445343017578125
0.18591566383838654
0.517615020275116
0.32648706436157227
0.37565702199935913
0.4370585083961487
0.4224388003349304
0.6337713003158569
0.6081073880195618
0.5382899045944214
0.44743651151657104
0.68708735704422
0.21951378881931305
0.4546350836753845
0.5462310910224915
0.6260732412338257
0.4056931734085083
0.578872799873352
0.6069889068603516
0.48239243030548096
0.4406815767288208
0.39828139543533325
0.6137580871582031
0.3545699715614319
0.31466442346572876
0.5612283945083618
0.6594820022583008
0.36399179697036743
0.4931100010871887
0.36153262853622437
0.6793063879013062
0.4609262943267822
0.6373823285102844
0.41802161931991577
0.6276549696922302
0.48950260877609253
0.6263864040374756
0.5780225992202759
0.3406575322151184
0.7097517251968384
0.6522990465164185
0.6632732152938843
0.5395699739456177
0.2222350388765335
0.5681229829788208
0.5150232315063477
0.5109797716140747
0.4830356240272522
0.49267327785491943
0.3993991017341614
0.504493236541748
0.35578322410583496
0.41068732738494873
0.5912296772003174
0.5776310563087463
0.40108489990234375
0.2731449007987976
0.6883463263511658
0.47591841220855713
0.4763362407684326
0.49880659580230713
0.5715507864952087
0.6178662180900574
0.6496864557266235
0.30461686849594116
0.44332438707351685
0.48154890537261963
0.6003638505935669
0.3959731459617615
0.40110743045806885
0.47042393684387207
0.6276984214782715
0.5572682619094849
0.5100957155227661
0.3011443018913269
0.43487608432769775
0.5487990379333496
0.36607593297958374
0.5756433606147766
0.3503112196922302
0.5307933688163757
0.6938135623931885
0.41065508127212524
0.7565217018127441
0.4148210883140564
0.3896649479866028
0.6109207272529602
0.4979435205459595
0.5766392350196838
0.6364381909370422
0.2778124213218689
0.5860648155212402
0.22161412239074707
0.5091311931610107
0.551967978477478
0.5334546566009521
0.3305289149284363
0.5668869018554688
0.6764142513275146
0.4852674603462219
0.29183483123779297
0.4856008291244507
0.5754013061523438
0.5298197865486145
0.741072952747345
0.302867591381073
0.38118988275527954
0.3366035223007202
0.2927049994468689
0.568331778049469
0.4732094407081604
0.18843115866184235
0.44653207063674927
0.628196120262146
0.25040221214294434
0.5541870594024658
0.549921989440918
0.4179126024246216
0.4867039918899536
0.5456763505935669
0.36878544092178345
0.441991925239563
0.36033469438552856
0.604899525642395
0.5367227792739868
0.629304826259613
0.5317753553390503
0.07094036042690277
0.4984246492385864
0.5110772252082825
0.404960572719574
0.6750560998916626
0.4665377736091614
0.4753931164741516
0.5398175716400146
0.14454229176044464
0.49907559156417847
0.5636937618255615
0.5410020351409912
0.4859342575073242
0.6474860906600952
0.2222404032945633
0.6812796592712402
0.607591986656189
0.4079832434654236
0.4272175431251526
0.47084516286849976
0.4531269073486328
0.23301365971565247
0.4520612359046936
0.6418337821960449
0.3026738166809082
0.5306854248046875
0.1552242934703827
0.6647815704345703
0.5617375373840332
0.27214592695236206
0.4248858690261841
0.07094471901655197
0.3906453251838684
0.4511253833770752
0.7008756399154663
0.6635078191757202
0.5254909992218018
0.5373640656471252
0.38741981983184814
0.49163055419921875
0.5373255610466003
0.24442844092845917
0.1313878744840622
0.10232163220643997
0.5234176516532898
0.4257938861846924
0.45299649238586426
0.3831433653831482
0.5042194128036499
0.6091464757919312
0.5335519313812256
0.5551734566688538
0.3354756236076355
0.14597393572330475
0.42884886264801025
0.6477383375167847
0.517895519733429
0.4861661195755005
0.568548321723938
0.4613737463951111
0.4634019136428833
0.6338867545127869
0.5309053659439087
0.4521927833557129
0.41775137186050415
0.4800589084625244
0.27395135164260864
0.44512301683425903
0.3989675045013428
0.5189064145088196
0.2735888957977295
0.36839455366134644
0.32261037826538086
0.4263650178909302
0.25104600191116333
0.5569687485694885
0.5660627484321594
0.5585586428642273
0.1489010900259018
0.24089498817920685
0.44658899307250977
0.5777665376663208
0.603729248046875
0.5252240896224976
0.4247557520866394
0.07397893816232681
0.6044455766677856
0.6919336318969727
0.517785906791687
0.5921750068664551
0.6486347913742065
0.6493099927902222
0.5090185403823853
0.12275916337966919
0.5110020041465759
0.4568580389022827
0.5255574584007263
0.45305830240249634
0.5614566206932068
0.6041432619094849
0.03777576982975006
0.4870626926422119
0.18004967272281647
0.574506402015686
0.5333053469657898
0.5506295561790466
0.6279169321060181
0.4488723874092102
0.49029242992401123
0.6696035861968994
0.6326743364334106
0.6133959293365479
0.5294337272644043
0.561108410358429
0.5500845909118652
0.5798003673553467
0.5576418042182922
0.4679548740386963
0.6439083814620972
0.3201202154159546
0.08192552626132965
0.5655670166015625
0.48787641525268555
0.6528919339179993
0.314231276512146
0.5228434205055237
0.5606981515884399
0.3989484906196594
0.5919978618621826
0.4900854229927063
0.050216011703014374
0.267889142036438
0.4900142550468445
0.12606264650821686
0.6531647443771362
0.21460463106632233
0.4519164562225342
0.4858795404434204
0.5816143155097961
0.296022891998291
0.45278316736221313
0.6801483631134033
0.45929908752441406
0.09178054332733154
0.3974958062171936
0.6227340698242188
0.32787972688674927
0.5209486484527588
0.5367029905319214
0.5826749205589294
0.44536489248275757
0.435184121131897
0.40649956464767456
0.6001551151275635
0.4810449481010437
0.5184988975524902
0.5265461206436157
0.1902688443660736
0.5588811635971069
0.3042610287666321
0.498649537563324
0.5765414237976074
0.4878743290901184
0.6316542625427246
0.5779375433921814
0.3072725534439087
0.18522316217422485
0.6101071834564209
0.5498010516166687
0.6813763976097107
0.3744387626647949
0.5348966717720032
0.6520484685897827
0.4542945623397827
0.29468441009521484
0.5720653533935547
0.6254321336746216
0.2771238088607788
0.3711698651313782
0.5659114718437195
0.4950084090232849
0.4543549418449402
0.1478489488363266
0.5505380034446716
0.2004329264163971
0.4413186311721802
0.5589340925216675
0.09865470975637436
0.24163146317005157
0.507283091545105
0.5602107644081116
0.5759739279747009
0.4285386800765991
0.7374006509780884
0.5079407691955566
0.15750785171985626
0.4179774522781372
0.5121811628341675
0.47112053632736206
0.6057541370391846
0.5363138914108276
0.08920332789421082
0.5741026401519775
0.47080302238464355
0.5956542491912842
0.5486419200897217
0.6943174600601196
0.506924033164978
0.4334479570388794
0.6482656598091125
0.03408293053507805
0.10590731352567673
0.46702873706817627
0.21342650055885315
0.45579057931900024
0.340431809425354
0.5953731536865234
0.4841795563697815
0.350882887840271
0.6037916541099548
0.38859766721725464
0.6939317584037781
0.3457849621772766
0.41735684871673584
0.4203660488128662
0.19756494462490082
0.38723456859588623
0.47134679555892944
0.25111132860183716
0.5645514726638794
0.37851929664611816
0.5573010444641113
0.15655307471752167
0.16403184831142426
0.5030083060264587
0.4415140151977539
0.08468002080917358
0.4941113591194153
0.5023695826530457
0.33056432008743286
0.13219128549098969
0.511361837387085
0.5648248195648193
0.700018048286438
0.2263420671224594
0.3331063985824585
0.3751974105834961
0.5767648816108704
0.35195398330688477
0.7351462244987488
0.6579666137695312
0.345919132232666
0.40120112895965576
0.19563527405261993
0.5222226977348328
0.3301278352737427
0.7422167062759399
0.5071601271629333
0.7216528058052063
0.5206174850463867
0.5544337034225464
0.2304115742444992
0.34656822681427
0.7229464054107666
0.4376540780067444
0.5615864992141724
0.5017501711845398
0.5711889266967773
0.4145023822784424
0.6093921661376953
0.5669978857040405
0.5542796850204468
0.23121456801891327
0.20902182161808014
0.18995819985866547
0.393653929233551
0.5491713285446167
0.09147986769676208
0.12533846497535706
0.523147702217102
0.12501564621925354
0.587995171546936
0.532447338104248
0.5903396010398865
0.2772917151451111
0.5773427486419678
0.6054736971855164
0.31021392345428467
0.04700023680925369
0.47885531187057495
0.4454144835472107
0.5737555623054504
0.5216658115386963
0.5280773639678955
0.43870627880096436
0.32948100566864014
0.5807949304580688
0.08742228150367737
0.6944035887718201
0.4032144546508789
0.5839968919754028
0.6258969902992249
0.4954093098640442
0.4278445243835449
0.5895954966545105
0.05627080798149109
0.5709565877914429
0.1837555170059204
0.2918972969055176
0.5035132169723511
0.33731192350387573
0.4784238338470459
0.5194458365440369
0.5258159637451172
0.31213247776031494
0.43377411365509033
0.6425567269325256
0.3848373293876648
0.10675868391990662
0.3928908705711365
0.19029927253723145
0.5857851505279541
0.517499566078186
0.5175015926361084
0.702979564666748
0.2714487910270691
0.34423625469207764
0.6537565588951111
0.5738011002540588
0.19758230447769165
0.4166165590286255
0.45278066396713257
0.5184721946716309
0.5750440359115601
0.6372078657150269
0.7886902093887329
0.328888475894928
0.5466265678405762
0.1569528728723526
0.585363507270813
0.5247700214385986
0.4431912899017334
0.6571263074874878
0.5378105640411377
0.3445415496826172
0.534284234046936
0.2814091444015503
0.5534565448760986
0.4903109669685364
0.17794473469257355
0.5339582562446594
0.3517490029335022
0.6021240949630737
0.6019269227981567
0.6487734317779541
0.30675309896469116
0.32308584451675415
0.7030817866325378
0.5948249101638794
0.5095898509025574
0.5803941488265991
0.46883463859558105
0.29517775774002075
0.2619871497154236
0.2665260434150696
0.5471228957176208
0.4667755961418152
0.6969099044799805
0.5358458757400513
0.4710894823074341
0.5301713943481445
0.6872371435165405
0.1225348711013794
0.568935751914978
0.145223006606102
0.38469523191452026
0.1742592751979828
0.07251908630132675
0.5594053864479065
0.6558418273925781
0.3134009838104248
0.5548012256622314
0.6668870449066162
0.4447612166404724
0.05997037887573242
0.12332157790660858
0.394461452960968
0.4296802282333374
0.4261587858200073
0.3047916889190674
0.5353044271469116
0.08365287631750107
0.47867727279663086
0.3890188932418823
0.2317860871553421
0.5692466497421265
0.6558166146278381
0.0938730537891388
0.6528810262680054
0.575218141078949
0.16779597103595734
0.5500741004943848
0.44531452655792236
0.5470515489578247
0.5994987487792969
0.3434675931930542
0.35893386602401733
0.580978274345398
0.426297128200531
0.5895179510116577
0.5154780745506287
0.44123780727386475
0.10077391564846039
0.3983112573623657
0.2625560164451599
0.6016077399253845
0.32948142290115356
0.4633200168609619
0.06481221318244934
0.5198109745979309
0.6931917667388916
0.5139727592468262
0.060795336961746216
0.641486644744873
0.3738470673561096
0.4567975401878357
0.5197484493255615
0.07370106875896454
0.48623281717300415
0.49503910541534424
0.6842007637023926
0.07775504887104034
0.6779205799102783
0.15768589079380035
0.35810548067092896
0.5353986024856567
0.5434043407440186
0.26446205377578735
0.12634608149528503
0.48719173669815063
0.5724894404411316
0.3867669701576233
0.555006206035614
0.47796010971069336
0.5052858591079712
0.6688892841339111
0.5804666876792908
0.6457678079605103
0.33290255069732666
0.4228845238685608
0.641873836517334
0.2679303288459778
0.4030616879463196
0.15467174351215363
0.46086597442626953
0.512095034122467
0.5447304248809814
0.6212425231933594
0.4301993250846863
0.20721332728862762
0.4546939730644226
0.5503057241439819
0.3786872625350952
0.5878826379776001
0.3683164715766907
0.6780291795730591
0.3986138105392456
0.3787860870361328
0.2707504630088806
0.3688388466835022
0.529873251914978
0.6402648091316223
0.3309965133666992
0.1736009567975998
0.6864560842514038
0.5710386037826538
0.4099874496459961
0.2343723475933075
0.45331114530563354
0.5622766017913818
0.6440523266792297
0.48506617546081543
0.6125627756118774
0.6079267263412476
0.4724375009536743
0.6216868162155151
0.6133147478103638
0.6490564346313477
0.49563169479370117
0.6022206544876099
0.43901073932647705
0.7486898303031921
0.17375461757183075
0.5717756748199463
0.606337308883667
0.3917540907859802
0.15865740180015564
0.6126226782798767
0.24977262318134308
0.19738291203975677
0.4339548349380493
0.6999586820602417
0.21180874109268188
0.30004817247390747
0.555284857749939
0.41242516040802
0.563854992389679
0.423370897769928
0.5622469782829285
0.5002212524414062
0.22397689521312714
0.5936291217803955
0.09335116297006607
0.6279173493385315
0.4331819415092468
0.39992600679397583
0.4100145101547241
0.6554058194160461
0.21180008351802826
0.3094552159309387
0.5923424959182739
0.4386833906173706
0.28592681884765625
0.49970054626464844
0.47717225551605225
0.14730843901634216
0.2864342927932739
0.4875357747077942
0.4135998487472534
0.548770546913147
0.3935343027114868
0.5168443918228149
0.5586699843406677
0.587114691734314
0.37354958057403564
0.18071997165679932
0.5426875352859497
0.5308129787445068
0.5659178495407104
0.6083657741546631
0.46549928188323975
0.16888628900051117
0.30174046754837036
0.48501086235046387
0.63141268491745
0.4455777406692505
0.598002016544342
0.6311438679695129
0.3770502209663391
0.5844146013259888
0.4302254319190979
0.6394860744476318
0.1466010957956314
0.5089370012283325
0.1583649218082428
0.542216420173645
0.3027600646018982
0.45642709732055664
0.32648491859436035
0.5422757863998413
0.5873599052429199
0.5671443939208984
0.5427691340446472
0.5703040361404419
0.5845975279808044
0.5799371004104614
0.12919564545154572
0.29138147830963135
0.4616171717643738
0.32222187519073486
0.5603138208389282
0.22179527580738068
0.47445714473724365
0.46642225980758667
0.5548360347747803
0.3867287039756775
0.4593711495399475
0.27614104747772217
0.535594642162323
0.5832726359367371
0.35396063327789307
0.5289251804351807
0.6470152139663696
0.42049992084503174
0.5144636631011963
0.55324387550354
0.4775163531303406
0.46977847814559937
0.42363929748535156
0.5139049291610718
0.544467568397522
0.5692403316497803
0.46328485012054443
0.46845436096191406
0.4977909326553345
0.3684634566307068
0.5315566062927246
0.4117489457130432
0.35729706287384033
0.5317174792289734
0.5307552814483643
0.3904295563697815
0.3201306462287903
0.2698875665664673
0.5955542922019958
0.5641781091690063
0.497262179851532
0.4160364866256714
0.02888750284910202
0.6489102840423584
0.5664507150650024
0.4912794828414917
0.11705091595649719
0.6152186989784241
0.46714627742767334
0.22506166994571686
0.5161100625991821
0.5148594379425049
0.6401227712631226
0.46021145582199097
0.5831241607666016
0.1402280628681183
0.1414337158203125
0.39028400182724
0.5507957935333252
0.08843109756708145
0.5012781620025635
0.25964170694351196
0.4933597445487976
0.38923996686935425
0.45630794763565063
0.29368484020233154
0.37448662519454956
0.5111405849456787
0.15359951555728912
0.39907389879226685
0.6328467726707458
0.24856986105442047
0.7280794382095337
0.3392610549926758
0.22970184683799744
0.47078633308410645
0.40121299028396606
0.7056556940078735
0.3822139501571655
0.10173451155424118
0.4236820936203003
0.5674023628234863
0.21385715901851654
0.5199272632598877
0.2631632089614868
0.4842764139175415
0.49950575828552246
0.418607234954834
0.47610902786254883
0.36089271306991577
0.64409339427948
0.5521916747093201
0.48427605628967285
0.6137450933456421
0.6892256736755371
0.5794380903244019
0.5702794790267944
0.42682772874832153
0.4830530285835266
0.6608279943466187
0.6863775849342346
0.721876323223114
0.46880799531936646
0.118734210729599
0.4311067461967468
0.5057393312454224
0.22031241655349731
0.24074102938175201
0.3227018117904663
0.576449453830719
0.6824934482574463
0.5953748822212219
0.38904672861099243
0.519850492477417
0.5347241163253784
0.650762140750885
0.6327825784683228
0.5082399845123291
0.29774099588394165
0.4845009446144104
0.5719411969184875
0.4450582265853882
0.6257870197296143
0.6908572912216187
0.1961221545934677
0.45844119787216187
0.5189006328582764
0.30563515424728394
0.5719122290611267
0.5068455934524536
0.2571392059326172
0.5423895120620728
0.48730772733688354
0.4673493504524231
0.4678751230239868
0.35019856691360474
0.3100816011428833
0.5493587255477905
0.5230821967124939
0.07535506784915924
0.32067590951919556
0.6489264369010925
0.43843400478363037
0.37899482250213623
0.54226154088974
0.31491029262542725
0.5041531324386597
0.45637500286102295
0.5531183481216431
0.46879374980926514
0.19954794645309448
0.5579357147216797
0.4368439316749573
0.22520621120929718
0.17906610667705536
0.5850589871406555
0.5012656450271606
0.4130988121032715
0.33631962537765503
0.2108963280916214
0.5126908421516418
0.5553139448165894
0.593661367893219
0.4398665428161621
0.5902494788169861
0.5513798594474792
0.5098721385002136
0.6267902255058289
0.47317808866500854
0.4969034194946289
0.2554771304130554
0.3190452456474304
0.12304620444774628
0.268302321434021
0.607689380645752
0.48822522163391113
0.12861423194408417
0.5439889430999756
0.4032190442085266
0.600058913230896
0.48637211322784424
0.4113975763320923
0.4604341983795166
0.44618064165115356
0.6852311491966248
0.16407980024814606
0.4743914008140564
0.5002943873405457
0.09684847295284271
0.49262291193008423
0.32865625619888306
0.6222144365310669
0.12485630810260773
0.4162914752960205
0.2979305386543274
0.2373484969139099
0.4325054883956909
0.011892680078744888
0.6170953512191772
0.5694825053215027
0.28522050380706787
0.43571627140045166
0.5387594103813171
0.517879843711853
0.1899411529302597
0.22750386595726013
0.4896566867828369
0.6318703889846802
0.6076802015304565
0.36462539434432983
0.5301229357719421
0.26973485946655273
0.6581122279167175
0.28625065088272095
0.6293653845787048
0.1685839742422104
0.6441026926040649
0.5579371452331543
0.5849436521530151
0.08828307688236237
0.4270634651184082
0.18476071953773499
0.1256413459777832
0.5794684290885925
0.4892536401748657
0.5174599289894104
0.5904088616371155
0.46151894330978394
0.5764352679252625
0.624862015247345
0.4125681519508362
0.23060277104377747
0.34991198778152466
0.23883654177188873
0.27152812480926514
0.1381199061870575
0.4373816251754761
0.44757455587387085
0.4574658274650574
0.6223288774490356
0.04332982748746872
0.5364106893539429
0.4805413484573364
0.6267129182815552
0.5246912240982056
0.4993361830711365
0.5636555552482605
0.41132652759552
0.4722021222114563
0.6382021903991699
0.680782675743103
0.5220502018928528
0.2472807615995407
0.722439169883728
0.45845818519592285
0.4948817491531372
0.6733291149139404
0.43711137771606445
0.480174720287323
0.591757595539093
0.44802409410476685
0.4228796362876892
0.5459189414978027
0.29281532764434814
0.5154446363449097
0.41547930240631104
0.6299499273300171
0.6422194242477417
0.38143420219421387
0.5086239576339722
0.2874240279197693
0.49810659885406494
0.3561621308326721
0.4719759225845337
0.634148359298706
0.583864152431488
0.6080451011657715
0.553989827632904
0.5202348232269287
0.5733926296234131
0.5488739013671875
0.6336467266082764
0.1564435511827469
0.28843075037002563
0.6728018522262573
0.49507927894592285
0.3822767734527588
0.2647733688354492
0.09084169566631317
0.31772780418395996
0.17375151813030243
0.5774115324020386
0.7109377384185791
0.5591102838516235
0.3084872364997864
0.31659919023513794
0.3868418335914612
0.6506825685501099
0.5046445727348328
0.28951263427734375
0.6428554058074951
0.5676718950271606
0.5514020919799805
0.37151604890823364
0.375576913356781
0.39896947145462036
0.40365391969680786
0.5943701267242432
0.2718914747238159
0.32193106412887573
0.24856196343898773
0.447030246257782
0.5508162379264832
0.4362037777900696
0.6577197909355164
0.6297993659973145
0.48155397176742554
0.5009679794311523
0.6162536144256592
0.623621940612793
0.5250670909881592
0.4012318253517151
0.5066689252853394
0.4051104187965393
0.7400346994400024
0.5255919694900513
0.21186165511608124
0.09398773312568665
0.5780457258224487
0.4453703761100769
0.5786847472190857
0.19150647521018982
0.6720266342163086
0.619473934173584
0.34578055143356323
0.5223199129104614
0.2866930365562439
0.5300366282463074
0.26205378770828247
0.40669018030166626
0.5776547193527222
0.44920557737350464
0.5396791696548462
0.4056127667427063
0.6935977935791016
0.2020500749349594
0.5172224044799805
0.5918643474578857
0.5342580676078796
0.6280491948127747
0.5066848993301392
0.42130017280578613
0.4629948139190674
0.17191988229751587
0.7144646048545837
0.07066850364208221
0.615281343460083
0.4873579740524292
0.3323441743850708
0.5783683061599731
0.34798115491867065
0.6567922830581665
0.5842264294624329
0.6044385433197021
0.10515327751636505
0.5455023050308228
0.2914682626724243
0.4415215849876404
0.46655410528182983
0.43688827753067017
0.3171549439430237
0.38024967908859253
0.5228837728500366
0.06685024499893188
0.3544943928718567
0.3246002197265625
0.42952996492385864
0.37359821796417236
0.5358976721763611
0.30372118949890137
0.5269807577133179
0.39967823028564453
0.47010767459869385
0.6103835105895996
0.3778863549232483
0.5105681419372559
0.3759320378303528
0.508034348487854
0.5935229063034058
0.6354444026947021
0.5325767993927002
0.4670543074607849
0.4458194375038147
0.4364916682243347
0.5230622887611389
0.7331045866012573
0.39208102226257324
0.16144222021102905
0.5305467247962952
0.5475471615791321
0.39592957496643066
0.3486829400062561
0.1718338429927826
0.47432464361190796
0.2894749641418457
0.49769604206085205
0.08659322559833527
0.5436261892318726
0.5328589081764221
0.4519160985946655
0.22191713750362396
0.2032688707113266
0.46354806423187256
0.6664310693740845
0.7324570417404175
0.4160946011543274
0.17968371510505676
0.4294081926345825
0.5327042937278748
0.1322270780801773
0.28100520372390747
0.556968092918396
0.6609066724777222
0.5092582702636719
0.4070749878883362
0.5685887932777405
0.35261279344558716
0.4328899383544922
0.2898223400115967
0.6379136443138123
0.42381995916366577
0.5977597236633301
0.63491290807724
0.225432351231575
0.37775957584381104
0.603298008441925
0.580191969871521
0.29229283332824707
0.555587649345398
0.4488198757171631
0.5313994884490967
0.5117796659469604
0.571998119354248
0.29908478260040283
0.3447514772415161
0.36720603704452515
0.590907871723175
0.21721865236759186
0.4345706105232239
0.48674482107162476
0.3306655287742615
0.396786093711853
0.3676643967628479
0.49111658334732056
0.37371009588241577
0.5540610551834106
0.6223206520080566
0.5144860148429871
0.6221113204956055
0.11498965322971344
0.10783448815345764
0.4945758581161499
0.5968711376190186
0.1346612572669983
0.4285736680030823
0.619959831237793
0.5154423713684082
0.6612865924835205
0.7930141687393188
0.27042579650878906
0.4466691017150879
0.4404512047767639
0.470950186252594
0.35309845209121704
0.7321181297302246
0.4278092384338379
0.6564314365386963
0.34213709831237793
0.5596398115158081
0.5959558486938477
0.31135690212249756
0.4140636920928955
0.5999977588653564
0.21877241134643555
0.34379255771636963
0.45140475034713745
0.47260409593582153
0.32007479667663574
0.44049590826034546
0.2658899426460266
0.3162728548049927
0.08027823269367218
0.4846707582473755
0.5442955493927002
0.4865419864654541
0.32136160135269165
0.48230046033859253
0.48816537857055664
0.21426832675933838
0.3513328433036804
0.593468427658081
0.35115885734558105
0.39856767654418945
0.5545165538787842
0.25766074657440186
0.4270803928375244
0.4381958842277527
0.36309659481048584
0.3594719171524048
0.5220240950584412
0.4826914072036743
0.19528691470623016
0.3522018790245056
0.5169174671173096
0.5942320823669434
0.5151232481002808
0.43480801582336426
0.6142072677612305
0.4354783296585083
0.41378527879714966
0.5380341410636902
0.4547681212425232
0.5912717580795288
0.430364727973938
0.45483940839767456
0.4889185428619385
0.5991613864898682
0.5761412382125854
0.6605092883110046
0.6682589650154114
0.29373061656951904
0.4737212061882019
0.6259987354278564
0.5089215040206909
0.04762665927410126
0.5823037028312683
0.5395699739456177
0.511604905128479
0.6328853964805603
0.2730886936187744
0.20871950685977936
0.5556849241256714
0.5324691534042358
0.5140723586082458
0.5087074041366577
0.4802391529083252
0.4015783667564392
0.5164624452590942
0.3675987720489502
0.4297546148300171
0.5634429454803467
0.565643310546875
0.607345461845398
0.10207095742225647
0.5041090250015259
0.07893982529640198
0.5584524869918823
0.6295170783996582
0.5371452569961548
0.4319303631782532
0.49531805515289307
-0.05054067075252533
0.5149425864219666
0.4106696844100952
0.36828964948654175
0.5681082010269165
0.5497289299964905
0.07803329080343246
0.025508422404527664
0.1474790722131729
0.6653522253036499
0.34089601039886475
0.4750549793243408
0.4072904586791992
0.579479455947876
0.6077320575714111
0.031205464154481888
0.28418081998825073
0.6120468378067017
0.5550805330276489
0.5593373775482178
0.48502469062805176
0.6289371848106384
0.33473700284957886
0.6290559768676758
0.5848124623298645
0.48296862840652466
0.555547833442688
0.4757004380226135
0.6260596513748169
0.6021541357040405
0.4292218089103699
0.6997706890106201
0.5810397863388062
0.5907968878746033
0.46802568435668945
0.41098612546920776
0.616851806640625
0.626331090927124
0.6376364827156067
0.653802216053009
0.4121353030204773
0.5286614894866943
0.293259859085083
0.40256357192993164
0.5454914569854736
0.3205636739730835
0.5313965082168579
0.08720849454402924
0.4844211935997009
0.18468251824378967
0.46486562490463257
0.4014338254928589
0.4976257085800171
0.08387905359268188
0.4348621368408203
0.49842286109924316
0.654144823551178
0.43077343702316284
0.6335885524749756
0.5575861930847168
0.5042781829833984
0.4204331636428833
0.5490538477897644
-0.007807023823261261
0.5505401492118835
0.6977880597114563
0.5881531238555908
0.6243690848350525
0.5259802341461182
0.2922680377960205
0.5478919744491577
0.6602478623390198
0.49032407999038696
0.6414050459861755
0.5485383868217468
0.6571260690689087
0.4863954186439514
0.5505504608154297
0.43434667587280273
0.10814817249774933
0.49174463748931885
0.403907835483551
0.3343448042869568
0.568934977054596
0.5053102374076843
0.23504339158535004
0.6769527792930603
0.05196806788444519
0.6052327156066895
0.42680394649505615
0.15722836554050446
0.6096259951591492
0.552589476108551
0.6112827658653259
0.5743825435638428
0.43004101514816284
0.5957481265068054
0.35150736570358276
0.30313706398010254
0.47723454236984253
0.3498274087905884
0.6880197525024414
0.391080379486084
0.6181726455688477
0.6010963320732117
0.35403692722320557
0.5070888996124268
0.6309939622879028
0.5080858469009399
0.1759151667356491
0.5116913318634033
0.5667940378189087
0.5481395721435547
0.40368133783340454
0.06757348030805588
0.42915254831314087
0.09800384938716888
0.5178793668746948
0.1280973255634308
0.5393130779266357
0.5667736530303955
0.7541959285736084
0.5633797645568848
0.4838290214538574
0.42248398065567017
0.44081228971481323
0.4454502463340759
0.33745038509368896
0.5103447437286377
0.6377029418945312
0.10741358995437622
0.4892927408218384
0.4263484477996826
0.11931553483009338
0.7402833700180054
0.5362840890884399
0.1288364678621292
0.11652718484401703
0.055300235748291016
0.4292370080947876
0.06941907852888107
0.6989742517471313
0.47868239879608154
0.6000819206237793
0.39472174644470215
0.2860798239707947
0.3738183379173279
0.48948919773101807
0.22580958902835846
0.5358223915100098
0.4741252660751343
0.31320226192474365
0.5443207621574402
0.5394999980926514
0.43494588136672974
0.6137747764587402
0.5093214511871338
0.5758602619171143
0.6364834308624268
0.6892169117927551
0.17455445230007172
0.6505988836288452
0.35389333963394165
0.5745212435722351
0.5674784183502197
0.6080262660980225
0.32387250661849976
0.4079362154006958
0.4664810299873352
0.7539916038513184
0.5714368224143982
0.3883964419364929
0.6955509185791016
0.2772729992866516
0.5569556951522827
0.6159840226173401
0.46595078706741333
0.4152311086654663
0.5784403681755066
0.6230688691139221
0.28765708208084106
0.6254076361656189
0.37102240324020386
0.48215723037719727
0.5611284375190735
0.555747389793396
0.3334258794784546
0.21602670848369598
0.5305858850479126
0.4365810751914978
0.04813587665557861
0.6394095420837402
0.6397950053215027
0.3414765000343323
0.5952909588813782
0.3665962219238281
0.5174286365509033
0.48346418142318726
0.5558704733848572
0.59352707862854
0.6375935673713684
0.5471315383911133
0.41440296173095703
0.4634057879447937
0.5650038719177246
0.4226379990577698
0.6335917711257935
0.7339781522750854
0.6859830617904663
0.5898823142051697
0.6289055347442627
0.4718741774559021
0.5667988061904907
0.11150676757097244
0.6317591071128845
0.07393964380025864
0.5428153276443481
0.6180777549743652
0.47254133224487305
0.3598896861076355
0.6523613929748535
0.4229127764701843
0.47616130113601685
0.34836292266845703
0.5165112614631653
0.6508454084396362
0.36179494857788086
0.2466847151517868
0.29215192794799805
0.08168870210647583
0.11953689157962799
0.04901700094342232
0.41046518087387085
0.09146854281425476
0.42820942401885986
0.2094998061656952
0.49892550706863403
0.18844932317733765
0.5099961757659912
0.6423840522766113
0.6040999293327332
0.5211735367774963
0.6017535328865051
0.4897956848144531
0.188632994890213
0.559157133102417
0.41991668939590454
0.09700659662485123
0.43995392322540283
0.54868084192276
0.6020357012748718
0.13633635640144348
0.1453646719455719
0.6821662187576294
0.5543392896652222
0.4903262257575989
0.5243078470230103
0.0909859761595726
0.6067855358123779
0.4408698081970215
0.33432281017303467
0.5226824283599854
0.33126384019851685
0.062459565699100494
0.12336154282093048
0.5432811975479126
0.5001939535140991
0.5907233357429504
0.0827590674161911
0.5600827932357788
0.5249958038330078
0.48243457078933716
0.5113476514816284
0.5478180646896362
0.6522455215454102
0.14544585347175598
0.5134108662605286
0.22223502397537231
0.4431220293045044
0.05092473328113556
0.3922625184059143
0.5228395462036133
0.6127415895462036
0.64223712682724
0.37248092889785767
0.1746307760477066
0.6168336868286133
0.5477889180183411
0.5575207471847534
0.3294450640678406
0.6286815404891968
0.4747101664543152
0.551267147064209
0.4263232946395874
0.5288472175598145
0.6000194549560547
0.560990035533905
0.44310593605041504
0.6593282222747803
0.5412003993988037
0.07636584341526031
0.4914754629135132
0.4253177046775818
0.52284836769104
0.573456346988678
0.5956050753593445
0.5519928336143494
0.586452841758728
0.566722571849823
0.6457417011260986
0.342296838760376
0.5732580423355103
0.14485223591327667
0.4891970157623291
0.6818976402282715
0.28387200832366943
0.6750920414924622
0.52587890625
0.5343494415283203
0.3835042119026184
0.4967660903930664
0.592214822769165
0.48500198125839233
0.5099128484725952
0.48918503522872925
0.5138683915138245
0.5474532842636108
0.4707569479942322
-0.028451181948184967
0.5140031576156616
0.45887619256973267
0.455139696598053
0.5371813774108887
0.5345075130462646
0.5457009077072144
0.3525773882865906
0.5652854442596436
0.3285638689994812
0.5433611869812012
0.523428738117218
0.2689986824989319
0.5599640607833862
0.1127016469836235
0.23125296831130981
0.12710990011692047
0.39456355571746826
0.49901652336120605
0.1674162894487381
0.3882399797439575
0.30318504571914673
0.3630744218826294
0.4369857907295227
0.2091507464647293
0.4501607418060303
0.12881812453269958
0.45124101638793945
0.6014058589935303
0.6469235420227051
0.5744884014129639
0.5604110360145569
0.5537363290786743
0.6518617272377014
0.4883582592010498
0.6181259751319885
0.5909506678581238
0.10518361628055573
0.3133937120437622
0.3233102560043335
0.13101164996623993
0.5664627552032471
0.3368634581565857
0.4261276125907898
0.42064279317855835
0.5738211274147034
0.3488748073577881
0.5435971021652222
0.3215954303741455
0.6371594071388245
0.4574406147003174
0.5893481969833374
0.11285866796970367
0.6226228475570679
0.5007438659667969
0.559421181678772
0.5661051869392395
0.4262312650680542
0.3301463723182678
0.57764732837677
0.41013818979263306
0.45233625173568726
0.4429047107696533
0.13036471605300903
0.044615939259529114
0.34147119522094727
0.5140802264213562
0.37284988164901733
0.5618854761123657
0.3608829379081726
0.6067646741867065
0.2656959295272827
0.4710389971733093
0.45308369398117065
0.5648161768913269
0.6169921159744263
0.618313193321228
0.4605422019958496
0.40340107679367065
0.5841575264930725
0.242911234498024
0.5024664998054504
0.39687180519104004
0.48483651876449585
0.4901394844055176
0.5356098413467407
0.1783163994550705
0.20658241212368011
0.24286790192127228
0.6190349459648132
0.3656829595565796
0.6409575939178467
0.1875574141740799
0.21671424806118011
0.22367031872272491
0.7473680973052979
0.6789000034332275
0.5419390201568604
0.526368260383606
0.6778210997581482
0.11194618046283722
0.6103347539901733
0.5186251401901245
0.31862086057662964
0.5862250328063965
0.5722400546073914
0.5670250654220581
0.45164167881011963
0.6232072114944458
0.1221887469291687
0.7102975845336914
0.49682796001434326
0.11714766919612885
0.4819963574409485
0.5675820112228394
0.18912775814533234
0.6087161898612976
0.09516935050487518
0.5365133881568909
0.07251852750778198
0.08819718658924103
0.7027491331100464
0.4522285461425781
0.7296661734580994
0.27947044372558594
0.5555599927902222
0.4551701545715332
0.5523962378501892
0.5694496631622314
0.41544169187545776
0.5551974773406982
0.35902005434036255
0.5696882009506226
0.6963676810264587
0.7312456369400024
0.594582200050354
0.4952111840248108
0.5298663377761841
0.4685458540916443
0.47531598806381226
0.4329720139503479
0.3932798504829407
0.11666959524154663
0.4805983304977417
0.1743893176317215
0.3998844027519226
0.5197921991348267
0.24222882091999054
0.05798839032649994
0.47796010971069336
0.49822723865509033
0.4212091565132141
0.32621103525161743
0.3914337754249573
0.6600624322891235
0.4212273359298706
0.4918323755264282
0.45214587450027466
0.4361618757247925
0.6213645935058594
0.34001320600509644
0.4323752522468567
0.6162686347961426
0.1945105940103531
0.42480242252349854
0.7411782741546631
0.6418260335922241
0.4973474144935608
0.4562932848930359
0.47311246395111084
0.2813847064971924
0.680022656917572
0.47040945291519165
0.13172216713428497
0.5462663173675537
0.6517015099525452
0.6651926040649414
0.41043299436569214
0.32712697982788086
0.43440061807632446
0.456337571144104
0.49058210849761963
0.5162465572357178
0.29536324739456177
0.5687268376350403
0.46913623809814453
0.2519438862800598
0.11823748052120209
0.5394203066825867
0.5292805433273315
0.674168586730957
0.3544986844062805
0.5941776037216187
0.457165002822876
0.49035435914993286
0.1402302086353302
0.6494908928871155
0.5663255453109741
0.4831712245941162
0.5436453819274902
0.44809651374816895
0.20433548092842102
0.4611712098121643
0.5284149050712585
0.33307623863220215
0.4354625344276428
0.46290552616119385
0.5456657409667969
0.6896612644195557
0.5463091731071472
0.43867743015289307
0.012143872678279877
0.48872411251068115
0.4583294987678528
0.43477821350097656
0.7433868050575256
0.49651241302490234
0.5171831846237183
0.573337972164154
0.47841721773147583
0.29494428634643555
0.5325292348861694
0.6801193356513977
0.6995322704315186
0.38267260789871216
0.5390223860740662
0.31749528646469116
0.36296260356903076
0.0651935562491417
0.40212482213974
0.5396402478218079
0.7317305207252502
0.5182316899299622
0.5996533632278442
0.6280551552772522
0.5164732336997986
0.49870407581329346
0.5109055042266846
0.4535021185874939
0.5727842450141907
0.4348286986351013
0.5176069736480713
0.2004624456167221
0.5625137090682983
0.5041915774345398
0.3256947994232178
0.6397014856338501
0.5598491430282593
0.4636138677597046
0.5259213447570801
0.5223891139030457
0.6031765341758728
0.46645504236221313
0.12802912294864655
0.44858503341674805
0.4084957242012024
0.5183377861976624
0.5103744268417358
0.2799551486968994
0.23185230791568756
0.41383737325668335
0.5203179121017456
0.5128892064094543
0.7484694719314575
0.3402214050292969
0.4888589382171631
0.5583745241165161
0.5630114078521729
0.5711662769317627
0.4639716148376465
0.4591637849807739
0.5039352774620056
0.376403272151947
0.6522161364555359
0.4630218744277954
0.6119575500488281
0.5034297704696655
0.5034767389297485
0.015113215893507004
0.5833816528320312
0.6646256446838379
0.4069477915763855
0.11116673052310944
0.4917340874671936
0.3040372133255005
0.48964035511016846
0.42811310291290283
0.6707878112792969
0.1188262552022934
0.242034450173378
0.5743721723556519
0.5854461193084717
0.5118750333786011
0.5365473031997681
0.47923803329467773
0.05915836989879608
0.5573396682739258
0.5464307069778442
0.5595111846923828
0.21360693871974945
0.14772295951843262
0.10263364017009735
0.47652697563171387
0.3612126111984253
0.5585535168647766
0.4974019527435303
0.18823781609535217
0.39509934186935425
0.6009783148765564
0.534210205078125
0.6284227967262268
0.19201715290546417
0.17783235013484955
0.33710622787475586
0.426848828792572
-0.0025871433317661285
0.29418593645095825
0.5337631702423096
0.5397676229476929
0.3856104016304016
0.564437747001648
0.503342866897583
0.5251030325889587
0.5961456298828125
0.6486403346061707
0.5102255940437317
0.5764496326446533
0.4953831434249878
0.09201233088970184
0.4348657727241516
0.3737255930900574
0.3513448238372803
0.18954718112945557
0.20177209377288818
0.27910953760147095
0.7132082581520081
0.18998026847839355
0.4550631046295166
0.608810544013977
0.18392512202262878
0.49535661935806274
0.5301588773727417
0.4837641716003418
0.47941339015960693
0.5634645819664001
0.4933280348777771
0.3101908564567566
0.4150664210319519
0.4789161682128906
0.5352284908294678
0.48774486780166626
0.1569562703371048
0.49596232175827026
0.5443542003631592
0.5664728879928589
0.189726784825325
0.5680768489837646
0.4175546169281006
0.5346980094909668
0.4618259072303772
0.4710614085197449
0.41332823038101196
0.5130871534347534
0.4692226052284241
0.607354998588562
0.5933595299720764
0.15760502219200134
0.2175920456647873
0.5872685313224792
0.5423901081085205
0.17107880115509033
0.17712803184986115
0.5115604400634766
0.6321452856063843
0.6597613096237183
0.560861349105835
0.6495929956436157
0.051893576979637146
0.5020521879196167
0.6248916387557983
0.5042116641998291
0.4568254351615906
0.6542799472808838
0.5836536884307861
0.6061853766441345
0.15319782495498657
0.6237826347351074
0.6617041826248169
0.13440702855587006
0.5035704374313354
0.3314704895019531
0.460050106048584
0.6096540689468384
0.49756020307540894
0.515739917755127
0.4256572723388672
0.5307401418685913
0.5835404396057129
0.3142966628074646
0.6154795289039612
0.3878443241119385
0.11484409868717194
0.36392903327941895
0.22118720412254333
0.5986407995223999
0.45515942573547363
0.38362956047058105
0.6602824330329895
0.4093167185783386
0.4670630097389221
0.39679431915283203
0.7582499384880066
0.5470315217971802
0.5053657293319702
0.6100319623947144
0.7424607276916504
0.5224153995513916
0.5554770231246948
0.4379250407218933
0.6614773869514465
0.5635707378387451
0.662433922290802
0.445517897605896
0.4811914563179016
0.23547761142253876
0.2968199849128723
0.6479610204696655
0.48029589653015137
0.17594227194786072
0.4158964157104492
0.49200886487960815
0.474243700504303
0.4255959391593933
0.6065278053283691
0.3881218433380127
0.5939387083053589
0.627184271812439
0.48803818225860596
0.42349207401275635
0.29698771238327026
0.5217833518981934
0.3707234263420105
0.12518121302127838
0.44872403144836426
0.5332711935043335
0.10932561755180359
0.5787619352340698
0.520770788192749
0.5156660676002502
0.5002034306526184
0.4319327473640442
0.4783954620361328
0.27134960889816284
0.3373875617980957
0.5573948621749878
0.2856977581977844
0.5356327891349792
0.540408730506897
0.6282514333724976
0.1663767248392105
0.5815653800964355
0.4186057448387146
0.15837518870830536
0.27821648120880127
0.6673962473869324
0.6129930019378662
0.6756038665771484
0.44312936067581177
0.6171754598617554
0.5191718339920044
0.4861687421798706
0.4307228922843933
0.6426940560340881
0.49703341722488403
0.5125942230224609
0.48744988441467285
0.5231828689575195
0.5808024406433105
0.16132518649101257
