0.7377567141
0.6835016835000001
-0.059480637749999996
0.7378640172
0.4307334109
0.1512345679
0.9195441988999999
0.5684008645
1.0
0.08943890301
0.35344443859999997
0.5752508361
0.6249278976
0.3765432099
0.3036385681
0.14175257730000002
1.0
0.8727272727000001
0.678216345
0.8173561483999999
-0.00040682550999999995
0.7790150577999999
0.0
0.9544609665
0.2116432521
0.3843942419
0.8070301290999999
0.6038251366
0.6510558818
0.39280944019999997
0.06918059567
0.6064579851
0.9303135889
0.4153997057
0.8563488913
0.9232876712
0.8056996755
0.8977657414
0.3453947368
0.7828207166
0.7255917159999999
0.6808440539
0.5172948658
0.0
0.9672619048
0.5081447491
0.7637630661999999
0.4836724285
0.3192307692
0.17478925979999999
0.5140186916
0.5645561356000001
0.2779843811
0.7326332198
0.6224709112
0.6915342153
0.1779360427
0.5632787542
1.0
0.06391124794
0.32851360900000004
0.6883251722
0.0
0.991902834
0.7649402356
0.9796238245000001
1.0
0.38909090910000005
0.06454388985
0.973619186
0.6749369218
0.1986475507
0.6679559015
0.8645320196999999
0.7975761488
0.7467105263
-0.00473933649
0.503626943
0.9188799952
0.6334761594
-0.00284900285
0.6533498491
0.5648021828
0.2903867331
0.648372093
0.7499132848000001
0.42506142509999995
0.4482200647
-0.02359545793
1.0
0.6600393694000001
0.7278875404999999
0.08866077758999999
0.11505814129999999
0.7258883249
0.02285547308
0.7226905311999999
0.6983286326
-0.00267341235
0.8029030734
0.497802452
0.20366657119999998
0.2137572681
0.7630718954
0.804494382
0.5964118109000001
-0.00165289256
0.49415851359999996
0.4154043098
0.08194718944
0.5144442768999999
0.00445103858
0.6719056974000001
0.4356846473
0.8516209476000001
0.4373878614
0.9714285714
-0.05701754386
0.1975683891
0.7664616893
0.7204930011
0.7638190955
0.4336259938
0.2105263158
0.8391478196
0.8568770352999999
0.5009709245
0.6052631579
0.3798620431
0.05021827993
0.430258422
0.93
0.1415804327
0.18413111059999998
0.34017398460000003
0.049738219900000005
0.4539130435
-0.03182916875
1.0
0.7956989247
0.6410256409999999
0.3993367148
0.8436712756999999
0.5189926083
0.2784313725
0.4246676112
0.5546391753000001
0.5010027308
0.532263457
0.8104915673
0.84666122
0.830952381
0.8959162385
0.04488330341
0.6256939323
0.597719231
0.6729835111
0.5397727273
0.3075941629
0.8168217219
0.2228607918
0.9950495050000001
1.0
1.0
0.9215745157
0.7943744863000001
0.8340080972
1.0
0.9965126749
0.9965517241
0.8206429780000001
0.9075718209
0.5853131749
0.8619708289000001
0.6907477543999999
0.5752508361
0.9783213413999999
0.8110599078
0.7241893236999999
0.7466589192
0.7665808781
0.5105296211
0.9730158729999999
0.025138677170000002
0.5047323198
0.4449209322
0.8467176091999999
0.2402136716
0.0
-0.0022271714900000002
0.6412395709
0.03450842454
0.9335040069
0.054054054049999994
1.0
0.9957627119
0.687224532
0.8021739130000001
0.6427341438
0.6970509383
0.5129107981
0.7919799499
0.9525816649
0.9986842105
0.9550803924
0.5476854039
0.7593718338
0.9983193277
0.6605431310000001
0.4903697078
0.6720731960999999
0.0
0.6118249367
0.7367412125
0.1445272868
0.21352313169999998
0.0
0.6132980581999999
0.0
0.7146757502
1.0
0.7882934609
0.5718654434
0.6578494585999999
0.09214479860000001
0.234268648
0.9352678570999999
0.5284280936
0.2145090413
0.9925558313
0.9190140845000001
0.6751047171000001
-0.06029128293
0.9987593052
0.45514584480000003
0.747144186
0.5009107468
0.3087818697
0.0
0.18213787839999998
0.00075658775
0.43406926409999996
0.5524095095
0.9403829938
0.839021289
0.34841628960000004
0.9787685775
0.8559103763
0.40804162380000003
0.6507042254
0.8454697054
0.9971936389
0.7696792662999999
1.0
0.7773567848999999
0.20266272189999998
0.9623717218
0.7914567676
0.8822470858
0.8710245422
0.9351341682000001
0.5712380937
0.9968203498
0.6574454301999999
0.7120980092000001
0.4798970955
0.4560810811
0.9203197900000001
0.4300791557
0.8850075903
0.2446384237
1.0
0.7380700696
0.687960688
0.4687179487
0.2457386364
0.26251609859999997
0.8854860648999999
0.7861626338000001
0.4226080587
0.9538461538
0.7595767967
0.2853982301
0.3601083032
0.6018821039
1.0
0.8096885813
0.8368794326
0.6173094316000001
0.9987922705
0.2484296836
0.5220370515
0.6935709068
0.2998534199
0.373586362
0.2
0.6806569343
0.09223300971000001
0.5856697819
0.2290909091
0.9171974521999999
0.8487605805
0.7213848757
0.9031015763000001
0.6637681159000001
0.5923295455
0.5252244116
0.612491694
0.9110097106
0.4007747468
0.688882265
0.4254278729
0.48466496820000005
0.4965945066
0.11341359499999999
1.0
0.5136909634
0.9178674352
0.7526223776000001
1.0
0.7261103729
0.7056530214
0.4312451034
0.2122538981
0.8331753478
0.2317346481
0.6442521697
0.6245136782
0.00658978583
0.6186186186
0.8527375708
0.9980079680999999
0.6935666117
0.1757909522
0.6333107191
0.6508651069
0.34375
0.5656036621
0.4521988582
0.6020642201999999
0.6622516556
1.0
0.195931998
0.1279719859
0.2804025142
0.5576161587
0.6517135071
0.6620888419000001
0.38053611709999996
-0.0008210180599999999
0.7767902265
0.5323110624
0.4191374663
0.5517847837000001
0.7231698484
0.5789319892
0.5877192982
0.5626298782
0.7134222088
0.32147395170000004
-0.030825496339999998
0.5993756504000001
0.9439252336
0.39441340779999995
0.9981481481
0.5602252912
0.8286271412
0.5578921043
1.0
0.5853531085
0.6398792681
0.3779210314
0.695746701
0.6599780078999999
0.5794160792
-0.00285803197
0.825
0.7141256061
0.5291762014
0.1478439425
0.0
0.5186289121000001
-0.00311305202
0.4453303176
0.5697269596000001
0.5450268187999999
0.2268317076
0.9953917051000001
0.7004608295
0.8009478673
0.6002428904
0.143222026
0.4846390169
0.48905826210000003
0.7611564196
0.2906976744
0.7700467172000001
0.8153715635000001
-0.00190114068
0.8477508651
0.7756140926
0.8340619605
0.783301593
0.71886121
0.4881119325
0.8316583971
0.6621087153
0.6894131245
0.2558139535
0.8197744462
0.7400295031999999
0.39121901600000003
0.9980544747000001
0.49460893660000005
0.00036918557999999997
0.00036739559999999995
0.15226886679999999
0.3986721267
0.011032208080000001
0.22868217049999998
0.9347181009000001
0.8721351025
1.0
-0.01954382324
0.41515151520000004
0.6318864775
0.7183760684
0.2281225007
0.9306306306000001
0.5177467409
0.1439539347
0.6950885029
0.3129770992
0.204746168
0.09329729935
0.9125454908999999
0.2965255143
0.188221709
0.9103988208
0.984465843
0.48316899220000004
0.22340509050000001
0.7228928661
0.7157736612
0.8759493671
0.6636943877
0.0
0.2530300486
0.39000349040000004
0.0016648276800000001
0.354646096
0.0
-0.00084245998
0.0
0.45534109479999996
0.09698275862
0.5972316141
0.7190476189999999
0.6172985782
0.7955543741
0.7020649249
0.7585279084
0.6779279278999999
0.40672859850000004
0.6350649351
0.7631509793
0.6052356533
1.0
0.2701067725
0.12391393280000002
0.1512062539
0.620498615
0.07315985137
0.08978873239
0.052238805969999996
0.01760463287
0.0044345898
0.9509043927999999
0.7237036657
0.8696450428
0.7167231757
0.7074340528
0.1994440752
0.7430524857
0.8385185185
0.5767918088999999
0.4394102516
0.5534988652
0.7557246318
0.5710111479
0.03927986907
0.3880597015
0.8124035345999999
0.7426900585
0.5830367075
0.477591668
0.7320665188
-0.00041098207999999995
0.32576359850000003
0.7433117562
0.639803006
0.3055363534
0.3732542819
0.8494871047
0.41927083330000003
0.19937694700000003
0.7706846052999999
0.801759134
0.5548498845000001
0.3516823266
0.1558865667
0.498823131
0.04559650318
0.4960127592
0.5116772824
0.2846580407
0.6891495601
0.9967426709999999
0.0
0.7778810409000001
0.7134751773000001
0.9375
0.042201834859999995
0.03795156722
0.7327586207
0.6914542729
0.6835987027999999
0.0
0.4941772827
0.45001581739999996
0.580377201
0.4879763272
0.4596465634
0.01995305164
0.2676275362
0.6791435478
0.3716409377
0.0035714285699999996
0.01361366133
0.8793650794
0.5841121495
0.8655782438999999
0.41195118030000005
0.24836601309999998
0.00399467377
0.1438745226
0.008615434830000001
5.1518390000000004e-05
0.013017420989999999
0.2575285103
-0.00070325451
0.8674033149
0.37815126050000003
0.48083623690000005
0.7559803969
0.3109756098
0.304518664
0.7576853525999999
0.3241106719
0.2786692685
0.0
0.1324461686
0.5213675214
0.2147165259
0.3972054768
0.40532544379999996
0.3323699422
0.1405385467
0.02143446002
0.2708774868
0.5209125474999999
0.3243495057
-0.0008210180599999999
-0.05453451512
0.062005758980000006
0.5235444005000001
0.5660377358
0.0
0.4773444617
0.0693623175
0.8821752266
0.26386554619999997
0.6670011155000001
0.4086538061
0.307889427
0.6763655931
0.1335837014
0.5507377049
0.6126482213
0.6929166667
0.6732186732
0.3386666667
0.4642233857
0.2999974726
0.4808148242
0.5519543323
0.8788774003000001
0.7694410066
0.2486915823
0.5017857143
0.9292929293000001
0.23328841220000002
0.9972602740000001
0.00023256392
0.2046783626
0.100456621
0.31882686849999997
0.8142292489999999
0.6382411726
0.5532979576
0.2472924385
1.0
0.996763754
0.6989619376999999
0.9149612062999999
0.7377415407
0.9235588972
0.4371015555
0.6998872007
0.4835730104
0.4988285113
0.996460177
0.6226149155
0.11441647599999999
0.6566523605000001
-0.01980982567
0.4287297315
0.32047477739999997
0.3366270919
0.4342105263
0.34088591749999997
0.6938357440999999
0.7634246655
0.8505990688999999
0.495622726
0.4522299862
0.24073315650000002
0.5858851189
0.7106298376
0.0734297754
0.07306078358
0.7245484664999999
0.6418604650999999
0.24745131050000002
0.17526106939999997
0.5328114949
0.07278532021
0.8546845124
0.621782422
0.3535619889
0.4892731715
0.2323809524
0.3485540335
0.4931163955
0.3214285714
0.3790523691
0.61430686
0.5863282183999999
0.5641063486
0.9961685824
0.2621118012
0.00273224044
0.5410336867000001
0.683077114
0.0821422618
0.5353368745
0.4732952661
0.3849206349
0.213592233
0.36778115499999997
0.8881074169000001
1.0
0.338518451
0.5755391158
0.4392601151
0.6977449029999999
0.6919698871
0.1961102107
0.48931056580000004
0.0
0.556851312
0.200189496
0.570008285
0.37735066289999997
0.8574126534
0.6424361493
0.5753703066
0.0
0.8766328012
-0.00495049505
0.7714446952999999
0.27509293679999997
0.549356804
0.6298995993
0.4148319815
0.529028285
0.5719581087000001
0.7424951088
0.450492183
0.2632850242
0.8249386251
0.19157088120000001
0.7325690655
0.6802721088
0.7147610189
0.6466614635000001
0.6548667998000001
0.9209879793
0.6153797396
0.7944523470999999
0.5885328836
0.5204070675
0.3388235294
0.041625495230000004
0.2627428305
0.8889223291
0.1858166061
0.6631045820999999
0.7756148570000001
0.7232536686000001
0.4661862491
0.7352197839
0.8812690191
0.3865740741
0.46721252309999994
0.9974811083
0.9547630142
0.7595217543
0.8572837448999999
0.8348433507
0.6167832168
0.8755366658
0.44335464090000004
0.7627660319999999
0.6931137725000001
0.4995560717
0.6527588813
0.0
0.12737966950000001
0.0
0.0134921718
0.41025641030000004
0.1736203204
0.406383267
0.4094616639
0.18454935620000001
0.0
0.2962962963
0.9836601306999999
0.6744036461
0.3346768335
0.8016528925999999
0.1163032191
0.6747740596
0.044467889090000004
0.08647119342
0.3004868115
0.32840300149999996
0.7532137886
0.6513157895
0.5097364037
0.6311352449000001
0.4338184338
0.5129811996
0.0
0.7908319736
0.6952979221
0.5774278214999999
0.0
0.638576779
0.8103390957000001
0.2518527506
0.3941811356
0.8085427322
0.3260340633
0.572735234
0.6692355646
0.6511631683
0.5635199047
0.3257948417
0.2182468694
0.3918179249
0.2799651813
0.05831265509
0.101754386
0.06217913542
0.00418410042
0.6287878788
1.0
0.6115023474
0.7431372548999999
0.776653003
0.455465587
0.32132728299999996
0.6544585987000001
0.1000149345
0.1046511628
0.2558141333
0.3054679987
0.5967851413
0.8598484848
0.6031390135
0.316972961
0.9975124378
0.2345679012
0.7004886593999999
1.0
0.9940515480000001
0.4496949117
0.7481751825
0.3302583026
0.8379006264000001
0.8036113949999999
0.8214956415
0.2847457627
0.4498772673
0.3025438044
0.6633165829
0.36873804309999997
0.3897577694
0.1692251739
0.4722222222
0.9145299145
0.4659498208
0.7419354839000001
0.4632882883
0.284023453
0.2662548183
0.9259527609
0.8148894053
0.7375034489
0.8246228683
0.0
0.8217291482
0.12023196929999999
0.6844660194
0.9254278729000001
0.2953440049
0.5008493079
0.1479046836
0.44525564840000004
0.7623331376
0.5754590237
0.7368591083
0.3945086705
0.8726703191999999
0.7648785753
0.794315632
0.6102415933
0.48787061989999997
0.8927388675
1.0
0.0
0.5921985816
0.5629484671
0.8976109215
0.8604713101
0.5125222209
0.00254452926
0.7296481519
0.5296803653
0.12615955469999998
0.1274826027
0.2819305474
0.1621785267
0.730958231
0.1542216173
1.0
0.3835485967
0.0022675737
0.5404663922999999
0.23088518019999998
0.8923654568
0.9764864865
0.6146119885
0.203247409
0.6838432399
0.6482285814
0.7458890031
0.7516324429
0.697419752
0.8289064164
0.7757585775
0.6529120705
0.5139417675
0.6152716593
0.228
0.8323006005000001
0.9520208175
0.0
0.5350975675
0.3512564954
0.47813934080000003
0.3262903044
0.1152703378
0.5697329377
0.1893939394
0.7774816789000001
0.42126789369999995
0.8582434515
-0.00029565065
0.4974670719
-0.00161550889
0.08461538462
0.14218566389999998
0.5681201601
0.6006944444
0.9499136442
0.9963043501
0.2501427989
0.1667080103
0.1418890337
0.4996390694
0.4046206681
0.3376849434
0.00066577896
1.0
0.1594839325
0.7389162562
0.2020156965
0.4242226696
0.5551724138
0.8151041667
0.7748387935
0.644770128
0.6449983912
0.8588516746
0.2953425815
0.7682027650000001
0.5678094395
0.2561118377
0.34931939030000003
0.7130285976999999
0.6324048647
0.05855978565
0.06875631951
0.3413607286
0.8604282315999999
0.07066695681
0.2711442786
0.4935185185
0.571749655
0.56640625
0.00940796664
0.6124529597
0.5931677019
0.46029798489999996
0.01946472019
0.00152905199
0.00464969303
0.7603632742
0.9610018997
0.0186850013
0.156202144
0.5545835394
1.0
0.1843100189
0.00431034483
0.00196850394
0.3814439777
0.788961039
0.8648696284999999
0.2168674699
0.047834788899999994
0.5329748055
0.5921325925
0.4149552922
0.5094607651999999
0.7563865961
0.5727109515
0.1060606061
0.8147566719
0.8420454545
0.17843866169999997
0.4413978495
0.36756283689999997
0.1818181818
-0.00134985694
0.2794036257
0.33583288699999997
0.0
0.0
0.5716721875
0.8056179775
0.1979304436
0.2846073416
0.4843304843
0.2290598291
0.3827893175
0.1530696306
-0.00170940171
0.0023809523799999998
0.0
0.0
0.3644604488
0.017733230529999998
-0.00297796307
0.6218532575
0.1090833055
0.09523809524
0.0598200225
0.0019723865900000003
0.1217244294
0.00135869565
0.07203956429
0.025759700790000003
0.0
0.1065292096
0.21982758619999998
0.4026191581
-0.00148809524
0.0
-0.00165289256
0.1095785441
0.04329371817
0.00229885057
0.00102145046
0.0
0.0
0.0
0.0
0.0029411764699999996
0.07853288264
-0.00480046562
0.2870018309
0.00343007916
-0.00598086124
-0.00153188572
0.07010710808
0.0
0.03584391131
0.02602228825
0.00107412518
-0.00194931774
0.07124724821
-0.03561116458
0.0
-0.00061652281
0.00035201962000000004
0.00473933649
0.1690909091
0.22257859100000002
0.2793650794
0.03482733038
0.1382179062
0.07722122543
0.42424242419999997
0.0
0.2969187675
0.0276842637
-0.00026200701
0.00240847784
0.0
0.00357079769
0.10751897120000001
0.1237006237
-0.00015637846
0.09261340174
0.05263157895
0.00024513858
0.1137427447
0.39851779540000004
0.0
0.350599133
0.3036615756
0.143006263
0.00233372229
0.5186657004
0.2325582365
0.5238440792
0.48991169900000003
0.2285579663
-0.00815217391
0.45163497640000005
0.2810218978
0.1389851408
0.2004018186
0.06092436975
0.17785242499999998
-0.00049318624
0.00139664804
0.2842712843
0.07048052011
0.1035968915
0.16940354700000002
0.00210084034
0.184644396
0.00019948273999999998
0.0007147717700000001
0.0
0.02381778659
-0.005727376859999999
0.06458209895
0.1199538639
0.02686174942
0.2579025152
-0.00392541708
0.02840059791
0.0033557047
0.06303673276999999
0.0210790639
-0.03954255565
0.1256863941
0.08944014642
0.44602272730000003
0.03631532329
-0.013307640890000002
0.1150793018
0.3025763265
0.2177498631
0.00029061319
0.06898669218
-0.011038190580000001
-0.04128577659
0.010913750440000002
-0.03577564745
0.04033188319
0.07798165138
0.07024793388
-0.00123533045
-0.029857215090000003
0.01697959085
-0.0034488975500000002
0.06898067949
0.01673773952
0.0
0.0
0.027299413669999998
0.3893442623
0.1332398317
0.8264642082
0.4660225744
0.00181488203
-0.00209643606
0.2629482072
0.3081394475
0.0
0.6036446469
0.049213230430000005
0.00753279629
0.06715563755
0.03262411348
0.056338028170000005
0.2064037493
0.16217137980000002
0.03660565724
0.4357787996
0.18693232850000002
0.23328245169999998
0.00036361112
0.11139442719999999
0.2128205128
0.00955414013
-0.0011311615
-0.06341384903
0.06361520559
-0.00085039502
0.2128603104
0.07231631482
-0.013305452589999999
0.5620328849
0.14771784229999999
0.4815806879
0.4577830408
0.0045454545499999995
0.00647249191
0.2347670251
0.4667200918
0.22222222219999999
0.1637931034
0.5962059621
0.05239327296
-0.0013513513499999999
-0.05089737955
0.02865064695
0.1304722868
0.05994152047
0.0016006216000000002
0.5901639344
0.0
0.08025788535
0.1558073654
0.00164473684
0.3084577114
0.04809143564
0.36336336340000003
0.36143695010000004
0.1481192287
0.28869486380000003
-0.0029154519
0.1519916143
-0.01953022338
0.06090510367
0.5543766578
0.0
0.4920512965
0.1564406172
0.0
0.6821501917
0.255872569
-0.00335868742
0.18691534180000002
0.09418282548000001
0.2444633731
0.1290884284
0.0
-0.00268519788
0.00170357751
0.5632025669
0.0008841733
0.0
0.01687763713
0.00660913082
-0.00026482233
0.3039215686
0.00022875956999999998
0.08131487889000001
-0.0026525198900000002
-0.0029112081499999996
0.3171940785
-0.0068971603
0.00230414747
0.0
0.0
0.0
0.0
0.1944788644
0.0
0.0
0.0009396288499999999
0.2134433962
-0.013339631979999999
0.0022371364699999997
0.00248611303
-0.01809983939
-0.00350650051
0.10478519589999999
0.04812834225
0.6558219178
-0.00227272727
0.0
0.06435643564
0.0
-0.00183038438
0.2094428922
0.0
0.06168457979
0.1157231419
0.1615777165
0.33333333330000003
0.00757396743
0.3322485832
-0.021806861030000003
0.1614876792
0.04453716638000001
0.01636816343
0.1012688983
0.0
0.0
0.00205761317
0.00148367953
0.00201941923
0.07492507493
0.2504094844
0.0
-0.0019047619
0.36403508770000004
0.00035750902
-0.00228832952
-0.06988241055
0.1243003281
0.07517483441
0.031074188779999998
-0.00025379837
1.300214e-05
0.07887559338
0.03801302811
-0.04867906681
0.00182481752
0.0016025641
0.00125
-0.008
-0.01065693915
0.00275095113
0.0035146853300000004
-0.00400529777
0.06309853394
0.00117943846
0.00120192308
0.00330033003
-0.06444774221
0.0019436345999999998
