0.6183937472000001
0.6570247934
0.1169818509
0.2851436687
0.026827737100000002
0.0750988142
0.0314685315
0.33420365539999997
0.34069286740000004
0.2298467999
0.0
0.5698005698
0.08965517240000001
0.22125211050000002
0.41573033709999996
0.4335664336
0.0
0.10898791020000001
0.0
0.0
0.0096153846
0.2909836066
0.6615649242
0.0
0.23478392509999998
0.0
0.053768709899999996
0.0
0.16195295680000002
0.4730404823
0.5218978102
0.7507295575
0.33394908759999997
0.703196347
0.849521947
0.3688047202
0.75
0.6679071416
0.7275768006
0.8209606987
0.2215909091
0.0766981556
0.0
0.0773497378
0.0
0.48717948720000004
0.0
0.0275894579
0.4722222222
0.2934131737
0.5094373866
0.0374377646
0.2279325045
0.5159078251
0.4281542898
0.0631313131
0.49839228300000005
0.42946708460000005
0.5060453748
0.8203753351
0.1071913161
0.0516605166
0.0562229697
0.1744061204
0.3191489362
0.6051660516999999
0.4200913242
0.1324536064
0.5947714706
0.296969697
0.0
0.0
0.2314883324
0.2356424761
0.6301805938
