0.7674595713615417
0.7612515687942505
0.7960748076438904
0.7833442687988281
0.754163920879364
0.7691089510917664
0.7781712412834167
0.7799914479255676
0.6787046194076538
0.7536210417747498
0.47742924094200134
0.7844298481941223
0.7834204435348511
0.7631602883338928
0.7786139249801636
0.7508130073547363
0.7869148254394531
0.7922505140304565
0.784184455871582
0.6786789894104004
0.7412198781967163
0.790554404258728
0.7939767241477966
0.7959902882575989
0.7868020534515381
0.7670032382011414
0.779517412185669
0.7636846899986267
0.7674456238746643
0.7843056917190552
0.7784376740455627
0.787046492099762
0.7885951399803162
0.7928420901298523
0.779051661491394
0.7843368649482727
0.7961328625679016
0.7798493504524231
0.7558038234710693
0.7915284633636475
0.6635847091674805
0.7920325994491577
0.7903830409049988
0.786410927772522
0.7834100127220154
0.7807669043540955
0.7897262573242188
0.7205395698547363
0.7901681065559387
0.7883247137069702
0.7792576551437378
0.790611743927002
0.7882718443870544
0.7957571744918823
0.7893590331077576
0.7889391183853149
0.7861705422401428
0.7817051410675049
0.7869006991386414
0.7900592684745789
0.752245306968689
0.7911350727081299
0.7911734580993652
0.7912203073501587
0.7864482402801514
0.7531033754348755
0.7860559225082397
0.7553392052650452
0.7857401371002197
0.7609888911247253
0.7862406969070435
0.7880306839942932
0.7914109230041504
0.794019341468811
0.7922130823135376
0.7942901253700256
0.7930012941360474
0.7953504323959351
0.7927720546722412
0.7926375865936279
0.783974289894104
0.7954404950141907
0.7861902117729187
0.792360782623291
0.797471821308136
0.7658590078353882
0.7911209464073181
0.7611282467842102
0.7912113070487976
0.7396535873413086
0.7870705723762512
0.7888053059577942
0.796298086643219
0.7922555804252625
0.7946021556854248
0.7895679473876953
0.793537437915802
0.7933340668678284
0.7899264693260193
0.7963674664497375
