0.7829210293558301
0.7862175687553408
0.78391819851562
0.7573164672015786
0.7683804713408882
0.7834193417084175
0.7736370449938073
0.7667993015509963
0.7716184958017495
0.7650121922325878
0.7874000241341181
0.7809999159412221
0.7832301663531018
0.7829280856367444
0.7366126686773827
0.7774264303082054
0.7687235247949921
0.7801672014865902
0.7851877408815152
0.785122347225026
0.7746290648257652
0.7842652086551605
0.7883251427301036
0.7867444833564706
0.7854761053489437
0.7761875784101393
0.77884450483361
0.7914099587762148
0.7840078283782511
0.7921971786338953
0.78675853451484
0.785545598714498
0.7892068512513107
0.7842180878960081
0.7824872970633245
0.79017426915593
0.7907321690913712
0.7878618357170646
0.7879125946312064
0.7670324197858782
0.7833318978142556
0.7888564924519605
0.7887084231257658
0.7893952579208191
0.7905821944729184
0.7860755962810022
0.7882719468661535
0.7890831955568952
0.7871559185176602
0.7904403959750492
0.7645690961569894
0.7849136279107176
0.7896574426313736
0.7812496604420658
0.7887213703010987
0.7895783502453599
0.7894790310413419
0.7924743369676805
0.7822319661268837
0.7827339562906425
0.787767592919521
0.787868762794866
0.7835689032666554
0.7919891600890663
0.7900392817120503
0.7862553523508973
0.7920919929747791
0.7868784721018051
0.7843784084916584
0.7799644323017967
0.7914561499153189
0.7933095327553622
0.7863640326369111
0.7846042257223301
0.7701026017272715
0.7837546657514822
0.784167094881176
0.7837852267650876
0.7842194323759284
0.788098721310049
0.790871999614284
0.7886278553904006
0.7926747514640599
0.7818210269207417
0.7887786162349136
0.7858726258656114
0.792548320461228
0.7834692100218481
0.7834054003140353
0.7817988184464846
0.7899658670927634
0.7901663971076104
0.7875588173187077
0.7889027039246644
0.7949274299980587
0.7884511618180596
0.7860963003718632
0.7928051276391799
0.7893474502104609
0.7858621139725549
