2954
2873
4325
1163
4424
3678
1918
1315
1383
4047
2879
168
2117
101
373
2306
4526
4471
4801
319
4076
3370
683
3647
763
4293
3114
2718
4122
3697
3908
371
4600
4256
1186
5213
5617
80
611
3012
4587
2142
177
2224
4095
2722
1223
1351
5457
132
5575
3773
1513
4187
3832
4439
1323
3038
2822
3035
199
4802
5289
3274
5443
544
5212
5009
5577
5252
4605
1471
2042
2133
691
2222
2388
5529
5057
2462
3589
4431
4595
2087
1609
5168
426
167
4634
1892
3607
4214
1193
422
333
4368
4365
748
4624
4537
3960
156
2477
157
553
2995
1718
4520
3475
2018
1075
4534
1374
2968
1121
1087
2865
1803
2897
5238
1305
4315
1129
877
2807
2163
5406
401
5648
696
5469
2422
1702
2638
1888
4443
79
5593
1097
3516
2552
2499
346
969
584
1879
881
1779
2550
1212
501
325
2973
893
3858
3361
4483
1073
3707
4521
1550
4649
1720
3739
4713
4762
589
3271
1094
23
1937
3103
5428
1046
5345
5208
1992
2535
3731
5359
2670
1412
4932
3904
1620
1436
1039
1038
2845
5335
3199
3563
15
3204
5421
3734
393
3450
561
952
5313
2662
65
705
3184
5508
2942
5711
1788
1410
915
1084
4323
410
3323
1941
2525
4074
4205
755
2778
1433
4366
3247
3407
1044
1345
4423
1144
1022
4556
3603
239
2083
1860
1780
576
1321
8
1545
1562
994
1268
324
2827
805
5386
3951
230
598
1789
3366
4046
4436
2765
4898
1235
2780
33
408
1219
4002
1406
2592
1520
4996
2341
721
1504
3501
624
4163
2384
5442
1700
1181
4994
4472
3803
2916
2749
3774
1103
1049
3615
1194
5180
5275
1721
530
5082
5613
907
3625
1657
4663
2603
4453
453
3877
2330
2694
2584
599
5566
5418
5704
4853
3705
712
3544
297
2513
1498
911
3685
2618
1894
84
3096
3780
848
4991
3523
1752
4585
1335
4390
2223
1095
1869
5343
2025
1912
3520
3094
1020
2333
4456
4997
5424
5448
1328
465
3313
2135
1272
1965
1172
1074
3718
787
2789
5044
315
3897
1362
2685
2484
2864
3759
2024
290
4169
296
1533
3413
1222
1670
1002
2187
1737
5303
932
2057
1703
5338
3934
1543
2311
2955
439
622
4563
4844
3113
5241
3077
4102
3333
381
1370
681
3570
4434
4856
3874
1902
3674
5478
4461
1612
1951
102
1818
4382
2170
5332
4359
1033
3209
3143
4162
279
135
3295
2802
3106
1554
538
351
5268
4712
5477
2104
4850
3010
2177
5230
3227
2970
889
1617
2191
2843
4838
5669
1253
3384
626
2867
2351
4126
4192
1057
1611
4755
1161
4942
534
5710
3656
121
5576
5294
1501
2574
2153
2052
811
418
3050
3489
1962
3727
1883
5532
4647
1569
3441
2407
506
248
5301
4418
3658
783
447
3866
3662
5371
3235
5151
2784
3153
4129
4661
3669
1893
3200
5560
3742
964
1173
879
1397
4841
414
240
1215
4484
4058
896
4874
676
3182
4016
2903
5017
3336
3819
1650
1740
4051
1261
1755
2650
208
2755
4035
425
5487
5161
5027
1971
2086
5043
4381
1297
4073
2886
3691
107
29
2658
1255
2154
2503
3426
5111
1101
1961
4751
2094
4266
5242
3159
1025
4747
1047
2115
5040
655
4984
90
577
1344
1864
5385
69
1726
2819
2195
1973
293
2316
4482
468
1786
5630
4195
245
1886
367
1665
4660
4411
2925
1769
2926
4937
4024
3011
555
4706
1224
4086
3254
1599
4487
1419
5528
4347
151
3400
3211
5481
1832
1872
5412
1158
2633
4040
1614
3090
2996
1717
3107
5397
1109
1876
491
2404
471
3870
5585
4409
2006
2687
251
4050
3565
5270
4870
227
1849
5592
903
4257
5514
1168
5176
751
812
4082
3488
3217
292
2114
549
4004
1558
5676
5452
5203
3414
5209
1873
3402
5378
1526
1837
800
4512
5605
3043
3875
613
2960
1907
1322
4280
4318
505
1371
4182
4173
1807
2985
3483
3260
106
4810
2887
2753
4630
1544
3438
4327
5399
2641
3464
5419
5494
2002
4055
747
416
1117
4734
564
478
4394
179
808
142
1175
5709
4979
3315
4692
605
1231
865
1839
5124
497
764
4760
2642
4367
3721
1729
4017
472
3207
3328
4669
3641
110
473
2644
4915
4828
2788
2899
4603
3578
272
1507
336
5012
5077
2598
625
1957
2569
4763
5650
765
2329
486
3593
724
286
4696
794
5329
4573
254
5042
3789
2339
5179
1407
3456
1330
4525
4847
3573
2728
5285
711
1684
1090
3085
5699
737
4001
3541
977
2034
4831
5141
2210
3339
5308
2441
5384
3362
1393
3906
71
5594
1820
1732
4790
3554
2380
4575
5080
228
4517
5036
3864
5247
4576
2707
17
47
2145
4951
3479
443
3100
37
1618
2841
2259
5118
1188
730
1553
2480
4879
3550
4395
1630
3841
5591
2526
3929
3109
3395
4157
3064
88
1350
776
5411
5683
3071
3725
5394
1813
2858
734
1295
5559
144
1539
3898
2240
5395
354
3447
1564
4726
5464
485
4239
5105
2741
3033
4448
4376
2157
30
3405
2877
2450
4393
2915
2323
978
5132
2409
2067
3126
3409
100
3606
5321
4037
1379
3527
1032
1514
1128
5336
2575
3980
2346
5297
109
2432
1086
4797
3590
2509
807
3129
3796
1817
3089
3203
3690
2554
2436
1580
3907
2673
1425
5374
3532
5619
1536
5001
5533
3716
809
4956
5120
3139
926
308
742
5625
4540
3634
2445
4374
5389
4599
263
1765
2063
2451
5199
4896
233
3639
1438
3162
5018
1694
1844
4299
5261
1566
1881
5365
5281
44
4328
746
829
2447
5169
438
1782
2862
1242
996
925
5495
4251
5659
2213
149
810
2486
4041
586
5357
437
3878
4546
2251
944
4543
1411
12
93
4152
183
3357
642
1055
221
1183
4114
4818
5304
2226
1454
1176
3846
3937
2164
4489
1561
4813
653
429
4508
4308
2287
2107
1302
5255
5344
1745
654
2577
259
838
63
1741
1654
4060
2921
181
3822
856
5028
3575
4337
2678
3393
4486
1334
3008
1509
3651
693
3213
2481
287
5666
3543
5286
2121
2312
3322
2699
2706
210
4830
3871
1919
2487
2417
3971
2412
2233
3337
3001
1840
3128
5587
3240
1859
4848
3065
1773
4013
4776
2847
1499
4444
2245
1485
4822
2337
3243
4412
252
350
3562
4926
457
2894
479
798
3948
2303
26
2792
1586
2053
4539
2378
3080
2505
3258
4912
4402
2549
4702
5434
1822
4348
1199
2781
4623
5612
3790
203
339
4053
4147
387
4329
4562
4165
5498
4477
2715
5465
2457
4507
677
2144
4080
1220
61
5284
4975
2342
4322
2647
2910
5178
4578
5074
4184
2357
5019
1197
733
3352
4331
4851
2890
5002
527
1456
2656
5023
1281
1400
803
857
1209
2197
3660
4454
1244
219
4998
1115
582
4855
43
1292
3910
2124
5004
1071
718
4144
1600
670
3539
3580
1669
5541
897
95
2173
5628
842
1448
4339
4740
2377
5525
2091
4959
322
4921
3121
2860
334
2767
2607
833
2302
1867
2298
2654
2476
731
291
184
4466
1871
2653
533
2571
3855
1760
2876
657
2273
4139
2254
4878
898
428
4183
4728
3839
1870
3208
1487
3978
3455
3066
2892
3588
2228
4108
2347
2077
5162
3893
5548
4352
5351
4358
5670
4824
5564
1126
1477
3381
3801
70
3887
2521
2705
2759
5075
831
3311
3154
2945
238
1924
5291
4049
2263
1421
3127
1001
3829
5610
2589
3537
957
3919
1319
4987
411
3221
5488
3480
1287
2770
1743
1034
4316
1647
931
5214
3024
633
3145
498
2516
415
4990
5482
5415
2264
757
4385
1041
4722
3622
2815
2700
596
4965
1068
2464
2927
652
4403
2080
4092
1699
2488
1480
4502
75
4568
3268
5031
3536
2146
1488
3467
4445
1666
1010
1029
1921
828
5354
3034
96
1945
4379
3105
1200
621
566
543
4151
51
5375
2252
745
4100
1874
1593
195
3253
3119
3435
802
3869
620
1420
4010
4513
3758
1468
1557
644
3007
4591
1756
120
2646
2229
3786
4590
5516
4476
3358
4464
3326
3187
134
3167
2463
2576
3210
5184
1966
511
62
4110
4971
4871
3116
4970
5205
1211
122
3246
3703
4414
2882
1210
567
3985
548
864
4370
1392
4054
1632
2895
1467
720
3487
2615
690
602
1606
5441
3346
1672
3583
4957
318
5283
274
4913
1361
5098
5661
1595
4656
5599
1662
2022
4572
5510
295
2943
2031
298
68
4579
736
2344
4458
2045
150
756
3468
5446
4791
4899
5512
376
3142
859
1483
3711
4688
378
2893
1294
5561
1432
3473
3892
1652
2932
4362
3220
841
3728
1189
175
1897
927
2957
45
1260
1096
3724
3779
4085
4969
4306
1030
4549
3994
2292
4290
283
5085
4194
4982
4287
1891
1964
5515
1505
2941
2663
1643
2805
4700
4125
2859
4216
2118
5607
5207
257
507
3252
99
4523
744
1770
2951
3784
3515
3542
1728
1157
4155
4210
4672
1437
366
4065
2669
1831
4421
3262
949
5567
19
229
3901
668
218
4771
3655
3740
2284
5091
585
3555
3163
4922
777
2103
1018
2277
3659
1491
4872
1862
4320
3680
4272
2991
517
4794
5081
2497
217
4168
2131
5616
2004
3194
2732
1052
2244
759
4442
3428
1426
5236
5035
214
3524
2594
4732
2723
4564
4803
2754
196
4354
2272
1512
3459
4470
1056
4441
887
3749
4449
3196
568
3885
4619
4043
5622
139
3074
3862
2225
1149
4236
2271
5025
463
4558
5277
4750
594
2795
450
4709
3927
518
2291
5701
1954
5485
5202
2881
1174
3977
451
4800
5644
4615
1578
3761
1615
5060
4852
3125
1263
5542
999
5392
4198
2559
1476
192
4467
5146
4765
2405
4820
5054
1338
2600
3477
5534
5003
1293
4296
5013
3198
4440
4683
3820
368
3098
1151
2314
3185
2138
2236
4112
5620
191
2218
108
174
3048
3484
1598
1360
2763
3334
4974
5562
2627
2313
5695
3471
476
1988
4254
5362
1616
312
4273
508
166
3000
3757
4396
1024
1221
4506
1119
103
5143
5037
4567
3519
5114
2471
5103
1730
3682
1747
3806
1658
152
2348
3256
1583
5361
2582
725
4145
1503
3482
3149
3833
1777
5506
2127
2402
31
1225
937
2751
1978
752
1835
309
3158
2209
4015
3076
2518
2714
2640
495
1405
3914
205
1434
1135
3434
868
701
5535
305
2498
1192
4503
4604
1534
1061
843
3491
2304
3161
1538
211
1340
1108
3382
4450
679
3411
2456
3764
565
2414
1532
4369
680
180
3717
1983
2986
5319
278
3768
4690
1204
2937
432
289
1027
535
1559
993
1187
188
5427
5552
2350
4560
706
4577
270
3652
4675
4774
2515
2775
5355
4435
111
1170
1391
2522
220
2534
627
1926
2929
83
4936
790
2585
461
5026
3263
551
5685
3872
3026
198
5379
3620
402
3940
5684
5444
2611
2366
5100
650
4909
708
3979
5154
4967
5041
2201
2373
1424
1216
2620
2803
1738
314
4397
4960
1427
4652
5113
4516
113
960
3745
3793
1114
5449
5715
2328
684
4687
4264
5327
3608
3378
2406
1634
4006
1934
3148
2900
5665
1858
4606
326
604
4934
1695
3891
4258
3317
4941
1942
2972
3903
1288
2098
3679
4904
5101
2437
348
4716
2399
2851
789
1626
2924
5596
2227
321
871
2688
169
3286
2099
4398
5668
5476
4478
5196
73
420
3133
2110
3883
92
1877
5223
1623
2029
4510
4228
3710
2418
5511
3513
494
1375
4034
2820
3319
1164
2095
1270
2410
5555
3649
3765
4917
618
5565
2364
124
4141
5595
2318
3193
2776
2420
2664
4262
869
5305
1042
4222
3813
356
1162
4087
3557
2570
4918
2093
4066
2275
5290
5633
1890
579
4406
4985
2721
2572
1691
862
5079
3824
332
3783
3505
1744
5119
3950
1258
5404
1451
4764
1116
1541
5326
4351
5259
3621
2370
4154
4161
5156
4888
445
4781
3618
4679
1413
452
5234
2586
5067
3002
3800
14
4873
2182
3770
945
5455
2215
247
4128
360
5484
2981
5322
1905
1776
4038
4335
5200
2072
4083
2812
1592
1723
2119
5549
3574
5582
2299
3670
2458
490
4805
1006
2857
3433
1417
25
1113
2771
1552
4884
4267
433
2655
3063
3646
2689
2809
2977
4077
2742
3751
1102
2750
3836
194
615
643
3932
3226
4833
330
3398
4806
2998
483
3671
3102
2059
32
4518
5346
3169
1444
2181
5573
1705
4541
5440
1401
3039
170
540
2855
4795
2465
674
2829
3785
1815
2321
2100
2836
4815
2101
4842
2543
1548
2168
355
2268
3750
4650
5072
4031
1051
3837
3285
1751
2704
1772
1196
1878
2016
2005
4645
1482
328
648
4814
1123
2517
2850
5039
2536
5032
1259
4837
3101
3305
1519
1378
4181
1023
2609
4020
2167
912
3667
1675
1746
5287
1736
1629
3458
430
1808
4714
2387
4231
3164
5167
2948
5503
5099
3309
5076
1995
3931
1106
818
3698
4691
1697
5381
136
3689
2846
5069
1180
3123
888
4479
3276
817
1111
4211
3418
1264
990
4757
1739
3168
353
4353
2232
3926
1489
3799
1228
2440
5417
52
2834
5707
3017
3316
1589
1479
1469
2519
2078
3135
5629
3879
436
2619
1588
4923
1590
3442
973
1238
5125
3259
4881
2231
2288
1497
449
5266
5586
5006
1551
5071
1146
3396
2092
1313
2015
4787
2473
4701
3886
3062
413
941
801
2276
2988
256
5606
2235
647
1767
5537
2683
3176
5140
24
1088
4557
2389
112
4217
56
1309
695
4153
1227
3857
276
2416
1833
682
3861
4908
1137
3809
5372
3112
1346
2317
3538
3733
4176
3865
2952
2369
4528
3732
2495
4753
4693
81
1972
1714
2531
3288
1946
3013
3921
1610
2940
2623
2944
5584
4404
665
2194
3390
4861
1017
557
3443
3880
1207
2602
2746
1510
3349
3692
5526
266
2439
3044
2111
2671
1909
5251
3547
3967
3619
2917
1784
1237
4756
3939
5638
2186
4032
908
1303
4091
1627
1522
835
358
138
299
1556
1003
382
4901
761
3961
2680
2835
4618
1402
3720
4905
1932
4733
4695
5635
4883
2702
3518
58
76
796
3265
4172
785
5190
4864
2217
2622
3406
4559
3047
4407
910
2172
3197
2309
5356
1257
4303
3245
1178
5640
4665
442
5436
2758
3282
5451
1054
4459
4378
2764
1415
2372
3970
2698
2523
3918
1502
2826
3494
2011
4326
2787
4607
4313
6
678
1943
3916
5260
3023
4384
3237
5257
1064
3392
2242
1474
4823
1889
5518
2021
4494
3895
3825
1130
1461
4685
5174
4475
4481
222
5300
48
573
1236
4343
5539
5137
2282
267
1104
2305
5432
1935
386
1701
4594
2902
5000
1563
3250
209
909
1289
4310
4786
1842
4671
3303
958
1793
2088
331
4680
3528
3552
2459
1774
3410
5713
4638
4302
3424
2548
1710
4401
2478
1366
173
3668
4204
2629
4981
1952
2905
3049
2036
3826
5066
3827
0
2174
1356
4250
2885
2868
396
4291
4993
1812
3279
4022
816
1572
3816
1800
2280
3404
4519
4317
2980
4928
3509
3137
3706
3896
5197
554
1159
1213
2842
1325
5158
3045
700
4349
3955
5580
1455
4782
2677
2596
866
1644
4093
3631
3132
1490
2801
729
4625
3181
1936
4509
1110
4641
5109
2394
1185
2007
193
1515
578
2123
1429
771
2395
5658
1846
131
178
5194
3463
4417
2580
3290
5323
3558
2073
658
1896
4196
2221
5413
2379
3997
342
3270
2527
727
4497
976
2617
3834
1928
4584
5489
1299
5328
5517
660
1790
3082
5500
3830
3585
3936
2821
4684
5262
1085
5398
694
1278
3957
1621
2561
3889
4473
67
3318
5422
2269
3946
4500
820
1226
3856
4775
2367
2760
3715
2512
5093
4865
4219
1143
397
4292
4900
3551
1398
1659
2220
979
2331
1298
2922
82
3386
3165
4463
3571
5425
5352
423
4945
1904
5183
1530
4248
1565
4221
839
500
5521
141
4715
2605
1377
4437
5602
2266
5320
1138
2257
3269
1787
3299
550
3996
2019
948
2918
2833
532
3492
1829
3753
5046
5265
4741
1602
2238
639
5519
967
4829
3372
1683
2248
3781
5108
3792
155
2295
3296
3650
1089
3408
2319
4834
288
930
3257
4919
3070
4099
5187
4235
5691
5631
942
2354
4538
5341
5331
1698
5382
3802
5163
3613
3954
985
3567
2818
2874
5458
981
3206
5201
3130
4075
3782
4332
4023
4532
1457
1395
264
2748
3341
2692
929
3947
5312
2400
2178
3460
246
1594
1758
5558
3612
923
3835
268
669
4420
1910
5347
1152
5501
4284
2696
2591
5059
1781
2413
2307
2794
3842
1915
612
3095
2267
2533
39
1898
1649
4012
258
2434
847
5123
5152
3306
1233
1127
3831
1967
558
904
2614
484
2211
1320
4628
2555
7
2315
4840
4845
4104
5022
1450
1201
2426
2648
1814
2726
773
2274
1011
3624
3388
1991
1277
1783
4003
446
880
5096
2727
781
2651
5550
1749
2126
3340
3915
2423
5706
4925
883
3053
1091
4130
5439
531
5333
2438
4889
4200
3592
4677
2290
1727
610
570
4399
3905
343
3867
4048
434
1903
97
4180
2069
1537
2908
4545
3973
1517
965
5030
528
176
2470
4304
3497
4895
572
2963
592
4739
3166
2374
5364
4121
3320
2208
3704
2492
3545
383
852
1880
370
4622
4427
4927
1105
3307
2361
5244
1336
2189
5243
5150
3075
2246
5271
5536
1171
3332
4609
1422
2686
3014
3403
4738
1464
874
2297
2643
2997
5171
1251
3771
840
3956
581
204
1641
2014
905
631
3986
1974
162
4088
3683
5136
3966
617
875
1431
4868
547
4207
5192
4811
5649
3945
3686
5678
2856
1861
2659
5246
640
3849
5583
637
4666
4288
2308
3848
3437
2096
4601
3964
1372
3653
921
546
1449
2804
2610
1900
2757
2028
2301
1885
1642
972
5493
2097
5061
4357
5135
5675
836
601
2184
5010
3195
4907
1582
4862
4334
4767
1070
1775
5492
1283
3935
4166
5433
1836
4836
1019
970
1326
3360
475
2810
4279
1651
5307
4882
2528
3353
3439
3321
1373
739
5505
5128
867
2974
1140
997
1337
541
1099
1132
5540
3493
2258
4614
2962
59
3708
1938
5572
5641
4897
2813
4947
5231
1078
4314
3754
4030
4860
2630
5674
940
1080
187
3383
3787
2085
2249
3540
5589
2023
4867
1492
4383
226
1013
2583
1929
3941
5130
1404
2179
697
1124
4769
3755
1778
2634
3091
4880
1037
4758
2256
3429
5646
313
2649
2281
3355
4056
2547
1416
1036
2159
2984
4746
1754
5369
3616
3469
3375
2520
873
4215
4274
1506
1923
448
4140
3248
5677
3297
361
2183
1134
4553
2155
1830
1053
2460
22
2066
1653
3630
5588
2743
3599
4643
2468
2325
460
1067
87
1430
3399
282
2483
462
212
2588
3214
2907
2581
1368
234
4373
597
5049
2250
4640
2283
662
5671
2285
5391
4119
3976
5216
3859
2990
5084
779
2544
4240
4269
4174
4113
4698
5522
685
4084
3534
4827
2837
3032
2171
3425
1850
487
1688
2230
4160
2320
782
521
522
3648
2939
4597
2398
2207
4301
780
4462
3628
1511
1882
651
3586
3982
369
4989
4788
118
377
3917
2216
4340
1613
2883
5543
962
5145
2510
5366
4935
4522
359
3912
2415
5317
4826
2185
5095
2567
2037
4857
772
1284
5253
5414
2587
5224
1414
1234
3470
435
1674
365
4371
231
4863
147
5021
3088
3664
407
2090
86
844
1031
3379
4118
3504
2987
4955
2628
3412
3431
855
3003
78
2992
2247
3684
5218
5256
758
3995
5430
2279
3794
3989
4742
4593
4271
4377
2176
424
392
4259
5401
2239
104
2672
4954
5273
4953
3611
1948
1459
1768
3298
3605
3481
5473
1587
4416
1731
5445
4447
182
1791
2355
1940
702
2442
3617
496
4438
464
3454
4939
172
4999
5480
5089
2540
5664
3795
2260
3084
2112
900
1446
1911
2697
5601
741
2293
2452
4689
4664
1206
509
5520
3365
3604
5175
1549
3029
4305
2202
2566
5396
2044
767
5568
1508
3134
5556
421
123
4745
4629
3988
819
1403
1382
2148
4807
1575
1638
1795
3331
5499
5087
399
3151
2310
882
5681
3729
1352
3529
5198
2130
982
456
1486
1079
1950
4916
689
2429
641
2392
2825
1953
3535
3058
3559
5714
2710
1083
4233
5447
3767
1884
4294
389
2494
4019
3036
3722
845
542
91
5377
3560
1979
3244
3614
3150
4667
3737
4149
2964
2529
3844
1676
1048
2949
1960
2530
4480
4961
237
3815
4307
1133
2880
1805
4724
163
4309
5438
5383
4213
5553
5349
265
2001
1811
3277
2978
4011
2906
4059
1428
398
3601
947
3078
3138
5097
5403
4906
3229
3626
1452
593
2725
41
560
4602
5058
5033
243
3172
1339
3576
3807
405
1442
261
5673
5342
1689
3478
1725
1203
834
1866
2496
3016
4295
2010
4655
340
3852
1601
2796
3881
5367
480
3632
2785
1523
4252
5195
5298
4311
799
1766
5112
3025
2453
3699
5698
4626
5348
363
1271
3968
5142
5429
5360
5453
347
3821
4554
5278
2562
3027
5239
1423
656
3083
5264
2102
632
5467
2493
2665
4127
4419
4940
3992
5454
3548
4375
2500
1465
4920
4617
115
1821
1494
2401
1232
2661
2817
3694
5221
1153
4535
5078
57
4253
3061
4885
5651
1735
5148
2823
2196
159
2475
2564
4072
3805
2608
5544
707
3046
4876
1093
4356
1376
5615
72
1922
4089
1764
743
3700
1005
2668
1190
4105
2601
1125
1241
3666
5121
4770
5387
3351
998
4246
3661
2684
4950
1577
5474
1826
1343
5700
4400
4717
440
5657
1100
2637
3944
649
1546
3231
4275
4338
4355
4078
3503
4101
5314
630
672
1249
3817
482
1584
4220
5282
3922
1462
3040
4581
4391
5689
3273
3238
3131
2578
4504
49
4886
3942
858
3225
1072
719
4071
2631
5569
1660
1656
2425
5153
4817
5682
4189
3097
5115
5598
5431
3189
2934
4707
4877
2606
1385
4527
1399
1195
1408
1845
1798
1475
5712
35
4635
2345
4094
3312
2359
3006
3654
2206
4224
5410
3657
3179
3422
1286
4230
349
3416
2137
2691
3838
4028
1681
4631
1443
4148
3215
1671
5011
1179
2798
1692
4209
4550
3635
372
3055
4386
1916
1357
1825
786
469
140
788
323
50
714
5129
2840
2446
5497
4063
5047
5245
5672
2666
406
20
1004
4697
890
2411
2545
1349
2390
4589
42
2830
4190
3371
3022
3364
303
5155
11
664
1177
3292
2676
1947
2501
1473
2863
2375
2132
1026
2989
961
2889
3021
3693
3015
4039
3338
2009
2149
1963
2338
3958
735
304
1440
1496
2652
2875
916
4766
710
5280
5038
4498
2772
1624
4529
821
1367
3712
1354
5138
850
3350
1000
5228
4103
4244
3525
18
1637
1667
493
3173
4582
4342
1347
3018
4457
3230
2636
3933
4387
2828
687
1112
3752
3232
1608
4668
703
1009
3291
3673
2408
1092
1327
5324
1677
1999
1310
3218
3938
4653
1987
4410
344
4772
986
587
2791
4914
4730
4245
4008
4620
3485
3984
3909
3289
1142
2358
3264
3873
1198
85
1518
516
1381
3423
2716
3975
1014
128
1364
4392
4608
5642
891
2793
4796
1359
307
5621
1661
2431
4586
1317
3499
4902
3249
2474
2542
5509
1246
5405
1208
3868
3377
216
4890
3882
3949
1239
2289
2740
275
489
1035
1229
5233
1008
5380
4025
4098
3828
2532
5309
1058
2166
4678
4237
281
1043
1316
5686
968
4812
5551
1939
4081
1274
619
5316
1742
1390
4651
1847
1579
1655
3568
2352
2212
3275
2020
5680
1956
3178
3192
1307
2003
5090
575
2360
4789
5070
1706
1799
3347
4966
1280
4648
861
4727
1801
1628
1993
2639
269
629
4229
3081
3466
2334
4988
2966
300
4350
459
1447
1472
2046
4816
5050
5437
2113
27
2040
3928
5165
3216
837
3814
129
4446
2008
5608
503
13
4903
380
1851
1525
2365
4137
3052
4005
2884
2340
374
4159
2381
5623
939
5475
4536
5117
2799
2147
3591
5370
5186
3808
5048
2068
3623
529
3308
3714
5546
636
1269
185
1394
4096
4009
4283
1797
2979
1441
4270
5570
3811
1535
2913
3188
1273
2467
3688
607
4247
1712
4201
2199
955
2579
4778
4574
5055
4241
2852
403
2071
5435
1977
158
1748
2909
3888
4336
902
352
1230
5339
4676
2140
444
5654
754
2971
5687
2920
311
661
1989
3665
306
2335
2356
3702
3804
1927
3427
749
3638
4505
1266
4333
5267
3595
2134
4109
514
5110
409
4260
5692
5647
4949
207
458
2054
2430
250
1107
4633
1713
3911
715
552
1439
2270
3144
5462
1925
634
316
5373
427
4238
105
3041
2169
1709
89
2241
3174
4531
1949
4044
2848
1
935
4894
2720
591
4281
2936
2448
1576
4768
213
778
3496
2043
5182
1567
165
3566
4372
2013
273
3860
4167
4561
3788
394
583
5697
5302
5472
520
1763
1875
3965
3344
2253
3224
526
2946
3899
692
5409
3633
1050
590
519
3380
3676
4704
1607
3610
5459
1809
791
792
4694
1855
1980
3233
3598
933
3963
5310
4179
4026
4116
988
4405
3453
5220
3778
4792
3093
3155
3201
4610
1098
5545
2844
886
5636
4428
515
5274
1453
3553
3609
2506
2994
3999
5468
906
28
2507
2428
762
3747
284
686
2353
4596
21
2752
885
917
1040
1265
4943
277
2084
1245
2382
571
1435
3902
1247
3526
2514
1007
2064
4511
1690
4930
1985
294
1547
2012
588
3329
2403
2129
3998
5005
3741
3508
2719
5204
5210
556
2469
3738
4286
1716
2604
4710
1704
2139
3239
2383
1285
4866
5106
3930
4319
1591
5064
2162
2396
317
5131
3111
4036
795
3020
1711
3387
36
913
3972
4133
974
983
5531
1418
1560
4135
4265
1355
5426
987
2682
1640
1290
3681
1380
1933
4808
3160
2030
892
4069
4255
2
2109
849
2737
2466
1914
1596
1913
5388
2736
726
53
1796
3845
2553
2800
936
4708
824
4321
3401
1389
3564
884
1868
10
3415
1463
806
4490
4068
2108
4825
5663
2234
963
2632
704
431
4388
145
2033
4793
1165
3500
2050
3760
2624
4552
4588
4361
2424
1262
1771
3511
271
244
2032
4515
813
3810
4639
1804
4346
2461
545
3241
738
310
3521
1131
5624
4111
2769
920
3587
3959
38
4278
2983
5702
2667
3223
1182
614
5609
1466
3042
934
2419
5157
4832
826
1521
2930
4232
628
4430
3853
390
4345
5571
3990
400
3359
46
5483
5627
3642
3726
5547
2421
1750
5524
4674
4062
338
215
3663
1341
5227
3894
3640
329
3004
5618
3115
5527
2322
4197
3549
1458
171
4203
4783
3569
4226
4657
4703
938
60
1240
4773
2120
1524
153
481
4460
3920
1762
750
1785
4501
2711
4616
4193
1333
5086
2854
186
1136
2058
4819
148
4124
3363
2866
3776
1386
5407
4725
3629
5144
3028
2969
4963
1708
2953
454
609
4263
5690
2074
4052
4644
1622
5007
40
2089
3924
2175
74
4570
5634
2657
3180
2076
441
2051
2541
1301
3430
1304
236
4759
2599
2573
3280
3186
3953
2768
4223
2106
2679
2761
1387
5368
5170
1279
5600
1555
