0.827795147895813
0.8111999034881592
0.4798424243927002
0.4869348108768463
0.613620400428772
0.5565155148506165
0.19089266657829285
0.7426183819770813
0.3181321918964386
0.7352083921432495
0.6546906232833862
0.4298938512802124
0.5615206956863403
0.5813046097755432
0.6827253103256226
0.6552945971488953
0.5067639946937561
0.5647750496864319
0.23359522223472595
0.6717145442962646
0.610627293586731
0.6631819009780884
0.8972195982933044
0.6934630274772644
0.902847409248352
0.39713194966316223
0.7549729347229004
0.35461658239364624
0.7127251625061035
0.7087659239768982
0.7740288972854614
0.6571199893951416
0.6044707298278809
0.6691162586212158
0.3928309381008148
0.8400533199310303
0.7221755981445312
0.7588499784469604
0.7246827483177185
0.8024524450302124
0.5977792143821716
0.5161651372909546
0.5871967673301697
0.7996677160263062
0.6941095590591431
0.3285342752933502
0.7425061464309692
0.10387727618217468
0.8381266593933105
0.621894896030426
0.516569197177887
0.6859226226806641
0.5768994092941284
0.26499563455581665
0.7208565473556519
0.6864628791809082
0.7750883102416992
0.732937216758728
0.3715205192565918
0.6832067966461182
0.5721756219863892
0.4686027467250824
0.5715800523757935
0.7945212721824646
0.49519240856170654
0.3556475043296814
0.769547700881958
0.5584415197372437
0.6732327938079834
0.3664712905883789
0.48655733466148376
0.5153247117996216
0.21912755072116852
0.7663635015487671
0.6989016532897949
0.7161719799041748
0.6094522476196289
0.6150245070457458
0.6776946783065796
0.6827653646469116
0.4131419062614441
0.729467511177063
0.686491847038269
0.7173694372177124
0.8035032153129578
0.6976611614227295
0.47100263833999634
0.576471209526062
0.5114079117774963
0.30903851985931396
0.32543304562568665
0.4026089608669281
0.7468714714050293
0.6732260584831238
0.155597984790802
0.538948655128479
0.6828869581222534
0.6074550151824951
0.7629928588867188
0.8126555681228638
0.7867645025253296
0.7814531326293945
0.6651480793952942
0.24102193117141724
0.7711659669876099
0.7628384828567505
0.6805514097213745
0.7352952361106873
0.55152428150177
0.69290691614151
0.795822262763977
0.7784067392349243
0.8672301173210144
0.8219476938247681
0.17456695437431335
0.8188691139221191
0.6089851260185242
0.3391035795211792
0.6884486675262451
0.6769016981124878
0.49774807691574097
0.035192832350730896
0.6821557283401489
0.7943045496940613
0.6962662935256958
0.6539037227630615
0.19174745678901672
0.2833927571773529
0.8440424203872681
0.6390440464019775
0.5892395377159119
0.5612978339195251
0.6214674711227417
0.6218644380569458
0.7356141805648804
0.796673059463501
0.4777880907058716
0.6134288311004639
0.7515236735343933
0.667763352394104
0.27172520756721497
0.7291295528411865
0.4817410409450531
0.21335262060165405
0.4147508144378662
0.5844229459762573
0.13857832551002502
0.6850724220275879
0.7265384197235107
0.5896888971328735
0.5449126362800598
0.7016203999519348
0.6217323541641235
0.39715075492858887
0.06292889267206192
0.7296454906463623
0.6346404552459717
0.6799967288970947
0.6802765727043152
0.5337509512901306
0.18175961077213287
0.6335605382919312
0.4796944856643677
0.577324628829956
0.6841292381286621
0.546881377696991
0.5524204969406128
0.6977997422218323
0.5525228381156921
0.24596479535102844
0.7042064666748047
0.3516857624053955
0.6644119024276733
0.6881124973297119
0.6576617956161499
0.6300540566444397
0.643362820148468
0.626165509223938
0.7260158061981201
0.7363007664680481
0.6051815748214722
0.23675882816314697
0.6411193609237671
0.5101764798164368
0.7537589073181152
0.565291702747345
0.45963823795318604
0.1797039657831192
0.7684446573257446
0.7581100463867188
0.6402021646499634
0.5685340166091919
0.8022531270980835
0.8550495505332947
0.5901815891265869
0.7014178037643433
0.4341912269592285
0.5406146049499512
0.24641817808151245
0.699485719203949
0.18742455542087555
0.5676581263542175
0.7015230655670166
0.45186886191368103
0.6330260038375854
0.6112569570541382
0.713243842124939
0.14192183315753937
0.7236736416816711
0.6185108423233032
0.39090752601623535
0.7961798906326294
0.565345287322998
0.3721228837966919
0.6750378608703613
0.30392634868621826
0.6863003969192505
0.6413015127182007
0.5351567268371582
0.5270230770111084
0.728927731513977
0.20782975852489471
0.6957496404647827
0.6931531429290771
0.6980019807815552
0.5273981690406799
0.4443390667438507
0.5165408849716187
0.7636932134628296
0.680355429649353
0.6149002313613892
0.6900961399078369
0.6883872747421265
0.6977212429046631
0.4066113233566284
0.7353122234344482
0.28255993127822876
0.6182548403739929
0.4182880222797394
0.21201825141906738
0.7669750452041626
0.17419806122779846
0.2802002429962158
0.6601902842521667
0.7876472473144531
0.8035256862640381
0.5909581184387207
0.6052637696266174
0.6185570359230042
0.26119813323020935
0.7162879705429077
0.7248674631118774
0.6493487358093262
0.6126973628997803
0.7079036235809326
0.6878697872161865
0.7739007472991943
0.6414158940315247
0.44064033031463623
0.5925512313842773
0.8515368700027466
0.5510090589523315
0.6701189875602722
0.2877954840660095
0.729020357131958
0.8143571615219116
0.7561676502227783
0.3144354224205017
0.5855970978736877
0.16388460993766785
0.2563397288322449
0.49569541215896606
0.6344686150550842
0.6518270969390869
0.720935046672821
0.7159415483474731
0.634119987487793
0.36608579754829407
0.8563516736030579
0.5789363384246826
0.5856987833976746
0.6027350425720215
0.6262043714523315
0.6062800288200378
0.7727454304695129
0.7424519062042236
0.5150585174560547
0.6984599828720093
0.7172882556915283
0.6208962202072144
0.20694105327129364
0.576213538646698
0.7332513332366943
0.4067445695400238
0.6281128525733948
0.7330718040466309
0.5717311501502991
0.5889575481414795
0.7693670988082886
0.2541065216064453
0.5953958034515381
0.7248411178588867
0.817878782749176
0.8085829019546509
0.21116815507411957
0.7446390986442566
0.7707327604293823
0.6695166826248169
0.1981389969587326
0.3332153558731079
0.35614126920700073
0.5405526161193848
0.7777594923973083
0.6456059217453003
0.11330356448888779
0.30183082818984985
0.5732965469360352
0.27197808027267456
0.7819748520851135
0.7606642246246338
0.6388874650001526
0.3362155854701996
0.5390139222145081
0.6077738404273987
0.7512422204017639
0.6725388765335083
0.6535869836807251
0.5580505728721619
0.7864136695861816
0.7823023796081543
0.6511762142181396
0.6003445386886597
0.4067903161048889
0.5377197861671448
0.5552756786346436
0.6576258540153503
0.6967397928237915
0.7944117784500122
0.6386663913726807
0.6071562170982361
0.5531378984451294
0.2547425329685211
0.753852367401123
0.34894028306007385
0.8652752637863159
0.43637073040008545
0.7448544502258301
0.7188498973846436
0.7876770496368408
0.6453508138656616
0.6292353272438049
0.6626697778701782
0.6923548579216003
0.8176255226135254
0.614408552646637
0.3898405432701111
0.33860519528388977
0.5619653463363647
0.41823840141296387
0.5793969035148621
0.5125592947006226
0.6902278661727905
0.40978893637657166
0.6344333291053772
0.28892141580581665
0.45278453826904297
0.6070597171783447
0.6241270899772644
0.8764146566390991
0.5498003959655762
0.6973336935043335
0.7103592157363892
0.3876127600669861
0.403108686208725
0.5745048522949219
0.4699525833129883
0.6874857544898987
0.7262969613075256
0.6863898634910583
0.8158998489379883
0.773858904838562
0.2828923165798187
0.4539153575897217
0.8071123361587524
0.6977005004882812
0.24595707654953003
0.6836386919021606
0.6688904762268066
0.7001076340675354
0.28947946429252625
0.6141955852508545
0.6944239735603333
0.6823910474777222
0.5043229460716248
0.5020607709884644
0.7304297089576721
0.6847975254058838
0.44032686948776245
0.7329145669937134
0.3233678638935089
0.3732112646102905
0.7132567167282104
0.6495310068130493
0.6530858874320984
0.5250457525253296
0.7654759883880615
0.5971087217330933
0.768012285232544
0.5993891954421997
0.5550727248191833
0.7821985483169556
0.7223355770111084
0.6887139678001404
0.6693360805511475
0.6763086915016174
0.5490434169769287
0.5607827305793762
0.6190515160560608
0.6520540714263916
0.5477384328842163
0.5662867426872253
0.6632242202758789
0.7357656955718994
0.7374709844589233
0.7093901634216309
0.7078130841255188
0.6493691802024841
0.6184794306755066
0.7410588264465332
0.6367271542549133
0.6414746046066284
0.7175039052963257
0.7003122568130493
0.7527869343757629
0.6892369985580444
0.2501818537712097
0.6421675682067871
0.6523743867874146
0.8295734524726868
0.696818470954895
0.6991560459136963
0.7906838059425354
0.39711952209472656
0.5350695252418518
0.5507988333702087
0.33332565426826477
0.6262346506118774
0.6909958124160767
0.4507112503051758
0.7940138578414917
0.5363502502441406
0.8186984062194824
0.592806339263916
0.524867832660675
0.7665843963623047
0.37543952465057373
0.7180020809173584
0.7195658683776855
0.800689697265625
0.7821375727653503
0.7818315029144287
0.7080668807029724
0.7303104400634766
0.7420675754547119
0.8383947014808655
0.6591157913208008
0.6842482686042786
0.6762277483940125
0.310451865196228
0.5598269104957581
0.43435847759246826
0.2921321988105774
0.6279323101043701
0.4627922773361206
0.5010421276092529
0.4948793649673462
0.6315749883651733
0.4305635094642639
0.6908217668533325
0.6345040798187256
0.6779565811157227
0.5313304662704468
0.5898911952972412
0.667926013469696
0.6145749092102051
0.5937715172767639
0.5206677913665771
-0.019609153270721436
0.5045015215873718
0.7128450870513916
0.08735325932502747
0.819437563419342
0.684272825717926
0.4203205406665802
0.6361464262008667
0.6621704697608948
0.4123014211654663
0.7132038474082947
0.5565791130065918
0.5631460547447205
0.7266124486923218
0.7525103092193604
0.7851053476333618
0.3959733545780182
0.09572477638721466
0.09601639211177826
0.7657504081726074
0.552216112613678
0.7649989128112793
0.7113164663314819
0.3217267692089081
0.5343242883682251
0.8163431286811829
0.40663373470306396
0.14128005504608154
0.627069354057312
0.32096943259239197
0.8689054250717163
0.5717129707336426
0.15562906861305237
0.5988048911094666
0.2709804177284241
0.44351130723953247
0.3427450358867645
0.6869376301765442
0.4884868860244751
0.6598204374313354
0.5917906761169434
0.30908119678497314
0.5844401121139526
0.6246191263198853
0.6597633361816406
0.6901276111602783
0.5797532796859741
-0.01447644829750061
0.7113854289054871
0.6747339963912964
0.7295728921890259
0.7508061528205872
0.6083850860595703
0.5563035607337952
0.7532401084899902
0.6692262887954712
0.6923803687095642
0.5729296207427979
0.6602219343185425
0.3266031742095947
0.6840282678604126
0.22953017055988312
0.42013412714004517
0.11906276643276215
0.7951052188873291
0.11897192150354385
0.5520962476730347
0.7576011419296265
0.747359037399292
0.5606005191802979
0.5661360025405884
0.46792924404144287
0.27491313219070435
0.5605894923210144
0.7383750677108765
0.7526257038116455
0.5759167671203613
0.6155943870544434
0.7106032371520996
0.5305948257446289
0.2785036861896515
0.7743499279022217
0.3791375160217285
0.5636438131332397
0.2716531455516815
0.819728434085846
0.6221492290496826
0.5722697973251343
0.7344961166381836
0.7613277435302734
0.5861240029335022
0.8065396547317505
0.5319379568099976
0.5731138586997986
0.6742442846298218
0.7485679388046265
0.6734960675239563
0.3426925539970398
0.6871159672737122
0.7754337787628174
0.5377122163772583
0.29080814123153687
0.36114901304244995
0.7191355228424072
0.6803075671195984
0.41181352734565735
0.8148967027664185
0.25306177139282227
0.7724177241325378
0.15770745277404785
0.4961099624633789
0.5797841548919678
0.6392034292221069
0.6496429443359375
0.7182755470275879
0.7122058868408203
0.6868554353713989
0.7479472160339355
0.5928235054016113
0.7881452441215515
0.7534446716308594
0.7716337442398071
0.6596465110778809
0.4253300428390503
0.3597322106361389
0.6501824855804443
0.7164498567581177
0.6584933996200562
0.19019462168216705
0.6834076046943665
0.4224606156349182
0.5508749485015869
0.38370707631111145
0.5500615239143372
0.20183758437633514
0.497907429933548
0.2264450490474701
0.3665620684623718
0.30253735184669495
0.7933897972106934
0.497951865196228
0.47518905997276306
0.4914047122001648
0.5767154693603516
0.6637988090515137
0.5248587131500244
0.45976683497428894
0.5361053347587585
0.7343155145645142
0.3932453393936157
0.6873413920402527
0.6947581171989441
0.8232535123825073
0.39637017250061035
0.7016124725341797
0.5793352127075195
0.5538507699966431
0.5969111323356628
0.6950297355651855
0.6455246210098267
0.6652597784996033
0.673164427280426
0.7176722288131714
0.9373693466186523
0.12436915189027786
0.41515880823135376
0.44738274812698364
0.7563939690589905
0.6983724236488342
0.7934140563011169
0.5869704484939575
0.2774682641029358
0.5188219547271729
0.5774933695793152
0.699015200138092
0.7406039237976074
0.6339607834815979
0.694259524345398
0.6256021857261658
0.6855618953704834
0.7302874326705933
0.5272893905639648
0.5280697345733643
0.6988170146942139
0.34550273418426514
0.4514925479888916
0.4903777241706848
0.3331800103187561
0.5072526931762695
0.6150391101837158
0.7556346654891968
0.5970417857170105
0.3687708377838135
0.3796195983886719
0.7458010911941528
0.5404078960418701
0.7133669853210449
0.6535152792930603
0.12843595445156097
0.6108522415161133
0.8123983144760132
0.44621729850769043
0.47949206829071045
0.5085057020187378
0.5732664465904236
0.7641820907592773
0.6508742570877075
0.6954808235168457
0.5985751152038574
0.6330769658088684
0.3751729130744934
0.7246959209442139
0.5326040387153625
0.7337290048599243
0.7763403058052063
0.6904189586639404
0.7086783647537231
0.16152510046958923
0.3456888794898987
0.7656643390655518
0.6110060811042786
0.8077027797698975
0.1932864487171173
0.4784536361694336
0.7900280356407166
0.691944420337677
0.6628567576408386
0.5780893564224243
0.29534512758255005
0.5521374940872192
0.6066303253173828
0.7377872467041016
0.920961856842041
0.558081328868866
0.7551589608192444
0.6780460476875305
0.8005250692367554
0.4430157542228699
0.6612470149993896
0.2904872000217438
0.6883610486984253
0.5266489386558533
0.6864861249923706
0.6054095029830933
0.6521063446998596
0.735241174697876
0.6659179925918579
0.5310611724853516
0.14577357470989227
0.5352029800415039
0.6092660427093506
0.7369730472564697
0.6115386486053467
0.7566933631896973
0.8219621777534485
0.6199468374252319
0.1391965001821518
0.7740471363067627
0.4379786252975464
0.6955536603927612
0.7518172264099121
0.6470115780830383
0.46693944931030273
0.6854628324508667
0.7090228796005249
0.7090094685554504
0.474307656288147
0.6449258327484131
0.5371605157852173
0.7083560228347778
0.7425527572631836
0.30698758363723755
0.6975758075714111
0.6360651254653931
0.6463187336921692
0.5686513185501099
0.38524991273880005
0.682659387588501
0.10356200486421585
0.31711745262145996
0.6572052240371704
0.9460849761962891
0.5925428867340088
0.44354909658432007
0.6519857048988342
0.42770910263061523
0.4114634096622467
0.7011666297912598
0.6403623819351196
0.6049107313156128
0.5203803777694702
0.6758280992507935
0.13117854297161102
0.7467243671417236
0.15059806406497955
0.25958681106567383
0.4597203731536865
0.7939653396606445
0.4332582652568817
0.775026798248291
0.7039728164672852
0.7116686105728149
0.6401636004447937
0.5868794918060303
0.6834921836853027
0.4413304328918457
0.5735287070274353
0.1824522316455841
0.5914500951766968
0.2671648859977722
0.7092502117156982
0.7651047706604004
0.25343453884124756
0.5954626798629761
0.37914443016052246
0.749862790107727
0.4850913882255554
0.6973437070846558
0.6382393836975098
0.8162558674812317
0.43125712871551514
0.6322441101074219
0.30781084299087524
0.4316209852695465
0.5763197541236877
0.6762062907218933
0.7847530245780945
0.5054250955581665
0.6056602597236633
0.7062814235687256
0.3993396759033203
0.3739005923271179
0.38448959589004517
0.698509693145752
0.860689640045166
0.3427533209323883
0.6489784717559814
0.7087960839271545
0.7548544406890869
0.5037358999252319
0.5029138326644897
0.5974550843238831
0.20048518478870392
0.28350120782852173
0.699893057346344
0.8034573197364807
0.6731717586517334
0.6518827676773071
0.4212237000465393
0.5707645416259766
0.36555227637290955
0.38861772418022156
0.7644335031509399
0.6462013721466064
0.14003801345825195
0.8255037069320679
0.841537356376648
0.5968954563140869
0.327806293964386
0.7415687441825867
0.3240903615951538
0.6363508105278015
0.7848621606826782
0.6974846720695496
0.23210376501083374
0.7061718702316284
0.41907113790512085
0.7306782007217407
0.2825929522514343
0.4555211663246155
0.7427507638931274
0.6258617043495178
0.549260675907135
0.7244999408721924
0.3866020143032074
0.6421326994895935
0.6542373895645142
0.6011928915977478
0.705964982509613
0.40717238187789917
0.531855583190918
0.5173165202140808
0.72409588098526
0.3916442394256592
0.6788889169692993
0.6495844721794128
0.5681959390640259
0.6929126977920532
0.7081596851348877
0.31905293464660645
0.6499337553977966
0.7266412377357483
0.7273427248001099
0.3387555778026581
0.7219400405883789
0.7058511972427368
0.20139029622077942
0.621833324432373
0.518761157989502
0.0760544165968895
0.26130086183547974
0.3787996768951416
0.51833575963974
0.555824339389801
0.07581256330013275
0.736250638961792
0.794543981552124
0.3180541396141052
0.6673077940940857
0.5283315181732178
0.7418158054351807
0.6888700723648071
0.7724097967147827
0.5259848237037659
0.6397665143013
0.8484781980514526
0.6554569602012634
0.6259867548942566
0.6275569796562195
0.5445981025695801
0.6046640276908875
0.6736493110656738
0.86381995677948
0.3187648355960846
0.5110517144203186
0.030200764536857605
0.7341313362121582
0.6247978210449219
0.6590167284011841
0.6236475110054016
0.4966062307357788
0.31298983097076416
0.23034946620464325
0.6976832151412964
0.5591268539428711
0.4610143303871155
0.21559099853038788
0.6690850853919983
0.4772402346134186
0.6241918802261353
0.22562900185585022
0.632049560546875
0.5613434314727783
0.5849175453186035
0.7154586911201477
0.6898003816604614
0.7040205001831055
0.644044816493988
0.5202276110649109
0.317249059677124
0.6962841153144836
0.7518571615219116
0.6107813119888306
0.3250500559806824
0.6837918162345886
0.4324091672897339
0.7452517747879028
0.5662623643875122
0.662855863571167
0.2149859368801117
0.6340444684028625
0.6959947347640991
0.5873713493347168
0.7264799475669861
0.6815817356109619
0.48502665758132935
0.8129156231880188
0.5747240781784058
0.7216794490814209
0.7145580053329468
0.5190755128860474
0.6368468999862671
0.3893771171569824
0.7170121669769287
0.7289156913757324
0.4697624444961548
0.7618422508239746
0.6871641278266907
0.5351847410202026
0.8139578104019165
0.770176887512207
0.7203124761581421
0.7632993459701538
0.5949159264564514
0.716450035572052
0.6578860878944397
0.8859315514564514
0.36412376165390015
0.5588801503181458
0.46698570251464844
0.44442853331565857
0.6657406091690063
0.8008774518966675
0.6721847653388977
0.799413800239563
0.35556507110595703
0.7095129489898682
0.32288074493408203
0.720433235168457
0.5941417813301086
0.6440123319625854
0.7383858561515808
0.6597861647605896
0.6665337085723877
0.41877037286758423
0.49867135286331177
0.6509489417076111
0.7645792365074158
0.6759660243988037
0.2896656095981598
0.17000535130500793
0.4982951283454895
0.6446754336357117
0.6178112030029297
0.7273341417312622
0.10988391935825348
0.7008477449417114
0.4460710883140564
0.47572436928749084
0.7385139465332031
0.7523519992828369
0.16079942882061005
0.8011280298233032
0.4617202579975128
0.5862648487091064
0.7113703489303589
0.5945930480957031
0.6682862043380737
0.6628152132034302
0.37925222516059875
0.6442208290100098
0.776461124420166
0.6732392311096191
0.6824027895927429
0.5751851797103882
0.5961277484893799
0.17420482635498047
0.6416073441505432
0.85013747215271
0.5966837406158447
0.10021751374006271
0.608008623123169
0.6139793395996094
0.6597176790237427
0.6848422288894653
0.7840595245361328
0.541923999786377
0.7105827331542969
0.4442274868488312
0.5937281847000122
0.6645689010620117
0.6961374282836914
0.6000944375991821
0.8217049241065979
0.6135316491127014
0.4831821024417877
0.687208354473114
0.6737877726554871
0.7040181756019592
0.46759530901908875
0.5371993780136108
0.3155285120010376
0.17736458778381348
0.1682746410369873
0.6812853813171387
0.6433007717132568
0.23671719431877136
0.25171416997909546
0.4209195375442505
0.6715923547744751
0.6993376612663269
0.428640753030777
0.7544288635253906
0.6025404930114746
0.18193654716014862
0.6650295853614807
0.5490570068359375
0.46166566014289856
0.7873021364212036
0.4733405113220215
0.752246618270874
0.08623617887496948
0.5163446664810181
0.663048267364502
0.5248470306396484
0.7286869287490845
0.6430254578590393
0.8733376264572144
0.5239968299865723
0.5391424894332886
0.4633910059928894
0.22300884127616882
0.765156090259552
0.5176222324371338
0.6466073989868164
0.6369088292121887
0.7296427488327026
0.7202306985855103
0.4206135869026184
0.6863486766815186
0.09456779062747955
0.4947458505630493
0.44814836978912354
0.8037242889404297
0.10934913903474808
0.6872622966766357
0.6088361740112305
0.586727499961853
0.42714107036590576
0.5719142556190491
0.39979100227355957
0.7259145975112915
0.6356627345085144
0.6123276948928833
0.4103308618068695
0.8605729341506958
0.6893939971923828
0.7026587724685669
0.841855525970459
0.8223530054092407
0.7632886171340942
0.16671964526176453
0.06070861220359802
0.623300313949585
0.7363671064376831
0.5749823451042175
0.49417465925216675
0.5671222805976868
0.7506065368652344
0.5104540586471558
0.203044131398201
0.5715771913528442
0.2794238328933716
0.5614141225814819
0.4609888195991516
0.7222119569778442
0.6145736575126648
0.7715803384780884
0.4874562621116638
0.4898933172225952
0.47655731439590454
0.5360395908355713
0.6055780649185181
0.47070157527923584
0.49373313784599304
0.7135639190673828
0.12798258662223816
0.3802819848060608
0.5774819850921631
0.5474741458892822
0.28472277522087097
0.37659984827041626
0.2873705327510834
-0.01241832971572876
0.28650668263435364
0.2888273596763611
-0.0184585303068161
0.6972446441650391
0.6699528694152832
0.539276123046875
0.3186965584754944
0.5706108808517456
0.7061499357223511
0.5719847083091736
0.29907867312431335
0.7696629762649536
0.5781011581420898
0.7386254072189331
0.3960244655609131
0.8005614280700684
0.6988492012023926
0.6656134128570557
0.6553429365158081
0.6087844967842102
0.5968668460845947
0.9730221033096313
0.7056244611740112
0.5142542123794556
0.7606050372123718
0.29851868748664856
0.46507322788238525
0.3238561451435089
0.37759625911712646
0.6061403155326843
0.7362967729568481
0.8891739845275879
0.562613844871521
0.6795936226844788
0.46293866634368896
0.790748119354248
0.6772052049636841
0.440940797328949
0.7150328159332275
0.21178093552589417
0.7140078544616699
0.5113869905471802
0.6064563393592834
0.6551929712295532
0.269123375415802
0.468069851398468
0.5952305793762207
0.7261524200439453
0.6957852840423584
0.6446135640144348
0.6879395246505737
0.511232852935791
0.4346337616443634
0.25766727328300476
0.6488969326019287
0.42482542991638184
0.4619077146053314
0.5904796123504639
0.8078438639640808
0.45009565353393555
0.7638241052627563
0.8479984998703003
0.6283988952636719
0.39359956979751587
0.6676142811775208
0.7618812918663025
0.32850998640060425
0.5669313073158264
0.7176598310470581
0.6032850742340088
0.428078293800354
0.30542802810668945
0.7181134223937988
0.7206297516822815
0.9170048236846924
0.7237257957458496
0.8663685321807861
0.5467174649238586
0.25131767988204956
0.6030058860778809
0.5819267630577087
0.7057216763496399
0.711348295211792
0.36764198541641235
0.48536211252212524
0.8612118363380432
0.6890439987182617
0.4934172034263611
0.8516359329223633
0.6496130228042603
0.7420536279678345
0.40060853958129883
0.6589897274971008
0.779450535774231
0.7855654954910278
0.7358157634735107
0.599502682685852
0.7293188571929932
0.5620845556259155
0.5819966793060303
0.6502687335014343
0.7671313285827637
0.26167958974838257
0.7243491411209106
0.7262932062149048
0.38463205099105835
0.5544477701187134
0.6445260643959045
0.2748449444770813
0.8277249932289124
0.700141191482544
0.34639084339141846
0.5079644918441772
0.13279712200164795
0.18113362789154053
0.7751545310020447
0.7007513046264648
0.7273043394088745
0.6002273559570312
0.8048298358917236
0.7014769315719604
0.543022871017456
0.462593674659729
0.863196611404419
0.7455319762229919
0.7967015504837036
0.6005793809890747
0.6554409265518188
0.16664394736289978
0.6047782897949219
0.149476557970047
0.42754849791526794
0.43888530135154724
0.6703466176986694
0.6747360825538635
0.6521885991096497
0.43580248951911926
0.6857410669326782
0.6969871520996094
0.40363407135009766
0.4066696763038635
0.7540141344070435
0.5018362998962402
0.6977477073669434
0.4976447522640228
0.3732365667819977
0.42891353368759155
0.7257530093193054
0.29171907901763916
0.6831084489822388
0.7456445693969727
0.741517961025238
0.6137900948524475
0.5635671019554138
0.30378779768943787
0.5761809349060059
0.642777681350708
0.4162493944168091
0.6743103265762329
0.8128005862236023
0.490070104598999
0.6859773397445679
0.639388382434845
0.6927621364593506
0.6160018444061279
0.6228324770927429
0.7456008195877075
0.7265398502349854
0.46913573145866394
0.7222474813461304
0.4537399411201477
0.6891863346099854
0.5349034667015076
0.5504350066184998
0.4288302958011627
0.46816930174827576
0.4607170820236206
0.6837416887283325
0.6623824834823608
0.3306582570075989
0.788224995136261
0.7126537561416626
0.4624553322792053
0.31600138545036316
0.6279850006103516
0.7823221683502197
0.7447211742401123
0.7205667495727539
0.8215011358261108
0.5715551376342773
0.5317885875701904
0.26420846581459045
0.6851108074188232
0.6285152435302734
0.5460695624351501
0.6323714256286621
0.6430846452713013
0.6917929649353027
0.6484287977218628
0.5350524187088013
0.16546311974525452
0.7459805011749268
0.7026137113571167
0.61471027135849
0.5671736598014832
0.23681442439556122
0.8670810461044312
0.5673056840896606
0.4810657501220703
0.6870584487915039
0.6439862251281738
0.6857641935348511
0.3899829089641571
0.6388990879058838
0.5262004137039185
0.2583695650100708
0.44203662872314453
0.7323359251022339
0.36201149225234985
0.4670259356498718
0.47989487648010254
0.622319221496582
0.49394935369491577
0.8311359882354736
0.5602158308029175
0.09283007681369781
0.6133711934089661
0.7411048412322998
0.7334623336791992
0.7748888731002808
0.7002291083335876
0.5381460785865784
0.6580265760421753
0.033061474561691284
0.5368536710739136
0.3578251600265503
0.7886216640472412
0.6320725679397583
0.6700248122215271
0.6902762651443481
0.242465078830719
0.5085393190383911
0.11259462684392929
0.047479405999183655
0.09485200047492981
0.7475719451904297
0.3582659959793091
0.6609547734260559
0.7889465093612671
0.8075159788131714
0.5538708567619324
0.6519976854324341
0.6347265243530273
0.22759364545345306
0.7625008821487427
0.2728729844093323
0.7267477512359619
0.776666522026062
0.6052168607711792
0.1384972780942917
0.7541806697845459
0.7294914722442627
0.6769594550132751
0.681827962398529
0.4971274137496948
0.6505425572395325
0.6066505312919617
0.48331573605537415
0.342820405960083
0.7575936317443848
0.1528300642967224
0.5922340154647827
0.6959618330001831
0.754544198513031
0.1472230851650238
0.7540825605392456
0.3717411160469055
0.6879367828369141
0.06836937367916107
0.7560763359069824
0.5276193022727966
0.535297691822052
0.7567912340164185
0.7955265045166016
0.305927038192749
0.611869752407074
0.7913731336593628
0.16493289172649384
0.7718064785003662
0.690716028213501
0.5042833089828491
0.47303229570388794
0.762220025062561
0.7263751029968262
0.4166235327720642
0.7592995166778564
0.3206283152103424
0.7437394857406616
0.8629825115203857
0.5870949029922485
0.20259535312652588
0.8078677654266357
0.5584239959716797
0.6203928589820862
0.5520033836364746
0.6214510798454285
0.6501350402832031
0.7068252563476562
0.7233379483222961
0.5035356283187866
0.20729704201221466
0.5716996788978577
0.8508011698722839
0.7111378908157349
0.09977903962135315
0.6434714794158936
0.2628772556781769
0.7189721465110779
0.46634912490844727
0.7090228796005249
0.6946761608123779
0.2583310008049011
0.7916650176048279
0.4212474822998047
0.7841640710830688
0.5864725708961487
0.313762366771698
0.1394042670726776
0.4993337392807007
0.732818067073822
0.6810570955276489
0.6630604267120361
0.6114910244941711
0.7923395037651062
0.6729451417922974
0.18014636635780334
0.6044251322746277
0.34518691897392273
0.4153671860694885
0.6045516729354858
0.7240451574325562
0.4349108338356018
0.5857543349266052
0.731560230255127
0.05727791786193848
0.6855595111846924
0.6439173221588135
0.296589732170105
0.6610294580459595
0.5446286797523499
0.7525637149810791
0.5972920656204224
0.33171772956848145
0.8562474250793457
0.5551151633262634
0.7978435754776001
0.7488924264907837
0.5383472442626953
0.6436389684677124
0.6483363509178162
0.28959545493125916
0.5740958452224731
0.128732830286026
0.7156497240066528
0.7366353869438171
0.6680526733398438
0.6150081157684326
0.8854795694351196
0.6703163385391235
0.6802977323532104
0.6297027468681335
0.5501152276992798
0.7244887948036194
0.7282755970954895
0.41121524572372437
0.30591386556625366
0.5454134941101074
0.7783608436584473
0.6185938119888306
0.4334229826927185
0.6362206339836121
0.8980216979980469
0.10848968476057053
0.6036986112594604
0.4795376658439636
0.6209547519683838
0.6846929788589478
0.5927866697311401
0.5715048313140869
0.696694016456604
0.33463913202285767
0.5979136228561401
0.7348637580871582
0.779018223285675
0.6539103984832764
0.4937745928764343
0.4696449339389801
0.6373969316482544
0.5715360641479492
0.675102710723877
0.6822168827056885
0.7112874984741211
0.7062268257141113
0.34218305349349976
0.627128005027771
0.6206461191177368
0.7491611242294312
0.6984567642211914
0.3340756297111511
0.2149859368801117
0.20751017332077026
0.7322882413864136
0.5331628322601318
0.4982261657714844
0.24901549518108368
0.39290645718574524
0.5244189500808716
0.8265022039413452
0.6741968989372253
0.8859395384788513
0.6559532284736633
0.6765767335891724
0.852586030960083
0.7027300596237183
0.6788619756698608
0.066401906311512
0.7706689834594727
0.6198828816413879
0.7056117057800293
0.7180508375167847
0.0600750595331192
0.6036633253097534
0.5021660923957825
0.6051720976829529
0.5499970316886902
0.6656385064125061
0.7333435416221619
0.7398380041122437
0.701059103012085
0.6126147508621216
0.6149850487709045
0.6785433292388916
0.6065486073493958
0.41787922382354736
0.781917929649353
0.6473398208618164
0.5746235251426697
0.13288691639900208
0.7151904106140137
0.6470485329627991
0.7773306369781494
0.492982417345047
0.7208943963050842
0.23838281631469727
0.4351789355278015
0.6148569583892822
0.6635806560516357
0.5720903277397156
0.5324137210845947
0.5834680199623108
0.49091142416000366
0.38324353098869324
0.5204684734344482
0.44209182262420654
0.6956459879875183
0.6605728268623352
0.791527271270752
0.6001380681991577
0.5133187770843506
0.5923439264297485
0.7889444828033447
0.6717233657836914
0.3155887722969055
0.34230220317840576
0.4595467448234558
0.46194368600845337
0.6154402494430542
0.6412622332572937
0.6649529933929443
0.6043256521224976
0.4971839487552643
0.43402618169784546
0.30237218737602234
0.5220404267311096
0.5145890712738037
0.381740927696228
0.5386567115783691
0.5202319025993347
0.7949198484420776
0.638628363609314
0.7678877115249634
0.7083418369293213
0.7956626415252686
0.7107001543045044
0.6449990272521973
0.3537594676017761
-0.020636945962905884
0.20222456753253937
0.7427881956100464
0.2723905146121979
0.3003957271575928
0.8552011251449585
0.7717623710632324
0.503520131111145
0.7436551451683044
0.7973105907440186
0.502876341342926
0.44449347257614136
0.6504571437835693
0.3326092064380646
0.6331753134727478
0.7295629978179932
0.47784584760665894
0.3398108184337616
0.5521746277809143
0.7577924132347107
0.29171279072761536
0.6988319158554077
0.5069288611412048
0.4473106563091278
0.7783493995666504
0.8846929669380188
0.3639770746231079
0.6215642094612122
0.48321789503097534
0.48991870880126953
0.3531859517097473
0.4188755452632904
0.7373784184455872
0.6354910135269165
0.5053064227104187
0.6252105236053467
0.6083383560180664
0.8117274045944214
0.7209277153015137
0.521165668964386
0.6839485168457031
0.8256148099899292
0.5765317678451538
0.584185779094696
0.7392672300338745
0.7792540788650513
0.525971531867981
0.6321349740028381
0.6442747116088867
0.5571169853210449
0.7097316384315491
0.5645689368247986
0.8704031705856323
0.18013277649879456
0.33055466413497925
0.7785470485687256
0.6135554313659668
0.5515539646148682
0.6490561962127686
0.47473567724227905
0.8276766538619995
0.6013661026954651
0.7069027423858643
0.6045148372650146
0.7610522508621216
0.6609326004981995
0.670027494430542
0.7489590644836426
0.48822271823883057
0.6921713352203369
0.6771765351295471
0.6769704818725586
0.5091443061828613
0.511680543422699
0.7331241369247437
0.7655463814735413
0.616379976272583
0.5925726294517517
0.5560393333435059
0.6552140712738037
0.5878005623817444
0.5994343161582947
0.2566841244697571
0.8028641939163208
0.7894982695579529
0.6117706298828125
0.26373499631881714
0.8108314275741577
0.6266958117485046
0.6338415145874023
0.44198569655418396
0.6177527904510498
0.7819803357124329
0.8141869306564331
0.31028348207473755
0.7015847563743591
0.6082443594932556
0.8448897004127502
0.3426925539970398
0.4240792393684387
0.7278693318367004
0.7805858850479126
0.7860477566719055
0.729412317276001
0.4216432571411133
0.6083451509475708
0.6925264596939087
0.595396876335144
0.7613814473152161
0.6014044880867004
0.5873998403549194
0.8573329448699951
0.45006096363067627
0.805051326751709
0.4940048158168793
0.45581647753715515
0.7169296741485596
0.5281680226325989
0.7343937754631042
0.697826623916626
0.2048315852880478
0.6484392881393433
0.4569545090198517
0.5734741687774658
0.7487598657608032
0.6505705118179321
0.6345361471176147
0.698521614074707
0.7694295644760132
0.6702053546905518
0.3109641373157501
0.6298553943634033
0.6512231826782227
0.4134350121021271
0.679364800453186
0.37567389011383057
0.4193720817565918
0.44410356879234314
0.4115685820579529
0.679565966129303
0.4859781563282013
0.382309228181839
0.6680861711502075
0.7943565249443054
0.43487709760665894
0.6452854871749878
0.6583327054977417
0.7096518278121948
0.4832489490509033
0.7660394906997681
0.4208712577819824
0.5691977739334106
0.6112872362136841
0.662061333656311
0.6570939421653748
0.5100923180580139
0.7036691904067993
0.13275198638439178
0.5308409929275513
0.633747935295105
0.5962234735488892
0.7492590546607971
0.4294384717941284
0.46907728910446167
0.7502352595329285
0.1578494906425476
0.47613024711608887
0.468069851398468
0.5751005411148071
0.5278260111808777
0.8322244882583618
0.5404683351516724
0.6951998472213745
0.7011187076568604
0.7408676743507385
0.44114625453948975
0.6934092044830322
0.7313801646232605
0.3225918114185333
0.6935371160507202
0.7298028469085693
0.3864426612854004
0.5183365941047668
0.5475872755050659
0.8078006505966187
0.6170159578323364
0.405575156211853
0.5978585481643677
0.15877282619476318
0.6537574529647827
0.5326244831085205
0.7194801568984985
0.7361728549003601
0.5319064855575562
0.7692874670028687
0.7294952869415283
0.7180641293525696
0.7003706693649292
0.3773527145385742
0.2781013250350952
0.07988417148590088
0.8298817276954651
0.559701681137085
0.5014159679412842
0.6926136016845703
0.7007956504821777
0.6610653400421143
0.6469419002532959
0.6182572841644287
0.4101409912109375
0.19471782445907593
0.5861899852752686
0.7804557681083679
0.5722388625144958
0.6059028506278992
0.4937484860420227
0.545191764831543
0.8402173519134521
0.7956457734107971
0.5522951483726501
0.5317521095275879
0.6645197868347168
0.7460182905197144
0.49749571084976196
0.776843786239624
0.4523876905441284
0.5939565300941467
0.4199208617210388
0.5267285704612732
0.38492321968078613
0.6561557054519653
0.46405738592147827
0.8137098550796509
0.39152270555496216
0.5806881189346313
0.26236212253570557
0.5313394665718079
0.6503962278366089
0.6194905042648315
0.7505552768707275
0.6630316972732544
0.4132388234138489
0.5026959180831909
0.822168231010437
0.8357529640197754
0.6591410040855408
0.7594106197357178
0.7817484736442566
0.8833990097045898
0.6731504201889038
0.4409198462963104
0.6609135270118713
0.6387602090835571
0.7379776239395142
0.4605611264705658
0.8458209037780762
0.6412445306777954
0.0035370588302612305
0.8066495656967163
0.33883145451545715
0.7851548194885254
0.6642698049545288
0.551347553730011
0.7171835899353027
0.49515169858932495
0.5621599555015564
0.7816051244735718
0.6971604824066162
0.604236900806427
0.4526669979095459
0.7359273433685303
0.6874232292175293
0.5789719820022583
0.6173135042190552
0.4478150010108948
0.79902184009552
0.2824854254722595
0.13655748963356018
0.5427318811416626
0.7607067823410034
0.5464513301849365
0.39365553855895996
0.4808599352836609
0.6010656356811523
0.606684148311615
0.6555401086807251
0.6393524408340454
0.12183187901973724
0.6052297949790955
0.6551606059074402
0.4858303666114807
0.6554925441741943
0.3711865544319153
0.529518723487854
0.6882005929946899
0.7180508375167847
0.38866961002349854
0.6664461493492126
0.6948020458221436
0.4058834910392761
0.34751415252685547
0.5840826630592346
0.6652731895446777
0.46618175506591797
0.6505701541900635
0.8279051780700684
0.6604791879653931
0.744131326675415
0.6113883852958679
0.3997691869735718
0.8046367168426514
0.6785429120063782
0.6165565252304077
0.6625553965568542
0.6313285231590271
0.6285508275032043
0.5310065746307373
0.656296968460083
0.6649943590164185
0.4726529121398926
0.5318657755851746
0.5968328714370728
0.6976239681243896
0.3151835799217224
0.7304288148880005
0.7543299198150635
0.7636193037033081
0.6784191131591797
0.8928540945053101
0.6948736906051636
0.4096853733062744
0.41906285285949707
0.5695407390594482
0.5730147957801819
0.413917601108551
0.5989553928375244
0.6281914114952087
0.6369278430938721
0.3869711458683014
0.11419129371643066
0.7820653319358826
0.27732762694358826
0.42775285243988037
0.532214879989624
0.15099063515663147
0.3984173536300659
0.4812057614326477
0.7637870907783508
0.7206075191497803
0.5485798120498657
0.7543878555297852
0.5922162532806396
0.08499249815940857
0.5993493795394897
0.6233193874359131
0.6354463696479797
0.6193119287490845
0.7170984745025635
0.30565929412841797
0.7180275321006775
0.4912959933280945
0.6440607309341431
0.7055615186691284
0.8286511301994324
0.6667324304580688
0.448017418384552
0.7081522941589355
0.10028082132339478
0.2797567844390869
0.687829852104187
0.4847699999809265
0.6614270806312561
0.6276278495788574
0.7231173515319824
0.6088265180587769
0.651392936706543
0.6764065027236938
0.6660729646682739
0.6832579970359802
0.3232113718986511
0.5072492361068726
0.3979257345199585
0.33013924956321716
0.5256748199462891
0.4935615062713623
0.36678987741470337
0.6618526577949524
0.5088320970535278
0.7388938665390015
0.3758777379989624
0.13452500104904175
0.7204239964485168
0.7191886305809021
0.36166590452194214
0.5251719951629639
0.8578656315803528
0.6311792135238647
0.4591544270515442
0.4663252830505371
0.560997486114502
0.8742586374282837
0.5504747629165649
0.486868679523468
0.2642199397087097
0.6545929908752441
0.5641460418701172
0.7724989652633667
0.7966692447662354
0.33684098720550537
0.5110082030296326
0.15036629140377045
0.6472066640853882
0.509678304195404
0.7416982650756836
0.6980732679367065
0.7357302904129028
0.7478901147842407
0.7552539110183716
0.3556815981864929
0.6544319987297058
0.7776921987533569
0.7104768753051758
0.4876330494880676
0.6634953022003174
0.3608017563819885
0.6806573867797852
0.8257769346237183
0.6447404623031616
0.7236123085021973
0.511594295501709
0.25586265325546265
0.36133915185928345
0.7434830665588379
0.6684390306472778
0.15402714908123016
0.22966691851615906
0.7400219440460205
0.48372185230255127
0.8504085540771484
0.639243483543396
0.8439734578132629
0.4158518314361572
0.8062920570373535
0.71745765209198
0.6182403564453125
0.06238897889852524
0.4537585973739624
0.36214905977249146
0.7943301200866699
0.6252975463867188
0.5904092788696289
0.6932648420333862
0.26011204719543457
0.8694312572479248
-0.004584476351737976
0.7599923610687256
0.30669987201690674
0.778266966342926
0.7828497886657715
0.6216820478439331
0.6518266201019287
0.629558265209198
0.07144991308450699
0.7365591526031494
0.6540125608444214
0.5248000621795654
0.4725027084350586
0.6714709997177124
0.6332842111587524
0.6680895686149597
0.6626213788986206
0.6181464195251465
0.46980005502700806
0.654093861579895
0.49852892756462097
0.2669086754322052
0.3140958249568939
0.4405268132686615
0.8226096034049988
0.5655717849731445
0.5416567325592041
0.9241646528244019
0.5063601732254028
0.5784340500831604
0.8411276936531067
0.8642103672027588
0.36675870418548584
0.5630092024803162
0.44259148836135864
0.49630337953567505
0.753512978553772
0.7609164714813232
0.7105153799057007
0.605584979057312
0.6406999230384827
0.07299377024173737
0.7608073353767395
0.6725062727928162
0.37016603350639343
0.7747007012367249
0.5969650149345398
0.7175929546356201
0.25198495388031006
0.5090287327766418
0.791580319404602
0.6388285160064697
0.15526574850082397
0.6338143348693848
0.39176157116889954
0.5734645128250122
0.6947486400604248
0.7261779308319092
0.22276179492473602
0.4462849497795105
0.8177489638328552
0.8594851493835449
0.6441816091537476
0.6274381875991821
0.7645018100738525
0.7067446112632751
0.2841610312461853
0.6544955968856812
0.8096150159835815
0.3609484136104584
0.811754584312439
0.5792477130889893
0.6548276543617249
0.6090070605278015
0.7264115810394287
0.19263404607772827
0.6755307912826538
0.056913286447525024
0.6576544642448425
0.2826777696609497
0.24494485557079315
0.5693515539169312
0.7047184705734253
0.5327610969543457
0.6019794940948486
0.7247555255889893
0.5759828686714172
0.06585471332073212
0.18773671984672546
0.5858269929885864
0.6688224673271179
0.3852560520172119
0.7414956092834473
0.6290955543518066
0.2890513837337494
0.7501025199890137
0.7051981687545776
0.15551844239234924
0.7731490731239319
0.8753663301467896
0.2347515970468521
0.8812710046768188
0.7589856386184692
0.10482408851385117
0.460953950881958
0.44286277890205383
0.656084418296814
0.7201496362686157
0.6506258249282837
0.45578521490097046
0.6495434045791626
0.473407506942749
0.6667337417602539
0.7839175462722778
0.6512866616249084
0.2833574414253235
0.39758479595184326
0.2043284773826599
0.839934229850769
0.19170649349689484
0.7192380428314209
0.09821970760822296
0.6495122909545898
0.8915792107582092
0.7167081832885742
0.31055474281311035
0.8223943710327148
0.48365187644958496
0.7229109406471252
0.5974382162094116
0.14484582841396332
0.40235352516174316
0.6852149963378906
0.7089511156082153
0.24158276617527008
0.6492090225219727
0.5596981048583984
0.7419469356536865
0.7026252746582031
0.6734907627105713
0.4177326560020447
0.08312729746103287
0.5825011730194092
0.7786417603492737
0.6004160642623901
0.6331490278244019
0.548387885093689
0.6381440162658691
0.8278065919876099
0.6808891296386719
0.8499118685722351
0.39628130197525024
0.7395407557487488
0.9169679284095764
0.6067926287651062
0.5649354457855225
0.36224228143692017
0.48079922795295715
0.7292799353599548
0.6442943811416626
0.7694215774536133
0.611880362033844
0.29088202118873596
0.44398775696754456
0.6615707278251648
0.5203855037689209
0.7119189500808716
0.4611331820487976
0.6502364277839661
0.2885330021381378
0.1616048514842987
0.4916287660598755
0.5898808836936951
0.6992303133010864
0.6899117231369019
0.38226306438446045
0.36579540371894836
0.7646207213401794
0.6869829893112183
0.43606847524642944
0.28001168370246887
0.5659136176109314
0.6233929395675659
0.8085033893585205
0.5397684574127197
0.6610559225082397
0.7811083197593689
0.686272919178009
0.7178717851638794
0.8104342222213745
0.7271854281425476
0.43089544773101807
0.6395654678344727
0.6236087679862976
0.5913318991661072
0.21077463030815125
0.8202215433120728
0.7401544451713562
0.27261412143707275
0.22644004225730896
0.6115259528160095
0.549690306186676
0.4522453844547272
0.6705256104469299
0.7091583013534546
0.3039417862892151
0.46841996908187866
0.5559195280075073
0.6737910509109497
0.6694577932357788
0.6284608244895935
0.5871848464012146
0.7512364387512207
0.3586142063140869
0.7351820468902588
0.11787072569131851
0.7145873308181763
0.42928338050842285
0.4500434100627899
0.623773992061615
0.7372070550918579
0.2918781042098999
0.5521533489227295
0.6479752063751221
0.5333490371704102
0.5675028562545776
0.6267976760864258
0.5102196931838989
0.5259615182876587
0.4346073865890503
0.3312451243400574
0.4981553554534912
0.48290976881980896
0.6342093348503113
0.5636017322540283
0.7007198929786682
0.48459529876708984
0.634407639503479
0.37792450189590454
0.4798099994659424
0.7139106392860413
0.7448021173477173
0.7673819065093994
0.7062088251113892
0.31238651275634766
0.36885976791381836
0.6253783106803894
0.8342112898826599
0.3529333472251892
0.5410048961639404
0.549978494644165
0.5637917518615723
0.7892099618911743
0.5288072824478149
0.4976256489753723
0.2557118535041809
0.6757873296737671
0.28404501080513
0.559314489364624
0.49067258834838867
0.44244951009750366
0.555485725402832
0.7577396035194397
0.6314610242843628
0.6926858425140381
0.4926193654537201
0.6166425943374634
0.3309895396232605
0.7384344339370728
0.4706879258155823
0.29370009899139404
0.7094769477844238
0.32539647817611694
0.6675443053245544
0.5191737413406372
0.6859713792800903
0.7005677819252014
0.7596832513809204
0.35954445600509644
0.3918255567550659
0.5606874823570251
0.8486381769180298
0.686357319355011
0.30024152994155884
0.7034868597984314
0.9808602333068848
0.5317384600639343
0.6811438798904419
0.6301232576370239
0.5732707381248474
0.6530972719192505
0.6874439120292664
0.6759386658668518
0.7811972498893738
0.6868529319763184
0.6186599135398865
0.622100830078125
0.5482450127601624
0.555770993232727
0.6248324513435364
0.41715431213378906
0.3958549201488495
0.7240602970123291
0.5351554155349731
0.33861735463142395
0.5000201463699341
0.5956100821495056
0.5640666484832764
0.6434416770935059
0.695952296257019
0.6460325717926025
0.061690427362918854
0.7346136569976807
0.6390273571014404
0.6912387609481812
0.07625951617956161
0.6614311337471008
0.6462345123291016
0.4457290768623352
0.5881215929985046
0.5725452899932861
0.83901047706604
0.7113475203514099
0.682257354259491
0.2641727328300476
0.25171416997909546
0.4321333169937134
0.5812374949455261
0.2849811613559723
0.7300688028335571
0.5670722126960754
0.5169022083282471
0.6016137003898621
0.697203516960144
0.5725840330123901
0.5863040089607239
0.593742311000824
0.5318138599395752
0.5891708135604858
0.6130242943763733
0.4118843376636505
0.6831173896789551
0.441074013710022
0.3404996991157532
0.6565803289413452
0.6084049940109253
0.8233014345169067
0.32794490456581116
0.14709533751010895
0.47400301694869995
0.5614722967147827
0.5142364501953125
0.6817504167556763
0.612414538860321
0.5448962450027466
0.5580158233642578
0.36356133222579956
0.6388548016548157
0.29653099179267883
0.7895594239234924
0.7429607510566711
0.5426810383796692
0.6844146251678467
0.604546308517456
0.7165685892105103
0.5124690532684326
0.6198838949203491
0.5614870190620422
0.6557777523994446
0.7117730379104614
0.7448500394821167
0.3485301733016968
0.2601681649684906
0.6373934745788574
0.5842974781990051
0.26662611961364746
0.557831346988678
0.5356147885322571
0.6848126649856567
0.8065240383148193
0.635604739189148
0.5734392404556274
0.6644567251205444
0.6587024927139282
0.7742053866386414
0.7388806343078613
0.6289328932762146
0.580061674118042
0.5933714509010315
0.7028656005859375
0.7355800867080688
0.8180292844772339
0.6488380432128906
0.5372185707092285
0.7652450799942017
0.7057401537895203
0.5222640633583069
0.7982853651046753
0.6800153851509094
0.41767412424087524
0.5772476196289062
0.39002928137779236
0.534430980682373
0.36937665939331055
0.4583844542503357
0.3536514341831207
0.3119128942489624
0.8010818958282471
0.14631223678588867
0.5446304082870483
0.3726177215576172
0.6741155385971069
0.6279919147491455
0.6407158970832825
0.6139501929283142
0.6144996285438538
0.5105680227279663
0.5987370014190674
0.6290757656097412
0.5631316900253296
0.5711376667022705
0.35232406854629517
0.5562925338745117
0.16537787020206451
0.7018980383872986
0.6334836483001709
0.5418152809143066
0.38870352506637573
0.6148099899291992
0.4852979779243469
0.7405037879943848
0.6002152562141418
0.6582372784614563
0.6756846904754639
0.7113628387451172
0.6317734718322754
0.8803332448005676
0.7102113962173462
0.46621596813201904
0.1932602822780609
0.4004536271095276
0.19740450382232666
0.4700852632522583
0.6912543773651123
0.6966085433959961
0.18001767992973328
0.644898533821106
0.3421822190284729
0.7189143896102905
0.6586846113204956
0.659031331539154
0.7345916032791138
0.46295058727264404
0.7960779070854187
0.517768919467926
0.5762616395950317
0.5387055277824402
0.2686805725097656
0.6690277457237244
0.39021503925323486
0.6986879706382751
0.32897108793258667
0.4790893793106079
0.4750220775604248
0.3185862898826599
0.5369992256164551
0.11108211427927017
0.6220982670783997
0.6692752838134766
0.46142905950546265
0.674091637134552
0.7428802251815796
0.4874725341796875
0.3724173307418823
0.5318350195884705
0.5430576205253601
0.7190588712692261
0.7398825883865356
0.55377596616745
0.641662061214447
0.5270513296127319
0.833556056022644
0.675972580909729
0.6834017038345337
0.4827003479003906
0.7538825869560242
0.6484461426734924
0.7237881422042847
0.16489629447460175
0.5411854982376099
0.18702441453933716
0.23200774192810059
0.8795459866523743
0.7076848745346069
0.667029619216919
0.7881482839584351
0.3815097212791443
0.6199733018875122
0.6353656053543091
0.5822452306747437
0.3092094957828522
0.38310015201568604
0.3248113989830017
0.3081272542476654
0.20331406593322754
0.6907473206520081
0.7385181188583374
0.350044310092926
0.5912237167358398
0.050700798630714417
0.5579739212989807
0.5433424711227417
0.799060046672821
0.6793788075447083
0.7176347374916077
0.753806471824646
0.34983450174331665
0.6187611222267151
0.7372477054595947
0.7506287097930908
0.6699230670928955
0.4698289632797241
0.9269253015518188
0.6514977812767029
0.7130222916603088
0.7716177701950073
0.7199388146400452
0.6620145440101624
0.7589819431304932
0.44288453459739685
0.7307053804397583
0.7362126111984253
0.3167843818664551
0.6730241775512695
0.5932029485702515
0.5096006989479065
0.6842058897018433
0.2502678334712982
0.6507972478866577
0.4689316749572754
0.6300446391105652
0.6444803476333618
0.6081125736236572
0.7421712875366211
0.6925888061523438
0.8073140978813171
0.6848794221878052
0.6259143352508545
0.8119790554046631
0.7766358852386475
0.6709339618682861
0.40737253427505493
0.4624614715576172
0.6955536603927612
0.5659862756729126
0.6315913796424866
0.18443618714809418
0.2438468337059021
0.3405870497226715
0.5265014171600342
0.6865240931510925
0.8169764280319214
0.7758670449256897
0.756537914276123
0.6677194237709045
0.3067402243614197
0.8120039701461792
0.6018550395965576
0.2487633377313614
0.7553164958953857
0.5548631548881531
0.7040725946426392
0.7300926446914673
0.5425453186035156
0.39733901619911194
0.46891289949417114
0.7607841491699219
0.6328952312469482
0.4086625874042511
0.8148992657661438
0.8483686447143555
0.7546596527099609
0.46748676896095276
0.6994062066078186
0.9218434691429138
0.6445341110229492
0.6613879203796387
0.6453675627708435
0.6914421319961548
0.7043229937553406
0.2525014877319336
0.49307888746261597
0.616766631603241
0.9047902822494507
0.6017704606056213
0.13043686747550964
0.2807312309741974
0.7154706716537476
0.6766248941421509
0.5844842195510864
0.5067803263664246
0.7472535371780396
0.6670999526977539
0.3656700849533081
0.686019778251648
0.15154321491718292
0.619157612323761
0.3616897463798523
0.587023913860321
0.7359399199485779
0.5417569875717163
0.6061514019966125
0.6774870157241821
0.7013939619064331
0.1388746052980423
0.6276904344558716
0.7987726926803589
0.5808883309364319
0.7209418416023254
0.5652903318405151
0.4524053633213043
0.5905125141143799
0.3676997125148773
0.8208444118499756
0.05109475553035736
0.6373310089111328
0.6871857047080994
0.25287529826164246
0.7883581519126892
0.42272937297821045
0.6808913946151733
0.7239699363708496
0.5100734233856201
0.1952170878648758
0.5405726432800293
0.48047858476638794
0.4927491545677185
0.5494814515113831
0.6438819169998169
0.16979730129241943
0.298809677362442
0.5528795719146729
0.5136748552322388
0.526515007019043
0.6700468063354492
0.4930107891559601
0.6345517039299011
0.5657359957695007
0.30901825428009033
0.6710214018821716
0.6093603372573853
0.6272700428962708
0.7521231174468994
0.2864531874656677
0.7200356721878052
0.5786333084106445
0.5931156277656555
0.5654375553131104
0.7215089201927185
0.6830979585647583
0.7051697969436646
0.5756814479827881
0.7013267278671265
0.6931950449943542
0.8996167778968811
0.5993937849998474
0.7002718448638916
0.6513329744338989
0.6605623960494995
0.4621332287788391
0.23385800421237946
0.22819411754608154
0.5781619548797607
0.4490232467651367
0.6927071213722229
0.11871732771396637
0.7585845589637756
0.3419196307659149
0.514470100402832
0.5397576093673706
0.39097267389297485
0.6765182614326477
0.7524242401123047
0.7278926372528076
0.5384932160377502
0.39283493161201477
0.6050192713737488
0.565790057182312
0.33307749032974243
0.5577057600021362
0.7065900564193726
0.6921395063400269
0.7233890295028687
0.6614420413970947
0.6080362796783447
0.595024585723877
0.3217536509037018
0.34225302934646606
0.5716747641563416
0.7362654209136963
0.73006272315979
0.7866213917732239
0.2776757776737213
0.64513099193573
0.7357422113418579
0.6576443910598755
0.6133626699447632
0.6463041305541992
0.7540006637573242
0.48932507634162903
0.7611485719680786
0.7522871494293213
0.13234487175941467
0.43896594643592834
0.4784207046031952
0.8270840644836426
0.32986992597579956
0.5754707455635071
0.7188751697540283
0.5474929809570312
0.42097538709640503
0.6275946497917175
0.45746028423309326
0.5628170371055603
0.6943142414093018
0.6036986112594604
0.6960790157318115
0.7998363971710205
0.5261233448982239
0.21001079678535461
0.5706549882888794
0.7106229066848755
0.09408961236476898
0.6241815090179443
0.6477208137512207
0.5576574802398682
0.6493056416511536
0.9548113942146301
0.4209720492362976
0.451300710439682
0.5695464611053467
0.6752108931541443
0.33065125346183777
0.7534974813461304
0.542442798614502
0.7125806212425232
0.5380022525787354
0.5275461673736572
0.7189415693283081
0.5248901844024658
0.632818877696991
0.8049384355545044
0.5581173896789551
0.6296827793121338
0.6672333478927612
0.8230422735214233
0.5772889852523804
0.3268829882144928
0.35126054286956787
0.46404382586479187
0.44751545786857605
0.39406830072402954
0.6121338605880737
0.7553234100341797
0.4928398132324219
0.2903561592102051
0.5096295475959778
0.35411491990089417
0.6633327007293701
0.683469831943512
0.5318138003349304
0.7001982927322388
0.8259463906288147
0.18550968170166016
0.4241109788417816
0.43864530324935913
0.48902803659439087
0.6593671441078186
0.6666594743728638
0.6895843148231506
0.4255586862564087
0.5186036229133606
0.6713300347328186
0.48327624797821045
0.674903392791748
0.6352139711380005
0.7118901014328003
0.3810749053955078
0.642525315284729
0.8102129697799683
0.5750925540924072
0.7775942087173462
0.41852501034736633
0.5715941190719604
0.6247177720069885
0.7727631330490112
0.6688798666000366
0.644138753414154
0.7086530923843384
0.40252354741096497
0.7890362739562988
0.9519658088684082
0.4946741461753845
0.08822305500507355
0.7886928915977478
0.5091443061828613
0.47626227140426636
0.7552217245101929
0.3929671049118042
0.680239200592041
0.6487900018692017
0.5011039972305298
0.7525126934051514
0.24526670575141907
0.48939162492752075
0.3694814443588257
0.7711354494094849
0.20972196757793427
0.545979380607605
0.7115176916122437
0.762832522392273
0.9456511735916138
0.20956113934516907
0.6037898659706116
0.1875414252281189
0.7292503118515015
0.7871631383895874
0.5618244409561157
0.6347361207008362
0.6273088455200195
-0.0015107393264770508
0.6929192543029785
0.6718958020210266
0.3107417821884155
0.6410108804702759
0.7116262912750244
0.40036246180534363
0.0763387456536293
0.298509418964386
0.7937931418418884
0.4155750274658203
0.6876225471496582
0.5345264077186584
0.7010283470153809
0.7205058336257935
0.05452185124158859
0.5683960914611816
0.7452119588851929
0.6588784456253052
0.6790708303451538
0.5967556834220886
0.8030238747596741
0.2842462658882141
0.5163558125495911
0.39116284251213074
0.829777717590332
0.6594290137290955
0.5443466901779175
0.682893693447113
0.6650212407112122
0.6017658114433289
0.7260560989379883
0.5485447645187378
0.6730472445487976
0.36583825945854187
0.6182342171669006
0.6556158065795898
0.5723972320556641
0.8544396758079529
0.6216940879821777
0.43798232078552246
0.6202182173728943
0.3753557801246643
0.5285781621932983
0.613640546798706
0.4822810888290405
0.6424694061279297
0.5821069478988647
0.5468506813049316
0.311982661485672
0.6264188289642334
0.28804507851600647
0.460732638835907
0.1811249852180481
0.4295154809951782
0.6391515135765076
0.742565393447876
0.6225398778915405
0.6203315258026123
0.7121375799179077
0.6620290875434875
0.6093888282775879
0.7705446481704712
0.22474440932273865
0.7973549365997314
0.6972578763961792
0.739324688911438
0.5584874153137207
0.674675703048706
0.2321534901857376
0.6233901381492615
0.6319388747215271
0.7707476615905762
0.8346669673919678
0.7223092317581177
0.7259914875030518
0.5442272424697876
0.6920703649520874
0.47981345653533936
0.5313507318496704
0.7083927392959595
0.4335198998451233
0.557279646396637
0.8174837827682495
0.4738626778125763
0.21456994116306305
0.7836059927940369
0.35827043652534485
0.5535716414451599
0.6924691200256348
0.5754384398460388
0.6607638001441956
0.778128981590271
0.7883843779563904
0.8069193959236145
0.48823070526123047
0.7777401208877563
0.6232471466064453
0.32644563913345337
0.5158029794692993
0.2624834179878235
0.7381048202514648
0.5771358609199524
0.8031909465789795
0.6959052085876465
0.40142112970352173
0.38379496335983276
0.8101749420166016
0.5974552035331726
0.28751108050346375
0.6288625001907349
0.8153421878814697
0.9574239253997803
0.4367830753326416
0.2625378966331482
0.5469840168952942
0.563605785369873
0.47484511137008667
0.5372958183288574
0.7655307054519653
0.5998066067695618
0.8454134464263916
0.6191722750663757
0.5183724164962769
0.7553837299346924
0.6213783025741577
0.6960669755935669
0.5161249041557312
0.5444537401199341
0.7403855323791504
0.2567117512226105
0.627638578414917
0.5310236215591431
0.30773115158081055
0.7452068328857422
0.738093376159668
0.12009234726428986
0.23119106888771057
0.2720981538295746
0.4102432429790497
0.22063054144382477
0.5289058089256287
0.49207499623298645
0.7051236629486084
0.44741401076316833
0.6359350681304932
0.35575222969055176
0.4924909472465515
0.3361082375049591
0.726497232913971
0.3119725286960602
0.6096451282501221
0.6167064905166626
0.6628110408782959
0.4362063407897949
0.6155118942260742
0.6146759986877441
0.7347592115402222
0.7029600739479065
0.7608600854873657
0.4140686094760895
0.7010265588760376
0.41840776801109314
0.758708655834198
0.7370588183403015
0.5374610424041748
0.40699076652526855
0.23951295018196106
0.7248236536979675
0.9066897630691528
0.5774214267730713
0.6862867474555969
0.9033917188644409
0.340873122215271
0.7279982566833496
0.6792696118354797
0.7011208534240723
0.7591730952262878
0.7653894424438477
0.7834616303443909
0.4629288911819458
0.6815061569213867
0.6033667922019958
0.6616597771644592
0.8162793517112732
0.7795743942260742
0.7047795057296753
0.4376179575920105
0.6702417135238647
0.5453166961669922
0.2576761841773987
0.7468047738075256
0.8103039860725403
0.5349482297897339
0.5876578092575073
0.6466185450553894
0.585000216960907
0.6235213875770569
0.742172122001648
0.6600712537765503
0.7782935500144958
0.7960307002067566
0.637108564376831
0.5870299935340881
0.6969661712646484
0.7795500755310059
0.7679992318153381
0.8690692782402039
0.764751136302948
0.8051465749740601
0.5708776712417603
0.6855659484863281
0.8830621242523193
0.14281317591667175
0.8503431081771851
0.1223355382680893
0.6888872385025024
0.7927926778793335
0.7541274428367615
0.6646220088005066
0.7597783803939819
0.3973149359226227
0.5248518586158752
0.4413449764251709
0.5989517569541931
0.725979208946228
0.5937867164611816
0.4595579504966736
0.500980019569397
0.10618793219327927
0.2279548943042755
0.0423564687371254
0.500970184803009
0.08181186765432358
0.522903323173523
0.7132222056388855
0.6524187326431274
0.24791637063026428
0.6819174289703369
0.7761834859848022
0.7300108075141907
0.7452917098999023
0.6347848176956177
0.47506025433540344
0.5456209182739258
0.6907665729522705
0.5146179795265198
0.5155479907989502
0.4177221655845642
0.6918840408325195
0.6391565203666687
0.1716335415840149
0.2043573558330536
0.7637952566146851
0.6157395839691162
0.5978279113769531
0.5953006744384766
0.20455420017242432
0.8094818592071533
0.7811174392700195
0.6204153299331665
0.5632916688919067
0.25115054845809937
0.24102655053138733
0.19248329102993011
0.667431116104126
0.5946928262710571
0.7317211031913757
0.17963062226772308
0.6467273235321045
0.7605760097503662
0.5321499705314636
0.7740136981010437
0.619147777557373
0.8777393698692322
0.37156084179878235
0.639775276184082
0.44751662015914917
0.4973990321159363
0.06817720085382462
0.3155910074710846
0.5556847453117371
0.5737654566764832
0.7024903297424316
0.34579020738601685
0.5222015380859375
0.7895475625991821
0.6767100095748901
0.7543174028396606
0.6088682413101196
0.7499071359634399
0.5709627866744995
0.5815290808677673
0.604327917098999
0.6762516498565674
0.7001767158508301
0.6625360250473022
0.6183310747146606
0.8159874677658081
0.5840680599212646
0.3049253821372986
0.405564546585083
0.672033429145813
0.7298529148101807
0.8052500486373901
0.49591606855392456
0.7125905752182007
0.6855453252792358
0.8181015849113464
0.7990906238555908
0.3735438585281372
0.8916786909103394
0.243994802236557
0.5799870491027832
0.7273916006088257
0.43954336643218994
0.8500114679336548
0.7243413329124451
0.72260582447052
0.5935065746307373
0.5249132513999939
0.7302182912826538
0.5585771799087524
0.7557692527770996
0.6991285681724548
0.4765685796737671
0.8005601167678833
0.6754889488220215
-0.028979212045669556
0.7655855417251587
0.5003992915153503
0.5569814443588257
0.4755801558494568
0.7515266537666321
0.7889345288276672
0.565214991569519
0.6334323287010193
0.5039050579071045
0.5933623313903809
0.5784242749214172
0.5893888473510742
0.6900041103363037
0.5262149572372437
0.22697265446186066
0.07453865557909012
0.6306695938110352
0.7100265622138977
0.4854292869567871
0.6501834392547607
0.46133652329444885
0.37089818716049194
0.39886674284935
0.24142354726791382
0.657280683517456
0.2447015941143036
0.6172035932540894
0.6476507186889648
0.8420321345329285
0.8135244846343994
0.5822002291679382
0.7302334308624268
0.7701907157897949
0.6251311302185059
0.669237494468689
0.7058121562004089
0.19326525926589966
0.5061405301094055
0.42184364795684814
0.18622589111328125
0.5749441981315613
0.6628360748291016
0.7518671751022339
0.5794363021850586
0.7149150371551514
0.5499828457832336
0.7385649681091309
0.3988027274608612
0.6848751306533813
0.6951251029968262
0.659990668296814
0.1465897411108017
0.7937451004981995
0.8099027276039124
0.780842661857605
0.6161184310913086
0.5717651844024658
0.26598936319351196
0.7366975545883179
0.5814613103866577
0.6278585195541382
0.23064789175987244
0.5235683917999268
0.2810467481613159
0.39032280445098877
0.6148271560668945
0.4477919936180115
0.7998483180999756
0.5482546091079712
0.7404348850250244
0.5147081613540649
0.5962668061256409
0.5159130096435547
0.7561087608337402
0.8727667331695557
0.8224325776100159
0.4574379324913025
0.6089624166488647
0.7362990379333496
0.5439376831054688
0.5335133075714111
0.4375365972518921
0.3726658225059509
0.6641783714294434
0.8289713263511658
0.39146026968955994
0.6663708090782166
0.4899274706840515
0.6898236274719238
0.46827250719070435
0.7652977705001831
0.5827579498291016
0.2696308493614197
0.6089369058609009
0.8580343127250671
0.7877897024154663
0.5824570059776306
0.8074589967727661
0.7062638998031616
0.11737478524446487
0.8248280882835388
0.6337069869041443
0.3250356614589691
0.7527061700820923
0.45126697421073914
0.8366924524307251
0.4472163915634155
0.7177367210388184
0.12454813718795776
0.7026200294494629
0.7327983379364014
0.3274495601654053
0.6328802704811096
0.7571856379508972
0.5560125112533569
0.7069028615951538
0.10276662558317184
0.6705741882324219
0.24111239612102509
0.3421575427055359
0.7539218664169312
0.6956942081451416
0.8054497241973877
0.21054567396640778
0.7149735689163208
0.5699062347412109
0.7526677846908569
0.649741530418396
0.48914408683776855
0.7165678143501282
0.5317206382751465
0.7072064876556396
0.8805522918701172
0.9453469514846802
0.7188767194747925
0.7622828483581543
0.49356746673583984
0.45877984166145325
0.6866040229797363
0.5459282398223877
0.6817325353622437
0.553133487701416
0.5453086495399475
0.3748466968536377
0.7171229720115662
0.6382569074630737
0.5509229302406311
0.06975667923688889
0.548387885093689
0.5731610655784607
0.7231849431991577
0.46956756711006165
0.31118133664131165
0.7176963090896606
0.501530647277832
0.6190222501754761
0.5720013380050659
0.5328172445297241
0.6673834323883057
0.5811260938644409
0.5454766750335693
0.7138178944587708
0.25593239068984985
0.49189189076423645
0.7579294443130493
0.7875934839248657
0.7049620747566223
0.2664512097835541
0.6249775290489197
0.4062916040420532
0.6735074520111084
0.6580246686935425
0.10678139328956604
0.6944143772125244
0.7229886054992676
0.7742748856544495
0.6934477686882019
0.679767906665802
0.6078600287437439
0.2913495898246765
0.6411967277526855
0.6254423260688782
0.6502659320831299
0.7503994107246399
0.46554020047187805
0.5764254927635193
0.48705387115478516
0.7132167816162109
0.5171971321105957
0.8996937870979309
0.39414215087890625
0.6873891353607178
0.3505920469760895
0.6316328644752502
0.5238943099975586
0.9287496209144592
0.7058796882629395
0.5552293062210083
0.6264992952346802
0.6756223440170288
0.5697916746139526
0.5191662311553955
0.6239864826202393
0.6682694554328918
0.809988260269165
0.660545289516449
0.5861554741859436
0.815570592880249
0.7766727209091187
0.6746803522109985
-0.007043927907943726
0.7500131130218506
0.6438676714897156
0.5425476431846619
0.8066837191581726
0.8001546263694763
0.6764385104179382
0.7158219814300537
0.7018933296203613
0.5659652352333069
0.6180620193481445
0.7127529382705688
0.7385717630386353
0.6552522778511047
0.5919423699378967
0.30730968713760376
0.43854138255119324
0.0028496235609054565
0.41435182094573975
0.6757714748382568
0.744482159614563
0.5423243641853333
0.6555360555648804
0.7568868398666382
0.7171558737754822
0.6193015575408936
0.7308042645454407
0.6445260643959045
0.7486039400100708
0.5555496215820312
0.37938952445983887
0.41354528069496155
0.6188181042671204
0.7455426454544067
0.4415057599544525
0.7059815526008606
0.7133290767669678
0.5830263495445251
0.554071307182312
0.6068006753921509
0.8368264436721802
0.4227091372013092
0.3755703568458557
0.5600948929786682
0.7213094830513
0.641893744468689
0.7285295128822327
0.22172562777996063
0.17605827748775482
0.5446062088012695
0.8002184629440308
0.31108230352401733
0.8599786758422852
0.5761494636535645
0.621451735496521
0.8295565843582153
0.6134094595909119
0.7480155229568481
0.5397478342056274
0.743669867515564
0.6273839473724365
0.3867120146751404
0.7054533958435059
0.607064962387085
0.6453526020050049
0.6450907588005066
0.8191648721694946
0.0023911744356155396
0.7232329845428467
0.8086183667182922
0.47482264041900635
0.24875709414482117
0.4387029707431793
0.3774296045303345
0.6509567499160767
0.5658665299415588
0.6750506162643433
0.5727881789207458
0.2863602936267853
0.682770848274231
0.6230872869491577
0.5441456437110901
0.6972819566726685
0.6700358390808105
0.4906574487686157
0.7290264964103699
0.5844852924346924
0.2752787470817566
0.3213576078414917
0.2716798782348633
0.4067065119743347
0.6154808402061462
0.5343470573425293
0.725462794303894
0.693480372428894
0.14465054869651794
0.25995171070098877
0.6442030668258667
0.7454485893249512
0.7998260259628296
0.19533157348632812
0.46522098779678345
0.22608932852745056
0.7098250389099121
0.0344213992357254
0.5012593865394592
0.6819894313812256
0.625451922416687
0.39682239294052124
0.79390549659729
0.7448832392692566
0.6002669334411621
0.7302730083465576
0.8743757605552673
0.6693192720413208
0.6773995757102966
0.3219830095767975
0.2563484311103821
0.6083686947822571
0.5080821514129639
0.37154650688171387
0.30552518367767334
0.47705256938934326
0.6445415616035461
0.8143396377563477
0.12400197237730026
0.46101537346839905
0.5416043400764465
0.4786571264266968
0.6580985188484192
0.7276351451873779
0.5927059650421143
0.672817051410675
0.7088473439216614
0.36773231625556946
0.13701172173023224
0.6425809264183044
0.45244863629341125
0.6763068437576294
0.4747138023376465
0.5098932385444641
0.5940568447113037
0.6259210705757141
0.6746953725814819
0.29975825548171997
0.6022157669067383
0.5680186748504639
0.7763018012046814
0.14268729090690613
0.6011776328086853
0.4791790246963501
0.636633038520813
0.5569374561309814
0.7419313192367554
0.36028432846069336
0.20808643102645874
0.24962705373764038
0.7240787148475647
0.6820865869522095
0.3797416687011719
0.4293055832386017
0.5016106367111206
0.6358171701431274
0.9050841927528381
0.6555390954017639
0.8231934905052185
-0.009690433740615845
0.6688536405563354
0.579474687576294
0.5935355424880981
0.6440905332565308
0.7652496099472046
0.7660640478134155
0.8540440201759338
0.34800323843955994
0.7499444484710693
0.8221490383148193
0.26236915588378906
0.6560684442520142
0.3827573359012604
0.6918848752975464
0.6736999750137329
0.6361730098724365
0.6693189144134521
0.6600487232208252
0.5502350330352783
0.5404677391052246
0.44603726267814636
0.6770621538162231
0.5260133743286133
0.4153675138950348
0.3900945782661438
0.09357311576604843
0.6955432891845703
0.7232415080070496
0.49308836460113525
0.6429604887962341
0.5870450735092163
0.6172158122062683
0.6405966281890869
0.8891173601150513
0.7073346376419067
0.49946099519729614
0.8412520289421082
0.7473800182342529
0.6919101476669312
0.4010011553764343
0.5820983052253723
0.7663875222206116
0.5499983429908752
0.735033392906189
0.30965161323547363
0.6382595300674438
0.3786129951477051
0.6777926683425903
0.8244737386703491
0.7627013325691223
0.36234742403030396
0.6651024222373962
0.6822336912155151
0.7388213872909546
0.455233633518219
0.7607061862945557
0.37105926871299744
0.7108074426651001
0.8008816242218018
0.760934591293335
0.4649651050567627
0.7492163777351379
0.7849992513656616
0.5202548503875732
0.4511564373970032
0.38223469257354736
0.6553722620010376
0.15711534023284912
0.6011208891868591
0.7938064932823181
0.7887476086616516
0.33985716104507446
0.537609875202179
0.657073974609375
0.6577358245849609
0.2494993954896927
0.7746070623397827
0.2221127152442932
0.6067836284637451
0.621283769607544
0.6638278961181641
0.346140056848526
0.7722822427749634
0.6203490495681763
0.43364372849464417
0.19674362242221832
0.717534065246582
0.6268259286880493
0.7052452564239502
0.49315881729125977
0.5721939206123352
0.56138014793396
0.6308454275131226
0.5527001619338989
0.740571916103363
0.580008864402771
0.411507785320282
0.7901687622070312
0.6094138622283936
0.5989241003990173
0.4443742334842682
