0.7764930621447285
0.7799739081146182
0.779147873876709
0.7494917320940766
0.7607041311528393
0.7753096105319333
0.7659911495827075
0.7601262009793983
0.7660305238949271
0.7580344142833586
0.783267203390172
0.7737724842726121
0.7776840303577095
0.7758515499114229
0.7311736222792358
0.7700037913139088
0.7635937748396621
0.7742546610993718
0.7784706729081181
0.7771548884476993
0.7690674286659167
0.7789903713038681
0.781749309794579
0.7826501594981676
0.7799362500676248
0.7707178401088639
0.7714610634369172
0.7868580057252036
0.7791661279030612
0.7854227442032226
0.7807489319840855
0.7792330446204029
0.7822773523995868
0.7778305633193492
0.7780939973432315
0.7833847366643045
0.7854322100940643
0.7828076939467082
0.7822770381429766
0.7604202169800417
0.7779935333254466
0.7831710761153091
0.7830945803985433
0.7833767160842339
0.7847951904314964
0.780039957817759
0.780635073364801
0.7823749222554454
0.7815570322258975
0.7839887573303058
0.7530242150534353
0.7776581444803423
0.7851761278449515
0.7746080102039996
0.7811201432219465
0.7826307855496577
0.7835987256207512
0.7857681620346612
0.7748358362824189
0.7770282006623029
0.7817792069325598
0.7819226869101589
0.77715490187133
0.7868286154379599
0.7837109045662516
0.7794126260873371
0.7831114802681645
0.7806311830711821
0.7773216892779203
0.7716342809435308
0.7872048628562444
0.7881373165744038
0.7781655943161745
0.7773089087681967
0.7648214805966742
0.778330988876916
0.7778050910715992
0.7777803093945754
0.7769362443788832
0.7817102125347337
0.7863821243050576
0.78395379054014
0.7870840829684121
0.776537184101529
0.7828126684839186
0.7793329409520942
0.7868773502171834
0.7761541608268671
0.7765269356164786
0.7739496517172855
0.7849935845993458
0.7839766228269497
0.7810218407455686
0.7830987649245091
0.7887839913009825
0.7816840459252821
0.7801240133774752
0.7847980640007152
0.783583639978028
0.7780040960701226
