0.161255
0.571963
0.200540
0.313530
0.332325
0.507396
0.000000
0.000000
0.211101
0.144417
0.205943
0.321426
0.466905
0.397654
0.134957
0.233867
0.153148
0.317547
0.346932
0.285892
0.000000
0.259594
0.028511
0.153148
0.153148
0.351410
0.543002
0.144417
0.664901
0.028511
0.241831
0.100664
0.000000
0.626470
0.500136
0.274948
0.440193
0.028511
0.524540
0.028511
0.274948
0.442839
0.398623
0.256257
0.413107
0.392677
0.000000
0.161255
0.259594
0.229664
0.225300
0.249273
0.100664
0.113282
0.437484
0.220762
0.051277
0.100664
0.325176
0.086464
0.321426
0.441524
0.220762
0.300551
0.000000
0.113282
0.380894
0.070229
0.465843
0.134957
0.431863
0.175914
0.086464
0.393690
0.307226
0.194866
0.051277
0.000000
0.051277
0.028511
0.256257
0.113282
0.428944
0.100664
0.000000
0.000000
0.051277
0.290991
0.395689
0.317547
0.051277
0.028511
0.100664
0.124637
0.436796
0.051277
0.385321
0.194866
0.442839
0.390624
0.325176
0.265987
0.396676
0.124637
0.070229
0.100664
0.113282
0.028511
0.070229
0.330580
0.526434
0.370250
0.211101
0.478461
0.343844
0.464770
0.124637
0.168821
0.153148
0.086464
0.761066
0.334044
0.686222
0.779334
0.144417
0.000000
0.220762
0.134957
0.408776
0.373910
0.413107
0.051277
0.325176
0.153148
0.252819
0.182589
0.070229
0.100664
0.100664
0.168821
0.334044
0.051277
0.492379
0.028511
0.100664
0.028511
0.086464
0.400538
0.124637
0.168821
0.245613
0.395689
0.070229
0.644742
0.175914
0.028511
0.384231
0.028511
0.298235
0.100664
0.229664
0.070229
0.384231
0.237919
0.051277
0.434003
0.124637
0.124637
0.351410
0.070229
0.000000
0.182589
0.473081
0.051277
0.051277
0.493640
0.200540
0.425187
0.354301
0.388532
0.363875
0.337406
0.392677
0.124637
0.028511
0.051277
0.100664
0.070229
0.000000
0.113282
0.211101
0.100664
0.233867
0.000000
0.465307
0.168821
0.220762
0.269054
0.418094
0.233867
0.477982
0.070229
0.323317
0.028511
0.153148
0.086464
0.000000
0.100664
0.153148
0.403351
0.272039
0.378613
0.168821
0.249273
0.440860
0.407890
0.442183
0.070229
0.113282
0.100664
0.418094
0.241831
0.300551
0.416456
0.431140
0.134957
0.433294
0.124637
0.070229
0.070229
0.380894
0.175914
0.051277
0.028511
0.028511
0.536031
0.161255
0.669693
0.451643
0.000000
0.349937
0.527369
0.348444
0.000000
0.000000
0.000000
0.471060
0.403351
0.249273
0.300551
0.269054
0.000000
0.000000
0.086464
0.086464
0.363875
0.400538
0.100664
0.426705
0.216034
0.380894
0.280552
0.086464
0.086464
0.379759
0.433294
0.051277
0.205943
0.086464
0.113282
0.465843
0.229664
0.444139
0.437484
0.478938
0.070229
0.437484
0.028511
0.086464
0.792034
0.330580
0.000000
0.144417
0.211101
0.256257
0.028511
0.241831
0.134957
0.269054
0.070229
0.256257
0.472579
0.028511
0.000000
0.256257
0.168821
0.028511
0.051277
0.689168
0.153148
0.153148
0.393690
0.028511
0.028511
0.000000
0.229664
0.438167
0.086464
0.113282
0.086464
0.028511
0.225300
0.481291
0.000000
0.000000
0.447953
0.325176
0.440860
0.194866
0.450426
0.402421
0.237919
0.188894
0.028511
0.345398
0.406996
0.153148
0.182589
0.000000
0.467958
0.124637
0.000000
0.086464
0.086464
0.211101
0.194866
0.483140
0.000000
0.086464
0.476534
0.051277
0.051277
0.051277
0.262836
0.113282
0.000000
0.229664
0.249273
0.051277
0.288470
0.256257
0.405189
0.070229
0.295872
0.000000
0.100664
0.100664
0.175914
0.100664
0.395689
0.070229
0.134957
0.168821
0.451036
0.361221
0.285892
0.211101
0.516633
0.387472
0.736662
0.321426
0.000000
0.366468
0.317547
0.309367
0.086464
0.205943
0.000000
0.377455
0.472579
0.000000
0.000000
0.305044
0.429681
0.371483
0.265987
0.332325
0.028511
0.252819
0.051277
0.471568
0.144417
0.168821
0.194866
0.315556
0.241831
0.028511
0.237919
0.280552
0.416456
0.346932
0.426705
0.225300
0.000000
0.086464
0.413953
0.000000
0.113282
0.153148
0.462042
0.372703
0.460374
0.321426
0.070229
0.134957
0.028511
0.028511
0.220762
0.389583
0.365179
0.182589
0.450426
0.455216
0.113282
0.319503
0.182589
0.355719
0.556018
0.695336
0.225300
0.411394
0.205943
0.000000
0.070229
0.216034
0.000000
0.000000
0.528604
0.325176
0.113282
0.153148
0.249273
0.447953
0.283253
0.100664
0.070229
0.051277
0.274948
0.413953
0.028511
0.100664
0.000000
0.134957
0.309367
0.168821
0.161255
0.449813
0.395689
0.086464
0.028511
0.182589
0.000000
0.211101
0.233867
0.124637
0.051277
0.383129
0.028511
0.220762
0.272039
0.070229
0.428203
0.475067
0.354301
0.328807
0.028511
0.028511
0.051277
0.335737
0.358503
0.000000
0.427456
0.233867
0.028511
0.153148
0.252819
0.434003
0.200540
0.317547
0.475558
0.028511
0.404274
0.175914
0.188894
0.428944
0.437484
0.070229
0.328807
0.100664
0.225300
0.548801
0.113282
0.070229
0.510319
0.028511
0.311468
0.161255
0.259594
0.449196
0.144417
0.051277
0.113282
0.000000
0.086464
0.371483
0.313530
0.086464
0.414794
0.434708
0.028511
0.392677
0.086464
0.305044
0.395689
0.124637
0.028511
0.113282
0.237919
0.325176
0.100664
0.413953
0.153148
0.220762
0.237919
0.086464
0.134957
0.383129
0.000000
0.280552
0.070229
0.269054
0.168821
0.493221
0.395689
0.028511
0.645402
0.000000
0.366468
0.488948
0.124637
0.422872
0.188894
0.124637
0.028511
0.601332
0.417278
0.000000
0.182589
0.252819
0.300551
0.391655
0.334044
0.211101
0.100664
0.411394
0.454629
0.194866
0.321426
0.274948
0.367743
0.288470
0.259594
0.337406
0.245613
0.362556
0.317547
0.220762
0.379759
0.468481
0.000000
0.233867
0.220762
0.479885
0.028511
0.134957
0.000000
0.285892
0.334044
0.446696
0.319503
0.315556
0.134957
0.351410
0.233867
0.086464
0.256257
0.051277
0.144417
0.363875
0.051277
0.349937
0.168821
0.233867
0.070229
0.309367
0.086464
0.486304
0.124637
0.188894
0.349937
0.448577
0.328807
0.330580
0.490676
0.459812
0.367743
0.256257
0.086464
0.438167
0.000000
0.425187
0.269054
0.028511
0.161255
0.070229
0.462042
0.340671
0.000000
0.638391
0.290991
0.100664
0.000000
0.000000
0.168821
0.225300
0.497340
0.442839
0.000000
0.100664
0.000000
0.000000
0.351410
0.431863
0.113282
0.000000
0.233867
0.369003
0.113282
0.153148
0.028511
0.070229
0.449813
0.188894
0.216034
0.313530
0.028511
0.293458
0.414794
0.552093
0.070229
0.249273
0.346932
0.233867
0.508134
0.469001
0.211101
0.134957
0.051277
0.051277
0.436796
0.861004
0.577083
0.200540
0.000000
0.339050
0.265987
0.000000
0.621164
0.256257
0.290991
0.321426
0.245613
0.168821
0.188894
0.124637
0.249273
0.259594
0.000000
0.407890
0.476534
0.188894
0.028511
0.477502
0.288470
0.051277
0.505906
0.362556
0.000000
0.000000
0.315556
0.288470
0.372703
0.028511
0.070229
0.445425
0.000000
0.028511
0.288470
0.378613
0.000000
0.229664
0.367743
0.124637
0.220762
0.051277
0.340671
0.416456
0.070229
0.348444
0.265987
0.843888
0.051277
0.100664
0.380894
0.409656
0.402421
0.443491
0.328807
0.335737
0.134957
0.241831
0.528910
0.161255
0.471568
0.144417
0.319503
0.144417
0.463141
0.269054
0.480825
0.399585
0.086464
0.283253
0.051277
0.000000
0.168821
0.237919
0.379759
0.124637
0.124637
0.086464
0.134957
0.175914
0.391655
0.028511
0.423649
0.441524
0.317547
0.211101
0.256257
0.256257
0.426705
0.380894
0.332325
0.113282
0.182589
0.321426
0.161255
0.100664
0.233867
0.371483
0.200540
0.000000
0.346932
0.469519
0.233867
0.582174
0.113282
0.265987
0.200540
0.237919
0.161255
0.408776
0.537743
0.000000
0.134957
0.051277
0.345398
0.051277
0.412254
0.000000
0.144417
0.168821
0.000000
0.220762
0.028511
0.000000
0.216034
0.377455
0.220762
0.351410
0.346932
0.330580
0.113282
0.153148
0.407890
0.395689
0.134957
0.334044
0.000000
0.051277
0.307226
0.313530
0.277785
0.028511
0.000000
0.288470
0.161255
0.028511
0.216034
0.382017
0.113282
0.000000
0.413953
0.051277
0.161255
0.113282
0.483140
0.265987
0.225300
0.086464
0.319503
0.387472
0.265987
0.113282
0.153148
0.086464
0.262836
0.188894
0.070229
0.070229
0.547508
0.430413
0.277785
0.113282
0.086464
0.216034
0.100664
0.372703
0.086464
0.051277
0.086464
0.418905
0.194866
0.000000
0.070229
0.000000
0.560972
0.403351
0.272039
0.144417
0.028511
0.086464
0.392677
0.416456
0.256257
0.100664
0.161255
0.598549
0.459248
0.386402
0.332325
0.626729
0.290991
0.460933
0.437484
0.328807
0.330580
0.051277
0.070229
0.229664
0.249273
0.220762
0.070229
0.051277
0.313530
0.300551
0.000000
0.499741
0.124637
0.252819
0.216034
0.000000
0.486749
0.028511
0.144417
0.427456
0.280552
0.481756
0.330580
0.153148
0.086464
0.436104
0.430413
0.161255
0.395689
0.280552
0.280552
0.593118
0.249273
0.479885
0.175914
0.000000
0.269054
0.144417
0.144417
0.028511
0.028511
0.070229
0.028511
0.113282
0.449813
0.000000
0.315556
0.342269
0.636627
0.702319
0.086464
0.051277
0.718908
0.086464
0.280552
0.161255
0.000000
0.444139
0.330580
0.000000
0.134957
0.370250
0.051277
0.100664
0.470035
0.434003
0.385321
0.307226
0.439522
0.070229
0.265987
0.000000
0.000000
0.124637
0.283253
0.134957
0.233867
0.100664
0.175914
0.327006
0.211101
0.319503
0.000000
0.335737
0.245613
0.028511
0.000000
0.028511
0.175914
0.259594
0.328807
0.200540
0.452246
0.000000
0.387472
0.526120
0.070229
0.124637
0.382017
0.317547
0.161255
0.317547
0.153148
0.447953
0.311468
0.262836
0.161255
0.086464
0.051277
0.288470
0.028511
0.454038
0.681216
0.229664
0.153148
0.366468
0.464229
0.380894
0.283253
0.124637
0.000000
0.315556
0.309367
0.134957
0.407890
0.311468
0.313530
0.134957
0.144417
0.028511
0.501314
0.086464
0.000000
0.613439
0.382017
0.298235
0.144417
0.330580
0.339050
0.100664
0.216034
0.188894
0.566601
0.051277
0.086464
0.662757
0.188894
0.455216
0.446062
0.430413
0.051277
0.321426
0.319503
0.444784
0.447953
0.000000
0.439522
0.295872
0.175914
0.476534
0.464770
0.124637
0.070229
0.086464
0.028511
0.124637
0.124637
0.175914
0.000000
0.438167
0.385321
0.663788
0.100664
0.354301
0.000000
0.537743
0.402421
0.134957
0.028511
0.295872
0.100664
0.401484
0.259594
0.153148
0.220762
0.390624
0.086464
0.070229
0.000000
0.070229
0.124637
0.000000
0.443491
0.431863
0.153148
0.028511
0.607929
0.225300
0.321426
0.367743
0.175914
0.051277
0.000000
0.434003
0.028511
0.051277
0.086464
0.000000
0.479412
0.153148
0.317547
0.371483
0.113282
0.339050
0.205943
0.465307
0.086464
0.100664
0.194866
0.539151
0.200540
0.051277
0.343844
0.298235
0.298235
0.028511
0.511039
0.348444
0.465843
0.000000
0.051277
0.489815
0.388532
0.352865
0.369003
0.765565
0.393690
0.124637
0.288470
0.335737
0.416456
0.418094
0.028511
0.124637
0.319503
0.413953
0.134957
0.028511
0.471568
0.051277
0.124637
0.527679
0.343844
0.000000
0.144417
0.194866
0.153148
0.051277
0.540817
0.262836
0.194866
0.113282
0.000000
0.274948
0.051277
0.355719
0.323317
0.051277
0.567693
0.233867
0.000000
0.086464
0.051277
0.564382
0.070229
0.293458
0.233867
0.302820
0.211101
0.000000
0.383129
0.328807
0.293458
0.404274
0.144417
0.414794
0.590835
0.161255
0.168821
0.000000
0.194866
0.315556
0.100664
0.153148
0.000000
0.431140
0.435408
0.437484
0.369003
0.654664
0.134957
0.482681
0.396676
0.070229
0.651902
0.256257
0.379759
0.422089
0.349937
0.070229
0.113282
0.313530
0.194866
0.175914
0.051277
0.280552
0.028511
0.413953
0.028511
0.070229
0.354301
0.340671
0.265987
0.134957
0.051277
0.474078
0.486749
0.175914
0.317547
0.370250
0.302820
0.000000
0.313530
0.325176
0.372703
0.144417
0.216034
0.100664
0.335737
0.288470
0.161255
0.376286
0.153148
0.369003
0.265987
0.220762
0.000000
0.357120
0.509232
0.425187
0.051277
0.252819
0.070229
0.153148
0.086464
0.313530
0.422089
0.153148
0.229664
0.144417
0.405189
0.317547
0.194866
0.100664
0.321426
0.153148
0.161255
0.298235
0.086464
0.487192
0.293458
0.414794
0.051277
0.422089
0.404274
0.051277
0.168821
0.182589
0.134957
0.000000
0.153148
0.429681
0.100664
0.351410
0.229664
0.070229
0.408776
0.188894
0.086464
0.337406
0.402421
0.293458
0.371483
0.362556
0.433294
0.638274
0.348444
0.474078
0.216034
0.070229
0.393690
0.086464
0.300551
0.028511
0.262836
0.298235
0.233867
0.399585
0.194866
0.134957
0.379759
0.285892
0.051277
0.354301
0.460933
0.051277
0.000000
0.144417
0.459812
0.028511
0.272039
0.124637
0.460374
0.028511
0.000000
0.332325
0.342269
0.470035
0.070229
0.445425
0.476534
0.512463
0.175914
0.311468
0.144417
0.000000
0.330580
0.124637
0.410528
0.051277
0.403351
0.444139
0.265987
0.272039
0.444139
0.070229
0.300551
0.293458
0.182589
0.345398
0.404274
0.000000
0.404274
0.415628
0.259594
0.311468
0.462042
0.398623
0.051277
0.259594
0.070229
0.469001
0.425949
0.327006
0.113282
0.028511
0.233867
0.000000
0.100664
0.086464
0.321426
0.421302
0.283253
0.188894
0.463141
0.427456
0.161255
0.799182
0.285892
0.277785
0.343844
0.533707
0.070229
0.269054
0.401484
0.339050
0.435408
0.288470
0.070229
0.435408
0.182589
0.249273
0.000000
0.414794
0.000000
0.361221
0.028511
0.459248
0.398623
0.300551
0.392677
0.379759
0.245613
0.300551
0.220762
0.153148
0.000000
0.474078
0.340671
0.000000
0.000000
0.168821
0.406996
0.134957
0.100664
0.491105
0.359870
0.647467
0.422089
0.161255
0.161255
0.298235
0.375104
0.437484
0.262836
0.200540
0.000000
0.100664
0.161255
0.440193
0.100664
0.188894
0.343844
0.051277
0.028511
0.086464
0.000000
0.000000
0.124637
0.456383
0.233867
0.332325
0.070229
0.349937
0.410528
0.051277
0.315556
0.225300
0.259594
0.567693
0.348444
0.404274
0.124637
0.086464
0.028511
0.496934
0.455801
0.000000
0.388532
0.415628
0.290991
0.345398
0.358503
0.051277
0.412254
0.321426
0.269054
0.028511
0.441524
0.313530
0.028511
0.431863
0.051277
0.144417
0.456962
0.124637
0.070229
0.100664
0.420508
0.086464
0.124637
0.418094
0.205943
0.000000
0.070229
0.124637
0.000000
0.413953
0.051277
0.449196
0.100664
0.233867
0.327006
0.283253
0.325176
0.028511
0.461489
0.168821
0.000000
0.259594
0.086464
0.182589
0.153148
0.488073
0.028511
0.070229
0.134957
0.168821
0.070229
0.328807
0.070229
0.431140
0.384231
0.070229
0.573213
0.290991
0.124637
0.453444
0.134957
0.475067
0.161255
0.144417
0.086464
0.100664
0.113282
0.387472
0.086464
0.028511
0.070229
0.194866
0.249273
0.564382
0.124637
0.460374
0.086464
0.070229
0.000000
0.349937
0.354301
0.416456
0.249273
0.367743
0.000000
0.335737
0.100664
0.124637
0.415628
0.194866
0.124637
0.028511
0.288470
0.086464
0.335737
0.259594
0.028511
0.410528
0.086464
0.161255
0.302820
0.464229
0.546987
0.410528
0.307226
0.269054
0.000000
0.051277
0.269054
0.205943
0.458681
0.265987
0.361221
0.153148
0.028511
0.342269
0.952137
0.437484
0.051277
0.579853
0.280552
0.622782
0.200540
0.425949
0.608082
0.100664
0.153148
0.188894
0.486749
0.293458
0.553581
0.494887
0.300551
0.070229
0.379759
0.233867
0.265987
0.051277
0.144417
0.357120
0.124637
0.458111
0.000000
0.070229
0.323317
0.086464
0.241831
0.070229
0.425949
0.772068
0.028511
0.277785
0.426705
0.367743
0.216034
0.113282
0.000000
0.330580
0.295872
0.449196
0.249273
0.280552
0.134957
0.000000
0.393690
0.000000
0.175914
0.000000
0.459248
0.211101
0.229664
0.100664
0.100664
0.438846
0.161255
0.398623
0.463141
0.249273
0.408776
0.028511
0.417278
0.408776
0.355719
0.237919
0.249273
0.205943
0.416456
0.134957
0.315556
0.086464
0.420508
0.028511
0.448577
0.397654
0.262836
0.000000
0.411394
0.070229
0.000000
0.028511
0.000000
0.100664
0.241831
0.319503
0.451036
0.051277
0.437484
0.134957
0.397654
0.402421
0.317547
0.070229
0.086464
0.366468
0.428203
0.389583
0.188894
0.070229
0.113282
0.168821
0.369003
0.295872
0.000000
0.086464
0.100664
0.100664
0.376286
0.446696
0.340671
0.302820
0.339050
0.256257
0.408776
0.584261
0.205943
0.113282
0.175914
0.288470
0.028511
0.124637
0.425949
0.445425
0.523260
0.086464
0.113282
0.070229
0.051277
0.485409
0.086464
0.153148
0.449196
0.371483
0.216034
0.334044
0.028511
0.445425
0.220762
0.211101
0.277785
0.124637
0.000000
0.188894
0.452246
0.028511
0.484959
0.408776
0.395689
0.305044
0.262836
0.100664
0.134957
0.265987
0.144417
0.000000
0.498146
0.578872
0.168821
0.317547
0.051277
0.560509
0.293458
0.205943
0.335737
0.051277
0.000000
0.051277
0.400538
0.028511
0.478938
0.471060
0.070229
0.367743
0.477982
0.028511
0.393690
0.478461
0.372703
0.319503
0.070229
0.362556
0.000000
0.384231
0.277785
0.302820
0.028511
0.194866
0.288470
0.252819
0.249273
0.000000
0.469001
0.481756
0.070229
0.348444
0.113282
0.352865
0.113282
0.000000
0.421302
0.332325
0.086464
0.406996
0.100664
0.100664
0.134957
0.274948
0.051277
0.265987
0.028511
0.153148
0.200540
0.420508
0.449196
0.000000
0.211101
0.051277
0.429681
0.474574
0.265987
0.153148
0.086464
0.000000
0.467433
0.000000
0.499344
0.531932
0.327006
0.285892
0.259594
0.442183
0.051277
0.100664
0.070229
0.216034
0.249273
0.175914
0.000000
0.070229
0.406996
0.100664
0.225300
0.237919
0.000000
0.354301
0.194866
0.225300
0.349937
0.256257
0.134957
0.317547
0.100664
0.168821
0.000000
0.478461
0.028511
0.453444
0.400538
0.300551
0.371483
0.397654
0.391655
0.440860
0.288470
0.051277
0.070229
0.471568
0.285892
0.051277
0.410528
0.086464
0.051277
0.113282
0.086464
0.028511
0.285892
0.283253
0.124637
0.402421
0.051277
0.100664
0.348444
0.378613
0.134957
0.211101
0.100664
0.435408
0.100664
0.182589
0.070229
0.354301
0.425949
0.486749
0.225300
0.000000
0.352865
0.028511
0.194866
0.211101
0.100664
0.431140
0.028511
0.512817
0.168821
0.100664
0.458681
0.413953
0.298235
0.762988
0.070229
0.051277
0.249273
0.205943
0.357120
0.028511
0.188894
0.051277
0.325176
0.241831
0.305044
0.134957
0.467433
0.252819
0.300551
0.455801
0.070229
0.387472
0.188894
0.392677
0.500923
0.028511
0.086464
0.086464
0.100664
0.419709
0.444139
0.182589
0.000000
0.343844
0.269054
0.249273
0.327006
0.522938
0.124637
0.070229
0.153148
0.332325
0.467433
0.269054
0.307226
0.144417
0.070229
0.000000
0.000000
0.028511
0.070229
0.249273
0.051277
0.277785
0.269054
0.355719
0.348444
0.086464
0.249273
0.482219
0.412254
0.337406
0.415628
0.070229
0.000000
0.372703
0.471568
0.315556
0.070229
0.630292
0.376286
0.134957
0.086464
0.144417
0.432581
0.474078
0.194866
0.211101
0.323317
0.051277
0.391655
0.277785
0.086464
0.113282
0.436796
0.426705
0.317547
0.500136
0.000000
0.100664
0.051277
0.051277
0.406996
0.000000
0.134957
0.086464
0.402421
0.220762
0.449196
0.051277
0.086464
0.086464
0.161255
0.373910
0.175914
0.134957
0.229664
0.295872
0.330580
0.259594
0.274948
0.028511
0.432581
0.456383
0.311468
0.269054
0.688270
0.000000
0.113282
0.134957
0.262836
0.480356
0.211101
0.070229
0.323317
0.241831
0.051277
0.000000
0.321426
0.100664
0.144417
0.225300
0.086464
0.028511
0.168821
0.200540
0.272039
0.406096
0.256257
0.274948
0.288470
0.086464
0.354301
0.509232
0.070229
0.188894
0.070229
0.070229
0.028511
0.028511
0.425187
0.351410
0.444139
0.051277
0.051277
0.241831
0.194866
0.397654
0.419709
0.528604
0.335737
0.144417
0.334044
0.345398
0.277785
0.000000
0.462593
0.211101
0.345398
0.028511
0.124637
0.051277
0.086464
0.475558
0.319503
0.000000
0.382017
0.144417
0.100664
0.205943
0.552839
0.000000
0.051277
0.449813
0.070229
0.362556
0.028511
0.265987
0.418905
0.153148
0.086464
0.464229
0.000000
0.400538
0.346932
0.051277
0.000000
0.086464
0.265987
0.051277
0.595866
0.443491
0.541641
0.000000
0.100664
0.305044
0.000000
0.315556
0.000000
0.348444
0.100664
0.252819
0.307226
0.471568
0.352865
0.144417
0.288470
0.442839
0.340671
0.161255
0.420508
0.175914
0.182589
0.370250
0.113282
0.450426
0.351410
0.357120
0.313530
0.335737
0.272039
0.070229
0.313530
0.086464
0.346932
0.175914
0.028511
0.612564
0.229664
0.124637
0.070229
0.601978
0.086464
0.028511
0.358503
0.351410
0.051277
0.134957
0.406996
0.051277
0.161255
0.233867
0.339050
0.000000
0.423649
0.375104
0.168821
0.500530
0.000000
0.100664
0.245613
0.144417
0.229664
0.134957
0.194866
0.134957
0.449813
0.300551
0.134957
0.188894
0.100664
0.438846
0.100664
0.124637
0.124637
0.028511
0.431140
0.380894
0.531633
0.449196
0.352865
0.153148
0.256257
0.583696
0.182589
0.113282
0.134957
0.028511
0.493221
0.205943
0.277785
0.442183
0.673523
0.307226
0.028511
0.406096
0.451036
0.440860
0.220762
0.340671
0.298235
0.249273
0.313530
0.000000
0.144417
0.337406
0.274948
0.362556
0.389583
0.269054
0.000000
0.285892
0.274948
0.182589
0.403351
0.113282
0.241831
0.495299
0.348444
0.418905
0.349937
0.494057
0.134957
0.481756
0.259594
0.070229
0.153148
0.610494
0.288470
0.295872
0.211101
0.124637
0.194866
0.636390
0.442839
0.277785
0.051277
0.454629
0.430413
0.124637
0.086464
0.153148
0.000000
0.194866
0.028511
0.430413
0.313530
0.414794
0.233867
0.455801
0.233867
0.100664
0.495299
0.319503
0.277785
0.134957
0.245613
0.144417
0.134957
0.113282
0.484959
0.274948
0.233867
0.416456
0.319503
0.269054
0.272039
0.229664
0.000000
0.100664
0.450426
0.504015
0.086464
0.175914
0.272039
0.442183
0.442183
0.153148
0.487634
0.280552
0.442183
0.376286
0.345398
0.051277
0.355719
0.200540
0.403351
0.194866
0.028511
0.408776
0.028511
0.495710
0.100664
0.144417
0.070229
0.351410
0.495710
0.070229
0.100664
0.113282
0.070229
0.359870
0.051277
0.434003
0.398623
0.437484
0.418905
0.425187
0.051277
0.100664
0.134957
0.113282
0.452847
0.051277
0.414794
0.205943
0.200540
0.182589
0.100664
0.274948
0.051277
0.372703
0.459812
0.433294
0.458111
0.168821
0.100664
0.262836
0.469519
0.309367
0.269054
0.086464
0.028511
0.354301
0.352865
0.300551
0.416456
0.028511
0.272039
0.380894
0.388532
0.086464
0.256257
0.328807
0.524858
0.028511
0.348444
0.373910
0.124637
0.028511
0.100664
0.175914
0.410528
0.168821
0.448577
0.327006
0.000000
0.446696
0.113282
0.319503
0.182589
0.225300
0.373910
0.113282
0.456383
0.283253
0.028511
0.124637
0.423649
0.536031
0.256257
0.300551
0.233867
0.086464
0.309367
0.541367
0.225300
0.182589
0.000000
0.241831
0.188894
0.124637
0.028511
0.405189
0.100664
0.000000
0.161255
0.188894
0.051277
0.070229
0.144417
0.416456
0.100664
0.000000
0.363875
0.400538
0.000000
0.431863
0.464770
0.373910
0.000000
0.051277
0.451036
0.464770
0.463141
0.028511
0.417278
0.124637
0.113282
0.182589
0.194866
0.497340
0.000000
0.452847
0.315556
0.309367
0.351410
0.609896
0.315556
0.311468
0.100664
0.237919
0.323317
0.269054
0.124637
0.070229
0.451036
0.463141
0.216034
0.000000
0.332325
0.000000
0.449196
0.051277
0.321426
0.400538
0.262836
0.553334
0.460933
0.194866
0.455801
0.241831
0.000000
0.070229
0.477502
0.161255
0.175914
0.175914
0.349937
0.277785
0.070229
0.216034
0.000000
0.380894
0.288470
0.051277
0.418905
0.153148
0.028511
0.456962
0.295872
0.028511
0.028511
0.332325
0.144417
0.256257
0.334044
0.387472
0.124637
0.161255
0.229664
0.194866
0.425949
0.421302
0.161255
0.438167
0.070229
0.340671
0.153148
0.293458
0.000000
0.070229
0.471060
0.028511
0.409656
0.280552
0.340671
0.028511
0.028511
0.372703
0.390624
0.153148
0.359870
0.000000
0.220762
0.522290
0.051277
0.000000
0.343844
0.449813
0.000000
0.423649
0.205943
0.321426
0.051277
0.124637
0.348444
0.100664
0.647143
0.311468
0.000000
0.421302
0.346932
0.086464
0.394694
0.000000
0.259594
0.100664
0.241831
0.323317
0.134957
0.429681
0.168821
0.153148
0.153148
0.000000
0.440860
0.211101
0.473081
0.461489
0.051277
0.225300
0.051277
0.100664
0.366468
0.342269
0.351410
0.188894
0.348444
0.265987
0.376286
0.502479
0.376286
0.000000
0.418094
0.406996
0.309367
0.028511
0.349937
0.175914
0.245613
0.028511
0.216034
0.000000
0.396676
0.134957
0.028511
0.290991
0.358503
0.028511
0.330580
0.070229
0.363875
0.302820
0.051277
0.229664
0.051277
0.379759
0.259594
0.467433
0.028511
0.086464
0.315556
0.144417
0.200540
0.372703
0.070229
0.000000
0.161255
0.332325
0.144417
0.348444
0.028511
0.086464
0.300551
0.636508
0.000000
0.346932
0.113282
0.431140
0.000000
0.134957
0.439522
0.000000
0.028511
0.440860
0.070229
0.086464
0.401484
0.028511
0.363875
0.327006
0.317547
0.559345
0.028511
0.315556
0.000000
0.406996
0.436796
0.100664
0.305044
0.404274
0.175914
0.430413
0.028511
0.352865
0.070229
0.465843
0.302820
0.194866
0.153148
0.457538
0.352865
0.144417
0.334044
0.000000
0.086464
0.124637
0.295872
0.471568
0.028511
0.028511
0.113282
0.435408
0.028511
0.630041
0.410528
0.070229
0.380894
0.561662
0.530733
0.409656
0.144417
0.403351
0.415628
0.277785
0.028511
0.233867
0.488948
0.188894
0.404274
0.302820
0.144417
0.134957
0.302820
0.252819
0.392677
0.000000
0.182589
0.415628
0.288470
0.490676
0.587778
0.134957
0.086464
0.410528
0.134957
0.404274
0.220762
0.113282
0.398623
0.000000
0.028511
0.200540
0.086464
0.144417
0.290991
0.188894
0.051277
0.445425
0.124637
0.302820
0.028511
0.188894
0.334044
0.269054
0.051277
0.252819
0.153148
0.366468
0.451643
0.070229
0.393690
0.168821
0.265987
0.533413
0.412254
0.280552
0.321426
0.153148
0.100664
0.321426
0.334044
0.134957
0.028511
0.070229
0.365179
0.000000
0.559812
0.124637
0.182589
0.194866
0.070229
0.394694
0.124637
0.397654
0.429681
0.028511
0.220762
0.307226
0.086464
0.372703
0.654967
0.113282
0.521965
0.086464
0.485409
0.144417
0.182589
0.288470
0.153148
0.699700
0.028511
0.000000
0.000000
0.070229
0.051277
0.124637
0.482219
0.319503
0.100664
0.361221
0.358503
0.434708
0.311468
0.340671
0.200540
0.302820
0.373910
0.472579
0.499741
0.144417
0.453444
0.182589
0.259594
0.225300
0.385321
0.403351
0.194866
0.413953
0.051277
0.295872
0.354301
0.051277
0.000000
0.417278
0.205943
0.070229
0.418905
0.086464
0.205943
0.070229
0.051277
0.153148
0.307226
0.412254
0.188894
0.051277
0.450426
0.229664
0.300551
0.168821
0.100664
0.028511
0.362556
0.484507
0.028511
0.000000
0.315556
0.461489
0.380894
0.393690
0.377455
0.348444
0.467433
0.321426
0.153148
0.000000
0.028511
0.372703
0.113282
0.295872
0.051277
0.365179
0.388532
0.205943
0.498547
0.124637
0.124637
0.028511
0.028511
0.124637
0.435408
0.229664
0.124637
0.028511
0.168821
0.269054
0.124637
0.404274
0.144417
0.425949
0.456962
0.161255
0.211101
0.468481
0.124637
0.000000
0.211101
0.438167
0.293458
0.487634
0.051277
0.028511
0.352865
0.220762
0.265987
0.113282
0.144417
0.175914
0.269054
0.390624
0.634353
0.462593
0.484053
0.315556
0.161255
0.425187
0.086464
0.265987
0.317547
0.153148
0.113282
0.454038
0.113282
0.233867
0.283253
0.100664
0.249273
0.256257
0.535165
0.274948
0.000000
0.319503
0.168821
0.182589
0.458111
0.028511
0.220762
0.456383
0.113282
0.407890
0.182589
0.028511
0.028511
0.188894
0.086464
0.100664
0.375104
0.288470
0.262836
0.051277
0.124637
0.456383
0.568344
0.280552
0.000000
0.124637
0.028511
0.469519
0.457538
0.161255
0.365179
0.000000
0.477019
0.134957
0.124637
0.028511
0.216034
0.086464
0.313530
0.307226
0.124637
0.211101
0.505906
0.375104
0.465843
0.086464
0.265987
0.153148
0.000000
0.216034
0.051277
0.340671
0.000000
0.144417
0.175914
0.200540
0.051277
0.100664
0.309367
0.124637
0.124637
0.557693
0.295872
0.233867
0.124637
0.000000
0.188894
0.335737
0.442839
0.422089
0.028511
0.398623
0.100664
0.325176
0.229664
0.070229
0.000000
0.334044
0.481291
0.113282
0.051277
0.028511
0.262836
0.134957
0.028511
0.225300
0.205943
0.100664
0.389583
0.100664
0.307226
0.086464
0.358503
0.000000
0.028511
0.256257
0.517990
0.434003
0.113282
0.200540
0.455801
0.532526
0.161255
0.153148
0.144417
0.449813
0.386402
0.100664
0.377455
0.175914
0.428944
0.220762
0.425949
0.280552
0.379759
0.000000
0.413953
0.465843
0.371483
0.086464
0.153148
0.469519
0.051277
0.431140
0.028511
0.161255
0.330580
0.422089
0.211101
0.182589
0.332325
0.334044
0.580243
0.477019
0.382017
0.488511
0.070229
0.100664
0.070229
0.100664
0.335737
0.369003
0.028511
0.000000
0.325176
0.466905
0.233867
0.277785
0.070229
0.241831
0.070229
0.153148
0.415628
0.144417
0.323317
0.327006
0.332325
0.134957
0.168821
0.000000
0.113282
0.113282
0.274948
0.134957
0.390624
0.317547
0.086464
0.484959
0.153148
0.460933
0.168821
0.397654
0.252819
0.391655
0.262836
0.070229
0.144417
0.211101
0.272039
0.252819
0.000000
0.000000
0.455216
0.245613
0.028511
0.124637
0.051277
0.182589
0.346932
0.028511
0.343844
0.256257
0.339050
0.051277
0.168821
0.339050
0.051277
0.028511
0.428944
0.051277
0.028511
0.225300
0.256257
0.407890
0.394694
0.220762
0.330580
0.401484
0.000000
0.028511
0.168821
0.028511
0.168821
0.337406
0.564158
0.028511
0.484959
0.200540
0.182589
0.417278
0.028511
0.028511
0.113282
0.000000
0.144417
0.436104
0.205943
0.256257
0.334044
0.070229
0.070229
0.400538
0.000000
0.436796
0.051277
0.000000
0.467958
0.211101
0.113282
0.337406
0.161255
0.309367
0.028511
0.051277
0.245613
0.422872
0.319503
0.574654
0.387472
0.429681
0.028511
0.410528
0.086464
0.051277
0.408776
0.285892
0.161255
0.418094
0.086464
0.070229
0.237919
0.100664
0.249273
0.280552
0.536890
0.028511
0.144417
0.028511
0.262836
0.461489
0.124637
0.290991
0.269054
0.434708
0.113282
0.430413
0.028511
0.382017
0.028511
0.028511
0.086464
0.553827
0.051277
0.394694
0.434708
0.357120
0.000000
0.100664
0.302820
0.436104
0.211101
0.220762
0.100664
0.051277
0.362556
0.298235
0.429681
0.446696
0.342269
0.330580
0.428944
0.028511
0.363875
0.349937
0.086464
0.161255
0.051277
0.134957
0.194866
0.070229
0.113282
0.086464
0.412254
0.439522
0.313530
0.028511
0.086464
0.499344
0.327006
0.182589
0.348444
0.274948
0.175914
0.028511
0.000000
0.628524
0.507025
0.427456
0.305044
0.315556
0.188894
0.446696
0.449813
0.100664
0.168821
0.346932
0.475067
0.328807
0.175914
0.430413
0.124637
0.200540
0.051277
0.520985
0.542731
0.493221
0.086464
0.205943
0.188894
0.134957
0.051277
0.100664
0.028511
0.225300
0.144417
0.220762
0.483597
0.086464
0.378613
0.225300
0.153148
0.051277
0.100664
0.000000
0.461489
0.070229
0.337406
0.327006
0.144417
0.283253
0.000000
0.070229
0.274948
0.469001
0.451643
0.051277
0.051277
0.124637
0.100664
0.100664
0.153148
0.188894
0.100664
0.134957
0.000000
0.028511
0.447953
0.409656
0.415628
0.433294
0.334044
0.028511
0.086464
0.070229
0.086464
0.340671
0.113282
0.309367
0.161255
0.256257
0.051277
0.438167
0.426705
0.307226
0.269054
0.466375
0.144417
0.449196
0.453444
0.211101
0.233867
0.358503
0.620620
0.418094
0.028511
0.765603
0.376286
0.194866
0.000000
0.070229
0.051277
0.211101
0.510680
0.339050
0.000000
0.332325
0.323317
0.300551
0.000000
0.051277
0.481756
0.161255
0.205943
0.462593
0.153148
0.332325
0.466375
0.340671
0.432581
0.086464
0.182589
0.465843
0.070229
0.086464
0.200540
0.473581
0.249273
0.495299
0.269054
0.269054
0.000000
0.225300
0.288470
0.000000
0.028511
0.400538
0.543002
0.383129
0.200540
0.384231
0.233867
0.237919
0.302820
0.051277
0.124637
0.070229
0.397654
0.392677
0.454038
0.259594
0.383129
0.113282
0.283253
0.397654
0.161255
0.315556
0.175914
0.086464
0.070229
0.449813
0.313530
0.000000
0.100664
0.028511
0.144417
0.555777
0.371483
0.283253
0.293458
0.161255
0.501704
0.339050
0.343844
0.319503
0.153148
0.422872
0.168821
0.000000
0.358503
0.367743
0.153148
0.369003
0.442839
0.161255
0.348444
0.295872
0.000000
0.153148
0.225300
0.241831
0.194866
0.028511
0.486749
0.000000
0.452847
0.458681
0.528604
0.000000
0.447326
0.256257
0.245613
0.100664
0.211101
0.000000
0.028511
0.415628
0.259594
0.355719
0.028511
0.134957
0.609746
0.000000
0.086464
0.361221
0.051277
0.134957
0.468481
0.000000
0.358503
0.124637
0.468481
0.517990
0.000000
0.366468
0.000000
0.000000
0.280552
0.311468
0.153148
0.371483
0.070229
0.302820
0.509958
0.482681
0.028511
0.028511
0.086464
0.319503
0.134957
0.153148
0.256257
0.113282
0.349937
0.153148
0.000000
0.424421
0.051277
0.382017
0.241831
0.182589
0.000000
0.100664
0.051277
0.259594
0.113282
0.028511
0.124637
0.028511
0.113282
0.573833
0.100664
0.587960
0.387472
0.086464
0.461489
0.315556
0.000000
0.332325
0.144417
0.367743
0.086464
0.319503
0.571963
0.590657
0.000000
0.536890
0.446696
0.070229
0.070229
0.487634
0.245613
0.153148
0.000000
0.245613
0.359870
0.144417
0.323317
0.346932
0.028511
0.200540
0.417278
0.153148
0.161255
0.467433
0.393690
0.280552
0.656767
0.000000
0.028511
0.205943
0.534875
0.051277
0.451643
0.205943
0.000000
0.471060
0.000000
0.161255
0.252819
0.534584
0.188894
0.161255
0.000000
0.182589
0.113282
0.070229
0.113282
0.086464
0.134957
0.406996
0.472579
0.418094
0.671624
0.161255
0.389583
0.415628
0.382017
0.070229
0.471568
0.168821
0.480356
0.028511
0.372703
0.086464
0.086464
0.458681
0.175914
0.256257
0.000000
0.000000
0.051277
0.000000
0.100664
0.000000
0.362556
0.194866
0.431140
0.319503
0.406996
0.339050
0.317547
0.315556
0.349937
0.370250
0.124637
0.051277
0.168821
0.487634
0.153148
0.334044
0.113282
0.406996
0.298235
0.431140
0.000000
0.456962
0.348444
0.153148
0.000000
0.000000
0.404274
0.028511
0.313530
0.262836
0.028511
0.220762
0.134957
0.272039
0.262836
0.269054
0.298235
0.194866
0.153148
0.428944
0.469001
0.000000
0.319503
0.430413
0.361221
0.124637
0.000000
0.113282
0.051277
0.393690
0.277785
0.456962
0.153148
0.416456
0.216034
0.448577
0.086464
0.739089
0.225300
0.317547
0.070229
0.274948
0.211101
0.153148
0.491531
0.100664
0.086464
0.182589
0.471060
0.392677
0.200540
0.070229
0.211101
0.028511
0.051277
0.194866
0.000000
0.352865
0.500923
0.335737
0.000000
0.070229
0.100664
0.175914
0.028511
0.134957
0.134957
0.225300
0.070229
0.662002
0.339050
0.233867
0.051277
0.070229
0.225300
0.354301
0.229664
0.295872
0.293458
0.334044
0.600521
0.086464
0.028511
0.134957
0.182589
0.086464
0.372703
0.134957
0.161255
0.028511
0.182589
0.168821
0.000000
0.086464
0.070229
0.175914
0.051277
0.051277
0.000000
0.225300
0.461489
0.408776
0.124637
0.124637
0.051277
0.134957
0.403351
0.000000
0.412254
0.300551
0.562804
0.259594
0.188894
0.051277
0.134957
0.377455
0.153148
0.144417
0.200540
0.305044
0.100664
0.144417
0.028511
0.348444
0.430413
0.534584
0.134957
0.211101
0.200540
0.585570
0.100664
0.321426
0.288470
0.446062
0.028511
0.220762
0.485409
0.328807
0.450426
0.000000
0.144417
0.466905
0.229664
0.028511
0.161255
0.086464
0.070229
0.000000
0.000000
0.153148
0.458681
0.028511
0.051277
0.391655
0.028511
0.070229
0.509596
0.474574
0.113282
0.000000
0.379759
0.440193
0.028511
0.113282
0.051277
0.070229
0.438167
0.464229
0.124637
0.857609
0.352865
0.379759
0.438167
0.437484
0.220762
0.245613
0.325176
0.389583
0.028511
0.153148
0.000000
0.175914
0.194866
0.365179
0.194866
0.307226
0.028511
0.245613
0.028511
0.332325
0.168821
0.262836
0.028511
0.313530
0.200540
0.153148
0.211101
0.070229
0.086464
0.225300
0.425187
0.637923
0.390624
0.070229
0.442839
0.028511
0.070229
0.548027
0.188894
0.153148
0.399585
0.343844
0.424421
0.319503
0.124637
0.447326
0.319503
0.440193
0.051277
0.323317
0.514568
0.432581
0.438167
0.000000
0.342269
0.492379
0.182589
0.298235
0.459812
0.182589
0.028511
0.028511
0.380894
0.552342
0.070229
0.553334
0.000000
0.440193
0.249273
0.342269
0.134957
0.376286
0.113282
0.307226
0.277785
0.144417
0.419709
0.113282
0.175914
0.449813
0.051277
0.313530
0.510680
0.233867
0.000000
0.415628
0.241831
0.070229
0.455801
0.000000
0.418905
0.124637
0.000000
0.298235
0.422872
0.028511
0.100664
0.448577
0.252819
0.357120
0.070229
0.225300
0.216034
0.495299
0.425187
0.168821
0.416456
0.113282
0.339050
0.070229
0.028511
0.455216
0.423649
0.028511
0.302820
0.419709
0.051277
0.216034
0.418905
0.274948
0.348444
0.415628
0.000000
0.028511
0.086464
0.406096
0.365179
0.134957
0.000000
0.070229
0.153148
0.028511
0.638040
0.237919
0.259594
0.290991
0.000000
0.237919
0.505153
0.134957
0.194866
0.070229
0.070229
0.134957
0.086464
0.134957
0.551342
0.397654
0.194866
0.325176
0.000000
0.280552
0.439522
0.403351
0.000000
0.510319
0.237919
0.051277
0.451036
0.161255
0.277785
0.428203
0.188894
0.225300
0.724121
0.600684
0.290991
0.447326
0.355719
0.274948
0.000000
0.469001
0.430413
0.430413
0.249273
0.220762
0.000000
0.051277
0.134957
0.335737
0.134957
0.288470
0.317547
0.086464
0.463141
0.438167
0.389583
0.000000
0.382017
0.144417
0.290991
0.262836
0.194866
0.252819
0.070229
0.086464
0.070229
0.685532
0.342269
0.454038
0.100664
0.477502
0.070229
0.519663
0.377455
0.363875
0.252819
0.000000
0.245613
0.290991
0.345398
0.392677
0.300551
0.285892
0.188894
0.568560
0.070229
0.070229
0.000000
0.621976
0.302820
0.070229
0.161255
0.000000
0.319503
0.216034
0.280552
0.305044
0.406996
0.182589
0.459812
0.070229
0.134957
0.471060
0.028511
0.429681
0.153148
0.536031
0.086464
0.000000
0.544613
0.134957
0.305044
0.134957
0.028511
0.256257
0.355719
0.220762
0.421302
0.153148
0.028511
0.269054
0.249273
0.144417
0.168821
0.355719
0.028511
0.000000
0.531034
0.349937
0.343844
0.387472
0.113282
0.440193
0.100664
0.051277
0.216034
0.051277
0.459812
0.188894
0.000000
0.285892
0.000000
0.505153
0.425949
0.743930
0.444784
0.367743
0.440193
0.484959
0.421302
0.144417
0.070229
0.431863
0.377455
0.211101
0.323317
0.100664
0.144417
0.124637
0.414794
0.161255
0.378613
0.380894
0.086464
0.249273
0.365179
0.355719
0.387472
0.346932
0.051277
0.490676
0.153148
0.249273
0.453444
0.327006
0.070229
0.144417
0.376286
0.205943
0.371483
0.352865
0.335737
0.175914
0.367743
0.188894
0.241831
0.113282
0.000000
0.144417
0.482681
0.051277
0.153148
0.366468
0.290991
0.000000
0.597048
0.868995
0.070229
0.153148
0.436104
0.293458
0.404274
0.028511
0.051277
0.144417
0.485409
0.028511
0.323317
0.000000
0.200540
0.070229
0.113282
0.070229
0.454629
0.000000
0.086464
0.000000
0.134957
0.288470
0.051277
0.663974
0.283253
0.134957
0.522938
0.070229
0.371483
0.450426
0.237919
0.051277
0.384231
0.438846
0.480825
0.272039
0.233867
0.000000
0.124637
0.134957
0.200540
0.220762
0.051277
0.144417
0.113282
0.516292
0.144417
0.211101
0.575673
0.113282
0.051277
0.447326
0.600358
0.342269
0.229664
0.216034
0.272039
0.398623
0.051277
0.028511
0.283253
0.445425
0.542188
0.100664
0.000000
0.429681
0.134957
0.200540
0.144417
0.300551
0.388532
0.100664
0.220762
0.153148
0.332325
0.340671
0.070229
0.216034
0.000000
0.161255
0.541367
0.385321
0.086464
0.447326
0.086464
0.376286
0.028511
0.337406
0.469519
0.144417
0.000000
0.351410
0.153148
0.759472
0.134957
0.000000
0.051277
0.337406
0.000000
0.086464
0.188894
0.382017
0.325176
0.194866
0.000000
0.448577
0.144417
0.113282
0.377455
0.000000
0.503250
0.070229
0.372703
0.497743
0.439522
0.086464
0.028511
0.245613
0.245613
0.028511
0.205943
0.229664
0.086464
0.339050
0.000000
0.514568
0.175914
0.028511
0.100664
0.328807
0.134957
0.100664
0.000000
0.349937
0.100664
0.408776
0.490676
0.086464
0.498946
0.200540
0.311468
0.153148
0.411394
0.288470
0.070229
0.504015
0.262836
0.429681
0.086464
0.404274
0.717638
0.394694
0.298235
0.351410
0.028511
0.205943
0.389583
0.086464
0.153148
0.188894
0.365179
0.481291
0.124637
0.100664
0.463141
0.168821
0.359870
0.028511
0.332325
0.028511
0.070229
0.245613
0.385321
0.515605
0.028511
0.252819
0.593118
0.194866
0.422089
0.415628
0.144417
0.000000
0.466905
0.188894
0.070229
0.371483
0.229664
0.211101
0.272039
0.051277
0.000000
0.000000
0.421302
0.051277
0.337406
0.335737
0.317547
0.330580
0.220762
0.458681
0.000000
0.452246
0.028511
0.000000
0.000000
0.460374
0.028511
0.000000
0.438846
0.113282
0.610941
0.188894
0.459812
0.000000
0.522290
0.363875
0.124637
0.305044
0.328807
0.144417
0.280552
0.124637
0.093786
0.028511
0.153148
0.409656
0.194866
0.124637
0.319503
0.028511
0.256257
0.100664
0.293458
0.675390
0.460933
0.233867
0.086464
0.496528
0.432581
0.354301
0.313530
0.372703
0.182589
0.000000
0.265987
0.134957
0.300551
0.388532
0.437484
0.293458
0.337406
0.113282
0.385321
0.028511
0.100664
0.086464
0.249273
0.051277
0.378613
0.514220
0.453444
0.175914
0.561891
0.355719
0.412254
0.051277
0.355719
0.144417
0.447953
0.113282
0.070229
0.516292
0.518662
0.309367
0.000000
0.182589
0.328807
0.508501
0.100664
0.531633
0.467433
0.161255
0.051277
0.382017
0.317547
0.216034
0.134957
0.229664
0.086464
0.300551
0.124637
0.000000
0.375104
0.051277
0.321426
0.463687
0.070229
0.153148
0.000000
0.086464
0.249273
0.259594
0.337406
0.625428
0.317547
0.168821
0.028511
0.100664
0.256257
0.249273
0.051277
0.417278
0.575470
0.168821
0.188894
0.175914
0.086464
0.330580
0.351410
0.237919
0.379759
0.362556
0.000000
0.124637
0.070229
0.533707
0.456383
0.124637
0.241831
0.175914
0.188894
0.051277
0.168821
0.000000
0.319503
0.188894
0.144417
0.315556
0.051277
0.000000
0.124637
0.028511
0.175914
0.446696
0.420508
0.283253
0.325176
0.000000
0.451643
0.404274
0.000000
0.070229
0.288470
0.536318
0.485857
0.100664
0.311468
0.113282
0.028511
0.343844
0.028511
0.233867
0.086464
0.000000
0.482681
0.113282
0.134957
0.134957
0.433294
0.200540
0.124637
0.144417
0.200540
0.000000
0.051277
0.070229
0.460374
0.000000
0.355719
0.086464
0.113282
0.134957
0.200540
0.702915
0.421302
0.509596
0.100664
0.455216
0.051277
0.070229
0.488948
0.124637
0.028511
0.546987
0.124637
0.513520
0.655168
0.153148
0.028511
0.433294
0.245613
0.144417
0.262836
0.124637
0.175914
0.229664
0.309367
0.070229
0.330580
0.153148
0.233867
0.438167
0.100664
0.413953
0.375104
0.028511
0.328807
0.539430
0.396676
0.028511
0.000000
0.621841
0.380894
0.280552
0.321426
0.512463
0.100664
0.311468
0.134957
0.168821
0.436796
0.357120
0.028511
0.000000
0.000000
0.395689
0.309367
0.144417
0.376286
0.386402
0.411394
0.175914
0.396676
0.407890
0.028511
0.443491
0.365179
0.241831
0.229664
0.355719
0.100664
0.124637
0.028511
0.000000
0.359870
0.669693
0.444139
0.100664
0.233867
0.389583
0.144417
0.134957
0.328807
0.070229
0.511039
0.229664
0.448577
0.298235
0.070229
0.028511
0.028511
0.458111
0.000000
0.418905
0.182589
0.168821
0.028511
0.321426
0.474078
0.259594
0.188894
0.452246
0.298235
0.161255
0.407890
0.233867
0.100664
0.313530
0.352865
0.388532
0.051277
0.051277
0.343844
0.194866
0.220762
0.456383
0.352865
0.288470
0.086464
0.400538
0.225300
0.295872
0.168821
0.459248
0.028511
0.134957
0.501704
0.220762
0.470035
0.452847
0.086464
0.051277
0.406996
0.028511
0.351410
0.216034
0.100664
0.182589
0.100664
0.086464
0.340671
0.070229
0.070229
0.484053
0.153148
0.361221
0.086464
0.194866
0.153148
0.500923
0.233867
0.028511
0.070229
0.028511
0.000000
0.444139
0.423649
0.144417
0.311468
0.349937
0.317547
0.086464
0.325176
0.144417
0.124637
0.028511
0.229664
0.569206
0.100664
0.051277
0.000000
0.371483
0.070229
0.237919
0.373910
0.406096
0.293458
0.153148
0.225300
0.317547
0.028511
0.492801
0.113282
0.000000
0.363875
0.464229
0.551593
0.482681
0.028511
0.387472
0.051277
0.426705
0.153148
0.465843
0.330580
0.051277
0.400538
0.028511
0.100664
0.153148
0.124637
0.342269
0.153148
0.385321
0.028511
0.259594
0.188894
0.000000
0.144417
0.398623
0.168821
0.000000
0.437484
0.468481
0.452246
0.455801
0.490247
0.113282
0.293458
0.124637
0.205943
0.376286
0.000000
0.070229
0.370250
0.028511
0.028511
0.051277
0.028511
0.265987
0.522615
0.086464
0.000000
0.272039
0.205943
0.028511
0.439522
0.000000
0.000000
0.200540
0.070229
0.380894
0.424421
0.100664
0.298235
0.100664
0.330580
0.134957
0.349937
0.200540
0.269054
0.124637
0.342269
0.412254
0.229664
0.182589
0.417278
0.188894
0.070229
0.387472
0.113282
0.175914
0.233867
0.205943
0.431140
0.295872
0.070229
0.051277
0.000000
0.070229
0.349937
0.188894
0.229664
0.343844
0.471568
0.144417
0.124637
0.144417
0.000000
0.229664
0.000000
0.100664
0.346932
0.433294
0.245613
0.372703
0.445425
0.028511
0.540541
0.175914
0.453444
0.144417
0.723792
0.432581
0.425187
0.028511
0.384231
0.220762
0.441524
0.168821
0.283253
0.153148
0.070229
0.051277
0.494473
0.470035
0.086464
0.443491
0.372703
0.113282
0.277785
0.241831
0.200540
0.100664
0.134957
0.241831
0.241831
0.100664
0.416456
0.354301
0.134957
0.369003
0.463141
0.000000
0.564830
0.265987
0.175914
0.028511
0.477982
0.124637
0.447953
0.433294
0.100664
0.432581
0.420508
0.357120
0.124637
0.465307
0.113282
0.355719
0.182589
0.168821
0.272039
0.237919
0.086464
0.200540
0.153148
0.283253
0.435408
0.168821
0.330580
0.337406
0.200540
0.391655
0.028511
0.330580
0.200540
0.028511
0.211101
0.403351
0.175914
0.487192
0.355719
0.345398
0.327006
0.328807
0.385321
0.153148
0.332325
0.411394
0.070229
0.425949
0.470548
0.369003
0.489815
0.708584
0.302820
0.387472
0.113282
0.398623
0.302820
0.473081
0.051277
0.245613
0.070229
0.392677
0.188894
0.277785
0.313530
0.124637
0.237919
0.482681
0.351410
0.388532
0.051277
0.431140
0.570274
0.529216
0.051277
0.300551
0.175914
0.455216
0.028511
0.144417
0.051277
0.256257
0.438846
0.442183
0.499344
0.051277
0.100664
0.330580
0.205943
0.000000
0.124637
0.509958
0.394694
0.161255
0.468481
0.028511
0.200540
0.280552
0.144417
0.000000
0.455801
0.051277
0.028511
0.293458
0.000000
0.000000
0.051277
0.380894
0.182589
0.233867
0.475558
0.028511
0.153148
0.070229
0.175914
0.028511
0.580826
0.509958
0.153148
0.100664
0.070229
0.462593
0.211101
0.351410
0.051277
0.622648
0.233867
0.113282
0.220762
0.028511
0.307226
0.359870
0.175914
0.653035
0.000000
0.051277
0.328807
0.458681
0.124637
0.321426
0.086464
0.363875
0.051277
0.462042
0.330580
0.283253
0.352865
0.028511
0.216034
0.439522
0.384231
0.361221
0.188894
0.411394
0.340671
0.611238
0.086464
0.498146
0.188894
0.051277
0.200540
0.262836
0.051277
0.351410
0.252819
0.070229
0.418905
0.051277
0.000000
0.028511
0.028511
0.134957
0.305044
0.070229
0.000000
0.175914
0.100664
0.000000
0.492379
0.302820
0.259594
0.000000
0.410528
0.406996
0.100664
0.506280
0.245613
0.144417
0.245613
0.070229
0.751063
0.252819
0.327006
0.380894
0.070229
0.371483
0.086464
0.272039
0.406096
0.283253
0.407890
0.161255
0.455801
0.028511
0.413953
0.358503
0.070229
0.340671
0.669870
0.028511
0.418905
0.462042
0.086464
0.315556
0.070229
0.293458
0.086464
0.384231
0.386402
0.256257
0.269054
0.293458
0.293458
0.028511
0.478938
0.134957
0.403351
0.000000
0.594843
0.000000
0.124637
0.280552
0.229664
0.466905
0.168821
0.315556
0.466905
0.175914
0.265987
0.113282
0.401484
0.051277
0.401484
0.233867
0.390624
0.051277
0.417278
0.245613
0.086464
0.000000
0.455216
0.134957
0.124637
0.229664
0.265987
0.168821
0.534875
0.410528
0.359870
0.269054
0.000000
0.225300
0.225300
0.070229
0.028511
0.233867
0.592769
0.070229
0.285892
0.337406
0.379759
0.432581
0.498547
0.000000
0.342269
0.431140
0.358503
0.300551
0.455801
0.000000
0.086464
0.319503
0.237919
0.302820
0.302820
0.370250
0.070229
0.395689
0.421302
0.086464
0.408776
0.086464
0.070229
0.051277
0.000000
0.357120
0.256257
0.070229
0.313530
0.188894
0.113282
0.488511
0.456383
0.285892
0.382017
0.340671
0.000000
0.153148
0.086464
0.423649
0.028511
0.124637
0.051277
0.000000
0.161255
0.175914
0.000000
0.000000
0.392677
0.051277
0.379759
0.161255
0.328807
0.494473
0.426705
0.465843
0.028511
0.205943
0.070229
0.000000
0.028511
0.124637
0.399585
0.100664
0.388532
0.283253
0.028511
0.505153
0.298235
0.168821
0.395689
0.070229
0.237919
0.553334
0.182589
0.086464
0.051277
0.400538
0.256257
0.144417
0.491105
0.134957
0.302820
0.144417
0.051277
0.334044
0.427456
0.352865
0.000000
0.051277
0.028511
0.134957
0.175914
0.000000
0.594500
0.397654
0.438846
0.000000
0.302820
0.342269
0.469519
0.233867
0.447953
0.086464
0.070229
0.375104
0.441524
0.317547
0.675222
0.407890
0.435408
0.412254
0.424421
0.377455
0.447953
0.200540
0.070229
0.241831
0.161255
0.100664
0.274948
0.252819
0.327006
0.000000
0.205943
0.237919
0.028511
0.113282
0.359870
0.086464
0.441524
0.259594
0.372703
0.290991
0.471568
0.051277
0.355719
0.113282
0.277785
0.000000
0.216034
0.463141
0.153148
0.300551
0.474574
0.200540
0.613002
0.051277
0.485409
0.259594
0.483597
0.051277
0.124637
0.498146
0.300551
0.293458
0.317547
0.028511
0.100664
0.086464
0.335737
0.295872
0.028511
0.290991
0.385321
0.288470
0.229664
0.188894
0.419709
0.302820
0.051277
0.300551
0.424421
0.086464
0.000000
0.343844
0.000000
0.288470
0.302820
0.153148
0.474078
0.100664
0.051277
0.028511
0.315556
0.070229
0.194866
0.000000
0.124637
0.454038
0.357120
0.168821
0.249273
0.458681
0.194866
0.028511
0.502865
0.168821
0.070229
0.596711
0.346932
0.100664
0.161255
0.283253
0.175914
0.124637
0.733931
0.205943
0.416456
0.469519
0.414794
0.458681
0.100664
0.188894
0.288470
0.334044
0.411394
0.321426
0.051277
0.265987
0.225300
0.399585
0.113282
0.466375
0.000000
0.305044
0.382017
0.337406
0.307226
0.377455
0.418094
0.070229
0.407890
0.000000
0.290991
0.028511
0.113282
0.256257
0.317547
0.182589
0.086464
0.086464
0.000000
0.627886
0.000000
0.205943
0.498547
0.272039
0.373910
0.454629
0.200540
0.262836
0.211101
0.515260
0.317547
0.134957
0.188894
0.397654
0.630292
0.462042
0.134957
0.307226
0.100664
0.144417
0.437484
0.233867
0.233867
0.205943
0.028511
0.028511
0.000000
0.428203
0.211101
0.274948
0.205943
0.225300
0.241831
0.298235
0.317547
0.100664
0.496528
0.429681
0.161255
0.435408
0.422089
0.311468
0.376286
0.435408
0.452246
0.335737
0.051277
0.028511
0.372703
0.000000
0.389583
0.028511
0.385321
0.161255
0.389583
0.070229
0.070229
0.328807
0.307226
0.293458
0.437484
0.144417
0.285892
0.000000
0.370250
0.576682
0.188894
0.153148
0.470548
0.463687
0.134957
0.298235
0.309367
0.070229
0.481291
0.334044
0.144417
0.252819
0.290991
0.070229
0.357120
0.000000
0.335737
0.028511
0.357120
0.470035
0.000000
0.339050
0.390624
0.262836
0.305044
0.182589
0.288470
0.086464
0.028511
0.028511
0.144417
0.458111
0.134957
0.200540
0.482219
0.000000
0.000000
0.028511
0.321426
0.229664
0.401484
0.134957
0.443491
0.168821
0.113282
0.449813
0.028511
0.161255
0.302820
0.285892
0.411394
0.175914
0.290991
0.113282
0.438846
0.216034
0.596711
0.175914
0.070229
0.602459
0.144417
0.305044
0.390624
0.113282
0.051277
0.313530
0.233867
0.000000
0.028511
0.100664
0.459812
0.144417
0.442839
0.000000
0.188894
0.488948
0.124637
0.124637
0.000000
0.351410
0.395689
0.051277
0.646711
0.182589
0.379759
0.028511
0.363875
0.113282
0.000000
0.086464
0.100664
0.028511
0.028511
0.547508
0.134957
0.237919
0.100664
0.113282
0.100664
0.429681
0.343844
0.000000
0.028511
0.327006
0.574859
0.438167
0.456962
0.345398
0.471060
0.492379
0.420508
0.000000
0.424421
0.000000
0.629664
0.558168
0.229664
0.559812
0.000000
0.328807
0.404274
0.200540
0.265987
0.134957
0.200540
0.229664
0.377455
0.488511
0.362556
0.323317
0.265987
0.395689
0.205943
0.144417
0.463687
0.188894
0.288470
0.437484
0.153148
0.000000
0.340671
0.241831
0.311468
0.471568
0.319503
0.000000
0.447326
0.144417
0.086464
0.453444
0.144417
0.168821
0.205943
0.000000
0.134957
0.497340
0.256257
0.205943
0.351410
0.461489
0.269054
0.100664
0.028511
0.051277
0.233867
0.051277
0.124637
0.459248
0.672405
0.465843
0.349937
0.086464
0.175914
0.371483
0.477982
0.000000
0.311468
0.086464
0.362556
0.205943
0.051277
0.086464
0.051277
0.233867
0.504775
0.391655
0.000000
0.330580
0.321426
0.051277
0.086464
0.086464
0.420508
0.419709
0.070229
0.153148
0.262836
0.407890
0.000000
0.051277
0.113282
0.070229
0.408776
0.188894
0.144417
0.309367
0.535454
0.469519
0.335737
0.249273
0.229664
0.070229
0.168821
0.391655
0.100664
0.113282
0.000000
0.028511
0.249273
0.456383
0.380894
0.188894
0.000000
0.051277
0.220762
0.070229
0.443491
0.280552
0.086464
0.346932
0.113282
0.436796
0.051277
0.465307
0.456962
0.363875
0.315556
0.225300
0.000000
0.000000
0.051277
0.305044
0.100664
0.462042
0.225300
0.426705
0.070229
0.182589
0.100664
0.564830
0.437484
0.462042
0.663320
0.455801
0.393690
0.599539
0.028511
0.233867
0.259594
0.483597
0.449196
0.229664
0.401484
0.479412
0.295872
0.256257
0.573006
0.100664
0.298235
0.161255
0.000000
0.469001
0.302820
0.188894
0.352865
0.134957
0.472075
0.392677
0.288470
0.229664
0.446696
0.265987
0.144417
0.431863
0.405189
0.144417
0.113282
0.441524
0.265987
0.113282
0.591365
0.283253
0.491531
0.377455
0.070229
0.295872
0.000000
0.188894
0.225300
0.051277
0.447326
0.378613
0.343844
0.051277
0.000000
0.467433
0.398623
0.000000
0.000000
0.447953
0.028511
0.443491
0.317547
0.205943
0.051277
0.100664
0.378613
0.325176
0.435408
0.211101
0.161255
0.153148
0.000000
0.205943
0.335737
0.488948
0.423649
0.028511
0.124637
0.028511
0.466905
0.000000
0.175914
0.229664
0.144417
0.366468
0.441524
0.153148
0.233867
0.438846
0.124637
0.311468
0.259594
0.500530
0.274948
0.447326
0.182589
0.433294
0.086464
0.262836
0.288470
0.372703
0.386402
0.028511
0.168821
0.396676
0.340671
0.330580
0.545410
0.313530
0.393690
0.311468
0.182589
0.576078
0.335737
0.330580
0.256257
0.376286
0.421302
0.086464
0.385321
0.000000
0.402421
0.028511
0.249273
0.385321
0.334044
0.448577
0.100664
0.028511
0.513169
0.249273
0.051277
0.188894
0.422089
0.503633
0.211101
0.168821
0.259594
0.000000
0.134957
0.372703
0.051277
0.086464
0.200540
0.334044
0.259594
0.161255
0.000000
0.070229
0.124637
0.714938
0.632771
0.351410
0.249273
0.028511
0.113282
0.028511
0.000000
0.200540
0.188894
0.256257
0.495299
0.175914
0.340671
0.028511
0.425949
0.028511
0.443491
0.086464
0.100664
0.113282
0.028511
0.051277
0.113282
0.524222
0.241831
0.000000
0.332325
0.051277
0.447326
0.216034
0.311468
0.134957
0.070229
0.124637
0.315556
0.384231
0.436796
0.134957
0.404274
0.380894
0.262836
0.298235
0.334044
0.440193
0.113282
0.188894
0.000000
0.051277
0.070229
0.211101
0.305044
0.412254
0.153148
0.352865
0.327006
0.269054
0.051277
0.124637
0.086464
0.311468
0.283253
0.153148
0.384231
0.495710
0.367743
0.168821
0.113282
0.028511
0.144417
0.070229
0.200540
0.395689
0.211101
0.446696
0.168821
0.000000
0.225300
0.124637
0.070229
0.391655
0.317547
0.051277
0.288470
0.298235
0.051277
0.161255
0.421302
0.070229
0.000000
0.051277
0.288470
0.434708
0.000000
0.205943
0.000000
0.283253
0.134957
0.211101
0.349937
0.000000
0.070229
0.220762
0.458681
0.000000
0.086464
0.051277
0.028511
0.272039
0.153148
0.376286
0.051277
0.124637
0.328807
0.070229
0.311468
0.237919
0.051277
0.070229
0.484053
0.574859
0.332325
0.422872
0.488073
0.000000
0.086464
0.205943
0.175914
0.290991
0.269054
0.124637
0.051277
0.339050
0.113282
0.342269
0.354301
0.000000
0.241831
0.290991
0.370250
0.412254
0.086464
0.419709
0.000000
0.086464
0.070229
0.100664
0.444139
0.124637
0.321426
0.113282
0.086464
0.307226
0.161255
0.000000
0.448577
0.124637
0.510680
0.319503
0.241831
0.259594
0.245613
0.305044
0.000000
0.323317
0.070229
0.216034
0.295872
0.293458
0.086464
0.168821
0.124637
0.272039
0.520656
0.446062
0.623981
0.477982
0.245613
0.134957
0.028511
0.194866
0.086464
0.444784
0.144417
0.229664
0.051277
0.300551
0.380894
0.295872
0.328807
0.396676
0.241831
0.100664
0.225300
0.194866
0.175914
0.216034
0.124637
0.412254
0.283253
0.124637
0.418094
0.245613
0.300551
0.288470
0.307226
0.113282
0.028511
0.175914
0.290991
0.396676
0.051277
0.205943
0.295872
0.134957
0.487192
0.495299
0.153148
0.144417
0.404274
0.028511
0.086464
0.269054
0.070229
0.335737
0.298235
0.475558
0.274948
0.256257
0.390624
0.467958
0.070229
0.265987
0.000000
0.413953
0.070229
0.518997
0.815532
0.113282
0.153148
0.000000
0.625298
0.134957
0.241831
0.028511
0.124637
0.205943
0.188894
0.051277
0.252819
0.211101
0.144417
0.144417
0.200540
0.390624
0.144417
0.513871
0.113282
0.113282
0.321426
0.431140
0.396676
0.307226
0.161255
0.595526
0.457538
0.463141
0.370250
0.403351
0.051277
0.051277
0.436104
0.305044
0.051277
0.000000
0.205943
0.387472
0.488073
0.415628
0.451036
0.464229
0.194866
0.070229
0.144417
0.433294
0.070229
0.546464
0.274948
0.188894
0.124637
0.417278
0.436104
0.402421
0.153148
0.587595
0.168821
0.168821
0.124637
0.070229
0.124637
0.249273
0.028511
0.153148
0.302820
0.028511
0.302820
0.113282
0.028511
0.435408
0.245613
0.366468
0.113282
0.447953
0.051277
0.233867
0.432581
0.335737
0.252819
0.256257
0.298235
0.086464
0.028511
0.655168
0.000000
0.028511
0.211101
0.205943
0.233867
0.465307
0.000000
0.451643
0.100664
0.124637
0.051277
0.584261
0.028511
0.144417
0.307226
0.450426
0.359870
0.427456
0.028511
0.051277
0.153148
0.283253
0.321426
0.375104
0.051277
0.028511
0.256257
0.463141
0.028511
0.411394
0.134957
0.406096
0.161255
0.161255
0.134957
0.086464
0.051277
0.339050
0.161255
0.413953
0.229664
0.280552
0.630792
0.134957
0.124637
0.168821
0.124637
0.394694
0.520326
0.225300
0.144417
0.373910
0.571753
0.070229
0.086464
0.000000
0.449813
0.437484
0.436104
0.252819
0.315556
0.028511
0.481291
0.144417
0.274948
0.469001
0.288470
0.262836
0.100664
0.330580
0.352865
0.051277
0.182589
0.113282
0.424421
0.168821
0.451036
0.401484
0.134957
0.168821
0.319503
0.370250
0.625950
0.309367
0.302820
0.086464
0.175914
0.343844
0.309367
0.000000
0.153148
0.153148
0.349937
0.051277
0.393690
0.175914
0.486749
0.229664
0.175914
0.194866
0.337406
0.259594
0.319503
0.302820
0.334044
0.449196
0.395689
0.175914
0.337406
0.000000
0.134957
0.396676
0.175914
0.262836
0.028511
0.000000
0.113282
0.339050
0.420508
0.051277
0.384231
0.000000
0.000000
0.337406
0.028511
0.345398
0.233867
0.409656
0.386402
0.100664
0.358503
0.113282
0.168821
0.028511
0.321426
0.385321
0.070229
0.598051
0.305044
0.113282
0.000000
0.175914
0.358503
0.256257
0.298235
0.144417
0.070229
0.476534
0.465843
0.641042
0.259594
0.153148
0.153148
0.403351
0.429681
0.070229
0.433294
0.028511
0.502092
0.124637
0.487634
0.086464
0.028511
0.028511
0.280552
0.319503
0.417278
0.028511
0.418905
0.070229
0.309367
0.070229
0.365179
0.319503
0.028511
0.614308
0.070229
0.100664
0.277785
0.086464
0.051277
0.229664
0.028511
0.483597
0.000000
0.564606
0.100664
0.565052
0.382017
0.051277
0.474574
0.406096
0.182589
0.439522
0.028511
0.100664
0.295872
0.395689
0.168821
0.144417
0.298235
0.086464
0.319503
0.439522
0.321426
0.466905
0.451643
0.028511
0.051277
0.028511
0.028511
0.051277
0.288470
0.194866
0.386402
0.245613
0.430413
0.330580
0.423649
0.293458
0.124637
0.182589
0.000000
0.249273
0.051277
0.265987
0.269054
0.259594
0.325176
0.466905
0.339050
0.321426
0.168821
0.113282
0.051277
0.447953
0.086464
0.070229
0.051277
0.086464
0.113282
0.447326
0.051277
0.425187
0.168821
0.380894
0.507396
0.433294
0.028511
0.394694
0.361221
0.459248
0.513520
0.259594
0.552839
0.000000
0.355719
0.051277
0.051277
0.509232
0.194866
0.028511
0.307226
0.487192
0.399585
0.393690
0.028511
0.595866
0.334044
0.488948
0.182589
0.000000
0.100664
0.000000
0.315556
0.161255
0.086464
0.444784
0.205943
0.229664
0.425187
0.233867
0.345398
0.000000
0.441524
0.168821
0.280552
0.348444
0.161255
0.400538
0.422089
0.229664
0.535165
0.259594
0.220762
0.086464
0.456383
0.070229
0.124637
0.533413
0.269054
0.028511
0.249273
0.070229
0.422872
0.335737
0.295872
0.028511
0.249273
0.216034
0.233867
0.439522
0.458681
0.272039
0.434003
0.028511
0.200540
0.000000
0.086464
0.237919
0.485857
0.028511
0.124637
0.225300
0.249273
0.715471
0.100664
0.398623
0.406996
0.153148
0.274948
0.372703
0.380894
0.355719
0.000000
0.168821
0.442839
0.265987
0.086464
0.377455
0.387472
0.124637
0.340671
0.229664
0.070229
0.349937
0.512817
0.168821
0.113282
0.168821
0.070229
0.434708
0.402421
0.100664
0.274948
0.382017
0.028511
0.000000
0.482681
0.397654
0.124637
0.220762
0.283253
0.000000
0.337406
0.376286
0.211101
0.200540
0.028511
0.394694
0.280552
0.362556
0.272039
0.340671
0.332325
0.755803
0.256257
0.000000
0.124637
0.378613
0.144417
0.086464
0.476534
0.000000
0.376286
0.348444
0.259594
0.051277
0.317547
0.216034
0.456962
0.051277
0.348444
0.100664
0.534875
0.384231
0.249273
0.539430
0.587047
0.086464
0.086464
0.423649
0.086464
0.385321
0.070229
0.153148
0.028511
0.028511
0.051277
0.028511
0.144417
0.390624
0.421302
0.070229
0.274948
0.175914
0.161255
0.252819
0.175914
0.351410
0.000000
0.367743
0.161255
0.028511
0.205943
0.269054
0.585384
0.285892
0.070229
0.220762
0.086464
0.051277
0.290991
0.124637
0.404274
0.252819
0.436104
0.319503
0.028511
0.161255
0.408776
0.100664
0.070229
0.225300
0.000000
0.216034
0.463687
0.237919
0.355719
0.345398
0.205943
0.532229
0.086464
0.051277
0.349937
0.445425
0.070229
0.153148
0.417278
0.411394
0.359870
0.051277
0.342269
0.407890
0.418905
0.225300
0.323317
0.086464
0.680010
0.233867
0.295872
0.395689
0.440860
0.175914
0.307226
0.113282
0.262836
0.339050
0.407890
0.259594
0.028511
0.000000
0.413107
0.283253
0.086464
0.144417
0.446696
0.409656
0.406996
0.000000
0.418094
0.290991
0.463687
0.051277
0.153148
0.458111
0.288470
0.466375
0.397654
0.526434
0.361221
0.392677
0.436104
0.070229
0.426705
0.237919
0.411394
0.000000
0.256257
0.086464
0.113282
0.343844
0.319503
0.000000
0.245613
0.349937
0.467433
0.051277
0.124637
0.382017
0.028511
0.086464
0.000000
0.051277
0.401484
0.473581
0.216034
0.447326
0.086464
0.194866
0.393690
0.194866
0.377455
0.200540
0.445425
0.400538
0.256257
0.516974
0.216034
0.413107
0.453444
0.168821
0.000000
0.354301
0.398623
0.168821
0.385321
0.262836
0.398623
0.411394
0.327006
0.144417
0.460933
0.515605
0.225300
0.505530
0.175914
0.100664
0.153148
0.070229
0.070229
0.334044
0.200540
0.086464
0.256257
0.259594
0.028511
0.300551
0.000000
0.305044
0.288470
0.649812
0.357120
0.269054
0.440860
0.313530
0.249273
0.113282
0.086464
0.464770
0.422872
0.272039
0.355719
0.070229
0.437484
0.168821
0.408776
0.415628
0.510319
0.321426
0.245613
0.552839
0.000000
0.465307
0.436104
0.175914
0.351410
0.309367
0.325176
0.028511
0.175914
0.051277
0.300551
0.432581
0.365179
0.161255
0.354301
0.283253
0.466905
0.499741
0.377455
0.211101
0.410528
0.327006
0.315556
0.168821
0.100664
0.051277
0.168821
0.436104
0.332325
0.295872
0.745711
0.194866
0.380894
0.144417
0.328807
0.256257
0.182589
0.113282
0.418905
0.113282
0.225300
0.295872
0.229664
0.619523
0.420508
0.182589
0.161255
0.342269
0.313530
0.070229
0.469519
0.265987
0.454038
0.434708
0.086464
0.611829
0.168821
0.274948
0.182589
0.113282
0.252819
0.200540
0.342269
0.168821
0.434003
0.113282
0.028511
0.070229
0.419709
0.528296
0.113282
0.028511
0.467958
0.443491
0.452847
0.220762
0.470035
0.051277
0.000000
0.229664
0.382017
0.488073
0.470548
0.513520
0.028511
0.188894
0.359870
0.028511
0.431140
0.359870
0.028511
0.168821
0.233867
0.535454
0.113282
0.028511
0.161255
0.100664
0.051277
0.295872
0.000000
0.182589
0.699155
0.194866
0.113282
0.295872
0.000000
0.411394
0.051277
0.000000
0.000000
0.311468
0.100664
0.134957
0.340671
0.051277
0.070229
0.051277
0.309367
0.000000
0.051277
0.241831
0.144417
0.406096
0.340671
0.280552
0.392677
0.100664
0.028511
0.497340
0.252819
0.000000
0.317547
0.290991
0.290991
0.466375
0.233867
0.623583
0.274948
0.369003
0.307226
0.499741
0.462042
0.229664
0.387472
0.256257
0.431140
0.028511
0.051277
0.514915
0.051277
0.362556
0.100664
0.051277
0.168821
0.100664
0.363875
0.100664
0.408776
0.000000
0.124637
0.000000
0.440860
0.386402
0.394694
0.188894
0.168821
0.070229
0.646602
0.436104
0.348444
0.277785
0.070229
0.028511
0.367743
0.315556
0.000000
0.577882
0.298235
0.471060
0.424421
0.168821
0.000000
0.415628
0.465307
0.592070
0.124637
0.367743
0.070229
0.051277
0.051277
0.366468
0.153148
0.070229
0.200540
0.361221
0.168821
0.388532
0.300551
0.124637
0.656965
0.450426
0.100664
0.876761
0.220762
0.144417
0.315556
0.388532
0.418905
0.382017
0.313530
0.028511
0.229664
0.070229
0.124637
0.113282
0.444784
0.280552
0.249273
0.051277
0.051277
0.595526
0.489382
0.028511
0.470548
0.051277
0.739089
0.388532
0.028511
0.476047
0.646058
0.124637
0.352865
0.153148
0.175914
0.453444
0.086464
0.070229
0.028511
0.613584
0.498547
0.422089
0.051277
0.028511
0.124637
0.000000
0.113282
0.403351
0.051277
0.501314
0.028511
0.113282
0.241831
0.573936
0.134957
0.340671
0.237919
0.000000
0.205943
0.262836
0.323317
0.113282
0.372703
0.000000
0.051277
0.585755
0.086464
0.124637
0.200540
0.476534
0.086464
0.161255
0.544879
0.000000
0.134957
0.175914
0.446696
0.144417
0.429681
0.445425
0.113282
0.028511
0.028511
0.070229
0.280552
0.086464
0.259594
0.051277
0.425949
0.298235
0.070229
0.325176
0.124637
0.420508
0.445425
0.188894
0.134957
0.512109
0.028511
0.311468
0.245613
0.467433
0.450426
0.307226
0.113282
0.229664
0.113282
0.000000
0.070229
0.422872
0.265987
0.380894
0.288470
0.000000
0.386402
0.100664
0.424421
0.396676
0.153148
0.398623
0.205943
0.249273
0.216034
0.051277
0.144417
0.493640
0.420508
0.070229
0.051277
0.293458
0.245613
0.383129
0.298235
0.604522
0.481756
0.618555
0.517314
0.124637
0.460933
0.153148
0.051277
0.386402
0.000000
0.411394
0.028511
0.475067
0.302820
0.153148
0.470035
0.161255
0.070229
0.211101
0.311468
0.144417
0.168821
0.339050
0.000000
0.144417
0.378613
0.321426
0.182589
0.100664
0.432581
0.361221
0.000000
0.000000
0.480825
0.442839
0.100664
0.225300
0.393690
0.070229
0.205943
0.124637
0.548027
0.293458
0.335737
0.086464
0.028511
0.285892
0.070229
0.000000
0.298235
0.302820
0.300551
0.175914
0.444784
0.229664
0.086464
0.051277
0.398623
0.051277
0.462042
0.028511
0.300551
0.288470
0.000000
0.194866
0.124637
0.051277
0.100664
0.313530
0.182589
0.479412
0.402421
0.354301
0.317547
0.241831
0.175914
0.182589
0.327006
0.134957
0.293458
0.298235
0.311468
0.194866
0.307226
0.674291
0.355719
0.379759
0.343844
0.153148
0.070229
0.175914
0.418094
0.272039
0.000000
0.000000
0.000000
0.194866
0.051277
0.028511
0.371483
0.383129
0.283253
0.070229
0.391655
0.424421
0.305044
0.300551
0.438167
0.290991
0.124637
0.124637
0.070229
0.241831
0.144417
0.000000
0.124637
0.732286
0.464229
0.188894
0.000000
0.474574
0.000000
0.200540
0.584824
0.459812
0.477019
0.182589
0.285892
0.205943
0.028511
0.028511
0.028511
0.386402
0.028511
0.427456
0.233867
0.428203
0.700580
0.319503
0.028511
0.113282
0.620073
0.309367
0.000000
0.300551
0.229664
0.051277
0.194866
0.000000
0.100664
0.100664
0.441524
0.409656
0.285892
0.100664
0.134957
0.425187
0.295872
0.175914
0.086464
0.124637
0.348444
0.418905
0.161255
0.100664
0.000000
0.345398
0.211101
0.153148
0.412254
0.277785
0.028511
0.086464
0.429681
0.458681
0.175914
0.393690
0.449196
0.480356
0.400538
0.220762
0.051277
0.432581
0.200540
0.216034
0.051277
0.265987
0.463141
0.315556
0.000000
0.349937
0.558875
0.462593
0.471060
0.086464
0.100664
0.492801
0.175914
0.211101
0.346932
0.323317
0.051277
0.280552
0.358503
0.315556
0.241831
0.113282
0.161255
0.462042
0.315556
0.416456
0.233867
0.491105
0.332325
0.086464
0.378613
0.051277
0.175914
0.161255
0.188894
0.086464
0.463687
0.352865
0.369003
0.000000
0.124637
0.446696
0.161255
0.124637
0.458681
0.492801
0.332325
0.518997
0.229664
0.460374
0.483140
0.070229
0.447953
0.482219
0.417278
0.288470
0.168821
0.113282
0.100664
0.300551
0.211101
0.319503
0.000000
0.529825
0.086464
0.000000
0.100664
0.216034
0.134957
0.367743
0.476534
0.332325
0.262836
0.211101
0.070229
0.220762
0.051277
0.290991
0.393690
0.051277
0.471568
0.327006
0.514220
0.449813
0.000000
0.465843
0.124637
0.321426
0.182589
0.153148
0.373910
0.237919
0.028511
0.086464
0.383129
0.256257
0.000000
0.295872
0.161255
0.086464
0.051277
0.051277
0.283253
0.345398
0.340671
0.134957
0.211101
0.028511
0.472579
0.369003
0.205943
0.424421
0.153148
0.431140
0.383129
0.241831
0.134957
0.100664
0.000000
0.220762
0.362556
0.124637
0.252819
0.434003
0.460933
0.028511
0.000000
0.426705
0.161255
0.000000
0.124637
0.000000
0.378613
0.070229
0.028511
0.367743
0.000000
0.233867
0.211101
0.348444
0.369003
0.425187
0.233867
0.028511
0.398623
0.182589
0.305044
0.325176
0.100664
0.194866
0.233867
0.404274
0.000000
0.100664
0.070229
0.337406
0.000000
0.100664
0.070229
0.415628
0.100664
0.447953
0.144417
0.000000
0.259594
0.211101
0.293458
0.200540
0.274948
0.427456
0.403351
0.432581
0.502865
0.070229
0.182589
0.402421
0.168821
0.488073
0.144417
0.113282
0.280552
0.424421
0.000000
0.233867
0.478938
0.618555
0.492379
0.366468
0.028511
0.100664
0.442183
0.311468
0.000000
0.051277
0.355719
0.670311
0.470548
0.124637
0.028511
0.051277
0.435408
0.395689
0.305044
0.000000
0.352865
0.000000
0.288470
0.414794
0.272039
0.113282
0.440193
0.455801
0.220762
0.028511
0.473081
0.366468
0.532823
0.379759
0.274948
0.527058
0.205943
0.051277
0.448577
0.615456
0.100664
0.394694
0.442839
0.274948
0.483140
0.100664
0.028511
0.028511
0.100664
0.028511
0.471568
0.332325
0.321426
0.406996
0.070229
0.175914
0.478461
0.523582
0.051277
0.100664
0.070229
0.000000
0.113282
0.434708
0.376286
0.188894
0.410528
0.000000
0.401484
0.220762
0.417278
0.051277
0.134957
0.293458
0.411394
0.000000
0.334044
0.568344
0.544879
0.051277
0.302820
0.352865
0.484507
0.358503
0.371483
0.086464
0.456962
0.433294
0.000000
0.380894
0.450426
0.134957
0.498547
0.225300
0.113282
0.028511
0.028511
0.376286
0.293458
0.442183
0.144417
0.325176
0.442839
0.070229
0.584637
0.113282
0.307226
0.462593
0.302820
0.194866
0.051277
0.182589
0.168821
0.028511
0.384231
0.323317
0.028511
0.175914
0.124637
0.422872
0.028511
0.436796
0.113282
0.051277
0.134957
0.293458
0.476534
0.337406
0.328807
0.259594
0.028511
0.319503
0.490247
0.362556
0.100664
0.505906
0.343844
0.460933
0.051277
0.051277
0.182589
0.307226
0.512109
0.124637
0.539430
0.134957
0.028511
0.070229
0.134957
0.334044
0.153148
0.378613
0.346932
0.124637
0.290991
0.357120
0.000000
0.028511
0.028511
0.478461
0.000000
0.321426
0.086464
0.327006
0.086464
0.153148
0.205943
0.309367
0.113282
0.446696
0.100664
0.438846
0.175914
0.086464
0.124637
0.028511
0.354301
0.070229
0.000000
0.256257
0.051277
0.480825
0.256257
0.051277
0.028511
0.575267
0.100664
0.241831
0.100664
0.144417
0.070229
0.113282
0.426705
0.472579
0.335737
0.489382
0.211101
0.000000
0.335737
0.225300
0.144417
0.419709
0.377455
0.000000
0.113282
0.342269
0.086464
0.589586
0.379759
0.385321
0.295872
0.220762
0.051277
0.410528
0.422089
0.100664
0.407890
0.307226
0.086464
0.367743
0.490247
0.237919
0.237919
0.410528
0.237919
0.393690
0.380894
0.086464
0.000000
0.369003
0.280552
0.175914
0.659608
0.028511
0.000000
0.459248
0.134957
0.290991
0.124637
0.459812
0.153148
0.330580
0.357120
0.144417
0.134957
0.188894
0.113282
0.369003
0.351410
0.000000
0.389583
0.493221
0.134957
0.070229
0.262836
0.144417
0.134957
0.379759
0.051277
0.000000
0.086464
0.113282
0.300551
0.070229
0.361221
0.411394
0.028511
0.259594
0.205943
0.277785
0.134957
0.418094
0.269054
0.290991
0.392677
0.440193
0.000000
0.245613
0.420508
0.000000
0.302820
0.194866
0.395689
0.431863
0.346932
0.384231
0.194866
0.124637
0.051277
0.175914
0.373910
0.028511
0.470035
0.454629
0.144417
0.332325
0.000000
0.000000
0.000000
0.200540
0.237919
0.051277
0.354301
0.346932
0.750065
0.252819
0.295872
0.051277
0.354301
0.293458
0.460933
0.070229
0.000000
0.175914
0.423649
0.113282
0.274948
0.182589
0.548801
0.070229
0.153148
0.070229
0.434003
0.327006
0.325176
0.188894
0.000000
0.351410
0.418905
0.358503
0.051277
0.422872
0.237919
0.249273
0.070229
0.577283
0.182589
0.313530
0.418094
0.000000
0.376286
0.395689
0.265987
0.182589
0.124637
0.302820
0.432581
0.430413
0.233867
0.379759
0.028511
0.472579
0.070229
0.216034
0.317547
0.144417
0.305044
0.293458
0.319503
0.153148
0.194866
0.161255
0.051277
0.194866
0.265987
0.269054
0.070229
0.188894
0.415628
0.367743
0.465307
0.290991
0.086464
0.161255
0.100664
0.491105
0.233867
0.349937
0.000000
0.375104
0.285892
0.342269
0.188894
0.070229
0.607624
0.028511
0.168821
0.028511
0.490247
0.124637
0.000000
0.397654
0.351410
0.408776
0.343844
0.409656
0.361221
0.427456
0.205943
0.051277
0.300551
0.415628
0.245613
0.323317
0.249273
0.153148
0.319503
0.432581
0.269054
0.285892
0.390624
0.311468
0.586863
0.277785
0.000000
0.229664
0.051277
0.051277
0.442183
0.153148
0.315556
0.339050
0.000000
0.124637
0.051277
0.086464
0.070229
0.124637
0.433294
0.550838
0.492379
0.000000
0.471060
0.354301
0.262836
0.315556
0.220762
0.051277
0.028511
0.377455
0.342269
0.262836
0.100664
0.124637
0.427456
0.134957
0.070229
0.028511
0.000000
0.459248
0.483597
0.144417
0.430413
0.000000
0.489815
0.388532
0.241831
0.100664
0.000000
0.086464
0.389583
0.028511
0.086464
0.000000
0.028511
0.589586
0.124637
0.175914
0.280552
0.359870
0.028511
0.153148
0.265987
0.508501
0.280552
0.100664
0.366468
0.051277
0.051277
0.416456
0.028511
0.113282
0.625167
0.205943
0.393690
0.000000
0.028511
0.394694
0.342269
0.000000
0.168821
0.434003
0.335737
0.434003
0.293458
0.482219
0.451036
0.100664
0.462042
0.070229
0.464770
0.134957
0.000000
0.420508
0.028511
0.182589
0.465843
0.323317
0.373910
0.393690
0.028511
0.325176
0.194866
0.438167
0.317547
0.441524
0.028511
0.000000
0.283253
0.182589
0.051277
0.249273
0.000000
0.225300
0.478938
0.051277
0.113282
0.427456
0.410528
0.418905
0.051277
0.425949
0.400538
0.451643
0.113282
0.028511
0.051277
0.144417
0.305044
0.362556
0.134957
0.340671
0.211101
0.144417
0.354301
0.330580
0.168821
0.153148
0.216034
0.229664
0.256257
0.424421
0.086464
0.358503
0.417278
0.283253
0.300551
0.051277
0.283253
0.225300
0.000000
0.386402
0.175914
0.442839
0.028511
0.113282
0.470035
0.134957
0.028511
0.295872
0.280552
0.459248
0.000000
0.051277
0.175914
0.028511
0.384231
0.370250
0.000000
0.311468
0.113282
0.000000
0.161255
0.028511
0.113282
0.475067
0.086464
0.348444
0.484507
0.028511
0.134957
0.309367
0.252819
0.425187
0.051277
0.144417
0.028511
0.440193
0.168821
0.229664
0.070229
0.453444
0.277785
0.241831
0.300551
0.359870
0.153148
0.028511
0.070229
0.285892
0.480825
0.413107
0.305044
0.200540
0.233867
0.340671
0.335737
0.000000
0.445425
0.241831
0.100664
0.462593
0.249273
0.000000
0.220762
0.144417
0.211101
0.182589
0.415628
0.274948
0.391655
0.086464
0.000000
0.564158
0.175914
0.233867
0.205943
0.124637
0.456962
0.419709
0.583507
0.000000
0.386402
0.124637
0.086464
0.274948
0.220762
0.323317
0.086464
0.124637
0.134957
0.602299
0.288470
0.070229
0.100664
0.462593
0.182589
0.280552
0.628397
0.028511
0.000000
0.295872
0.175914
0.380894
0.168821
0.409656
0.302820
0.000000
0.113282
0.505906
0.418094
0.370250
0.161255
0.443491
0.000000
0.395689
0.377455
0.000000
0.446062
0.051277
0.361221
0.000000
0.472075
0.100664
0.307226
0.237919
0.458681
0.328807
0.086464
0.443491
0.100664
0.182589
0.484507
0.332325
0.499344
0.028511
0.262836
0.124637
0.124637
0.372703
0.397654
0.394694
0.000000
0.295872
0.028511
0.265987
0.409656
0.028511
0.288470
0.394694
0.220762
0.225300
0.330580
0.274948
0.144417
0.446696
0.000000
0.233867
0.357120
0.134957
0.211101
0.406996
0.516633
0.373910
0.070229
0.124637
0.168821
0.100664
0.256257
0.269054
0.051277
0.414794
0.330580
0.241831
0.408776
0.249273
0.334044
0.028511
0.100664
0.305044
0.134957
0.340671
0.325176
0.445425
0.464229
0.194866
0.319503
0.272039
0.070229
0.028511
0.509958
0.436104
0.028511
0.113282
0.456383
0.153148
0.134957
0.028511
0.070229
0.028511
0.464229
0.000000
0.124637
0.376286
0.252819
0.400538
0.365179
0.391655
0.403351
0.216034
0.500530
0.100664
0.113282
0.220762
0.175914
0.361221
0.311468
0.028511
0.358503
0.461489
0.277785
0.319503
0.431140
0.113282
0.070229
0.070229
0.369003
0.496934
0.363875
0.425187
0.086464
0.000000
0.124637
0.398623
0.262836
0.216034
0.435408
0.327006
0.354301
0.113282
0.340671
0.517314
0.437484
0.028511
0.560277
0.070229
0.124637
0.028511
0.365179
0.028511
0.161255
0.441524
0.000000
0.000000
0.332325
0.245613
0.446062
0.252819
0.283253
0.553334
0.335737
0.028511
0.113282
0.382017
0.489382
0.366468
0.070229
0.028511
0.124637
0.328807
0.399585
0.321426
0.340671
0.298235
0.113282
0.788517
0.422089
0.100664
0.302820
0.000000
0.161255
0.315556
0.442839
0.086464
0.051277
0.399585
0.385321
0.000000
0.000000
0.449196
0.277785
0.442839
0.643075
0.245613
0.412254
0.300551
0.028511
0.436104
0.086464
0.051277
0.028511
0.113282
0.100664
0.460374
0.346932
0.161255
0.229664
0.671275
0.377455
0.309367
0.293458
0.086464
0.293458
0.000000
0.000000
0.389583
0.000000
0.474574
0.259594
0.205943
0.249273
0.418094
0.028511
0.100664
0.726882
0.188894
0.256257
0.225300
0.340671
0.086464
0.000000
0.456383
0.285892
0.100664
0.428944
0.000000
0.313530
0.100664
0.727893
0.051277
0.265987
0.397654
0.363875
0.378613
0.070229
0.070229
0.452246
0.134957
0.501704
0.000000
0.434003
0.124637
0.124637
0.330580
0.321426
0.456962
0.113282
0.311468
0.100664
0.168821
0.000000
0.265987
0.205943
0.518997
0.000000
0.411394
0.237919
0.249273
0.134957
0.000000
0.100664
0.161255
0.161255
0.313530
0.434708
0.280552
0.124637
0.378613
0.290991
0.086464
0.100664
0.153148
0.237919
0.582174
0.317547
0.517990
0.070229
0.409656
0.233867
0.000000
0.354301
0.070229
0.523902
0.051277
0.070229
0.468481
0.351410
0.168821
0.411394
0.113282
0.319503
0.480825
0.395689
0.330580
0.051277
0.369003
0.070229
0.461489
0.028511
0.339050
0.070229
0.315556
0.418094
0.414794
0.249273
0.153148
0.153148
0.704945
0.241831
0.489815
0.302820
0.124637
0.401484
0.028511
0.425949
0.211101
0.070229
0.205943
0.000000
0.070229
0.124637
0.394694
0.457538
0.000000
0.509232
0.144417
0.070229
0.272039
0.175914
0.474078
0.628014
0.428203
0.511396
0.100664
0.028511
0.386402
0.361221
0.161255
0.252819
0.327006
0.422089
0.028511
0.188894
0.311468
0.086464
0.124637
0.124637
0.028511
0.182589
0.000000
0.051277
0.200540
0.028511
0.086464
0.345398
0.086464
0.390624
0.590835
0.100664
0.340671
0.439522
0.466905
0.435408
0.113282
0.295872
0.342269
0.000000
0.051277
0.441524
0.000000
0.269054
0.028511
0.504775
0.409656
0.265987
0.028511
0.454038
0.417278
0.677806
0.357120
0.144417
0.100664
0.237919
0.346932
0.325176
0.113282
0.402421
0.070229
0.051277
0.459248
0.028511
0.237919
0.478461
0.205943
0.070229
0.298235
0.477019
0.124637
0.051277
0.458681
0.464770
0.161255
0.134957
0.144417
0.237919
0.395689
0.028511
0.028511
0.259594
0.317547
0.328807
0.307226
0.000000
0.464229
0.319503
0.237919
0.000000
0.113282
0.144417
0.440860
0.000000
0.000000
0.028511
0.113282
0.421302
0.000000
0.277785
0.252819
0.455801
0.211101
0.086464
0.457538
0.124637
0.113282
0.100664
0.070229
0.168821
0.051277
0.028511
0.134957
0.028511
0.000000
0.188894
0.313530
0.505906
0.444139
0.124637
0.194866
0.611681
0.455216
0.134957
0.376286
0.211101
0.393690
0.332325
0.000000
0.161255
0.028511
0.144417
0.505153
0.000000
0.477982
0.633016
0.100664
0.225300
0.070229
0.486749
0.627373
0.408776
0.595185
0.330580
0.423649
0.216034
0.288470
0.523582
0.051277
0.188894
0.383129
0.332325
0.359870
0.220762
0.480825
0.467433
0.070229
0.506280
0.283253
0.570062
0.387472
0.124637
0.408776
0.168821
0.390624
0.305044
0.070229
0.307226
0.051277
0.124637
0.454038
0.028511
0.349937
0.086464
0.484053
0.168821
0.000000
0.265987
0.134957
0.070229
0.354301
0.429681
0.432581
0.134957
0.237919
0.469001
0.459248
0.237919
0.378613
0.124637
0.161255
0.086464
0.499741
0.070229
0.124637
0.000000
0.568991
0.648539
0.144417
0.000000
0.330580
0.028511
0.646819
0.447953
0.070229
0.384231
0.188894
0.389583
0.000000
0.113282
0.259594
0.391655
0.531633
0.100664
0.465307
0.369003
0.406096
0.000000
0.211101
0.100664
0.302820
0.474078
0.300551
0.134957
0.070229
0.269054
0.272039
0.419709
0.249273
0.100664
0.225300
0.144417
0.070229
0.051277
0.434003
0.290991
0.265987
0.392677
0.288470
0.070229
0.134957
0.339050
0.070229
0.051277
0.113282
0.070229
0.467433
0.113282
0.070229
0.000000
0.463141
0.100664
0.028511
0.383129
0.330580
0.345398
0.000000
0.188894
0.447953
0.086464
0.416456
0.070229
0.283253
0.436104
0.086464
0.134957
0.028511
0.290991
0.252819
0.321426
0.452847
0.070229
0.493221
0.363875
0.424421
0.175914
0.300551
0.413953
0.423649
0.051277
0.426705
0.367743
0.153148
0.454038
0.051277
0.340671
0.153148
0.100664
0.373910
0.629664
0.000000
0.000000
0.225300
0.237919
0.113282
0.182589
0.175914
0.086464
0.311468
0.489382
0.182589
0.000000
0.100664
0.384231
0.311468
0.454038
0.086464
0.134957
0.144417
0.421302
0.100664
0.086464
0.437484
0.100664
0.438846
0.274948
0.113282
0.000000
0.361221
0.225300
0.450426
0.168821
0.241831
0.283253
0.462593
0.070229
0.298235
0.415628
0.441524
0.346932
0.406996
0.435408
0.000000
0.369003
0.403351
0.515260
0.028511
0.379759
0.315556
0.293458
0.378613
0.211101
0.389583
0.410528
0.302820
0.113282
0.205943
0.435408
0.000000
0.389583
0.656965
0.000000
0.487192
0.175914
0.028511
0.572798
0.000000
0.225300
0.676979
0.245613
0.144417
0.416456
0.070229
0.252819
0.269054
0.252819
0.389583
0.403351
0.237919
0.272039
0.086464
0.188894
0.351410
0.086464
0.124637
0.259594
0.113282
0.220762
0.241831
0.200540
0.233867
0.465843
0.503250
0.401484
0.494057
0.100664
0.237919
0.378613
0.113282
0.028511
0.272039
0.237919
0.636745
0.252819
0.383129
0.028511
0.463141
0.451643
0.370250
0.124637
0.028511
0.464770
0.200540
0.536890
0.051277
0.000000
0.504396
0.144417
0.334044
0.205943
0.124637
0.466905
0.028511
0.302820
0.113282
0.000000
0.541641
0.335737
0.272039
0.346932
0.249273
0.456383
0.386402
0.086464
0.484507
0.392677
0.321426
0.086464
0.293458
0.272039
0.290991
0.315556
0.265987
0.437484
0.340671
0.220762
0.618276
0.028511
0.124637
0.113282
0.328807
0.124637
0.028511
0.051277
0.070229
0.348444
0.051277
0.175914
0.580632
0.448577
0.124637
0.456383
0.070229
0.182589
0.086464
0.144417
0.414794
0.572277
0.533413
0.482681
0.343844
0.113282
0.100664
0.455216
0.274948
0.216034
0.309367
0.161255
0.028511
0.249273
0.300551
0.475558
0.113282
0.385321
0.436104
0.307226
0.028511
0.462042
0.479885
0.398623
0.428944
0.229664
0.070229
0.280552
0.404274
0.100664
0.493640
0.153148
0.288470
0.200540
0.086464
0.277785
0.100664
0.134957
0.205943
0.376286
0.311468
0.274948
0.460374
0.283253
0.175914
0.028511
0.425949
0.311468
0.438167
0.432581
0.168821
0.388532
0.442839
0.070229
0.229664
0.646058
0.453444
0.000000
0.000000
0.431140
0.549569
0.200540
0.220762
0.241831
0.100664
0.028511
0.086464
0.280552
0.388532
0.401484
0.134957
0.309367
0.205943
0.051277
0.315556
0.417278
0.285892
0.348444
0.028511
0.527988
0.421302
0.446696
0.298235
0.124637
0.205943
0.466905
0.307226
0.305044
0.357120
0.494473
0.124637
0.256257
0.028511
0.028511
0.245613
0.086464
0.387472
0.451643
0.124637
0.437484
0.233867
0.307226
0.100664
0.567693
0.472579
0.194866
0.415628
0.153148
0.168821
0.436796
0.269054
0.272039
0.372703
0.188894
0.124637
0.259594
0.188894
0.161255
0.144417
0.459248
0.283253
0.124637
0.440860
0.028511
0.175914
0.293458
0.307226
0.000000
0.302820
0.051277
0.398623
0.070229
0.375104
0.051277
0.175914
0.394694
0.144417
0.211101
0.086464
0.100664
0.493640
0.262836
0.302820
0.161255
0.274948
0.205943
0.051277
0.298235
0.295872
0.124637
0.366468
0.885966
0.124637
0.134957
0.086464
0.100664
0.134957
0.100664
0.000000
0.340671
0.070229
0.452847
0.086464
0.355719
0.496528
0.161255
0.483597
0.454629
0.307226
0.460933
0.000000
0.028511
0.113282
0.241831
0.358503
0.573833
0.153148
0.175914
0.401484
0.401484
0.256257
0.070229
0.028511
0.161255
0.205943
0.188894
0.369003
0.530431
0.252819
0.302820
0.395689
0.259594
0.028511
0.380894
0.124637
0.051277
0.497743
0.100664
0.348444
0.124637
0.677641
0.161255
0.351410
0.441524
0.233867
0.175914
0.100664
0.394694
0.113282
0.153148
0.309367
0.086464
0.343844
0.285892
0.124637
0.000000
0.000000
0.526120
0.100664
0.494473
0.100664
0.028511
0.113282
0.051277
0.434003
0.277785
0.519663
0.465843
0.319503
0.265987
0.459812
0.274948
0.134957
0.522615
0.000000
0.330580
0.396676
0.028511
0.000000
0.237919
0.486749
0.000000
0.371483
0.000000
0.421302
0.300551
0.086464
0.182589
0.442183
0.086464
0.113282
0.237919
0.269054
0.400538
0.361221
0.000000
0.168821
0.188894
0.375104
0.419709
0.124637
0.252819
0.205943
0.100664
0.471568
0.175914
0.549057
0.124637
0.378613
0.086464
0.335737
0.086464
0.377455
0.028511
0.000000
0.225300
0.371483
0.229664
0.265987
0.216034
0.352865
0.378613
0.000000
0.384231
0.113282
0.366468
0.382017
0.332325
0.440193
0.466905
0.559110
0.298235
0.175914
0.241831
0.000000
0.086464
0.086464
0.480356
0.028511
0.269054
0.028511
0.216034
0.000000
0.288470
0.220762
0.249273
0.323317
0.153148
0.153148
0.229664
0.351410
0.415628
0.051277
0.332325
0.124637
0.544346
0.188894
0.367743
0.225300
0.028511
0.444139
0.307226
0.086464
0.305044
0.113282
0.188894
0.225300
0.539709
0.534875
0.506280
0.325176
0.100664
0.051277
0.000000
0.000000
0.378613
0.100664
0.446062
0.311468
0.153148
0.372703
0.237919
0.028511
0.182589
0.205943
0.000000
0.028511
0.113282
0.051277
0.134957
0.406996
0.345398
0.070229
0.144417
0.100664
0.124637
0.113282
0.028511
0.385321
0.426705
0.328807
0.134957
0.000000
0.113282
0.424421
0.000000
0.225300
0.302820
0.144417
0.182589
0.357120
0.300551
0.200540
0.028511
0.319503
0.427456
0.194866
0.524858
0.175914
0.086464
0.051277
0.070229
0.144417
0.345398
0.233867
0.269054
0.256257
0.378613
0.346932
0.100664
0.188894
0.175914
0.070229
0.168821
0.283253
0.518327
0.481756
0.051277
0.438167
0.194866
0.153148
0.335737
0.182589
0.000000
0.220762
0.437484
0.144417
0.100664
0.153148
0.175914
0.100664
0.000000
0.373910
0.363875
0.456383
0.342269
0.509596
0.259594
0.211101
0.144417
0.144417
0.285892
0.028511
0.367743
0.113282
0.028511
0.375104
0.000000
0.175914
0.624377
0.372703
0.429681
0.387472
0.288470
0.451643
0.346932
0.245613
0.070229
0.438167
0.472075
0.504015
0.188894
0.051277
0.265987
0.346932
0.317547
0.211101
0.051277
0.134957
0.124637
0.113282
0.113282
0.345398
0.395689
0.000000
0.382017
0.373910
0.028511
0.483140
0.249273
0.124637
0.323317
0.321426
0.200540
0.305044
0.285892
0.124637
0.285892
0.288470
0.216034
0.397654
0.305044
0.406996
0.113282
0.606238
0.259594
0.051277
0.563934
0.000000
0.220762
0.028511
0.229664
0.051277
0.028511
0.134957
0.499344
0.398623
0.418094
0.100664
0.086464
0.497340
0.134957
0.028511
0.051277
0.175914
0.000000
0.346932
0.211101
0.175914
0.295872
0.070229
0.288470
0.466375
0.051277
0.086464
0.161255
0.124637
0.274948
0.507025
0.100664
0.000000
0.070229
0.051277
0.113282
0.280552
0.444784
0.323317
0.265987
0.182589
0.188894
0.070229
0.028511
0.265987
0.477502
0.124637
0.403351
0.205943
0.363875
0.358503
0.086464
0.153148
0.351410
0.051277
0.272039
0.475067
0.070229
0.086464
0.419709
0.413107
0.100664
0.124637
0.070229
0.305044
0.113282
0.398623
0.168821
0.459248
0.237919
0.086464
0.426705
0.464229
0.134957
0.502092
0.100664
0.086464
0.124637
0.371483
0.134957
0.086464
0.431863
0.000000
0.462593
0.630667
0.323317
0.086464
0.175914
0.134957
0.028511
0.490247
0.605617
0.439522
0.134957
0.182589
0.161255
0.000000
0.200540
0.420508
0.100664
0.348444
0.086464
0.194866
0.640242
0.070229
0.161255
1.000000
0.070229
0.492801
0.153148
0.028511
0.410528
0.134957
0.398623
0.134957
0.604207
0.086464
0.307226
0.086464
0.396676
0.000000
0.477982
0.086464
0.339050
0.124637
0.307226
0.100664
0.379759
0.216034
0.249273
0.494057
0.366468
0.124637
0.000000
0.086464
0.531633
0.175914
0.100664
0.100664
0.454629
0.467433
0.051277
0.070229
0.237919
0.194866
0.051277
0.379759
0.000000
0.383129
0.124637
0.245613
0.425187
0.311468
0.051277
0.406096
0.124637
0.144417
0.413107
0.070229
0.323317
0.485409
0.144417
0.262836
0.124637
0.527679
0.262836
0.358503
0.028511
0.134957
0.525175
0.168821
0.661622
0.144417
0.100664
0.280552
0.028511
0.000000
0.638040
0.477019
0.028511
0.309367
0.471568
0.175914
0.000000
0.385321
0.477982
0.328807
0.435408
0.431140
0.134957
0.256257
0.153148
0.434003
0.051277
0.100664
0.413107
0.113282
0.168821
0.000000
0.249273
0.446696
0.277785
0.225300
0.262836
0.124637
0.429681
0.194866
0.124637
0.327006
0.211101
0.418905
0.124637
0.028511
0.615599
0.408776
0.307226
0.000000
0.070229
0.305044
0.100664
0.401484
0.643411
0.000000
0.028511
0.144417
0.100664
0.182589
0.410528
0.395689
0.462042
0.443491
0.295872
0.319503
0.134957
0.443491
0.134957
0.205943
0.086464
0.460374
0.277785
0.370250
0.051277
0.220762
0.051277
0.245613
0.307226
0.028511
0.427456
0.449196
0.225300
0.280552
0.051277
0.256257
0.418905
0.028511
0.485857
0.113282
0.000000
0.564382
0.420508
0.293458
0.124637
0.425187
0.387472
0.188894
0.100664
0.290991
0.390624
0.100664
0.434708
0.262836
0.100664
0.028511
0.000000
0.200540
0.252819
0.302820
0.405189
0.403351
0.553827
0.134957
0.363875
0.305044
0.285892
0.498146
0.386402
0.051277
0.435408
0.070229
0.100664
0.134957
0.366468
0.028511
0.051277
0.389583
0.113282
0.070229
0.519663
0.507766
0.237919
0.400538
0.100664
0.200540
0.237919
0.100664
0.113282
0.352865
0.216034
0.483140
0.339050
0.453444
0.371483
0.100664
0.188894
0.113282
0.295872
0.000000
0.426705
0.325176
0.124637
0.670487
0.028511
0.422089
0.367743
0.438846
0.113282
0.470548
0.358503
0.456383
0.216034
0.372703
0.000000
0.424421
0.355719
0.233867
0.609445
0.168821
0.288470
0.313530
0.205943
0.051277
0.319503
0.426705
0.028511
0.086464
0.469001
0.334044
0.435408
0.293458
0.000000
0.508867
0.403351
0.472075
0.225300
0.028511
0.051277
0.194866
0.113282
0.406996
0.134957
0.070229
0.532526
0.194866
0.113282
0.070229
0.315556
0.124637
0.369003
0.330580
0.580438
0.280552
0.462593
0.440860
0.051277
0.280552
0.113282
0.070229
0.488948
0.237919
0.311468
0.000000
0.216034
0.086464
0.161255
0.426705
0.342269
0.237919
0.369003
0.229664
0.161255
0.249273
0.342269
0.351410
0.000000
0.000000
0.397654
0.325176
0.406996
0.363875
0.583885
0.153148
0.332325
0.466375
0.274948
0.051277
0.429681
0.323317
0.431863
0.438846
0.425949
0.340671
0.387472
0.161255
0.272039
0.365179
0.144417
0.175914
0.100664
0.051277
0.168821
0.161255
0.342269
0.413107
0.249273
0.028511
0.443491
0.028511
0.274948
0.175914
0.265987
0.522615
0.237919
0.051277
0.377455
0.144417
0.354301
0.113282
0.328807
0.327006
0.269054
0.144417
0.194866
0.441524
0.392677
0.392677
0.355719
0.028511
0.051277
0.134957
0.357120
0.051277
0.495299
0.028511
0.086464
0.343844
0.028511
0.124637
0.124637
0.390624
0.473081
0.533707
0.280552
0.124637
0.028511
0.390624
0.000000
0.399585
0.373910
0.359870
0.438167
0.327006
0.446696
0.028511
0.051277
0.315556
0.028511
0.070229
0.100664
0.280552
0.488511
0.395689
0.000000
0.407890
0.456962
0.134957
0.355719
0.438167
0.386402
0.200540
0.408776
0.124637
0.498146
0.325176
0.249273
0.480825
0.406096
0.259594
0.161255
0.000000
0.100664
0.407890
0.343844
0.113282
0.086464
0.249273
0.355719
0.442183
0.100664
0.113282
0.285892
0.497340
0.134957
0.153148
0.086464
0.436796
0.220762
0.495710
0.216034
0.051277
0.051277
0.419709
0.449196
0.194866
0.000000
0.280552
0.384231
0.051277
0.194866
0.450426
0.407890
0.153148
0.144417
0.113282
0.086464
0.205943
0.506280
0.000000
0.366468
0.113282
0.100664
0.028511
0.715530
0.182589
0.124637
0.435408
0.358503
0.000000
0.474078
0.028511
0.051277
0.269054
0.309367
0.070229
0.070229
0.346932
0.051277
0.373910
0.070229
0.327006
0.334044
0.168821
0.028511
0.051277
0.200540
0.134957
0.113282
0.086464
0.390624
0.309367
0.134957
0.144417
0.443491
0.051277
0.408776
0.070229
0.086464
0.446062
0.051277
0.712536
0.000000
0.000000
0.144417
0.113282
0.070229
0.469001
0.577283
0.205943
0.100664
0.404274
0.533707
0.351410
0.298235
0.220762
0.051277
0.188894
0.144417
0.153148
0.259594
0.352865
0.124637
0.389583
0.225300
0.323317
0.051277
0.352865
0.309367
0.327006
0.144417
0.343844
0.028511
0.351410
0.496934
0.376286
0.438846
0.000000
0.323317
0.216034
0.359870
0.134957
0.200540
0.113282
0.390624
0.000000
0.475558
0.070229
0.411394
0.826268
0.407890
0.467958
0.400538
0.237919
0.470548
0.086464
0.455801
0.504775
0.525175
0.070229
0.100664
0.340671
0.274948
0.233867
0.367743
0.394694
0.440193
0.339050
0.188894
0.070229
0.370250
0.028511
0.434003
0.113282
0.070229
0.070229
0.465843
0.051277
0.262836
0.466905
0.100664
0.477502
0.328807
0.382017
0.453444
0.349937
0.265987
0.413107
0.028511
0.443491
0.028511
0.451036
0.028511
0.544879
0.000000
0.086464
0.028511
0.302820
0.249273
0.470548
0.000000
0.409656
0.323317
0.124637
0.070229
0.211101
0.205943
0.428944
0.070229
0.585197
0.249273
0.086464
0.168821
0.000000
0.647035
0.100664
0.489382
0.245613
0.458111
0.028511
0.200540
0.205943
0.367743
0.144417
0.070229
0.421302
0.161255
0.220762
0.225300
0.411394
0.182589
0.423649
0.188894
0.403351
0.446062
0.505530
0.416456
0.437484
0.413107
0.028511
0.113282
0.262836
0.028511
0.134957
0.144417
0.409656
0.124637
0.124637
0.252819
0.409656
0.000000
0.113282
0.113282
0.070229
0.113282
0.000000
0.439522
0.359870
0.100664
0.188894
0.051277
0.216034
0.233867
0.028511
0.332325
0.285892
0.375104
0.319503
0.256257
0.411394
0.446696
0.220762
0.086464
0.307226
0.245613
0.358503
0.309367
0.194866
0.000000
0.070229
0.028511
0.124637
0.175914
0.070229
0.514568
0.359870
0.144417
