0.493055556
0.356481481
0.421296296
0.458333333
0.449074074
0.814814815
0.775462963
0.787037037
0.884259259
0.796296296
0.168981481
0.388888889
0.162037037
0.296296296
0.108796296
0.108796296
0.400462963
0.837962963
0.1875
0.125
0.208333333
0.921296296
0.965277778
0.988425926
0.358796296
0.342592593
0.587962963
0.203703704
0.31712963
0.31712963
0.31712963
0.31712963
0.266203704
0.583333333
0.261574074
0.613425926
0.675925926
0.226851852
0.215277778
0.231481481
0.953703704
0.949074074
0.56712963
0.689814815
0.62037037
0.773148148
0.782407407
0.895833333
0.944444444
0.231481481
0.69212963
0.993055556
0.958333333
0.902777778
0.768518519
0.627314815
0.509259259
0.423611111
0.375
0.530092593
0.0001
0.981481481
0.0001
0.990740741
0.393518519
0.231481481
0.189814815
0.138888889
0.0001
0.344907407
0.87037037
0.606481481
0.3125
0.594907407
0.930555556
0.972222222
0.979166667
0.090277778
0.090277778
0.090277778
0.090277778
0.090277778
0.233796296
0.090277778
0.090277778
0.113425926
0.113425926
0.113425926
0.113425926
0.113425926
0.090277778
0.233796296
0.069444444
0.069444444
0.069444444
0.178240741
0.178240741
0.178240741
0.194444444
0.194444444
0.212962963
0.212962963
0.212962963
0.212962963
0.212962963
0.212962963
0.233796296
0.159722222
0.141203704
0.113425926
0.178240741
0.252314815
0.321759259
0.321759259
0.252314815
0.263888889
0.263888889
0.263888889
0.263888889
0.280092593
0.280092593
0.252314815
0.293981481
0.293981481
0.300925926
0.293981481
0.293981481
0.293981481
0.280092593
0.30787037
0.414351852
0.300925926
0.30787037
0.321759259
0.321759259
0.328703704
0.328703704
0.354166667
0.354166667
0.365740741
0.372685185
0.372685185
0.384259259
0.384259259
0.395833333
0.252314815
0.395833333
0.30787037
0.395833333
0.159722222
0.803240741
0.414351852
0.560185185
0.418981481
0.428240741
0.428240741
0.43287037
0.43287037
0.439814815
0.446759259
0.453703704
0.460648148
0.460648148
0.476851852
0.520833333
0.541666667
0.553240741
0.560185185
0.680555556
0.576388889
0.678240741
0.638888889
0.506944444
0.581018519
0.592592593
0.592592593
0.604166667
0.615740741
0.618055556
0.641203704
0.650462963
0.652777778
0.657407407
0.662037037
0.668981481
0.678240741
0.578703704
0.560185185
0.581018519
0.722222222
0.74537037
0.75
0.756944444
0.761574074
0.766203704
0.685185185
0.685185185
0.414351852
0.777777778
0.791666667
0.793981481
0.800925926
0.68287037
0.824074074
0.770833333
0.819444444
0.826388889
0.886574074
0.847222222
0.849537037
0.868055556
0.868055556
0.875
0.696759259
0.844907407
0.888888889
0.905092593
0.923611111
0.928240741
0.94212963
0.956018519
0.835648148
0.891203704
0.710648148
0.118055556
0.5
0.0001
0.018518519
0.106481481
0.671296296
0.893518519
0.842592593
0.851851852
0.854166667
0.856481481
0.9375
0.877314815
0.912037037
0.831018519
0.914351852
0.916666667
0.925925926
0.780092593
0.861111111
0.960648148
0.743055556
0.840277778
0.8125
0.6875
0.731481481
0.701388889
0.706018519
0.715277778
0.724537037
0.724537037
0.726851852
0.733796296
0.810185185
0.655092593
0.969907407
0.534722222
0.643518519
0.518518519
0.752314815
0.590277778
0.5625
0.569444444
0.571759259
0.585648148
0.585648148
0.416666667
0.601851852
0.608796296
0.611111111
0.62962963
0.634259259
0.648148148
0.518518519
0.555555556
0.4375
0.550925926
0.469907407
0.435185185
0.4375
0.666666667
0.44212963
0.44212963
0.465277778
0.472222222
0.546296296
0.481481481
0.486111111
0.513888889
0.55787037
0.75462963
0.115740741
0.789351852
0.201388889
0.270833333
0.201388889
0.391203704
0.391203704
0.37962963
0.37037037
0.37037037
0.361111111
0.351851852
0.340277778
0.326388889
0.314814815
0.314814815
0.314814815
0.305555556
0.270833333
0.236111111
0.222222222
0.270833333
0.236111111
0.236111111
0.236111111
0.236111111
0.24537037
0.256944444
0.256944444
0.256944444
0.256944444
0.763888889
0.37037037
0.201388889
0.256944444
0.071759259
0.425925926
0.648148148
0.407407407
0.164351852
0.201388889
0.201388889
0.201388889
0.185185185
0.185185185
0.185185185
0.185185185
0.185185185
0.164351852
0.164351852
0.201388889
0.164351852
0.164351852
0.092592593
0.092592593
0.115740741
0.115740741
0.805555556
0.115740741
0.398148148
0.143518519
0.143518519
0.143518519
0.143518519
0.201388889
0.164351852
0.115740741
0.085648148
0.099537037
0.101851852
0.111111111
0.12962963
0.134259259
0.152777778
0.719907407
0.19212963
0.206018519
0.238425926
0.046296296
0.104166667
0.277777778
0.180555556
0.240740741
0.064814815
0.05787037
0.048611111
0.291666667
0.331018519
0.337962963
0.347222222
0.462962963
0.511574074
0.539351852
0.548611111
0.622685185
0.625
0.712962963
0.49537037
0.043981481
0.543981481
0.037037037
0.872685185
0.050925926
0.0001
0.081018519
0.284722222
0.136574074
0.0625
0.537037037
0.935185185
0.224537037
0.025462963
0.243055556
0.298611111
0.219907407
0.456018519
0.497685185
0.636574074
0.023148148
0.023148148
0.703703704
0.011574074
0.013888889
0.275462963
0.006944444
0.0001
0.273148148
0.694444444
0.0001
0.759259259
0.196759259
0.157407407
0.0001
0.127314815
0.881944444
0.798611111
0.909722222
0.974537037
0.986111111
0.00462963
0.574074074
0.0001
0.0001
0.0001
0.027777778
0.009259259
0.030092593
0.032407407
0.039351852
0.053240741
0.060185185
0.074074074
0.217592593
0.002314815
0.127314815
0.664351852
0.664351852
0.747685185
0.99537037
0.907407407
0.907407407
0.833333333
0.81712963
0.784722222
0.259259259
0.740740741
0.863425926
0.451388889
0.898148148
0.502314815
0.900462963
0.93287037
0.976851852
0.951388889
0.962962963
0.967592593
0.983796296
0.451388889
0.939814815
0.738425926
0.597222222
0.87962963
0.946759259
0.444444444
0.659722222
0.645833333
0.631944444
0.631944444
0.631944444
0.599537037
0.564814815
0.532407407
0.516203704
0.479166667
0.699074074
0.467592593
0.673611111
0.736111111
0.282407407
0.229166667
0.148148148
0.173611111
0.409722222
0.402777778
0.097222222
0.381944444
0.363425926
0.349537037
0.335648148
0.324074074
0.324074074
0.324074074
0.430555556
0.173611111
0.310185185
0.25
0.324074074
0.50462963
0.50462963
0.50462963
0.50462963
0.50462963
0.50462963
0.148148148
0.148148148
0.148148148
0.148148148
0.148148148
0.148148148
0.122685185
0.122685185
0.097222222
0.122685185
0.041666667
0.034722222
0.386574074
0.087962963
0.046296296
0.046296296
0.046296296
0.041666667
