0.7062892913818359
0.10347869247198105
0.36193305253982544
0.5511472225189209
0.7523443698883057
0.8948012590408325
0.8765124082565308
0.7057428359985352
0.6909539699554443
0.8908889293670654
0.5162355899810791
0.6726170778274536
0.5872226357460022
0.7505021095275879
0.6140705943107605
0.5147233009338379
0.3386229872703552
0.8834668397903442
0.19194260239601135
0.43528488278388977
0.3452655076980591
0.8015064001083374
0.5807793140411377
0.7560817003250122
0.812503457069397
0.7087709903717041
0.4849272072315216
0.7944157123565674
0.9187020063400269
0.8562862873077393
0.8630461692810059
0.6392024755477905
0.286249577999115
0.9492287635803223
0.28303754329681396
0.7975088357925415
0.7592557668685913
0.8353303670883179
0.5234532356262207
0.6997833251953125
0.9927396774291992
0.6416630744934082
0.826696515083313
0.8583636283874512
0.3915591537952423
0.33410659432411194
0.747429609298706
0.7871776819229126
0.8759398460388184
0.5326242446899414
0.7713133096694946
0.8575135469436646
0.8754204511642456
0.8455077409744263
0.8773671388626099
0.6400654315948486
0.31248214840888977
0.25881877541542053
0.4355383515357971
0.8933730125427246
0.6395715475082397
0.6473261117935181
0.6842765808105469
0.7937381267547607
0.4925004541873932
0.6473175287246704
0.8172734975814819
0.8467116355895996
0.6682862043380737
0.4644260108470917
0.3804970383644104
0.45483002066612244
0.8198705911636353
0.80712890625
0.9236286878585815
0.518871545791626
0.9057527780532837
0.22592897713184357
0.15210846066474915
0.9141569137573242
0.8536076545715332
0.6622525453567505
0.8308335542678833
0.7127194404602051
0.8946436643600464
0.7487808465957642
0.5913845300674438
0.8655098676681519
0.7588591575622559
0.8220678567886353
0.48448261618614197
0.7411574125289917
0.6561212539672852
0.03767780214548111
0.9241939783096313
0.8448584079742432
0.6261765956878662
0.8150122165679932
0.7035199403762817
0.725482702255249
0.5251160860061646
0.8472644090652466
0.8112868070602417
0.5088948011398315
0.5620932579040527
0.3931235373020172
0.8078908920288086
0.9311461448669434
0.5282862186431885
0.48448577523231506
0.3880062401294708
0.5501326322555542
0.2928255796432495
0.5050159692764282
0.8343523740768433
0.7182443141937256
0.6296647787094116
0.9080171585083008
0.7187768220901489
0.7998538017272949
0.6568809747695923
0.8042906522750854
0.9199855327606201
0.8625578880310059
0.8553222417831421
0.34764909744262695
0.7842017412185669
0.8083819150924683
0.0905710831284523
0.8405778408050537
0.8901029825210571
0.46185147762298584
0.7830715179443359
0.8334994316101074
0.5400367975234985
0.5032798051834106
0.6002323627471924
0.8321658372879028
0.8510076999664307
0.6474869251251221
0.5633962750434875
0.8023703098297119
0.7731220722198486
0.5480955243110657
0.4757689833641052
0.7421433925628662
0.8615646362304688
0.41227248311042786
0.3980208933353424
0.8415343761444092
0.4688096344470978
0.8524379730224609
0.590191125869751
0.7421990633010864
0.5053062438964844
0.28326648473739624
0.7423075437545776
0.46024325489997864
0.6370683908462524
0.8776123523712158
0.868546724319458
0.8449398279190063
0.7951436042785645
0.8106693029403687
0.6884158849716187
0.8108621835708618
