196
223
253
269
271
286
418
553
703
848
931
1013
1088
1144
1149
1228
1314
1708
1725
1884
1951
2009
2018
2077
2115
2127
2180
2195
2201
2296
2314
2504
2627
2640
2672
2757
2760
2882
3005
3142
3211
3235
3256
3267
3270
3285
3294
3333
3349
3500
3528
3552
3710
3817
3885
3943
4039
4042
4170
4237
4243
4261
4363
4395
4541
4702
4751
4784
4820
4874
4880
4928
4965
4971
5006
5073
5088
5109
5114
5173
5314
5345
5360
5395
5420
5435
5445
5454
5497
5564
5575
5634
5672
5683
5712
5755
5938
5949
6053
6073
6151
6157
6262
6304
6357
6359
6401
6425
6427
6602
6712
6924
6959
7046
7158
7178
7199
7224
7379
7413
7522
7598
7629
7645
7647
7678
7771
7794
7834
7875
7918
7957
8051
8159
8202
8212
8233
8249
8281
8294
8369
8390
8399
8518
8718
8789
9123
9131
9195
9207
9215
9245
9275
9284
9317
9385
9452
9472
9516
9664
9696
9782
9802
9808
9852
9879
