0.3009309225446292
0.3056499909663014
0.264363950746768
0.236442956872549
0.3049211369327773
0.3091952117897681
0.23297145075292927
0.27426067031845625
0.31255101883905545
0.332099847161927
0.31431477435314337
0.29029700201866654
0.2820688054480747
0.2681670880614096
0.2590314671289373
0.32701379881237874
0.3217052852694474
0.2847377568033812
0.2138553856594013
0.2929591462638466
0.3262618916046219
0.29157411335747224
0.28651709833787603
0.31065761578263046
0.3046137233800194
0.3307323779981007
0.2937822716722042
0.3133426339618059
0.29362201100326235
0.3002092411956935
0.30410134668622024
0.2876939323216488
0.2762477569115969
0.2985549468442146
0.28489331043189087
0.26746462995871423
0.29025946791827667
0.2691363570837741
0.30596853079887293
0.28263922226366633
0.2856652983481461
0.3111853805169303
0.30919291362104756
0.30916919161725964
0.278619805460869
0.3595176742473765
0.2896024743872144
0.3278313385028326
0.2857258949867981
0.29346668536708675
0.29177837365560655
0.2979878956872782
0.3247324935786685
0.3148513746544456
0.3118826883478865
0.2495387443132839
0.30092847962493646
0.32299992269036437
0.3247874395371767
0.2662455505002096
0.2200450971953083
0.297404065850917
0.30597195345313016
0.28230600610130463
0.31081873025862067
0.27244002907201337
0.28973484413001327
0.30290665021273316
0.2974942811271026
0.31811364377502954
0.33385702412799495
0.297959605233101
0.3177718986506621
0.2913165810946232
0.2652436649088514
0.31667985325439046
0.2780326869472382
0.2946472469849577
0.3060698658116326
0.29250526603817456
0.3017634219110563
0.30460228959065233
0.30061677948255866
0.3174024760721302
0.3246806685381442
0.2525826987409351
0.2950614313141501
0.3025693571687666
0.3229728928048266
0.3301132830359069
0.32011691392446984
0.3020600824259766
0.29542123996544345
0.3030677650351513
0.306128857113782
0.30185502952854243
0.31812498833525626
0.3183608913551211
0.2995550049625527
0.2921320574177281
0.2978171427595186
0.28443932041968484
0.3215302589233476
0.29403049809330134
0.31705790016707197
0.31315849424821346
0.29302626029821416
0.2692566030078341
0.28378417132263906
0.31762770496401205
0.2631452438254337
0.300073842752031
0.29332799984896735
0.3040867263533164
0.31750904601352165
0.28728882211668166
0.2547487204569879
0.30253968599782854
0.2965304795056825
0.3005995459997857
0.29203799183378154
0.3028383593723571
0.31200375343980263
0.2247842292187117
0.3018638277740027
0.27179752945887203
0.2915650695677971
0.3346036521787842
0.31348813832049865
0.2784336243398646
0.23079903139682847
0.3388928229709965
0.31577915012413077
0.3073645161129309
0.3090996807180166
0.3202160439985547
0.2998459706058973
0.3300220557449595
0.3186003771543478
0.30502253753779074
0.3083162374817857
0.31683692116750706
0.2767819600245671
0.322724451157069
0.28810200184493623
0.32148431738349065
0.29585365369131084
0.2940117433496768
0.3284048317238043
0.27910637486941375
0.2913863361150269
0.3017120542789499
0.3350523902394662
0.27879040631478486
0.3113423512400802
0.2897416860323866
0.30597444930497175
0.3151497362772665
0.34192761923803117
0.2477483760102652
0.32935199983838587
0.30138246357260046
0.2847213683609973
0.2667417698411749
0.27015040989882055
0.2936222882648152
0.3024693495180299
0.324945432233991
0.28382417007359156
0.3153161576680808
0.2840624531334114
0.2561108612739499
0.25478145944808905
0.2919457439880411
0.27878875674085074
0.3185316501401617
0.3217425508526205
0.3326710908071153
0.3262210436783283
0.2934693557660169
0.30398506270422415
0.3096307887249884
0.306811595929632
0.3180170409956655
0.31088623426834777
0.28596086365176115
0.30547610974194406
0.28011417509485653
0.29669034682249495
0.31368535116547663
0.3079721386665789
0.30577019835641506
0.3461074766644208
0.3070186049170843
0.30215495243744306
0.28781925376291745
0.28248591718704624
0.33196042886622
0.29723648839821437
0.29245253575340674
0.31707370277341335
0.2615508928256477
0.3368986353879076
0.29937959512670304
0.31263580511896316
0.32369832417498184
0.28796929048846504
0.31178004855974323
0.28327528703050026
0.2155265342814564
0.27591151667645797
0.3096073875603778
0.32408044915796647
0.331007439559493
0.3062322640104304
0.30958521123877375
0.2933088074254503
0.291801863402022
0.3033714136284176
0.3076341922322045
0.2967182892631475
0.3251537147295053
0.29838954738527623
0.32609336736439076
0.3124133268879638
0.3058895723684326
0.3004656660485348
0.32752287774564676
0.27747536064610395
0.29037714871591885
0.3126385247105233
0.30394426445219985
0.3118691176737587
0.33572138515197664
0.31068260469497316
0.3071661179609792
0.3169763973646735
0.3193978635417268
0.3093534147502823
0.34372665298423444
0.3214509152338841
0.29145996645393907
0.3148850508818954
0.3141788533967534
0.3063858375546098
0.29944077392298607
0.3288385543028774
0.3052583387947836
0.3413399289605487
0.31906868429160096
0.2953864664141826
0.30149497695437055
0.2937229718947001
0.29397696096407633
