0.7061053264310542
0.6993236286712459
0.7004166002519023
0.6815286868559117
0.6041826898539641
0.6285187069776641
0.5712189942408066
0.6889544340390155
0.6988464044154746
0.6607830363031294
0.6857478242607222
0.691138536303956
0.5566814000186101
0.6834078441963823
0.6858664258694988
0.7002231824821099
0.6986587541228967
0.6672205985697388
0.6783784576357158
0.6570160036904666
0.6917791902441977
0.6813535930101788
0.6961703258829502
0.7077020612798732
0.7143853523923263
0.6907690104427391
0.6952688746373707
0.6987150324889376
0.6871262299236196
0.6841849527608095
0.6818444617546343
0.7049914704111746
0.7036488060794893
0.700079759666259
0.6797684252454622
0.6828667032782366
0.6935321946095951
0.6779225736459595
0.6951928436678071
0.6872617217687982
0.6999093651214783
0.6902797452800574
0.6996404093919394
0.6998435726451968
0.7056786446289371
0.7107658957292919
0.6864638457021423
0.7085901282497284
0.7115424696720354
0.6863590048428609
0.6972703794986217
0.6927212822173364
0.6941497371062925
0.6898848923063824
0.7012300118583604
0.6880601200856892
0.6969740150757325
0.6977575237048078
0.6907804901955537
0.694223439668719
0.6910648165886918
0.7023631156890567
0.696862617628256
0.7036700620733338
0.7020503302522958
0.6825064422954114
0.6647235088660687
0.7037237022407543
0.6917195568825943
0.5448754164757527
0.6953008456085811
0.700402002449725
0.707989582839622
0.6929738806891266
0.7004713123754633
0.7028114915733842
0.6796672416113325
0.7045596373870094
0.6825929155655147
0.7000615015107116
0.6815811381909759
0.704478050662841
0.695774956303978
0.6737215294893915
0.6897729105824245
0.6851878358115483
0.7103158440714672
0.6900186034988117
0.7097852925823599
0.7033631617136757
0.6948011283089642
0.6888328635408688
0.6950908815613451
0.7000396127206123
0.6927408295469744
0.684324272559292
0.6817648389634628
0.6736972540729788
0.6947566533945356
0.6800213550525869
0.6862164871130023
0.694841048898341
0.6843402637002494
0.7025959312210286
0.6884379782412007
0.6804766662052443
0.6994309754070945
0.6700422386862783
0.6615633553898203
0.7003248337908695
0.6903115238095292
0.6703032332332562
0.6755613178221922
0.6669936878943175
0.7007981763537646
0.6990404114926845
0.6981945628665233
0.7027950965615387
0.6841161284186549
0.7009749971126673
0.6960554627625668
0.7081749620877718
0.6964207168386821
0.6915705547835461
0.681368810639634
0.6819987994467026
0.6857651762213206
0.7117326919321765
0.696296970298042
0.6854609676793881
0.688753453701523
0.7100433192663399
0.6798372585202499
0.6967201768859004
0.7227443813017366
0.696077451429596
0.7002235224641199
0.6836821989327033
0.6850627533718315
0.6923985182101785
0.6801690304071443
0.6916585837111515
0.6968672711543079
0.6947756045417016
0.6910602114395099
0.6823534107839665
0.6863639176259484
0.6922795336972881
0.7047270207391371
0.6811969106419621
0.6854426313131067
0.7076228217866786
0.6958669432940217
0.6997052239458884
0.7022482114134034
0.714071154686025
0.6878905004036804
0.695135263153045
0.7056169776750916
0.6996001476004308
0.6990126929469431
0.692987099603433
0.708495053993214
0.7043688128789279
0.7090118495849367
0.695186367136976
0.6731548028056147
0.6900867473028093
0.7055897039396667
0.6937274147804597
0.690659957516263
0.705431476669318
0.7068404119581749
0.6878680178137704
0.7134898310243174
0.7068980171898183
0.6962456202936292
0.704122943629746
0.7002321768116437
0.693672232244556
0.7003082827147653
0.7203604186926966
0.6923127379754245
0.6976552200496701
0.7113544782579279
0.6987140413444608
0.6986057599662776
0.7007882167018297
0.6932358998703294
0.712763893223867
0.6968206063343901
0.699573701860115
0.6901132081803217
0.6966759758025359
0.6768915658645068
0.7080645071378179
0.7104163474757315
0.6567072473780194
0.6768518631785798
0.7129548706772175
0.697901222275506
0.6967659026921167
0.7051346153917142
0.6589160742042046
0.6930575370494378
0.6885974378693462
0.6934023432568186
0.6944061748704
0.6926766375179134
0.7063912812030564
0.7121653220555207
0.7153821406906766
0.7019414375240877
0.6998988719149737
0.6966323187839939
0.6979035106466541
0.7104881001801864
0.6864635398550512
0.7191049948959135
0.6981950982547178
0.6967541754460804
0.7119691861775412
0.6925574057459862
0.7019027788508839
0.7194157922064673
0.6525714622129298
0.6947283068704286
0.6850693452943478
0.6914224393846077
0.6892422178045083
0.6995519234779498
0.6712217554731498
0.7044463973200884
0.647080907366222
0.674586439881512
0.6898607224343267
0.6991564386985759
0.6993716775006158
0.7083454365965329
0.693413441629286
0.7046396253165823
0.6862470203338349
0.6939363565445422
0.6823237985805243
0.7047330822113094
0.7003236908896335
0.6997518873299975
0.7127048655665102
0.7043222703057717
0.7036392956000567
0.6817807825000928
0.7036406068399583
0.6816117050432396
0.7058658098803958
