0.7230403796335402
0.7364835811573703
0.7046734430528255
0.7354063421248592
0.7203892019675043
0.7001849252149104
0.7358251830020882
0.7277376477807088
0.7122048139039703
0.6962655809093645
0.694154156711782
0.7297145844226389
0.7160060690331495
0.7166193700009414
0.7281921855922698
0.713661979200896
0.7259256033828044
0.7132446065637384
0.7257329202175095
0.7230577375788176
0.7110026685515005
0.7273744176516412
0.7283341058505987
0.7247042330667864
0.7327659840072781
0.7146154731940784
0.7273794738936465
0.7230314377821621
0.7242989243236853
0.7382555252444086
0.7415947418727333
0.708392478774838
0.7215603347279733
0.7265822016335773
0.7268758773044781
0.727598761376368
0.7381465278845523
0.7240584185997265
0.7351714926709831
0.7107500406923749
0.712043353823218
0.7374021679953721
0.7318414809470285
0.7262373390403478
0.7158795263138387
0.7284772663734885
0.7164509786789758
0.7117817144579598
0.7276173549351134
0.7278276539734706
0.7245624117395666
0.7312824938629314
0.7321831259721882
0.7257648330521868
0.7254716605799308
0.7254038219840624
0.7169005794494299
0.7314576344211514
0.6979452674827017
0.7355457623490196
0.7268370467485421
0.7260417459437692
0.7300525077166415
0.720302528788565
0.7154353974825409
0.7176815969771091
0.72933150492563
0.7309885553509137
0.7277535276466157
0.7299902168618648
0.7230578203837156
0.7364680756916208
0.7354918261501352
0.7119628206377565
0.7236985992592283
0.7249229487939882
0.7333329339842309
0.7270481943350476
0.7123434631871653
0.7186482734641764
0.7325582208849328
0.7105802501806439
0.7285165020012687
0.7146454042304399
0.715645886892978
0.7171033122299721
0.7213498268177561
0.7303514739070845
0.7073691554989158
0.7225871910130764
0.7074751232633251
0.7284056712065792
0.7246106786121196
0.7360638658178231
0.7366114069164758
0.7253284762764555
0.7326338247176696
0.7317965985418867
0.6961697336998862
0.7235554689485497
0.7145846587558523
0.6935187969679991
0.7183443223229133
0.7206394107364325
0.7178440549542519
0.7338076767426401
0.7341177781740788
0.731154614593922
0.7249215924831136
0.7206700184250926
0.7279033745364957
0.7263558993329907
0.7271136582236027
0.7231185530803346
0.7269504671872653
0.7245625861992369
0.7285829923654799
0.7048023098507914
0.7270819855733262
0.72666233673595
0.7305104483867974
0.7164485587878557
0.73249612795901
0.723153129698211
0.7332237502625539
0.7259866789420777
0.7130308771484156
0.7254638425459348
0.7325371968975983
0.7259565501996911
0.7363189764648261
0.7157665104173963
0.7263176929664505
0.7128548211546307
0.7264791632121491
0.7356949400280813
0.7270001378650635
0.7133989945992736
0.7312706641904314
0.7279807204786928
0.7095133688830407
0.7166622289343856
0.7212065363029871
0.7275946900866876
0.7211036332901352
0.7291821572957462
0.7221925112188844
0.7328333136695178
0.7218409490059912
0.7083091406643648
0.7360415934806062
0.7221869125265463
0.7262734061716903
0.7078436911232651
0.7273422826970991
0.7255650834223416
0.7170517160854583
0.7256753147496194
0.7232987476963458
0.7271550753505972
0.74062428829953
0.7056800650418382
0.7026515911134997
0.7236380276074847
0.7200873231883003
0.7233989599991297
0.721191302182862
0.7144815319882751
0.7153308875243888
0.7263293607740041
0.7113252937467516
0.7213409418966042
0.7186906275441168
0.7206808944118156
0.727766332697972
0.7182813686885908
0.7268102548145756
0.7302269558370332
0.7147813550001051
0.7066011178660571
0.7224127911621425
0.7097602835915572
0.7213751359859244
0.7201536790274391
0.7255697475992103
0.72720590357467
0.717759366538856
0.7297901568706315
0.7250125371982615
0.7157343714751679
0.7277748581306726
0.7256216146660099
0.7140524585854633
0.7195254891515549
0.725340274299891
0.7366532814487192
0.7172232650523127
0.7193333635610226
0.7308156385092377
0.7217035038114795
0.7350040910719235
0.7177143521841426
0.7161297730567188
0.7386292429565037
0.7170018811428012
0.7247278566462981
0.73007742372759
0.7255501139014614
0.7216420929122346
0.7263843905192298
0.731458735319302
0.7342123009786548
0.717405102217946
0.7165283297020237
0.6702199662192083
0.7267317315707079
0.7052880871168089
0.7280516057308131
0.7317505333222123
0.7275238259913154
0.7263322410272985
0.7231890244108033
0.6985638527104927
0.7208189580632969
0.7229265964036256
0.7204933104369438
0.731808731346936
0.7238398735859208
0.7340390500130859
0.7153052869264318
0.7104138543166563
0.712006173993894
0.7338394128426544
0.7172195119489476
0.7266235870723025
0.7263615684801935
0.734480643656534
0.7343685735045508
0.7202539503010231
0.7007485412532587
0.7019791110057608
0.727610670189326
0.7259241672306039
0.7355451908330636
0.7234108124259798
0.7306127131173993
0.7154542191140515
0.7221541968860542
0.7369279133169905
0.7211367972260321
0.726701139641658
0.7249314491656649
0.7289626465338083
0.7157830175129787
