0.710213970832624
0.7285121333062055
0.7159943874421177
0.7118342480078271
0.7192703508480611
0.7295806127278723
0.7389823591339147
0.7278275534491868
0.6941503412006348
0.7084750813914865
0.7192813905370102
0.7005599465554965
0.6952070185441284
0.7254905631642397
0.711833756865907
0.7170695419062759
0.7207080666162611
0.7164868641831144
0.7170410252164794
0.7024189275735074
0.6870422363511919
0.721433278924677
0.7076464529057848
0.7109035201867006
0.7227911422338846
0.7056511230158964
0.7156200621598771
0.7214171630694804
0.720037844526015
0.719116231184039
0.7358186893850933
0.6997283873786059
0.7192052502138381
0.7085198132570961
0.7228175957400845
0.7194056994815049
0.7223828167276631
0.7238928138323188
0.7185241197275021
0.7193868191826965
0.7261882121110775
0.7166746427804307
0.7069809234553756
0.7132855126905963
0.7091692609023624
0.7174662764768823
0.7191231746604198
0.7015485474492688
0.7037528143465172
0.7032633619305846
0.7203733275353625
0.7239235487418104
0.7270810852599197
0.7159124929633623
0.7139774731133997
0.708571275925061
0.7010006298932943
0.7061614479317113
0.7088443984677172
0.729550755764157
0.7207903561079954
0.7163787881847107
0.690008512953842
0.7287648261309353
0.7193502931477779
0.7289016229309239
0.7184326064128032
0.7212067135384984
0.7300684761529044
0.7184972499661069
0.7190995912289565
0.7196720219408289
0.691364759634298
0.711569727380038
0.7266403289281915
0.718262058342756
0.718521851708167
0.6994949016392857
0.7024253757271292
0.7040263874886975
0.7220782215577138
0.6989943034548083
0.7129298470777903
0.6899073998472643
0.70350611927269
0.7186931146229183
0.7119420588492633
0.7253543618530658
0.7163725547576195
0.7108369394603158
0.7172573592621527
0.713605284744694
0.7100446037052084
0.7194764837014269
0.7033020523738014
0.7218827356168439
0.7075209773344601
0.709162319231968
0.7160938654060969
0.7125659886830675
0.715493409331424
0.7225711382740828
0.719923806058507
0.7092325163594572
0.7266029737273574
0.7184200851636511
0.7104104312747742
0.7308652538194607
0.7141425163052376
0.7089194767514074
0.704663220322512
0.718951677670911
0.7072217244112283
0.7097297909803021
0.713352090912433
0.7259758044540853
0.7002608650198298
0.7101331994718698
0.7182726285684858
0.7150028209315233
0.7138968467399456
0.7236362944839875
0.7043035399323727
0.7174957255699014
0.7153838063299212
0.7081937121653414
0.7142624577279264
0.7107120368980602
0.7153063442840766
0.729561917877238
0.7225236499140241
0.6996508363536598
0.7141814285336929
0.713351168360302
0.7111892843056502
0.7195884966666674
0.7214121620915908
0.7029062033794495
0.7087579462936414
0.7208079796553679
0.7170923337980903
0.7137044444776406
0.7107191246375532
0.7236758890670577
0.7018137930170951
0.7024095807610687
0.7151738148416317
0.727294590785168
0.7257039893768975
0.7181135761031162
0.7073138188985105
0.7141051271476614
0.7245740726705565
0.7182795894722467
0.706667431451566
0.7091711671430919
0.7176201972018736
0.7134789023421481
0.7208989626678796
0.7043204935625955
0.7115185502703363
0.7284020796456993
0.712855462200783
0.7174329075704423
0.7219903015885464
0.703540538335782
0.7250950667565045
0.7185805592624115
0.7196367524660234
0.7161132718144477
0.7143001071595785
0.7176844301893262
0.7102402034879037
0.7087942966898952
0.7197734288897729
0.7042428563174651
0.7210260463640169
0.6830527499430855
0.7171051405553686
0.697689413834126
0.7132007642726551
0.71339521519437
0.7083295377123855
0.7210163407694047
0.7210338491221545
0.7244106180530988
0.725017911698658
0.7270979763766392
0.6952566856042514
0.6947580443762259
0.7119419346169262
0.7101935629785682
0.7065290627917654
0.6988989127367579
0.7167178895781771
0.699426040125534
0.7152065349682064
0.7193961709967375
0.7172135204944375
0.701267649859797
0.7106541299350675
0.7058945141307562
0.7171387022236742
0.6956798286187519
0.716883453929726
0.7187379971448186
0.72790876391528
0.7135594044077325
0.7133611926888531
0.7209815356170527
0.7215776475769291
0.7070329762354973
0.7288350699874065
0.7021221044839597
0.7133463687956411
0.7133632222474706
0.7050105692347735
0.7158216123295732
0.7167633686426779
0.7004010267766312
0.7173310077286904
0.7144909433118753
0.7124997368639105
0.7126890594527031
0.7196336124843611
0.7101846291008954
0.7177222669963662
0.7218172456334908
0.7092878703232421
0.720635699890187
0.7158740282243659
0.7148518592321488
0.723500257437282
0.7298737435635562
0.7112496897480192
0.7145724570551325
0.7160069925705034
0.7092759832577185
0.7287519754914885
0.7095493873430075
0.7231796728454847
0.7210912024615981
0.7137800702968842
0.7125290308141303
0.7304091546068346
0.720985822041635
0.7236158507212774
0.7120583732199822
0.7117405172685993
0.7014773446000359
0.7229381590320065
0.7167371784170624
0.7147439012114779
0.7213074108519698
