0.6380218371660871
0.6638474402466473
0.6503589900898815
0.6560975870635491
0.6538505768702304
0.6551277373412124
0.6636932216819453
0.6638442457482208
0.63637155927887
0.635473905220976
0.6454522405065183
0.6276869958561285
0.6408272456843875
0.6411946130034545
0.6408962468504035
0.6470686567104128
0.6499775669777372
0.6581542051506383
0.6490863019166967
0.629519999053351
0.6070497435030778
0.6608612231173974
0.6357658823771736
0.6418335126887881
0.6509889451796206
0.624142380401897
0.6397551720123975
0.640167901209123
0.6647994007777945
0.6460266113236335
0.6558241968590263
0.6438754360831147
0.6391903846905624
0.6404586005659499
0.6555174661492661
0.6481368969842908
0.6722706936980873
0.6519524059051038
0.6501079025135454
0.6562228114018746
0.6620214649459635
0.6597207871790768
0.6370826546286464
0.6525414714149815
0.6418692910711669
0.6654657731495975
0.6578200606152088
0.6150131427981632
0.633610873738543
0.6253224281207084
0.6552267667924393
0.6504222411587295
0.664042304650674
0.6412585029719877
0.6570201582091709
0.6385508461055434
0.6377771385866041
0.6452631261996596
0.6426110536058394
0.6622431631367743
0.6510349459569645
0.6579567851478704
0.6126939369404018
0.6562100334081679
0.652913949931531
0.6651629346987494
0.6670106325887346
0.6618304339400488
0.6622118570521929
0.6502516549427454
0.6533222068304593
0.6483637063725842
0.6268238423812427
0.6445622532448485
0.6499667056830866
0.6619179631969395
0.6557417199388181
0.6298637270840606
0.6309108836683225
0.6243506616993157
0.6579056731730435
0.6287200966473132
0.6491022744088301
0.6052175328226264
0.6373203253115907
0.6524092191801175
0.6529631452073018
0.6511978653767247
0.639036409866397
0.6464655354074577
0.6494811419222329
0.6520341850648265
0.6367523434913289
0.644898314479334
0.6423401601392578
0.6497143403073797
0.6479062541978853
0.6540032738950251
0.6515511769027142
0.65755427834611
0.6538026593938303
0.6603475477703891
0.6437406282495093
0.6456113265281664
0.6551098481500232
0.6618189337457127
0.6513773961883035
0.6571530493437205
0.6489425494874966
0.6484390965354536
0.6357384096907043
0.6509282497095138
0.6311709158402533
0.6438786305815415
0.6505174372118442
0.657969563141577
0.6250483401557002
0.641245724978281
0.6524731091486509
0.6446804496866352
0.6527657252045337
0.6581829556364786
0.6461984753389881
0.6493105557062487
0.640158317713843
0.6403384874251072
0.634853533626517
0.6342740516119193
0.6475158864901462
0.659279307496511
0.6628545901356387
0.6297519196391271
0.6491048300075714
0.6336140682369696
0.6495367261948568
0.6422040745062816
0.6514828146363836
0.6408310790824995
0.6456068542303691
0.6413255874389477
0.6432141749087942
0.6540754695594678
0.6556682464750049
0.6609615303679949
0.6404017384939552
0.6312661118933681
0.6470373506258313
0.6634979621187698
0.6515307321127835
0.6500702074321106
0.6404042940926965
0.6379228077148602
0.6437214612589492
0.6414105610970972
0.64254524693825
0.6504094631650229
0.6510157789664046
0.6508515817472738
0.6601105159871302
0.6287795143180492
0.6429336979469328
0.6593891982423884
0.6461345853704549
0.649599977263705
0.6621268833940435
0.6293155511540443
0.6508394426532524
0.6430225050031942
0.6491374138915234
0.6657564725064246
0.6507991919730765
0.6420584053780256
0.6382518410528073
0.6287827088164758
0.6701016292663792
0.6257709356998126
0.6561601992327117
0.6217835627636449
0.6533445683194461
0.6342382732295406
0.6450363168113661
0.6486882674127337
0.6472226315345782
0.6456586051048812
0.6519907398862238
0.6503634623876787
0.6556944413621034
0.6559749183239649
0.6296733349778311
0.6306003784212504
0.653834604378097
0.6459199150761826
0.6457883017410039
0.6389610197035276
0.6431068397616583
0.643711238863984
0.6595878960445272
0.6547431197306416
0.6436735437825493
0.6337942379482338
0.6494881698187716
0.6452260700179102
0.6480698125173308
0.6242139371666544
0.6516387061596048
0.6573146909641099
0.6599169293824741
0.6606267469328799
0.6617422657834726
0.6577165588661847
0.6587311315664948
0.6402234854817471
0.6581273713638544
0.6244036903731984
0.6461901696430787
0.6458102305779088
0.6373695205873612
0.649148275186174
0.6480333952352666
0.6302707061836181
0.6367823717765395
0.6549980407050898
0.6628124227564067
0.6449634822472381
0.6534895985480168
0.6522590777540639
0.653922772534673
0.6618636567236861
0.6378199448655215
0.6565160663574426
0.6492460268380301
0.6487176567982591
0.6642818920326742
0.6530366186711152
0.6474194126376609
0.6449008700780755
0.6473625505656663
0.648012950445336
0.6547987040032656
0.6370558208418624
0.6583778200405053
0.6491763867723287
0.6503161838109641
0.6375835519819482
0.6617115985985765
0.6492977777125422
0.6523178565251146
0.6524501087599789
0.6461173350789509
0.6321088205783233
0.6577945046277955
0.6527708364020164
0.6559621403302583
0.6647514833013946
