0.6154067050043288
0.6407614390167982
0.5967188892083171
0.6367280653032862
0.6332224227298601
0.6362329180471527
0.6116084463750198
0.5609992856006786
0.6268212867825013
0.6164890010712841
0.6091537937839676
0.6411581957213903
0.611542000807745
0.6225783539722
0.6451174570714034
0.618841429712683
0.6346695305171409
0.6085551447788098
0.3252976914867275
0.6412248460718685
0.32717605656160864
0.6333744808549695
0.6575766398350966
0.6216417270335007
0.6312469449028081
0.6289347669415855
0.6400241487799229
0.6371995732710625
0.6367913163721344
0.6244113571694225
0.6496562004360145
0.6520214070711199
0.6232907271213471
0.6463582002603215
0.603989567627415
0.6141237944361786
0.5812191828421205
0.6241066020195183
0.6358131609538884
0.6190407664145071
0.6452094586260916
0.6493290837971235
0.6466354827237564
0.6478570589221145
0.6324595765055715
0.6223994620603065
0.6118767842428599
0.6168653129859457
0.6194068559342033
0.6376161358659002
0.6348650338208531
0.6240989352232942
0.6096617190338078
0.6318622052997845
0.6396951154419761
0.6473012161958742
0.6273879908033924
0.6308195210133197
0.6073022624958704
0.6196828605982675
0.6330582255107292
0.6420034600050869
0.6402765141556298
0.6471625749641567
0.599950443816735
0.6104858996278885
0.6306367957033144
0.6228166635548295
0.6140311539818053
0.6395309182228454
0.6165669468328948
0.6258303533705486
0.6394600003577733
0.6207383228784389
0.6398388678711762
0.6235552315910753
0.6366858979240542
0.6218295635409888
0.6336191794344522
0.6223553779820186
0.6063068567861203
0.6337137365878817
0.6193263545738512
0.6207351283800121
0.6484263185417469
0.6233673950835872
0.6335092886885748
0.6157165713517156
0.6188337629164589
0.6452707929958836
0.638446705456834
0.6278569431724272
0.636042525940923
0.6404221832838859
0.6340101860418765
0.6330301139245745
0.6329470569654811
0.6135417568228396
0.6394600003577733
0.6279023050500859
0.6409563034208249
0.643184785523269
0.6532020936896166
0.6288996274588919
0.6321330987663659
0.6029890507201823
0.6197346114727794
0.6319484567573046
0.6407020213460621
0.6501756258801907
0.6283961745068489
0.6495705878781796
0.6401365951245416
0.6488301031428778
0.6416967881561267
0.6285942334093024
0.6551245428427858
0.6153498429323341
0.6117496432054785
0.6233252277043552
0.6330135025327559
0.6378550843482149
0.6502471826449481
0.6266213111809918
0.627377768408427
0.636384976172262
0.6098425276447573
0.621992482960749
0.6378250560630043
0.6053759799445891
0.6329580499612257
0.6416207590935719
0.6249563386010122
0.6265459210181226
0.6318564552026166
0.6224147956527545
0.6049581395503808
0.6452682373971421
0.5986847835400889
0.638567457497362
0.6245359426080626
0.6176549929970181
0.6499456219934705
0.6211727746644657
0.6355537676816428
0.6343609419691247
0.6423567715310764
0.6393073033329785
0.6469862386510046
0.6300483690931219
0.6434294841027518
0.6619959089585501
0.638433288563442
0.5987013949319077
0.6241340747059876
0.6326295238218702
0.6125080171319697
0.6498203976551451
0.6032126656100492
0.6144783837615388
0.6248119472721266
0.6220927902113464
0.6294503589876497
0.6216327824379061
0.6346605859215462
0.6185577582523948
0.6532116771848966
0.6348861175104691
0.6112596071468275
0.6359249683988217
0.6497641744828359
0.6247480573035933
0.6129654693066685
0.6455704369483051
0.6281086696484488
0.6258067140821915
0.6364245879527527
0.6362725298276433
0.6357147704023469
0.6493412228911448
0.6197838067485503
0.6241296024081904
0.6301422873468662
0.634824783140677
0.6298528657894098
0.626803397591312
0.6257242960227833
0.6393609709065465
0.6402432913719924
0.6548402324828123
0.6245257202130973
0.6085142551989484
0.6256584893551939
0.6518738212438078
0.6382773970402205
0.6227623570815761
0.617723355263349
0.6318928724846805
0.6221470966845998
0.6355901849637068
0.6216755887168235
0.6254335966659564
0.6272678776625495
0.6440766894839948
0.6536953242466942
0.6259568555082448
0.6506809955312897
0.6511556979974926
0.6287526805312652
0.649599977263705
0.6424066057065324
0.6476641112171437
0.6285795387165397
0.63006370268557
0.6599757081535248
0.626229026774197
0.6503807126791828
0.6426845270696526
0.6393878046933306
0.6207281004834735
0.6347794212630185
0.6173208484615886
0.6231367522971816
0.608205027751247
0.6386370975630634
0.6092279061474662
0.6574782492835554
0.623767346286606
0.6501136526107133
0.6103159523115896
0.6136433418728078
0.6554548539801033
0.6397519775139708
0.6030433571934356
0.6386390142621194
0.6257211015243566
0.6194381620187848
0.6316060065259657
0.6341041042956205
0.6368954570208437
0.6419350977387561
0.6323196574744835
0.6155031788568142
0.6298081428114366
0.6338632391142497
0.6222090699540771
0.6100693370330508
0.6212226088399218
0.5927832671466611
0.6208967700004017
0.5840284247585329
0.6497098680095824
0.6277508858246618
0.6167573389391243
