0.6572456897980938
0.6687912460117598
0.6435821811275465
0.6629721476777402
0.6479637551695653
0.6202112306380384
0.663965636688434
0.6593163636782605
0.6446133652196752
0.6297646976328338
0.6329323622727185
0.6441335515559896
0.6488537424312352
0.65002759263179
0.6529740065019524
0.6396638093573948
0.6526494454618029
0.6448491192035632
0.6486550446290964
0.6519127941246132
0.6433176766578184
0.6570080191151496
0.6511780594864793
0.6541815269072331
0.6609193629887627
0.6474788303083969
0.656647040792936
0.6547092580473188
0.6589266348702069
0.667656560170607
0.6635631298866738
0.6342791628094021
0.6534576535637501
0.6548025374013775
0.6577587262454168
0.6556682464750049
0.6652166022723174
0.6476775281105359
0.6659570870076194
0.6407307718319021
0.6389373804151702
0.6601200994824103
0.6598402614202341
0.6625734742740917
0.6433764554288691
0.6639835258796234
0.6401129558361844
0.6388607124529302
0.6558381937913036
0.6523038007320373
0.6530711192541232
0.6591981672364737
0.6630500934393508
0.6561371988440398
0.6569243232563708
0.6561512546371171
0.6477184176903972
0.6618259616422514
0.6224754911228613
0.6641023612210954
0.6546837020599056
0.6561626449353875
0.6625479182866785
0.638081254836823
0.6449762602409449
0.6503238506071881
0.6647125104205891
0.6564783712760079
0.6609915586532055
0.6607564435690026
0.6394855563451867
0.6623140810018464
0.6651073504261253
0.6486377943375924
0.6546070340976654
0.6513026449251194
0.6577331702580034
0.6547412030315856
0.6428627800818607
0.647300577296189
0.6662037022861582
0.629979367927106
0.6633292926018416
0.640567852412142
0.6488927153120406
0.6487911302620725
0.6493540008848515
0.655387130613458
0.6181788907389919
0.651558204799253
0.6474449686250743
0.6565825119247174
0.6478717536148773
0.6649827649874852
0.6603226306826611
0.6526264450731308
0.6661583404084994
0.6581970114295557
0.6323477690606382
0.6548958167554364
0.6405921306001847
0.6280805580622941
0.6423887165153431
0.6499462608931558
0.6471919643496822
0.6601763226547196
0.6667895732976091
0.6596575361102286
0.65653012215052
0.6440913841767576
0.655479132168146
0.6523830242930188
0.6575766398350966
0.6423708273241537
0.6578315608095449
0.6518239870683518
0.6529957290912538
0.6244439410533745
0.6588563559048202
0.6581887057336464
0.651211921169802
0.6330173359308678
0.6584040149276038
0.6492153596531341
0.6573760253339018
0.6583727088430225
0.6337865711520098
0.6528692269535578
0.6599910417459729
0.6554478260835647
0.6636781318300339
0.6395175013294534
0.652749113812715
0.6453679057480544
0.652898616339083
0.6634474890436284
0.6470181836352714
0.6422960760609697
0.6621946067606889
0.653715769036625
0.6392414966653892
0.6496574782353851
0.6417472612312681
0.6501986262688627
0.6468239581309299
0.6548996501535483
0.6454445737102943
0.6614432607307363
0.6439476317475574
0.6416507873787827
0.6619997423566621
0.6453493776571796
0.6553494355320233
0.640225402180803
0.6605896907511306
0.6557461922366156
0.6466412328209244
0.6546664517684014
0.6546900910567588
0.6560943925651223
0.6653213818207122
0.6435438471464265
0.6350611760242505
0.6533554296140968
0.654525893837628
0.6528743381510403
0.6488071027542058
0.6503097948141108
0.647632166232877
0.6582500401034385
0.6365485344917075
0.6504318246540095
0.6521255477198293
0.6512457828531247
0.6555986064093033
0.6632404855455802
0.6563595359345359
0.654316973640524
0.6432723147801596
0.6238650979384621
0.643695905271536
0.644270276088651
0.648993022562638
0.6588780784941215
0.6571760497323924
0.6555583557291275
0.6494434468407982
0.6643413097034102
0.6570738257827391
0.6408936912516622
0.654818509893511
0.6545520887247268
0.6488256308450805
0.6475063029948663
0.6541310538320918
0.6590365256160843
0.640485434352734
0.6588250498202387
0.662374776471953
0.6499603166862332
0.6566246793039494
0.6498689540312305
0.6460483339129347
0.6645400075055492
0.6385067620272553
0.6619671584727101
0.6597629545583087
0.6528966996400271
0.6551411542346045
0.6523376624153601
0.6535854335008168
0.662903146511724
0.6393200813266852
0.6466175935325671
0.6117093925253023
0.6545980895020708
0.630511571364989
0.6621518004817716
0.6592365012175937
0.652910116533419
0.6518655155478984
0.6615659294703206
0.6475963878504984
0.6488818540173898
0.6482065370499922
0.6476717780133678
0.6613806485615737
0.6519536837044745
0.6539892181019477
0.6564873158716026
0.6342108005430713
0.6443629165430244
0.6676993664495243
0.6576469188004834
0.6625236400986357
0.6630564824362041
0.6579714798406329
0.6598262056271568
0.6563697583295012
0.6391929402893038
0.6240433509506702
0.6570195193094858
0.6582609013980891
0.6629887590695588
0.6423759385216364
0.6509378332047938
0.6543936416027641
0.6556842189671382
0.6647859838844026
0.6558433049887863
0.6636570481404177
0.648439735435139
0.6638608571400394
0.6391750510981145
