0.6171766542358148
0.6243336107965871
0.6276629181201173
0.5955206937727091
0.5669834011267804
0.5734669572041521
0.5520158934184055
0.6217952615361025
0.6167473135101551
0.5297994275651883
0.6140434891783225
0.6091424881269312
0.5370752195053844
0.6067178630467552
0.608848594177819
0.6236078205222577
0.6243802504885115
0.5931942690883666
0.6141501854598479
0.5824147501548411
0.6207979388087891
0.5996810196651852
0.6306376360050447
0.6326092810636542
0.6355169144601973
0.6078704384471868
0.6133215323033295
0.6131292234366278
0.6024442616867296
0.6064482472934393
0.6133279213022231
0.624741228926008
0.6079368840356818
0.6253558506195863
0.6008834292569879
0.6054681748631388
0.6079592455318098
0.5960520682935384
0.6118201175632996
0.6120999557148455
0.6144696354045354
0.6128334127878473
0.6209193297877702
0.6166022832352671
0.6247233397291054
0.6226890824813375
0.6135477028641679
0.6255641319835225
0.6323364708108914
0.6090453753437464
0.6196862530012776
0.6062936335202107
0.615213314875767
0.6077560753669887
0.6193393303613473
0.6100765597651967
0.6202459293043695
0.626072057395575
0.6124104610610815
0.610723765353133
0.6045839374162446
0.6308523063678745
0.6135943425560924
0.6183381742346975
0.6225728027014713
0.6128838858791078
0.5907134208179257
0.6167894809028538
0.6094312708769285
0.5215256739977893
0.6095673565533652
0.6104439272015869
0.6105902352762537
0.6154190406401456
0.610034392372498
0.6248428140084187
0.6138262632159353
0.6307334709884509
0.6041098736983288
0.6210943883574588
0.6091194877309138
0.6287892986250845
0.6127484391025605
0.5893749255496862
0.6103902596108796
0.6074902930130089
0.622739555572598
0.608812815784014
0.6136167040522204
0.6183975919244092
0.6111837732734826
0.6123740437673871
0.6084058365544824
0.613776429024564
0.619915618061563
0.608444170547845
0.5979917683576793
0.610868795628021
0.614909198528425
0.6110483264969352
0.5979093502719499
0.6194977775339121
0.616907677382388
0.6204088487761601
0.596851332055146
0.6040613173067363
0.614382106119691
0.6067101962480828
0.5961070136840246
0.6317601831106757
0.6176692460505224
0.6067798363360246
0.604770496183942
0.6030179937873879
0.6170616522557274
0.6195916958176501
0.6249226764945903
0.6147858908497756
0.6138230687164883
0.6275389715415787
0.6193789421544884
0.6228398628552299
0.6137393728309802
0.6189419346301563
0.5995442950888591
0.6242984713026717
0.6074979598116814
0.6219032356174068
0.6194102482490678
0.605016472641351
0.6027407112353994
0.631148117016655
0.5948451864025102
0.6193323024625641
0.6358446701034464
0.6074557924189827
0.6254107960100724
0.6074442922209741
0.6128851636788867
0.6193910812523865
0.6112789693569993
0.6043692670534149
0.622192018367404
0.608212249888002
0.6176104672606999
0.6222878533508103
0.6185924563906685
0.6178027761274016
0.6205072393591237
0.609534772659007
0.6093967702829023
0.6174028247966532
0.6092217117132137
0.6208203003049171
0.6101941173448415
0.6270534076256541
0.6056694283282918
0.614044128078212
0.6213895601063497
0.616424669066021
0.6216636481588913
0.6108675178282422
0.6221326006776923
0.6204280157728412
0.6236078205222577
0.6067798363360246
0.6044638242370423
0.6096651082364395
0.6204535717684162
0.6191981334857953
0.6114208051324405
0.6179088335090379
0.6203986263779301
0.6077432973692012
0.6254293241068644
0.6278705605841641
0.6096171907447364
0.6176603014520712
0.6222878533508103
0.6087272031988379
0.6170086235649093
0.629534255896095
0.6061032413531771
0.6141029068680344
0.6213652819105536
0.6217831224382044
0.6185662614952042
0.6160809409255377
0.6127363000046624
0.6259225548214613
0.6160796631257589
0.6077707700644444
0.6102886745284689
0.6118974244499138
0.6141610467579675
0.617207960330394
0.6241719691245755
0.5889110842300004
0.6156688504968911
0.627931894973544
0.622144100875701
0.6148191136440231
0.6126896603127381
0.6136697327430385
0.6120699274200448
0.6120577883221467
0.6079464675340223
0.615834325568239
0.6103698148144197
0.6284442926848223
0.6073695409339173
0.6252031535460257
0.6141712691561974
0.6157972693746554
0.6180251132889041
0.6150127003105036
0.6114763894228161
0.6075164879084732
0.6325613635719511
0.6131733075289946
0.618363091330383
0.6164131688680122
0.6223447154409646
0.6151685918835109
0.6236205985200454
0.5960482348942022
0.6084550318459643
0.6099839192812374
0.6238978810720338
0.6184863990090324
0.6235924869249128
0.6153973180439068
0.6148798091335136
0.5962878223527176
0.6100650595671879
0.5966066333975154
0.6191994112855742
0.6166687288237621
0.6263225061522097
0.6095603286545821
0.625616521774451
0.6091405714272631
0.6254222962080812
0.5989750352874266
0.6191310489974111
0.6153449282529783
0.621463033593628
0.6332405141543562
0.6190895205046018
0.6172328774260797
0.6010961829201497
0.6167888420029645
0.602303064811178
0.6118776185533431
