nan
0.029081435877020976
0.3133419616750773
0.26477233027613056
0.16106788847200543
0.04258012202724858
-0.02326042084394531
0.11638835567724662
0.5400612651129213
0.12023389288327035
0.05118353159145622
0.16267919347841708
0.20854899638695265
0.6045722441404392
0.5654485830093426
-0.00708923090846313
0.174730119343182
-0.02581474178590959
0.08103292489024835
0.13954399697279718
0.16029418095306625
0.133926790939343
0.13649069537658728
nan
0.06486429055350751
0.01113410481631101
0.5741408132283081
0.05374615822932984
-0.017221541018170843
0.005935378076750404
0.5804058635426906
0.5566157948596038
0.05897107985598913
0.5784406081106042
0.5780694073934253
0.13477269412272486
0.14987372708527302
0.566452294415002
0.557038180240805
0.05788393492373835
0.555270624287501
0.11038589313353617
0.18133761988890348
0.5612184281927479
0.5566196282577158
0.0667297742485112
0.02162675434854695
0.11452468529512812
0.06484028933434292
0.5499009591667463
0.16279802881988917
0.5463793441011867
0.13047673263854082
0.11689628092708693
0.5602645509625447
0.5587426919120798
0.1133957495511434
0.162008987708502
0.5444147275687855
0.5647132094715236
0.09947351827615264
0.5527121177822147
0.13099871368145846
0.14803752938962386
0.03188237209752408
0.13022372836314866
0.047596125058727276
0.12130852215400172
0.5764255185030616
0.16480800722994912
0.11021083461975473
0.11329991459834333
0.1259692953585113
0.5736156376869638
0.5838329214548209
0.10093081669028221
0.15918441219964155
0.5576821184344257
0.5735325807278704
0.1767068749696046
0.23860422684408183
0.16030056994991962
0.5595515389137122
0.11926851545873109
0.08969257122526181
0.106941584929902
0.5749649938223887
0.11117940654272065
0.5564228471546329
0.5729780158010007
0.15813086661852624
0.5736686663608466
0.5656523920089642
0.11800668858019696
0.1273001234030615
0.014312625805205136
0.1360198263084963
0.1333383643291506
0.5587835814919412
0.13034064700556475
0.09923837142383314
0.5758013135104905
0.5889626470283655
0.5885946408096132
0.5672751972097118
0.5610587810967299
0.5860607646575797
0.13983789082805073
0.07788378834123837
0.5571328426324054
0.06161165225547346
0.5529881224462788
0.13647663958350992
0.5612083850267249
0.5602915636854725
0.5706818103319113
0.04869885071519333
0.17182440357428422
0.13610671666570168
0.1346544976809381
0.5705993922725032
0.5424494721366988
0.23068942608250792
0.08476402122999459
0.17179501418875884
0.11509138931601913
0.5887447822356667
0.5189156022274307
0.0895258184073897
0.1516728685991728
0.5717596341010693
0.16867846152370086
0.1356582090865974
0.010010919169494304
0.1430873346276581
0.04567621630387943
0.10246353703539784
-0.008060358430170408
0.15178659274316222
0.15918057880152953
0.03475869848089655
0.10805390928206803
0.10748720526117701
0.12547159250363632
0.1629781985311533
0.10519355539082889
0.5707725340872287
0.03185106601294272
0.12138555064849377
0.15072173788371412
0.1495082764652621
0.13217428910247256
0.1335306731344361
0.5510005055252056
0.1578842513399874
0.06259427997151674
0.5609552015223905
0.05177580813501483
0.229274902179179
0.153001779944667
0.5774087851187901
0.554146447575789
0.18460175838127357
0.11541531145648332
0.5665008507910874
0.12799528713760616
0.1957307520001019
0.16572546717808834
0.2026070446402805
0.11721636966943914
0.5751694417216955
0.1268701439148319
0.18053132848601233
0.5690391992409183
0.572195546424297
0.5650492707060091
0.10561586808283449
0.14434468920839488
0.5634609660882695
0.11808591214117833
0.11222145192949998
0.5597234029290671
0.5776777618863157
0.5813047953999554
0.5509118744095665
0.17982087203592123
0.56653471247441
0.07732666781562735
0.5689261139966141
0.5809482893755391
0.5705783085828872
0.23919264017542824
0.11993424893084885
0.11060886912371765
0.1270975922028107
0.15356374126042635
0.5678042061491682
0.5599802406025712
0.14871092965796562
0.12914807339084708
0.5850653589478297
0.5739184761378121
0.1757274978727702
0.5637101369655495
0.5690915890151157
0.559652485063995
0.5521428581625822
0.16782169704566832
0.5764497966911044
0.5682737974178885
0.1742522223785524
0.5770471678968914
0.5666624924114767
0.5646729587913475
0.5775876770306837
0.13930632628985304
0.5765909935215631
0.5770267231069606
0.5672739194103412
0.15143519791622867
0.17994801307330263
0.11254026287248152
0.5597476811171098
-0.013094887950600246
0.5633906871228826
0.1004267248385539
0.5859579018082409
-0.028592677617740668
0.13035981399612476
0.17283067057868481
0.11170394318437968
0.16590372019029642
0.564471066490782
-0.010838294262001492
0.0674511953794238
0.13077445989190634
0.17829901298545625
0.5752422762858236
0.029794447925853427
0.5639107514667443
0.5825928171655881
0.5526175606287853
0.09833241167002992
0.5603731639090515
0.5737287229312679
0.5507400103393247
0.5438544125447478
0.5719174423233467
0.1258645158101166
0.5599681015085499
0.11821944217541311
0.15260821773850142
0.544210453469918
0.568110239098443
