0.6389851215641196
0.6857075472657737
0.6840918347090679
0.690705708142004
0.6630145450745308
0.7050547611890267
0.703949193273821
0.682278568096973
0.679259424261599
0.6964639265856895
0.6899383475459291
0.6603531654126168
0.7114404265199394
0.7069731029020597
0.6913325585259555
0.6597385692327663
0.7104540782493776
0.6979588398373301
0.69509963807066
0.7083225512416838
0.705328691834241
0.6999986868873439
0.7177348055922557
0.7159494543063712
0.7156519458187198
0.6927611532809079
0.7096431844326618
0.7154400460588635
0.7015106116483398
0.7071825245520116
0.7227813968040884
0.7114853529434679
0.7061730365741655
0.7248440138418212
0.685337518114492
0.7176757760172833
0.6679932490737654
0.7147828840687989
0.7173752362641618
0.7176775977170429
0.711146702846697
0.7010890125193181
0.682397722583551
0.6831495559970509
0.6987792769871616
0.7077015143865594
0.6945753718452329
0.7133117128221242
0.7136935803011101
0.7164559144576133
0.7100261200624686
0.6982084589904569
0.6774262923067379
0.7082544245823248
0.695303060273501
0.7131804264047236
0.6858832304508523
0.7061896249564145
0.714887253085512
0.664206515938625
0.711877093696542
0.711124438756319
0.6865982541708867
0.7048571495333352
0.7232484671135573
0.7076133204596017
0.7202615043999149
0.7025249134258855
0.7169283112791757
0.7148501562075011
0.7056410476183033
0.692697078473663
0.7044985535002347
0.6920515272830219
0.7167293361442526
0.7099592075345427
0.6969539562575542
0.7219991579133955
0.7326329197810166
0.7074828102317974
0.7205122029580903
0.7077653432449393
0.7069781979814757
0.7071381286433909
0.6780834649783107
0.7040193822952944
0.7041286065844106
0.7104147809806755
0.7260677586323353
0.6913997914991278
0.7058543288532213
0.7216674970834963
0.7041138304980543
0.7146578107286733
0.7064149762956092
