0.6402773964906548
0.730078429971753
0.7006830012712766
0.7421665147870999
0.805877007831559
0.7994983030901794
0.8075373770726425
0.7857682141068637
0.7671297406686889
0.7524096895045335
0.7973366364268216
0.7866334874818729
0.804577961968672
0.8004268038727824
0.7926326898401994
0.7878997589170711
0.7564517680385895
0.7914036496600005
0.8035045914507287
0.7737409974632475
0.8035697913768385
0.8072310990667514
0.7893974058733206
0.793714287757851
0.7962886166883618
0.7952274871788264
0.8039336391514751
0.8060958363297405
0.7864935098772927
0.8060517323823443
0.7995157780376098
0.7818799920170546
0.807663450914037
0.8003293208683616
0.8042715486636769
0.8015441323575099
0.798552259710594
0.8034273427833589
0.7471515711078852
0.7771646900650901
0.7728523942968577
0.8100744595840276
0.801882187850324
0.8018365649957278
0.7934002784293129
0.7975243390100812
0.8036933479427982
0.7923077574383564
0.7948163986538826
0.7998760973540349
0.8096568019315352
0.7779281116988209
0.8089942422193221
0.8007402456101795
0.7959663377831732
0.7902041696956354
0.8093490783615329
0.7460191852570855
0.7102082219749236
0.7943388462243578
0.7992332236614516
0.7989809299980501
0.8022108151318916
0.8072809354235533
0.7977756570957328
0.799682345476626
0.7977031723810244
0.8001860298602637
0.8003042656106052
0.8007159772235279
0.7929606361436288
0.7946939636462849
0.8058250814596508
0.8000493941432227
0.7948797399975639
0.8035367285484277
0.7961499208647667
0.7836416468794817
0.7965967425951732
0.805808866930189
0.8014733495631094
0.7908332642426286
0.8015474934720931
0.7943403808010372
0.8035647603864717
0.8008627731908485
0.8023286748934733
0.7334999449233722
0.8016499789828587
0.7923794410399491
0.8156437908433598
0.8134807177814212
nan
0.8070372649542553
0.8045905127408179
0.8097219947366394
0.8082194625818621
0.7964166416852559
0.7940415691693843
0.8009609825378277
