0.6959273815155029
0.15147432684898376
0.14122414588928223
0.7137006521224976
0.6702956557273865
0.7107809782028198
0.09920051693916321
0.6805673837661743
0.6854994297027588
0.15555503964424133
""
0.6488049626350403
0.601121723651886
0.6889737248420715
0.6981560587882996
0.18248510360717773
0.0690886378288269
0.6699645519256592
0.6638550758361816
0.6851000189781189
0.7052476406097412
0.687616229057312
0.6996080279350281
0.6911982297897339
0.6130210161209106
0.6846079230308533
0.687359631061554
0.6958085298538208
0.6694181561470032
0.6652337312698364
0.6823831796646118
0.6792988777160645
0.7048285603523254
0.6663917303085327
0.7089601755142212
0.7226138114929199
0.7134264707565308
0.7199426889419556
0.7163931131362915
0.6984676122665405
0.7217452526092529
0.6970497369766235
0.6867079734802246
0.645256757736206
0.03708557039499283
0.7159188985824585
0.3441305160522461
0.7203567028045654
0.45878756046295166
0.7132492661476135
0.71045982837677
0.7055387496948242
0.7075005769729614
0.7186026573181152
0.11950548738241196
0.7128885388374329
-0.02748437225818634
0.7114930152893066
0.7044253349304199
0.010393709875643253
-0.07584086060523987
0.7107341885566711
0.719505786895752
0.7127066850662231
0.6984311938285828
0.7114822268486023
0.7051493525505066
0.7111672759056091
0.712283194065094
0.7138760685920715
0.7089921832084656
0.7142411470413208
0.7036693096160889
0.6887340545654297
0.6989444494247437
0.7084839940071106
0.692327082157135
0.7005292177200317
0.6995971202850342
0.7003353834152222
0.712653636932373
0.6709752678871155
0.6742820739746094
0.6966127157211304
0.6704679727554321
0.6868557929992676
0.7087291479110718
0.6919935941696167
0.6943109035491943
0.6835398077964783
0.6915658712387085
0.7001962661743164
0.7003511786460876
0.6920141577720642
0.6934897899627686
0.6863006353378296
0.7051037549972534
0.7039434313774109
0.6808731555938721
0.7031818628311157
