0.37584008196002044
0.1197291344322836
0.10675286518821628
0.380149472037368
0.35833512108378024
0.36263399465849866
0.09811341936703537
0.3817300044325011
0.36486599221649807
0.1351678507919627
""
0.3463828692256109
0.34267116616779153
0.3853116603279151
0.3770836812709203
0.15762098071435307
0.08343920745621199
0.3582562855640714
0.3675947193986798
0.3664599092523998
0.3801541820385455
0.37222048505512123
0.37858204303747905
0.3888040752010188
0.3547805101951275
0.35163488940872234
0.38002604600651146
0.33092869973217487
0.33764790341197587
0.3663009495752374
0.3764330021082505
0.3563148209623233
0.37500593775148444
0.36509284627321154
0.3694610213652553
0.34589615797403944
0.3811377016773521
0.3573373133343283
0.37155002388750596
0.3849067907266977
0.38716873429218357
0.3624378411094603
0.3786368650512051
0.35321200930300234
0.009460494318684011
0.36667218766804693
0.24549861887465474
0.3876132654033163
0.3015187623796906
0.369634875908719
0.37220889305222327
0.3690565792641448
0.3855063798765949
0.3664379176094794
0.10866058630608273
0.38934702883675715
-0.008061267831300682
0.34111892077973016
0.3846847231711808
0.019650684500754096
-0.06325301604790504
0.38645651100904893
0.3903862620965655
0.3886783871695968
0.33816217254054315
0.37998153499538373
0.3733836153459038
0.38200832350208086
0.38087259521814876
0.38435088908772225
0.3799962514990629
0.3803728610932153
0.38428920157230034
0.3861289115322279
0.3756432189108047
0.36602429550607385
0.36167488841872214
0.3696371289092822
0.34999773499943376
0.38028115857028966
0.34680418408109764
0.3793802163450541
0.37516255129063786
0.3479457689864422
0.37101153725288427
0.3758346294586573
0.38645277061319266
0.37610444652611164
0.3545481676370419
0.3768180912045228
0.3696358929089732
0.3579348731179439
0.3377675494418873
0.34809814590507326
0.3606458221614555
0.3552629208157302
0.34957424739356185
0.35722316780579194
0.36957637139409283
0.3445321071330268
