0.7509401699203747
0.7497777266900688
0.7446464214232571
0.7280707655289634
0.7540952767480582
0.7213254204125602
0.740646469883715
0.7118156468973816
0.36160124430181134
0.6631954740252799
0.7061027728071759
0.717243454189955
0.7469295362567977
0.7401636075256394
0.6995106968502615
0.7232282893310035
0.7566109817745517
0.7358441314443861
0.7035726480986044
0.7311096334431259
0.742584761901377
0.7434710025331192
0.7371904768367272
0.7332780354626031
0.7070846647967178
0.7349212426988049
0.7230533327953883
0.7563457769500151
0.7196085314612677
0.7305301163820173
0.7467854180467083
0.743335015570953
0.7336065663235752
0.7407613373680347
0.7471576017727476
0.7482763127373708
0.7395120854759029
0.7405249898188236
0.7433789194847037
0.7519490714554976
0.752726368838576
0.7299159480638255
0.7219254207680148
0.7509668355904879
0.7225905688887163
0.7416727956197066
0.7370342036251704
0.7476521490286813
0.7144264566231219
0.730879646665192
0.7461314708224563
0.7211612280453827
0.7174185486158065
0.7536457691344933
0.7497198250137413
0.7372168065053022
0.7482326578009583
0.7480148356397671
0.7139246971986636
0.7368968512995324
0.7466420325965007
0.7287526110284046
0.7271533556908952
0.7435080071134901
0.734381024658209
0.7463183936364868
0.7379858743774832
0.7540028251059039
0.753032911622271
0.7494926363078044
0.7355557148327334
0.7381684638293657
0.7524506084536997
0.7318167478403351
0.7152201674333514
0.7324548881110157
0.7332859590137619
0.7420849840744638
0.7516711984638922
0.7386153146006693
0.7511210900444502
0.7454859817213726
0.7387540593054701
0.7430899268461231
0.7405984415775385
0.7365342878957519
0.7331218493291795
0.7564144956103968
0.7437274919082476
0.7129926953429179
0.7381825497123857
0.7572937391665038
0.7396335374237301
0.7492735222792375
0.7444370295443278
0.7355697294257167
0.741706797488978
0.7288801137528717
0.7382988595214249
0.7263930003296812
