0.6821245546809316
0.6940369076028963
0.677630564894511
0.6790466617072805
0.6823682187662474
0.6825010376321622
0.6762381876479198
0.6917463756880873
0.7098599810881201
0.5822090263557121
0.6735411371256735
0.6955274418057925
0.6938111959772526
0.6971369895350829
0.6835418227416902
0.7115362252481027
0.6597965698450028
0.6975846599470693
0.7023980085918121
0.650348501991168
0.699680172201001
0.6891763475649493
0.6664018471180876
0.7131956945939812
0.7127661960517278
0.6978108018793244
0.6904282148240344
0.6767963962469604
0.6821897094237043
0.6782262495725399
0.7020727268191735
0.6956175884483116
0.7025046135425087
0.6960566109416259
0.6960262263726823
0.7006112851696366
0.696385431825988
0.6952475354737069
0.7142906900065891
0.7211070000198863
0.6853093357015676
0.6988515884587035
0.680030103167432
0.6870406231194943
0.6899466472159752
0.702691507569595
0.689264508852111
0.6831034002974498
0.6895649305228868
0.7077392187410084
0.6602129562357987
0.6813601380228219
0.7130703294738232
0.6875413448375409
0.6811237621730666
0.6954269655607634
0.6994043516726938
0.6888614931525595
0.6634809671964942
0.6854154802800074
0.7095168023440016
0.7076642643829614
0.6878879382579869
0.7005864437616199
0.6836330339950528
0.6895107250019027
0.6768214811776916
0.6912498642092151
0.6872729717349124
0.6652280705030484
0.6659086471311526
0.6694463751715733
0.6898247531152729
0.7042311821448041
0.7076118107189614
0.6909188853298995
0.6989685517851764
0.7068809388910318
0.703297929309128
0.6806643234975955
0.6718604999854768
0.6932849685433107
0.7086579778990908
0.7016615856206566
0.6737005330244198
nan
0.6736200387374185
0.5229895014848239
0.6984577751825789
0.6873542804926506
0.7036385104108095
0.7197563733046962
0.6884631446194922
0.6885591322350184
0.6908190708699894
0.7130860396770837
0.6843388134378702
0.7091737674662133
0.7038277809548534
0.7020822942295367
