0.5424076225125675
0.5290101936317796
0.5177567329024808
0.5452878799566553
0.5049039303798779
0.5129717407858966
0.5186228216476921
0.524060735557152
0.5402488526691137
0.540395351466507
0.5456408433804268
0.5398571771278963
0.5242269699438314
0.4968521894816933
0.4836088500095626
0.509842382068173
0.5376707015533291
0.536040238253843
0.5595316619933685
0.5233457880822631
0.5271755428892944
0.5137549626441514
0.5530614249520179
0.5222230653387924
0.5222739056656293
0.5034283155501753
0.5575751819400975
0.5286674775332143
0.5338382019261847
0.5110067818360555
0.532259354783293
0.5334803046050918
0.535795441040582
0.5442779491279931
0.5225016240035463
0.531572783994473
0.5282534096887685
0.5116808281162901
0.529788990347456
0.5322229198492262
0.5395691134304311
0.5153694856599835
0.5481305638749868
0.5307624862420515
0.543194389370071
0.5385997923720309
0.5324054740501232
0.5224010484042997
0.514190287077101
0.5308816588388948
0.5267231424579657
0.5352690321494304
0.5260441622804096
0.5259475349907075
0.5349452925790249
0.5256703246756624
0.5059647183040084
0.5648910130762468
0.5164598769680431
0.5405581700781177
0.5248125856028415
0.5302706146321505
0.5266878461155887
0.5446016886983985
0.5273197645033085
0.5296595704254065
0.5316691847575247
0.5263186622639064
0.5244778396461034
0.5320270820786177
0.530067186250278
0.5064994768675501
0.5280332819621153
0.5409274533161066
0.495503717390661
0.5347251648523718
0.5224002893431733
0.5250300566155522
0.5176925922373009
0.5314665154367785
0.5135720289126914
0.5203386793238973
0.5476561506709928
0.5519516775852353
0.5266350913673045
0.5263250148971741
0.5168253649004001
0.5547776621587862
0.5383003427576698
0.5133735344281404
0.5342283593451493
0.5211554290958933
0.5346522949842383
0.5140969196815902
0.5293141976128988
0.5035064988461934
0.5372839599094333
0.5509072094753223
0.5234466551059023
0.5375765779736568
