0.7834815765849037
0.536878223888402
0.7666253430825501
0.7877877301898797
nan
0.7734671282354396
0.7891456417424398
0.7348773424025586
0.6660657421830336
0.7019366921224329
0.805454593162213
0.7916289131767563
0.7766096041760525
0.8022919410398752
0.6477501485610021
0.800468654334255
0.7860592294552163
0.7970951879389345
0.7662901105152493
0.7682615944509207
0.7230855578053578
0.7871052262488116
0.8027353458879737
0.7997212832989363
0.7914389799908798
0.7804175604244138
0.7985059404159703
0.7958303199966187
0.8121366162200355
0.7838720310602362
0.8086165063694585
0.8082999676372963
0.7937049871412222
0.7891158174681817
0.7820126496394812
0.7970561201669537
0.812548891106017
0.7977875190823951
0.793916608454159
0.8008870871635022
0.7159338759151725
0.8011655893321815
0.8171032118303682
0.8087837161868693
0.8129610527733325
0.8093053632980103
0.7918507610380354
0.7899570082670264
0.7951929083241168
0.8065766436903733
0.7162382650125626
0.7972960352319884
0.8195539463414353
0.8043357243917072
0.8116231290176572
0.8170531484957982
0.8167447936485894
0.8008125747290287
0.7947842273143012
0.8072153088321573
0.7926441855070325
0.8174639186077304
0.7895351342582582
0.794296413641175
0.8126476797379855
0.8183493410536657
0.818271836666516
0.7976367530983308
0.7981096923600434
0.8283888586440846
0.8299471746676969
0.8028538275621955
0.8219131427445266
0.8068773706076412
0.8177641941056121
0.8220812250592885
0.8286323897047335
0.8128073364998049
0.8255856060006797
0.8073934777869954
0.8177280876932344
0.819618506291983
0.8153497875662392
0.8086714808358283
0.8166022276701003
0.8131762716597091
0.7977188420744163
0.8156890859249208
0.8020823692066278
0.8132283194253598
0.8242113031280512
0.8270964422601361
0.8190284821827193
0.8211139539537571
0.8082351332419646
0.8161207720967634
0.8285263089856971
0.8106873751098589
0.8142980773115257
0.8205411698358405
