0.8020974239871292
0.6423633380147324
0.7732230236784896
0.8123567532394111
0.825688394409472
0.7892494513451237
0.7469500889071045
0.772803997143673
0.6371703912510891
0.7442821076255195
0.8099140905164303
0.8079346994775375
0.8197695630719755
0.7452025221140424
0.7946870563688467
0.8033199466875093
0.6976121480150944
0.6382185883009575
0.8119095979153439
0.7987400858666079
0.8158689528166759
0.8190840808445463
0.7980180100860562
0.7713006447287142
0.8003191306352742
0.8059344129114766
0.7909715745884982
0.8097363698276409
0.7555244885866769
0.7348713798633303
0.7367109502358854
0.8120677804230895
0.8113887663818073
0.8074985451461818
0.8048043749081483
0.7554499720444687
0.7754446583637389
0.8038424617074075
0.7995724028234951
0.8046176570166811
0.7479227204307549
0.8181726170949589
0.8060195186175299
0.8057865347091561
0.8104749166896
0.8131382862310764
0.8101669362188709
0.8165266310043936
0.8200946344271739
0.8049819026268125
0.81112650633425
0.8190161891978213
0.8021339335378342
0.8169663213977442
0.8071738985825192
0.8067621297031713
0.783088968444556
0.8121763775483959
0.8146945901298365
0.8240169398068354
0.8208108720397095
0.8147455344859242
0.8052999412680355
0.8035678491634842
0.8220437326325963
0.7744443428414988
0.8066971298185643
0.8164569247378652
0.8159602679446256
0.7660633974672331
0.7855777875700499
0.8246593860444714
0.791809347907545
0.7978691968033726
0.8173541335585544
0.809657382054459
0.8047822747541996
0.818481842012771
0.812942003626601
0.8062356141446638
0.8177340239913858
0.8272974997177638
0.8190260639820105
0.8063926235982791
0.8117948821135184
0.8086384027293478
0.7769275485199817
0.6808717950066723
0.8096812627015961
0.826883646547812
0.8140741649699127
0.8150571369535028
0.8051690098840139
0.8086164129794174
0.819812258800712
0.8043635752044843
0.8137346749459097
0.8255929376623311
0.7968655955836311
0.8099003998519496
