nan
0.735784718173188
0.7679406833151261
0.8327092838568179
0.8520626255478027
0.8329140012118855
0.6429786931805912
0.6880488554180307
0.6947678428620374
0.7952889378693985
0.8542657505110407
0.8538859545795703
0.8489905391757653
0.8163117905597381
0.8532218192796133
0.7196207346743608
0.8547962259221016
0.8230765600365826
0.8183217010110283
0.7852557491948031
0.7957500681237165
0.8481059224736222
0.8495333397645924
0.819768836486352
0.8157556992035254
0.704628350337896
0.8076904015335086
0.4845497331312515
0.7523986907390317
0.058401248924774704
0.7527317881003757
0.7895422297160837
nan
0.825422341450958
0.8161112212925307
0.8059141216346619
0.8310916134627866
0.7841267467163708
0.848123270575718
0.8435385980230938
0.8450178410464491
0.8350644240960075
0.8425340773431611
0.8555790303406743
0.8205298451484654
0.8276362022868032
0.8424724840213754
0.8390068462391604
0.853948390496516
0.8404409391972043
0.8412373948395662
0.8492548010974293
0.8188130355636384
0.8213424691019764
0.8413835351616171
0.8629868911932166
0.8552785871632775
0.839989011762286
0.8515856839947261
0.841295419853424
0.742936724895873
0.8560485226352113
0.8463220050597025
0.8278680263326551
0.7888008031875337
0.8555344517934992
0.8522088206217537
0.8551903919229955
0.8523581718052433
0.8507806060531127
0.8474670488004135
0.8288482488529625
0.829118215472618
0.8419227986276827
0.8519385224905927
0.8497849869984422
0.7577108436491252
0.8474759921108064
0.8610651684965277
0.8475610360624029
0.8190981444588327
0.8319345692190149
0.8563407267766581
0.8400005501627461
0.861802591840072
0.8546223353869316
0.849082473616508
0.8494706060873123
0.8549873853772283
0.8557130187409719
0.8417046618068694
0.844640964966317
0.8429140990324668
0.8592369605454288
0.8403046227161065
0.8130669451356947
0.8399683350446651
0.8355601238001177
0.7758666740363525
0.8412463006486577
