0.7508428816096229
0.714014425765291
0.7781563391013298
0.6477367412529074
0.7921147231569712
0.5946039986515523
0.7425837399341189
nan
0.7790544676411546
0.792638253757072
0.6757457008652996
0.7896595005344134
0.7858201535489395
0.7672038596064504
0.7626119615351092
0.7598925926816906
0.5119297677760819
0.7467579893481073
0.6849540248366206
0.7164853299213414
nan
0.7729179329322244
0.7623814726455209
0.7796173953220581
0.7760624378142861
0.7830179890436348
0.7932919677922108
0.7852623332725871
0.759043230647207
0.7725951113942253
0.7777930609441104
0.7972418937600626
0.7749728912631597
0.7731194141469981
0.7777259126028817
0.627192074266198
0.7898638365895254
0.7680565810508682
0.7856666280467139
0.7804340963991052
0.7492026666905478
0.7951533216775233
0.7752773832671875
0.7875302182672193
0.7745463137057071
0.7757682625586805
0.7945772082096674
0.7814006907765496
0.7467040732984657
0.7899603621264458
0.7861910324071348
0.7781899682633076
0.7769307555891429
0.7968324885875155
0.7055464960632107
0.76002957527266
0.7382696343534384
0.7886654497724732
0.7639843285017492
0.7467182651682697
0.7976228091982773
0.7845086470820524
0.7897121179895437
0.7874021043950843
0.769489258332255
0.7398375494115482
0.8079149144894562
0.7866676845686089
0.7882533491789703
0.8075322613764819
0.8086101057698966
0.8017340315840145
0.8043602510584795
0.7894781195433341
0.7874322938758214
0.7889091110181381
0.7985079091444953
0.7998524433289795
0.78738303134091
0.7980892625739229
0.7774180681195666
0.7676135213749334
0.7960010209395175
0.8047409978229917
0.8025975554018794
0.7885766849991362
0.7999209654839443
0.740008388602617
0.7815531502935353
0.8074563556084124
0.7846529132989414
0.80301828588982
0.7923758139527382
0.7908777528716866
0.7861899179508438
0.777036922196208
0.7912871023018202
0.798517676459205
0.7645127681946493
0.782603643710241
