0.7740098451903774
0.734897992397846
0.8066006984634906
0.6898083082502035
0.8185536446179769
0.6068233351538677
0.7734249380417083
nan
0.8085433799484533
0.8153689295300192
0.6982903663672696
0.8086059706131239
0.8112590125828443
0.8138535101847864
0.7899843367641005
0.7874733999908057
0.46447341739673503
0.7676206853451432
0.6984302195834956
0.7343493561578563
nan
0.7988848566719406
0.7808458275872544
0.8080352168671875
0.8062015166091984
0.8068315474755025
0.8154252737355417
0.8122540054212247
0.7817449333014428
0.7985402207490462
0.8053374300642795
0.822063122613495
0.7958525089291008
0.7970390141088022
0.7953419230065818
0.6338735354276457
0.8198969214317601
0.7889746926324441
0.8075047586793429
0.8058973480525059
0.7634710590936927
0.8203887195004574
0.807123337441137
0.8080006872102687
0.7984945630692163
0.7920213452119796
0.8259150898026365
0.8047429799881782
0.7652501973232824
0.8097373496300013
0.8126062873977761
0.8076937730595899
0.8088335582087257
0.8226543851109237
0.731259994134864
0.7882594669451163
0.7593857653610291
0.8085423441576163
0.7809288112265237
0.7714409091825769
0.8203092962439367
0.8105247191533728
0.8194284841209283
0.8161629003361407
0.7888086934613792
0.7495611213069354
0.8330627838756436
0.8165386356266796
0.8152790795506497
0.832691228480175
0.828943473531664
0.8208033638914036
0.831240184436058
0.813963958268077
0.8110809827094554
0.815572451205247
0.822391828446955
0.8254659217134861
0.8036717995610206
0.8202286736283656
0.7984759282293763
0.7906389407332562
0.8268206227907623
0.8280849517467275
0.8207334801127839
0.8113057490103561
0.8195322745260626
0.7551198434908594
0.7961401524668112
0.8254317782784794
0.8063494584937757
0.8253641206803062
0.810780479529976
0.8147599208528217
0.8081674788412964
0.8079668934391782
0.809834885975192
0.8216364080536329
0.7797170994643682
0.804460244437954
