0.8220348784096982
0.5510333942372062
0.8127705726169742
0.6871592915286299
0.8090737081787781
0.5740414653671436
0.7682367422610997
0.7801458092748714
0.7598131475552024
0.42899441441613473
0.8004195743231439
0.7942463321876219
0.8044425490974307
0.8299838966307098
0.8297437841023465
0.8284976266188857
nan
0.8135670329207139
0.6507565177287022
0.8094178079968526
0.8364846373404897
0.8243499451826182
0.8172457074055357
0.8261595372894417
0.8163336059018327
0.8034906147459755
0.8181750568154905
0.8299159985306935
0.826852045990274
0.7804860576259276
0.7253859771487983
0.5660465720404113
0.6566919537033977
0.5917719059665814
nan
0.7500801573317903
0.7443957408730858
0.6207579050620232
0.8104767309254655
0.8238228725724652
0.8215588313823585
0.8212154899517541
0.6600381186719866
0.8144972975557597
0.7926805501269671
0.7876756844830644
0.8028770260706503
0.7491093105284585
0.8222432319281332
0.8326055753121309
0.8298558321948366
0.8236232809554318
0.8104545714562741
0.7948932922159468
0.8281422262042345
0.8256031966099757
0.831087733014567
0.7971825375939137
-0.14298212356049525
0.8163704349990133
0.8191370027879535
0.8330183529146813
0.8216432249432281
0.8316220463111633
0.8142230725891562
0.8248057025303848
0.7502896247576656
0.823441462181357
0.8274412902625606
0.8166817092442946
0.7993270214270605
0.8300574007971032
0.830858843031754
0.833533333330398
0.8250649982978474
0.8085364193596059
0.8142015872194888
0.8122596685090151
0.802799175200491
0.8234776385959517
0.8292499159790521
0.8307149990337818
0.8039239173042609
0.826615835909168
0.827873167995095
0.8004079756456337
0.5323448497392078
0.8321424508419225
0.688313485027221
0.8217749162781225
0.8173719259671095
0.8354686778329303
0.8130845508438782
0.8216632583838415
0.8397219335745687
0.819933169258932
0.8222581452505348
0.8250675576476171
0.7489963467882752
0.816320680760422
