0.7618035312596799
0.6592928095987592
nan
0.778697655488379
0.8144367663038706
0.7538973229386661
0.7576159211044888
0.6229209948498433
0.8319737306431509
0.8169625493790391
0.7872226368833237
0.7925191656398799
0.8173472393771335
0.8224205756183717
0.7559404486264368
0.8054579941263482
0.8020374401290538
0.7850693577085386
0.8199802954677017
0.8123217078076495
0.6262143581498663
0.8064475510267383
0.8161495678131102
0.8009886862167014
0.8163814515739951
0.8426753232035147
0.8256087322935656
0.7650567168203546
0.8046108346101966
0.8149527924355826
0.7937721575785928
0.8098935294653937
0.8225362088410267
0.8094078011639062
0.8151887322724928
0.8149332684575372
0.8016271247263488
0.8072973769665868
0.7967743713156952
0.8095595550727809
0.8174809342095114
0.8286016468987855
0.8137383253983363
0.8174873209191816
0.7399670707321946
0.7911349508102347
0.8072613373726771
0.8237491549502781
0.5803716066975083
0.7070961709825563
0.800169400665698
0.7821181557881887
0.8369293405007427
0.8228802004228022
0.8243331341669555
0.8115632315394975
0.8142508247593406
0.8262519715896705
0.8129055985961113
0.8088179681836919
0.8191497301864429
0.8166556332828958
0.8051570079026291
0.8243468597385767
0.8159173655016653
0.7971527049687973
0.8066164400745788
0.8209342069814004
0.7955834950736995
0.8045564447577428
0.8379625937167229
0.7909385611994392
0.8171233846265551
0.8152300620249132
0.827235373450707
0.823884803067516
0.8152348478513448
0.8183993209559796
0.8186347179245804
0.8099011478107093
0.8412685510071015
0.8073836939353302
0.7678507188076121
0.8146621706653968
0.7163545874771573
0.8143102135274867
0.804491523086826
0.8111899358693725
0.7983699252255985
0.8161820245234148
0.8168756436383405
0.7964023711535144
0.8161194414397034
0.8199318006018559
nan
0.8208773698619548
0.8414130238826115
0.8276179507169409
0.825389554179965
0.8153557757127528
