0.90571990745363
0.890960145266801
0.89768313201093
0.8552815938221315
0.9083966954595292
0.8997657276722377
0.8778890902410699
0.8866678155787298
0.8309173604942826
0.9152945938583112
0.9150602015604863
0.9124234933969066
0.9063106727991769
0.9076846212116053
0.8987753370950533
0.8884929871284204
0.9139708642085043
0.9056681042941362
0.9005340078352301
0.8945431999964093
0.9087912159460722
0.9039248789333187
0.9079765756515638
0.8913833431964369
0.9161902218158073
0.914981245146065
0.9165480218304641
0.9112068799671665
0.9117657016397019
0.9086271372171854
0.916793868034355
0.916647206958293
0.9142988373986699
0.9142007830625354
0.9218145568081262
0.9167353030944724
0.915347240903265
0.9022813701423702
0.9130938349226116
0.9008142590039274
0.9111108725753183
0.9149213188259053
0.9149504566946325
0.9187447405126774
0.9108508226420814
0.9127937552443594
0.9037745646847105
0.6527852312056128
0.9175052714104116
0.9108352803382769
0.9021634032777271
0.9188446257817235
0.9173655089732969
0.9196393333081092
0.9149971914570277
0.9027169500157685
0.9120507197703703
0.9122804537735532
0.908698287375659
0.9115530023531843
0.8961279699404189
0.9174222033287953
0.9216811823009958
0.9204415313392476
0.9116449922818547
0.8874720104639583
0.916684820966763
0.911980378244323
0.9177378841461018
0.9115008440599563
0.9057579457498812
0.9166571345101021
0.9142253194180358
0.920526756931291
0.9130957475059249
0.9123465817307759
0.9166468300552623
0.9169258064618726
0.9085846751808986
0.9146111348691579
0.9028315156373637
0.916937687639648
0.912423509703149
0.9193503219808444
0.9109510851528466
0.9164524020981092
0.9122075030370942
0.9003647541196032
0.918953954427469
0.9059993722569588
0.9191270756925313
0.9212496200989808
0.9082263891175797
0.9196054138040252
0.9129427266418756
0.9181390016971153
0.9151378168788334
0.9203749844379999
0.9188056336519755
0.9067193496297044
