0.6643545344749253
0.7485722717381726
0.7630772750727217
0.7378262843871567
0.6939791879835684
0.6874826662670093
0.7168442642812158
0.7297280093756463
0.7355685735064198
0.6225827519312086
0.5834331544274418
0.7468681364127179
0.7607047689845532
0.7552418127207384
0.7492580190827783
0.7493354928727324
0.6679357924118633
0.7488251096468681
0.7354015782965921
0.7636579044738743
0.6177861005684794
0.7412531228441706
0.7661904101556742
0.7532882369474936
0.7678464324495656
0.7163550282402141
0.7466887728461448
0.7694943631816672
0.7491179929620747
0.7213490660470102
0.7590318699423789
0.7608603788454795
0.7603446234597551
0.7530180172018055
0.750948649801647
0.7596039865099234
0.763887303165902
0.7458420772205187
0.762491031397109
0.7649709807272856
0.748704005899563
0.7702732778719958
0.7737152064055048
0.7720279538872016
0.7702265006254821
0.7698861810341642
0.7602499870057836
0.7508633727782199
0.7673169265993527
0.6448850231691603
0.7496232933128021
0.7572090561486952
0.7670461033634163
0.597183613741779
0.7581162686904501
0.7602909129981464
0.7678451116141278
0.7520876213939688
0.7608895781474503
0.7606526679526674
0.7617070382818748
0.7693814973251294
0.7522625274342892
0.7548501997936607
0.7646978445843852
0.7497266982463019
0.7469755842679262
0.7227483506497691
0.7541238178523881
0.7497604619496805
0.7660008147868482
0.7591990355849597
0.7641561657765968
0.7561174172751295
0.7612552797754661
0.7568018205969546
0.771460195333669
0.7633149614959842
0.7541459127471004
0.7108092798836319
0.7748273112026353
0.7724400100475529
0.7764516137206268
0.7827298602591177
0.7733116501959005
0.7687475674723769
0.7736674806867353
0.7689425865194505
0.777660845135021
0.7678434345370113
0.7698458318710785
0.7747572589153446
0.7553905690278327
0.7744443658507024
0.7745287731198668
0.7673518003828661
0.7629286389316513
0.7660548561797941
0.7779871992158603
0.7666799338029128
