0.9057625827320508
0.8853225871542907
0.9061375224810297
0.8920840481267798
0.8672117797426458
0.9066978017678453
0.8940496967953784
0.4210072622677572
0.9124869340287047
0.9103285725808035
0.9138373643990361
0.9043645186608382
0.9085125369066978
0.826061163021664
0.9012729350132233
0.9213404011590304
0.9227910855892463
0.9030251294977036
0.9242111826931638
0.9152188376562351
0.9154420028646288
0.9141883716539418
0.9182560588638615
0.9003118087347701
0.9213580586639538
0.9177348623740469
0.9258285041399252
0.9294421126138999
0.9157002655820718
0.9080824266625385
0.9093167057853353
0.9157923611501753
0.9236533976695712
0.9211295351104947
0.9185735237796286
0.890513615812781
0.9169836589782927
0.9088995530507773
0.8913999513726377
0.9093032879698961
0.9168545953917611
0.9250295906563866
0.9199944935653946
0.9260596187143584
0.9233809391722798
0.922586666431753
0.9179659638610018
0.9167922979478429
0.9181257919060526
0.9229590807840676
0.892490047403228
0.9219714410713225
0.9279825522625034
0.927454661998962
0.9267664221808631
0.9280470705391896
nan
0.9130825670643861
0.9183417877514197
0.9140934957902163
0.900032485781632
0.9226630786826888
0.9226684286687419
0.9215062390639378
0.9259471890389158
0.9291020213427135
0.9262652431956108
0.9258575344491293
0.9224058845864187
0.9260529746573736
0.9142933595803722
0.9263542072274462
0.9210333252988088
0.9283905586738976
0.925039237483664
0.9232704352980278
0.9140415156488951
0.9232910379704815
0.9252725717391814
0.9177345367437898
0.9248358934081702
0.9208520092676088
0.9265944073123609
0.9183651363648688
0.925141460376857
0.927842564594374
0.9250530674605184
0.9239532249389202
0.9259813173784334
0.9201665426967474
0.922012837380483
0.9218517750782548
0.9256417009060781
0.9264950075514667
0.9218980378125214
0.9251812882835961
0.924127362126818
0.9182355805689904
0.9245612981540081
0.9238791530583146
