0.4593540663143061
0.40584685572486384
0.4223610088210511
0.4686593291134795
0.3859274759946497
0.4253335523849293
-0.004750356232994786
0.4591409386448899
0.46253801784683934
0.4579346509923098
0.45714305488814416
0.440034847255401
0.43089203973944235
0.4277162486503274
0.44163387808272014
0.3972697123294256
0.3297962542412207
0.44733636773716073
0.40907751430637673
0.4245619221795046
0.17037225325941027
0.4070989914074853
0.4486312502623646
0.45089037086479444
0.44825092392235444
0.38698504846440485
0.45555391603170414
0.44886703183055054
0.4295746073355183
0.4383274446824499
0.4443582169214147
0.4299002755948391
0.4595176317803763
0.4341613560900479
0.4498778952366094
0.4397384202934336
0.42796874954041597
0.29056049812955176
0.38188819186211964
0.27681769156423164
0.45184848504507436
0.433274046518777
0.426918344228975
0.4480151734877189
0.4172160297688976
0.25665178800061206
0.44479639859895487
0.45396399849367286
0.42239910996588115
0.3825784676558085
0.08714389395792743
0.3903902142233736
0.42086281440444545
0.4436619290402456
0.44926997938319413
0.40594531165313785
0.18402116053091683
0.4423759947582052
0.44169200769172823
0.42974439705479667
0.3963008206624934
0.4174362739142076
0.4502209221316386
0.43695465701770797
0.43501226983374885
0.4328162666818155
0.4113289447617745
0.4273925801412649
0.4517501817052124
0.3850623052401642
0.4159770816608266
0.4303558888778043
0.4409054296790057
0.44866134760032983
0.43895588357600324
0.44810867612302113
0.3704899924663654
0.35857672124448375
0.38136502509273207
0.4355575738746138
0.333666188999001
0.44355562613840693
0.4533329284981448
0.31084723696937444
0.4333380752788747
0.45112385148521544
0.35524068350654026
0.27600610541447224
0.40082637556400136
0.3741024349364873
0.4646217913113475
0.4517467448392829
0.3064461101023571
0.42772206590267775
0.3554028363022118
0.4649234970825964
0.4580614454782067
0.46723508216958104
0.45879108177050965
0.12045140699684947
