0.3951805915083535
0.39330684640617963
0.4274211932298075
nan
0.7422620678861787
0.33677927849541056
0.7217779935957974
0.34328823913807044
0.6168920073807899
0.7529949938634917
0.5317685771786813
0.7010608627511073
0.7449578261899725
0.7417612412858641
0.690556509715395
0.7576649517973836
0.7359485775678675
0.6598468008644689
0.7409427741073258
0.7117010139192809
0.5678419825728643
0.710823599743263
0.7335618894110972
0.7465370263149842
0.7464401604271143
0.7657786192355698
0.7415139797354853
0.7124343574587303
0.6219232056358357
0.44831883360969277
0.4918014889017028
0.7570157783027588
0.7885317209828255
0.7493730161263796
0.7483435301848699
0.7089470552333741
0.2796915011792187
0.7195846621745958
0.3413162894687005
0.761254602203461
0.7166574351737528
0.7696359766178447
0.7463207370075939
0.7474651895728799
0.7010871565713263
0.7730741802224399
0.6953836397813855
0.73983193368034
0.6639056938634548
0.5335493197261343
0.7294028378690783
0.7677693297462691
0.7400411343177201
0.7252181131031906
0.6600115886241689
0.7414501640730395
0.5132144816061274
0.6318756220672994
0.7726605443985294
0.7694461808986492
0.7671012124415849
0.760808140598657
0.6798611054876976
0.7776554841265939
0.7556260205170808
0.7299266216998055
0.7772854201241514
0.37198896429788175
0.7496066029802949
0.7235341753371275
0.7169461437899985
0.7484532724510036
0.7381485116000808
0.7351974524085122
0.7308505215312969
0.7224754409797564
0.7485100931112628
0.7284580558841233
0.7436413484060581
0.7144846004361268
0.3141551015983208
0.7206846930911388
0.7499069962919176
0.7626777509283633
0.7154129740110189
0.7693239423827348
0.734826357796809
0.7761925178292591
0.7286573990248276
0.7279176566823965
0.7424590525220699
0.7840961937751981
0.7631308446819969
0.757327137207037
0.7911972086792867
0.7545537991330485
0.7774064659263465
0.7474639611410651
0.7185451824643345
0.47661534791865745
