0.8704382031446108
0.883110898087271
0.883139313425292
0.8836387137364295
0.8712939041944803
0.8538159750769839
0.8657890044239733
0.8648856044111727
0.8631339016898746
0.8776321048595429
0.8802871946861515
0.8866082805516086
0.8770671972056643
0.8838461486856553
0.8837638545272734
0.867952731547448
0.8821782011422178
0.8688267582211788
0.8884426948654253
0.886246186254728
0.8758148649787797
0.8705822684415444
0.8864742841937214
0.8775013287078532
0.8845540871648085
0.8808603019391442
0.8765617142828203
0.8646053489477417
0.8680778723382919
0.8735579178684302
0.8651392254659541
0.87930556849693
0.8821607285419236
0.8811565310925952
0.8783003274622596
0.8719745603711265
0.8642568808729721
0.8787766496289815
0.889727497504802
0.8735781037906128
0.8739440742616204
0.8839990488465912
0.8768110417293384
0.8813659041288844
0.8809818647231019
0.8864504904479283
0.877951054356721
0.8817335741531627
0.8807972395677754
0.8828486898159625
0.8663552627699501
0.8793143047970771
0.8799109076286223
0.879519533308723
0.8823757965725068
0.8859176357724051
0.8767010180175885
0.8780974842885377
0.8721892706010209
0.8701106573172228
0.8759834785532907
0.8786666855506797
0.8832647822001004
0.8808663845508508
0.8844190472215797
0.8784678378179807
0.87711809435362
0.8668842194243406
0.885048120465617
0.8770674655561808
0.8733220675811832
0.8771649662438289
0.879419736733323
0.8811163083318497
0.8823418949572602
0.8799714653951707
0.8867760294411219
0.8841858506227733
0.8764974890592135
0.8840390032568199
0.8751881174392185
0.8853563359421367
0.8746860336229163
0.8812179535441412
0.8852788720930512
0.8788311844172715
0.8870990936462192
0.8848965024238155
0.8847521894794064
0.8833149637466788
0.8762482212461433
0.882995030297607
0.8836578262565464
0.8829531676170388
0.8816604039123405
0.8823229613374876
0.8795927631829935
0.8874887087793994
0.8797819502970998
0.8870509992703244
