0.3230055110859627
0.3462762064890535
0.3727214684492572
nan
nan
0.3969513203969393
0.3338531437094588
nan
0.32586307881918747
0.22304729232536483
0.37468640080999316
0.38516341385060976
0.38205509770096474
0.3664246270163173
0.3514382412828648
0.40050399991371277
0.4130042433081822
0.40826714985901374
0.4159201050814248
0.39818050413843586
0.35661068912129273
0.4027994912852387
0.383487082947871
0.3961393861544209
0.369609601364205
0.3686525973673947
0.37704005709764
0.3880680338608664
0.35323135903085123
0.3807746988928349
0.3699561260149033
0.352935547209094
0.3430443321278314
0.3588404042612574
0.340624415618339
0.36777970112518016
0.3811401978997552
0.3748058830671474
0.38746894844998253
0.33724312691491953
0.37949768095442793
0.36533959494090695
0.3702362616783349
0.37989952009152217
0.39478904884297034
0.3542481732205975
0.37229071937550134
0.3940884989277695
0.34052021743197874
0.38253311339266666
0.370982353965099
0.3740820767294516
0.38941227892732394
0.35722173118151557
0.3555133591129659
0.3915201770090996
0.377210770422801
0.3698798451233497
0.3570500936897144
0.3876323732335882
0.37560973497000255
0.3678065596369833
0.3712574881313749
0.35666277731993523
0.36150457735905484
0.3546705779805519
0.347854045182533
0.3863839822240497
0.37940925183562874
0.3779233286745118
0.3801419505203618
0.3662486659281126
0.36320930251180317
0.3579181382931606
0.3474652606330383
0.3630478232879603
0.3881499606586086
0.4020300251343803
0.37515626527832424
0.34007195580909433
0.3837357772123727
0.3691140956760886
0.38561774052069187
0.3795626472914774
0.3895642685853848
0.37762030370606736
0.37060112980466253
0.3636332568263019
0.38691836572945754
0.373263939486615
0.3858367947358447
0.37767896485776487
0.38100423511249926
0.3770176551101709
0.37603004872288903
0.3668565311970824
0.3711241875684994
0.3940528876003069
0.376417955730219
0.3476551795517903
