0.6183393340367389
0.4052875164002173
0.5131603873222607
0.43464038761868784
0.5951385883243521
0.4966900191505545
0.573521784692568
0.44917491957862954
0.5160621428273066
0.41102100463018104
0.6184152443910498
0.5980187387740946
0.5965270852490813
0.6149380034629884
0.5861257946103585
0.6310106859759107
0.6273462412652334
0.5434439926620378
0.5791969940281881
0.6056543387756921
0.5961340154852252
0.5987380444410052
0.6005636965817032
0.5599326447580057
0.5765341272044422
0.6267865363946041
0.6405788895549298
0.5964675469034493
0.6249372995239475
0.6462045433443042
0.5571117333516765
0.6399847781921937
0.6434062864595218
0.6199840752732046
0.5131151051061672
0.4920824716974988
0.6008946057917846
0.6072334198129481
0.4929714116284717
0.605987749913405
0.5985607300270123
0.6268258105236916
0.603915482078264
0.5950473838509266
0.4370980331454334
0.5055819027284901
0.6097023137015977
0.6180785121625152
0.6085101371101845
0.5845387678173992
0.4714437433006251
0.5705830092927715
0.571394565268953
0.6388239230751508
0.5966185205676058
0.6083078901742018
0.6066434983397592
0.6336821670285168
0.6603325897388664
0.5730842268280256
0.5858273432813498
0.6168223802810043
0.6196003367818115
0.5306172986856373
0.6242712348473605
0.6486128485063186
0.6287946629919678
0.5811095761821773
0.6416911514155378
0.6362801805092498
0.42440480793700525
0.618755568781137
0.664453320006388
0.5771249388085076
0.642556754380848
0.6493755174495521
0.6728221097997783
0.612888584621152
0.5834993891830859
0.627595552162108
0.6269196819023457
0.6392077455493883
0.5736627757148078
0.6406080979105868
0.5801300412960391
0.6497825856698548
0.49387311559350083
0.5978214848892761
0.42368897288208457
0.6384489696670677
0.6527078242049196
0.607791493036956
0.6277793396127491
0.6533470435459031
0.6255556587362977
0.5586226711145688
0.6509695556203449
0.6387186372629743
0.651308364725193
0.6031927562618802
