0.27604747314960987
0.3197637182219412
0.3046680819890538
0.2880086917692144
0.12223320528496108
0.32157682672606996
0.28881280116272245
0.30895654274702467
0.26125097514497225
0.2876023537199476
0.2912317680136026
0.30767501643412964
0.30729699109802716
0.29466900978155275
0.28605993707624444
0.32531872971562936
0.3132228877816404
0.286661998422722
0.30363427139359506
0.28961684259947207
0.24915346352988527
0.29008128968933733
0.29624121539744297
0.31737213778625073
0.17229572637596502
0.32346748042988405
0.30643708932914293
0.31566289478349374
0.26109092892340424
0.25966076954957695
0.314195691811075
0.2998881788005857
0.280769316288079
0.30241527505459387
0.31036274782813367
0.28142951362859225
0.02098415501377574
0.3099641987768523
0.32228518778532456
0.3089705033748389
0.30787904922290477
0.3267163112427793
0.3081895769777465
0.29777760503131545
0.31282788252952287
0.32288780685799867
0.32164975093614745
0.30891538272742913
0.32405245523195647
0.2953309585589807
0.3193482659696918
0.3158709147870568
0.3219420562475317
0.30939283603256656
0.3185617991150227
0.31720483911825165
0.30703008802991477
0.3060669285265871
0.26953785574672656
0.3029076454307259
0.29584653439897557
0.31697882879382244
0.3323790897114769
0.3295679357720205
0.3189166295000469
0.3184674459166361
0.30973761594179705
0.30309299279705626
0.2928871861169294
0.3228459746230776
0.275646609394571
0.2894522665312189
0.29316124089691953
0.311871356324589
0.28286424965632767
0.25693792409739613
0.27592041304648723
0.2735176545020216
0.3080276685823301
0.30227000300954165
0.2629996560444885
0.306101233193911
0.30895514801976576
0.2995743475454741
0.3037391619460499
0.32106068797537174
0.3054063077666872
0.2639369435806365
0.25571050960790054
0.3192704332565366
0.3093258441873248
0.30353801990792095
0.3082590368003037
0.3188242950564778
0.3203825960786017
0.3185203983021096
0.3174064659877325
0.31100001926318677
0.2977763859908218
0.3219490766306736
