0.3001119759063889
0.3130736563969406
0.31416764294130195
0.26737011040259717
0.28718907353332956
0.31420128279774895
0.3139673621061342
0.2559112149671697
0.2884215416476137
0.2653527196474864
0.2805544135857467
0.3113110885125179
0.31546179081031883
0.3282996654071409
0.3138486343236262
0.2889342552488111
0.30028919931605624
0.2772730200033957
0.30107136973496773
0.30940016886779603
0.3108135626572892
0.30747706206465797
0.3095777761587467
0.31572769606733797
0.3075662381799985
0.30771660739290874
0.3076360486109406
0.308877553205374
0.2919133509526456
0.28858648671127274
0.30238818156861386
0.3213470138471427
0.3045413515048833
0.2857345176910238
0.2984749669835003
0.29993516120516156
0.31536599290917033
0.2965600054682428
0.30889091666215185
0.30361961520841774
0.30244669734851026
0.3177454253557617
0.30009299549861407
0.29848451459016867
0.31729714095008366
0.3067109817032637
0.3001417205665023
0.2777813703942014
0.30033678119712404
0.30928465179230274
0.31172926405519485
0.30717660744045006
0.31087424350344567
0.31395225211054834
0.3039487145002911
0.32314748969878504
0.32062820420853627
0.31738900788341046
0.3412109648176055
0.30139979305974524
0.31411930172718444
0.2988938338745111
0.30021976418979557
0.3033098104800328
0.3101933987429253
0.30640094269593354
0.3054546157200839
0.293548425567129
0.30498459105530784
0.3233025669472871
0.34020105128457906
0.31330295144039355
0.2955329902619549
0.32339496368815
0.3114134172458341
0.318926136429843
0.3090531765522164
0.31570473399665155
0.32819898951666426
0.3181163846760383
0.3026839123793347
0.3242577701376951
0.31867278537260096
0.30941453718566614
0.3082407646275465
0.30898440891811174
0.3077337070963199
0.33202651919648696
0.3229419062813493
0.31653783076997816
0.31280515230798156
0.31305225683388826
0.30410750745122045
0.3342961446329462
0.32712001685098246
0.31188190273777816
0.31173794715042774
0.3180501868189949
0.3249157039760042
0.3176227252835894
