0.19443247070986294
0.32560691288201976
0.3023492762475898
0.3123812138691805
nan
0.17628387262002237
0.2751043362811408
0.1335354743663007
0.2133746107404739
0.2746781748685049
0.18499813874737092
0.2633040737174631
0.29016693793465226
0.271680349758928
0.3075464861189314
0.2175333583189556
0.3197582148741197
0.2559319711195656
0.2221084704959896
0.26124674275991033
0.2918128027006945
0.30195250527720463
0.2095391580267505
0.29993436157598613
0.28057585694682285
0.2635832829188453
0.3351196193571805
0.08217077812606634
0.2735172523996001
0.2925573605710469
0.26685541882276254
0.29531516373557604
0.28650782787443335
0.2483002529484532
0.18225013239692545
0.2528214826480275
0.31666732003074877
0.18759919288656265
0.3208554580514812
0.3510345438359638
0.19495170185629296
0.23471697022156307
0.1972784452011443
0.21474616471217572
0.21588259514587155
0.3060622687852683
0.28556243531536746
0.2741540453150332
0.27851852598927007
0.2847297061182627
0.2599731569290444
0.16705037534624384
0.2882810512235622
0.19315888487899696
0.27417853735024206
0.28404882753945365
0.22400905242820504
0.16941140754038775
0.28642455495472285
0.27554029450786033
0.29002978253748213
0.2944824345384713
0.2820061918030262
0.3125869469649358
0.3084624882357466
0.29084781651346137
0.2692850287154916
0.29521229718769837
0.2634755179639258
0.31389972005213607
0.3106373809623024
0.26936340322816027
0.21434449533474878
0.30211905111662557
0.2113172797829211
0.262882810711869
0.19714128980397413
0.25095518956510465
0.28026235889614814
0.25003918744828946
-0.06413484339818698
0.2662970004199982
0.25113643062565094
0.31831808320383276
0.2832748792268504
0.2941738348948384
0.2627535840683883
0.2821629408283636
0.29412974923146223
0.3242255620962343
0.12973431050186984
nan
0.2986066420447301
nan
0.2507886437256837
0.2678416600417557
nan
0.33435056945161906
0.18848090615408528
-0.20429786249203272
0.303265278364405
0.26254495577538656
nan
0.27628485237821276
0.313255318773588
0.2637400319441826
0.11697885856504263
0.20089836800502883
0.26253502381190175
0.2743940672600809
0.21557889390928045
0.22079079900174747
0.3391755003877845
0.24901542037655489
0.35112271516271604
0.32906028984648333
0.2062670221228332
0.26677704431009386
0.226463154356143
0.3629572665756863
0.30376510009393687
0.2907988324430435
0.23438877694976298
0.24183435565328734
0.34478907485767857
0.2675265005874881
0.32534364010222255
0.24391128023900727
0.22374453844794825
0.3021925272222525
0.30363755729958114
0.29180790429365266
0.2597184397628711
0.39382212934601973
0.25753864862927356
0.1645668829760551
0.1853998081247979
0.34223700478890473
0.2841467956802895
0.2385916101916208
0.21142504473784055
0.2919156692485721
0.23154770086552343
0.30112957289418346
0.3465182125434312
0.3229862651146609
0.16487058421264625
0.23667633303828
0.2729833260320447
0.29047538143502605
0.2557066443956432
0.2942326157793399
0.29720105044666606
0.3388228150807755
0.28696827813636183
0.3405617495806118
0.22042341847361308
0.34158061824530456
0.26074220683460575
0.2629660836315795
0.17846856216066173
0.3014528677589418
0.3634569040939491
0.329633403470373
0.3011981505927686
0.27419323257136746
0.28108529127916926
0.26164841213733725
0.2819572077326083
0.34638105714626105
0.2755990753923619
0.2894517705065506
0.33842114570334847
0.3192634757628987
0.3059202149810564
0.26564551228343986
0.29791621787476774
0.22321551048743468
0.1723749438006721
0.2860179871702542
0.2959617534650926
0.2603846231205549
0.2891725613051684
0.2316309737852339
0.3041714836671365
0.3046172387079396
0.3279924371113726
0.28084526933412146
0.26648803829462814
0.2935370419794054
0.2883790193643981
0.35499245672573193
0.19558849477172596
0.24050198893791985
0.24927993435681167
0.1290828223653115
0.35933734377180176
0.3481444836813063
0.3516370479021042
0.3312645730152899
0.15341810854893578
0.3075024004555553
0.37208789730158714
0.33169563283496767
0.23591218153976043
0.2985334171620335
0.31647628215611884
0.2577002960616527
0.3077081335513106
0.2810265103946678
0.3402139626806445
0.22010502201589657
0.2905539120909538
0.2586750790629694
0.20988694492671775
0.3729549153479845
0.2936986894117845
0.3114750085664489
0.25510414032950274
0.3092903190258095
0.28251072772833086
0.3251464626200913
0.32410310192018954
0.33085440096108354
0.30316731022356913
0.22856457097707192
0.27048024003368887
0.3753845252407134
0.29574132514821194
0.22197621350586125
0.330906989301239
0.27878303996952686
0.30367674455591553
0.33379215104885473
0.3243872095286135
0.16730019410537528
0.3966534086161757
0.31735309701659975
0.27003448499288574
0.28286341303533985
0.20374924090335197
0.3380428687357077
0.3017124833321568
0.32980318021944816
0.3602288538534079
0.32639065800870654
0.2762995475993381
0.2777200856414579
0.14783392452129251
0.32824715427754586
0.30366204933479013
0.2481679959583248
0.2825793054269159
0.2418637460955381
