0.6900520470883318
0.714377448523344
0.6992762196251873
0.7208866704292919
0.7140985359544496
0.727142585663578
0.690986887769301
0.7231262483254776
0.7174733350476833
0.7087713109831404
0.7280546547609446
0.7189385339884772
0.722505302655583
0.7287602700114775
0.7327232559982545
0.727224423067754
0.7268337763331033
0.7248757656149016
0.7289813513386257
0.7119969696733215
0.7179496980286029
0.729456852694351
0.7325600172402685
0.7307281538082588
0.7127131912794968
0.7316082225628386
0.7293799605361331
0.7281189730553321
0.738029002829231
0.7304367852168326
0.7172038034759638
0.7333409259287464
0.7324879108631153
0.7299109964715909
0.7347345497843923
0.7332377715317804
0.7326293701366958
0.7269961142090483
0.7298577719899637
0.7312440099930728
0.7224922509927564
0.7251065526944162
0.7291154601508374
0.7268232832415383
0.7235371162008297
0.7243823516428208
0.7294526550136643
0.7257316380410159
0.7293129481739843
0.7317000314769759
0.712595298224627
0.7322804639291781
0.7370592525812611
0.7356331315261495
0.7295180577424555
0.7312343830622435
0.7314185628444226
0.7344508116785299
0.7261833764036408
0.7127911366336865
0.731126765205549
0.732930791378343
0.7314739074456018
0.7304394252490221
0.7373530423722523
0.728892097091128
0.7333188436295899
0.73236503312436
0.7321031882696167
0.7360467240380891
0.7307372861919752
0.7308641026586491
0.7319123553005205
0.7311337247678068
0.7303859167662922
0.7346888043720682
0.7341782436529988
0.7356425214099644
0.7256174190822285
0.7347314575502963
0.7260217389638443
0.7336739051963543
0.7338475498290549
0.7184627354806998
0.7328576029583839
0.7208600797940147
0.7316915561134788
0.71265716507759
0.7354776728122899
0.7215631415809988
0.7311811793985676
0.7284934363406613
0.7308145981779102
0.727868189415448
0.7335464043045357
0.73380464174837
0.7266299904207825
0.7245718229368018
0.7340630603406283
0.7158112762444736
