0.6823112520344424
0.7009353090081858
0.6785578847790371
0.6828332111766764
0.6923642234675358
0.7033055549890485
0.7088607087921412
0.6985874539229924
0.6621446346939595
0.6489299753358584
0.6953242919495534
0.6954954603082382
0.7079124880697683
0.703097160238954
0.7025945389443027
0.6995644412081606
0.7049015638525322
0.6866574625245185
0.7107600471853107
0.7133576233919832
0.6794048769427694
0.718732296312516
0.6914396507882233
0.6916627775113663
0.7087499491347213
0.7063930105616985
0.6991308547747747
0.7163258625784363
0.7004249151818367
0.7170060455513361
0.6948758365022046
0.6977596174312681
0.6895718312142142
0.7133061688327228
0.713382445661147
0.6713803912181522
0.7035050169266442
0.7123544088122755
0.6959710445911016
0.7051614712685154
0.6836677147175544
0.6899947750406444
0.6000189872031412
0.707163384393105
0.7094961782638057
0.7029774451661446
0.7109915522276204
0.7078419828518829
0.7291280576365982
0.7087243170236217
0.7022423985474092
0.6967789296679272
0.7020035270841448
0.71071566561697
0.6955031832004648
0.6916597320376718
0.6953029566038631
0.7036143697841013
0.7129679992396392
0.6964871450891104
0.6966751201187875
0.7092965473943774
0.7156889276969876
0.7123862484729524
0.7249664243258264
0.7107808518291073
0.7087229949235268
0.6931994840886453
0.7104872750632605
0.7136279543962462
0.7114162992300314
0.717554209314187
0.7064327578770148
0.7054970915593427
0.7131151912414112
0.6969545325819858
0.718981695875698
0.697754750191171
0.6764090518345874
0.6814041358471491
0.6896732238595291
0.7244788371137484
0.7153997977910126
0.7159922557936973
0.7170470640576803
0.7118152821562443
0.7154043323722721
0.7052148711709757
0.7041711033015872
0.7019642647700616
0.6456128837759627
0.7190020218184284
0.7265257295479424
0.7052298976960389
0.7172118196699724
0.7177341535238547
0.7064474626612035
0.7153659874490826
0.7108056179977378
0.6945808916459683
