0.5589800782291405
0.5741471959297467
0.5646583389202707
0.5635510492541054
0.5692477660836275
0.5783520944851682
0.5811275874798213
0.5776223558501631
0.5449877445959084
0.5476210458724455
0.5806435980342971
0.5797660482145233
0.5832767366766309
0.582792853334431
0.5740935429460448
0.5794999196461511
0.5779370738661791
0.5696500543482808
0.5804831379308835
0.580682572549406
0.5610976837559475
0.5884266562139252
0.5774556276100704
0.5704657623141508
0.5792903935481643
0.5840162375131469
0.5769318737247775
0.5850079956613194
0.5779894004128929
0.5852581424500278
0.5767112494640689
0.5706634789246298
0.5709325569764241
0.5861717678499377
0.5875487567092313
0.5592592749918984
0.5763867830316471
0.5900808757868721
0.5756547240164113
0.5830122922136389
0.5597957835679895
0.5778182861017586
0.4714773446770953
0.5894704661203591
0.576350306052234
0.579113577181986
0.5871107926266942
0.5779097853944596
0.5909645387830789
0.5783090473694897
0.5827658831014854
0.577089937935832
0.5802239604116772
0.5795183827519897
0.5733060360199377
0.5720360373657405
0.5762951103462578
0.5702280753862091
0.5892292406538884
0.5763375359254754
0.5731069491262147
0.5774238239695473
0.583205845030182
0.5845612888333102
0.588960258633731
0.5811791769209654
0.5837299463105063
0.5666873221697463
0.5798677069269869
0.5835711949568309
0.5875853683724299
0.5969596889480494
0.581454600001202
0.578544477877344
0.5811695266610032
0.5705385237997056
0.5897678577926667
0.5698607039768653
0.5626947912619892
0.5610825376535427
0.5687555519797904
0.5928000465274633
0.5866452127738602
0.5856769185574797
0.5855397545874479
0.5810682261449844
0.5860133592762855
0.5879103684014997
0.5789294372333356
0.582134579333038
0.539716973861371
0.586846664922592
0.5941434219958117
0.5784530207118832
0.5882559471977603
0.582064275369599
0.5836532550397786
0.5851173715082364
0.587268508166931
0.5770275225120529
