0.729836245830628
0.7152434006654985
0.7336267026201079
0.7114868435930022
0.7145778692669397
0.7382488607601739
0.7030882114409831
0.7167540150891645
0.7248955407366544
0.691985548375888
0.7145780547827494
0.6609855674496631
0.7022116786332945
0.7115919152069273
0.7247067671404789
0.7169185686653676
0.7176361293056738
0.7214217957166307
0.7074708501367392
0.7089187956098567
0.7278261464021777
0.7121706599084201
0.7148178502002852
0.7112735458969472
0.7193556428055496
0.7216245649822699
0.6991197516502698
0.7224731326997456
0.7072172932885407
0.7336985257182899
0.6892086532356811
0.7151407645953369
0.71111990785443
0.6870569150960028
0.6972825629758875
0.7003659366300835
0.7089953454753328
0.7258936616841094
0.710976607129427
0.7182719013225007
0.7177701085154946
0.7096007380301741
0.7258145839846809
0.7142178472546311
0.7057932519301843
0.6811720326842743
0.7147993534709952
0.6955100872101516
0.7280297279901012
0.7065897997313009
0.7219745404991936
0.7244053844992281
0.7095351618226355
0.702895962658434
0.7120673472129864
0.6861639555284803
0.7122605188926603
0.7176151425127357
0.7199494913377044
0.7043750662967727
0.7235139794920012
0.7170453453828084
0.7260335053239331
0.7031044977423165
0.7174850828655561
0.7077809235763676
0.7044519921382446
0.7174119153913924
0.7173667798486592
0.7204452891838836
0.7235704903018758
0.712467134470399
0.7168614491829616
0.7243041129807696
0.7185941865902479
0.7084630706091494
0.7132678374361943
0.7318726051832348
0.7126398382578095
0.7302519315534614
0.7097441065674289
0.7202060214524303
0.7266024626315479
0.7146032497922059
0.7217874441148917
0.7225527937157012
0.7174369558009539
0.713749008747341
0.7195216551317033
0.7086189321264275
0.7117684074126952
0.7180945170148906
0.7212552795027506
0.7143840260227211
0.7210356669433085
0.7105385717571361
0.7095099868160922
0.7098902204004521
0.6878726768643999
0.7155344036112322
0.7263708371703312
0.7146950431229505
0.7107228183368377
0.7172005045887262
0.7237957355418477
0.7216173171851445
0.6920982920397947
0.6961712479991845
0.7273498055216596
0.6980569347489881
0.7280174613510976
0.6852369328130822
0.7077193953832227
0.724073680824207
0.7177062547261102
0.7207353867387452
0.7019127760947502
0.716537870718893
0.7275130729781665
0.7372270991171652
0.7301656515518132
0.7127859678382099
0.7282911825300719
0.7179093583333226
0.7208467727335434
0.718738257441635
0.7241231390142424
0.6977664033962775
0.7188496543752878
0.7368687679071994
0.7143583214315817
0.7290231486888288
0.7058901090927507
0.7347722308033414
0.7212531451829823
0.7155635768738966
0.717376260092481
0.7047113659659103
0.7380900176290932
0.709604927011192
0.7043387267710147
0.7204622109670583
0.7066325953977519
0.7058903395505748
0.7170464994404248
0.7322037591388773
0.7262477316791565
0.677671766187698
0.7123540877714919
0.726329806821984
0.7020085661928668
0.7239949358257702
0.7094352733467654
0.7251546841745665
0.7159807270348977
0.7068285502907694
0.7286525540581504
0.7161555714510972
0.7293836253988151
0.6925036507839709
0.7136250021118218
0.7099264044642624
0.7139471898127475
0.7226300513169053
0.713872231022234
0.7016971943069082
0.7121689795786983
0.7199546145927149
0.6895438798134024
0.7135710105886388
0.723776451439765
0.7036069730987182
0.712914167765629
0.7031630416781696
0.7090095906682949
0.7274146451381438
0.7130856737794594
0.7097006384802066
0.7259706683965937
0.715932562753192
0.7323081325824422
0.71245841853653
0.7141417261477099
0.7073646855594771
0.6939161215988597
0.6986529421487725
0.7162741069741075
0.7025470248607747
0.7229041929392596
0.7303419048804272
0.7257748890761109
0.7210108324390968
0.700389238496633
0.7078822974996098
0.7002825119380364
0.7256591729098624
0.7185253849991078
0.7128799299752074
0.7223430230603848
0.7045914959982809
0.7182908397774451
0.7172027768721236
0.7139132493667031
0.7087610011890338
0.7024827956262822
0.7323851796088545
0.7010586139548538
0.7175598592568123
0.7342928960097812
0.7115616660207178
0.7104065221134205
0.7047819116119439
0.7200515619314257
0.7054312720434197
0.6871267642602934
0.7090176655975229
0.6954384530511635
0.7067379083669663
0.7152864321940745
0.7092435151726303
0.7074180955096999
0.7117816843734347
0.7155698326002985
0.6943373940804455
0.7209083372975157
0.7223981508116974
0.7120348144717162
0.709012977758423
0.7004054772066389
0.6730314875622497
0.7309728293609629
0.7142670507795307
0.7141934528340631
0.7224761875011737
0.7180903826861008
0.7107716376773985
0.7238946333647805
0.7194135924887308
0.7096710981020805
0.7130453822715836
0.6968225409035604
0.7244354300565757
0.7197542421347928
0.7234157500758724
0.6826147157297764
0.7208578197047005
0.6938208973646485
0.7315715234357133
0.7034460409674107
0.6865063373661071
0.7144608835908326
0.718615254843181
0.7173336558070323
0.7219835463949099
