0.5179513890577802
0.4420502285823681
0.49779610793154627
0.4748908792388486
0.49918700003305627
0.49361582193142134
0.5115303345664386
0.49650743753561266
0.5045847306018557
0.498385757516095
0.47058285252986154
0.5027760847745483
0.5089731369512062
0.4693805628242828
0.48731553795718685
0.511204311667482
0.49563696141181657
0.5175217303514622
0.5141918191664036
0.5147091598842762
0.5090104316911379
0.4798567242280104
0.49607162722002357
0.48550589560453933
0.4945129406944906
0.49889407081715975
0.5182799577934403
0.5055093791806763
0.5182143202880263
0.5229668846530943
0.5044746296665366
0.49121995634119503
0.46895867147695725
0.5102652933763596
0.4913658013916934
0.5131904832750724
0.5032838710449548
0.5142013194744157
0.5147952290059177
0.4917898064658216
0.49194941990281504
0.5013339133235802
0.5102861617094662
0.5087690944421605
0.5157708712990223
0.5052336493894499
0.5131624123328146
0.48471891391820693
0.5061478087392386
0.5190272217431026
0.5043832991629495
0.5098913970970631
0.5269220521966349
0.5119156400261771
0.5167146542375384
0.5059699102296004
0.48594437086223385
0.5092132198687309
0.49813499126960886
0.5044737244768339
0.4965442586569922
0.502873706246357
0.5191624080595042
0.5134409348560717
0.49844498689679545
0.4852973797873757
0.5166019687491573
0.48933707493252226
0.5114401524089782
0.4988888669451676
0.4803018554792383
0.5135521503377368
0.514739816060827
0.5152519825146588
0.5224070052483245
0.52303169516833
0.5138244339621857
0.5101297660089673
0.5126317478375453
0.5124820226470833
0.5134536665880498
0.49842778990406156
0.508096814730643
0.513623177332309
0.4910049473441215
0.484460684667828
0.5098624142640998
0.5114729802435307
0.49336727285310006
0.5166154469471805
0.5349226838800656
0.5032142595094787
0.4910559273592817
0.5085411388890833
0.49419900691703383
0.5033066299289858
0.504816885114486
0.4991829426270252
0.5185539893402603
0.4932582444758194
0.5126480208555342
0.5166094374198874
0.5117408271831583
0.5279728908619219
0.4953096791187892
0.5143562151323452
0.504704191372413
0.5155102272568203
0.5031241204149224
0.5010016427740739
0.5116452754518724
0.4991075203647589
0.505899370812391
0.5239458743217716
0.50352679284623
0.4996452193981376
0.5161749461200371
0.5121945318230056
0.4826452277385116
0.4850426383825178
0.5051208425896501
0.5148201907342088
0.47079746892640234
0.5046889694298112
0.5137511276403655
0.49339773802356457
0.48137101080813804
0.48912922813197707
0.48346797307439277
0.4991684700761202
0.49944226147913107
0.5012596199502816
0.5043629369011494
0.4647469249311273
0.5086537515480735
0.5090596951347898
0.5191840927763154
0.49466996249072653
0.5296207011607384
0.41794166250975745
0.48859203713676386
0.48914063354724163
0.5086572486807113
0.504393014810213
0.4998432499847097
0.48299146459194164
0.5079888373267084
0.4808302473905392
0.5045012535526664
0.5043118654119183
0.493241044765494
0.5183359476234
0.500937973300339
0.5160494750033088
0.4945023665500501
0.506827072812394
0.5066350423506134
0.4965775609704691
0.49397381454523376
0.4870230025455872
0.5154122629901623
0.49307742063857357
0.5081418423481298
0.5212816570835237
0.4935937555489724
0.5035221005883952
0.4964488543255141
0.4993460520439823
0.5058788391374223
0.5105814581520649
0.4818159051449643
0.521425095749277
0.5004086582698681
0.5035688766401062
0.5149022091326949
0.5020805823618315
0.4959254699215158
0.5113817104479965
0.5026391679009038
0.4864406799861391
0.5174022705852656
0.514541988781093
0.5142080245468927
0.500505659444059
0.5116183767706644
0.5158033804808886
0.5125844038412785
0.47302139921311126
0.48670117559152376
0.49694043166990376
0.49060610887061445
0.5071671823287186
0.47581616029886464
0.5156860495873132
0.5274693433975138
0.4878922448284034
0.5028892887053013
0.5016105746755957
0.5018998139747429
0.5074212384958227
0.5048818686511188
0.49825450808160837
0.4884605234972969
0.5137794909704959
0.4847870469977364
0.5156431985195522
0.518761287114306
0.4974688521985159
0.5080530400700678
0.5308627181181981
0.5000096485229248
0.5054362712410324
0.5187008334997014
0.5143415568931715
0.5051845534957378
0.5164472803952055
0.5113893318928894
0.5024288080623749
0.4846316154120026
0.5163746001086539
0.5060899223942884
0.5122074831605032
0.512792722580977
0.5177484451719224
0.4962821160571813
0.527989688446935
0.5039979974451008
0.5082262710265858
0.5067314304050583
0.5160280501120112
0.4965701693536665
0.517687422138414
0.509069926947576
0.5101398068678246
0.5241422205015421
0.5251842745747838
0.5176253913167581
0.5172421208870964
0.5137444384082537
0.507104794097601
0.4965923232513854
0.5040233719847499
0.5128041693637597
0.5107906960447368
0.5247563541671749
0.5079540190440487
0.5042351071634181
0.5008611015805692
0.5199546145023702
0.5102277032199264
0.4963336782771371
0.5167032433821171
0.5227076337344324
0.5191468083867622
