0.1917634115951204
0.3425185562256552
0.18320953740230383
0.2147410381933714
0.19464755426721922
0.25700171020418716
0.25677141651530755
0.18531151173245297
0.2571916471915419
0.19588124032251503
0.33742040573738435
0.317569940018142
0.3022089564022432
0.3049170127943021
0.4236776724826171
0.38715833176569964
0.18858259452613493
0.3971041927333032
0.20702369460650727
0.016979953702008863
0.23312217881726488
0.35609901439253383
0.33128609721536356
0.280200210088539
0.36373699969798856
0.23215137468106886
0.3330195178640285
0.27093926891017756
0.1751122084432889
0.22852252336240889
0.31437225468556557
0.3857120016545845
0.32532383873013127
0.3530917437945464
0.25210611656654547
0.24379785463840845
0.24383114254341065
0.34001994679978087
0.22960209544378526
0.34655775368921055
0.16232363908807587
0.3811913149593755
0.363047627902274
0.28016038605710386
0.23130939065790201
0.25587762621675
0.18128898958683448
0.3429850184622513
0.11739412469505162
0.19782509974571474
0.22787120299385835
0.2792402369315641
0.34461730438881544
0.27774887384560826
0.19651162105750652
0.30378512123059037
0.22225967002703276
0.3848699909471345
0.33347551616871707
0.20468858326487446
0.30248768015427424
0.2859276513375632
0.3505077295113703
0.300017728751943
0.2796494670668912
0.3088469662630436
0.3020484323989036
0.23892529021843564
0.2573739193681228
0.3699046140930192
0.19605024769598312
0.24740185422065222
0.26114020797941795
0.3502481370904379
0.20037245835900544
0.354988507468422
0.22247308855730175
0.2273789146393542
0.3283678758764892
0.3058949401157696
0.17898132642681808
0.34487066068215927
0.32613460168893676
0.1683123738553947
0.19680826546559466
0.35344382469059255
0.3506027191858181
0.3521360800533307
0.3212850147454972
0.20621708541530673
0.4090078740340192
0.3458991649795931
0.360014603824552
0.3623080704678126
0.2914761554915215
0.310376805709971
0.34355356015543004
0.233376829734758
0.31041903381605473
0.42133860939302525
0.301913365981096
0.34953943760315137
0.3647466697975745
0.32776275615292844
0.31962375799198983
0.3144583146642712
0.24750488055314757
0.33513900239481215
0.30898097207401654
0.23960442196495077
0.07584583526041415
0.42884683225200265
0.2537025430286863
0.18538803366282683
0.4140359715443236
0.20544695515172817
0.23689070882639854
0.2896563964794465
0.37512188685905057
0.4168883501570546
0.18444156969304154
0.3470078334035091
0.22275508106755929
0.3321708873749107
0.3480235109300186
0.206940799980423
0.20065237635115704
0.2519695374796781
0.2550563388106887
0.31056451395671647
0.26051597578894636
0.24928466365663837
0.39531557889521174
0.315300637125396
0.33296339884459775
0.2026454547900738
0.20059955282165073
0.37411966480950026
0.3578687839609543
0.2897917079337919
0.28916484944332127
0.20226260375117694
0.24030614973481357
0.3828238057378585
0.31779398478391274
0.37061084280104833
0.28888779630369205
0.29601897977282116
0.20593803447035738
0.19131266421576745
0.2629831169139644
0.26342488414612447
0.3115325760096306
0.3033503107946424
0.37287349143630544
0.31667689905006496
0.17677832621306144
0.34034144746740463
0.3607953001523788
0.3128500114325129
0.2838106486830452
0.28786666036204556
0.2244259623943961
0.35507022144990547
0.3007259584645648
0.3362355265952245
0.32133656135286964
0.21000616708303474
0.26261142276896293
0.3088921854660463
0.32110988130361007
0.35537206290886847
0.3638203016227757
0.36794918740883326
0.3428333224908085
0.32929686542432285
0.2549933569624018
0.3497826303759753
0.3021778583459861
0.28852297589225195
0.26642761074185667
0.3006384421945274
0.23389155418164148
0.34647141838985346
0.10387952844430683
0.29835711965326983
0.29904662574139884
0.33878202757166387
0.08968633455314624
0.294490666415065
0.37624441920362367
0.3485673674352273
0.3978473162894172
0.3407484936023581
0.3467210901657075
0.33172838638964236
0.3697280712837757
0.35018127501836127
0.29665669747849505
0.330550450075246
0.3199137964819938
0.3130880839972119
0.3224144104401061
0.3509368014564435
0.34318111922842987
0.36099947916388087
0.3719902340062204
0.3917109416435325
0.2821830300381758
0.33585125369692403
0.312598176276736
0.3071383474280685
0.37354731109994505
0.36392456147890223
0.10115712388410973
0.37626602359681666
0.3232124567066469
0.2221049599919183
0.3191039584768727
0.3130782401032328
0.25586201648407186
0.409571449999343
0.3109403713043817
0.2994958591370731
0.30610552168333993
0.24438684990965875
0.26915158414011614
0.1821491070306724
0.3419086980281156
0.38531179910981767
0.18126855577321435
0.33961011866496754
0.30313169209795776
0.35183661504636077
0.3159791146929015
0.3004406702768103
0.32433387069225217
0.37729266572854336
0.29416349462578417
0.29891122075478255
0.35164772884407053
0.33516856372507065
0.3283218883485076
0.34727044884834096
0.27849943717929004
0.17778993264869594
0.2590098860801243
0.31651493990293894
0.37708659567593406
0.2579673809060463
0.1572217013335287
0.4068830894436764
0.29896451483263187
0.28124972882428
