0.2066636403952921
0.36323562964528694
0.19630157748486365
0.23271320212468238
0.20035992691860807
0.26755223722662064
0.28662364155862236
0.1972180866741379
0.25476461970047476
0.20979963768500368
0.3609052760153642
0.2985441039739461
0.27179088355005837
0.29784044527944864
0.3871600252581997
0.37943814319082625
0.20269961294550762
0.35364668757192286
0.20663192149803122
0.011879561732013657
0.228741662304494
0.36873525601333385
0.3192007410145268
0.2919757881174807
0.4020236674562019
0.21890296119886968
0.34746632945970496
0.27719979024085717
0.16433226787721025
0.249192838667343
0.3363332016958189
0.3854965595536881
0.28521131592269156
0.3687289957020514
0.26682270258962093
0.25287223074960236
0.27287767313515404
0.3387853681041019
0.2411479246726024
0.3347637458145543
0.1510370416779752
0.36659532863146976
0.3769321574718857
0.29455002704254607
0.2106034613182196
0.2567619692031707
0.19015562378666126
0.3740125423435744
0.1057875306118945
0.19987579638146866
0.2535984265553115
0.2831716370142173
0.3547307916402639
0.33597657628087074
0.20048596779982883
0.3125171129251763
0.2403866711383418
0.3483658912973206
0.35713975950477167
0.1925921359209887
0.3011316263546163
0.3168617671420911
0.3199009383243747
0.3484961059350165
0.30266923003350277
0.2903631326041129
0.326945037639753
0.24226476373931363
0.2658352432354211
0.3457201206947125
0.1949026071740953
0.2442338394929547
0.28632147732682156
0.4014634193994461
0.2300847071911445
0.36560096718927476
0.23892426303305178
0.2552845363570728
0.3307371152780708
0.2833382315686557
0.16291076045523029
0.3460871330691499
0.3267071459102966
0.12927704344920454
0.19801690206041792
0.34563414578897916
0.36681068324971455
0.3271576707395028
0.32337332286661596
0.2041227897831329
0.4037990909949873
0.33895397908427805
0.3719842023345249
0.35643374434337194
0.30668000112135596
0.30560460762503483
0.3355775859416421
0.23610128117683551
0.29664097013829466
0.414541780672546
0.31972231085032676
0.3679575717980413
0.3681570669676556
0.36219224486696916
0.3005482374561386
0.29139566618073603
0.24774295117939274
0.3562190756880562
0.3223491363682193
0.2283351595948614
0.11823599506661688
0.38507563495775876
0.2786822313338909
0.1727327674044015
0.4011697613536267
0.21892716772572662
0.21456581935235883
0.3100438736466521
0.38413587881672373
0.3949870805112275
0.18162741396260396
0.3974569809584611
0.2504966522863287
0.3460581773628874
0.33759257062552916
0.20156858384581125
0.2158362446584384
0.250100166070568
0.262336148042855
0.33126548532981087
0.23838253765614925
0.2609563760120077
0.39369493432112335
0.3496415780455416
0.3456099392621221
0.24373301479936224
0.23060473016465802
0.35138778681053406
0.3453837334421829
0.345776880826653
0.30171515899220913
0.22976501409506794
0.24864610504350448
0.34994687207402175
0.33150671589055786
0.3560129028558606
0.3045715670892644
0.3147749975854557
0.22789109503320942
0.18299299596046611
0.27834046574870475
0.27150207464342
0.3375967441646424
0.33408819197075384
0.3318347560648609
0.31158307487162634
0.1782418390339188
0.3308222554759815
0.3349665798154593
0.30968912282202404
0.2958187829329803
0.27328667996825456
0.23954528565310645
0.3638332804463072
0.28866032864589847
0.3310250894768864
0.35233866605649605
0.18484354320329033
0.26836941618499904
0.3341377149475637
0.3338989885102846
0.3587843780266165
0.33771809137831943
0.3847877856262166
0.3207448279330781
0.32943330165908496
0.2839951466250845
0.37995983557998514
0.29014439790914065
0.32139756945039366
0.30406068797386726
0.3313030471818303
0.2621900741738905
0.31075087117244016
0.09359829227767617
0.31200710644553464
0.33828621282615473
0.3014172940852646
0.05564412758159264
0.34552396435638877
0.3500589319568687
0.33807753587049116
0.39056370939288754
0.3609316822594726
0.32426367836269177
0.35874323214376236
0.36060019017886746
0.3393241722405027
0.31734756709487577
0.3369339861534551
0.3444622160059727
0.32362707404470287
0.33402002114456947
0.35506192862806724
0.3662981726466049
0.3508744414996018
0.3657639596401062
0.3752380245881872
0.2818299145331196
0.32794752173476066
0.2846136651216712
0.26259323805223245
0.3752161910238416
0.3638992223642969
0.07619046063622419
0.38761577572936884
0.3125712745114177
0.23859037990399015
0.34163673002628847
0.2997085213865486
0.24245340770723345
0.3505148287028835
0.2897438730132552
0.31039666723468706
0.3050336317671474
0.2571167200277987
0.27336011775757274
0.17106001292780262
0.30041168829221243
0.39589339934710643
0.17356246698011968
0.3135026163389401
0.2723077888628657
0.3488775680467282
0.27522475112019806
0.3484130900491912
0.3534845728610413
0.36756728780401154
0.28072047057463806
0.3401743219209984
0.3347637458145543
0.3197128451311041
0.35107143254574813
0.37753115924874897
0.2897170687493786
0.20176891372324823
0.3007427243788171
0.34012507415946186
0.3830358059042214
0.2909474280799708
0.1306409560314214
0.34893624993539885
0.30583778092829794
0.2741180489596181
