0.44818384475679823
0.4103114814273348
0.41554426476755363
0.37075718183522327
0.4036546865416681
0.4437398603089876
0.42429450687243686
0.4146210779156981
0.42276866097262517
0.4264564001331111
0.39798868984149177
0.4545643513531665
0.45473630116463326
0.3913085231367907
0.41906589707133135
0.4345121653295462
0.4540568489969927
0.4454184577403451
0.42902396139559523
0.43181188552326
0.4504116799354621
0.43229267722910875
0.42107921233957313
0.41061948861389413
0.4229147348415896
0.41074052124817906
0.47294127877671993
0.4251033387525887
0.46334297352402004
0.4769946199635284
0.42835869926093983
0.4143214178073653
0.35006894845074055
0.44175075156760274
0.38050072624906506
0.43689859499451433
0.4432665809735427
0.43584268959885686
0.4501871435311682
0.42512170232468716
0.4140267659459684
0.4316566298682463
0.44019151735488493
0.44362216650599334
0.44814043995002023
0.4251868095348541
0.4331532609942652
0.40184420527433123
0.42361255058132846
0.4534107851422584
0.4283737240017476
0.4394461232692548
0.45906926947203075
0.4426906325759114
0.46158674826515567
0.4423909724675786
0.441429389055881
0.44521395432379485
0.4220115809774778
0.4464960655393916
0.4481930265428475
0.4455486721606791
0.45494080458118347
0.4338335478697284
0.4414252155167677
0.4049860455188014
0.4273487027955284
0.4046204434924789
0.4472347819624405
0.41739230788690984
0.40838914931176235
0.4502363912927048
0.4358435243066795
0.4461037528627441
0.44457122930035115
0.4494392453220701
0.4759320369052896
0.4407165485753343
0.4519241705101114
0.43479847011271655
0.4382608381610859
0.4320806614421546
0.45352180128267144
0.44718970774001715
0.4034318195530195
0.40140097542050196
0.44525735913057285
0.4211267906854644
0.4407248956535609
0.44572062197214585
0.4739880023863282
0.41233815202073903
0.41380139483385175
0.43083861620204533
0.39241951924874335
0.434037216578456
0.4295398108299955
0.44507539282523423
0.46571270903253503
0.4247978356894973
0.4484559595069835
0.46970344713264456
0.43461066085261935
0.4514225111086963
0.4289229617490541
0.44332501052112855
0.44695265071838336
0.44399194207142917
0.41758929893305624
0.41768111679354814
0.4475119049595617
0.44120151382029643
0.4635850387925897
0.48128334875632534
0.4409026884197862
0.42981860324276194
0.44611460406443865
0.4510360413868074
0.4128339684673956
0.4099366976149631
0.45571958697971976
0.43641613387302025
0.3828387428603192
0.4167954917937121
0.44521729315508546
0.41056690202106694
0.41631303067221803
0.4555493065838983
0.4014452149351026
0.44088182072421983
0.4336240362062422
0.41355849485745944
0.4314646470690359
0.37381054305049216
0.4373985849802841
0.44710206341863845
0.4480703244929173
0.4211309642245777
0.4610316675630907
0.3883319550412061
0.39926913164144323
0.42063013953098527
0.4273787522771439
0.4293903981297404
0.415403199145525
0.39031689024347765
0.4390680006255925
0.38241304187076564
0.4334804664607456
0.43163576217268
0.44363886066244645
0.437719947492006
0.44115477018222776
0.45344166933169666
0.4478174080226531
0.44186427183148375
0.4320063724459385
0.41354847836358755
0.42758075157022624
0.43399047294038734
0.4594148385106096
0.421219443253779
0.42493973601934854
0.452685424044372
0.4175918030565242
0.4177637528679909
0.4292025888696432
0.4424519061386322
0.4256676012407029
0.44994507826259844
0.3897000411625362
0.4580909919038802
0.4283111209150486
0.4289755483418813
0.4474142441443112
0.42524523908243994
0.43583016898151705
0.4551444732899111
0.4257218572491754
0.42235047235347545
0.45991900203549274
0.459148566715183
0.446046158022981
0.42475693500618733
0.45204019489746033
0.433788473647305
0.4568163930586873
0.4049367977572648
0.4149866799420206
0.42112846010110977
0.3822736456643824
0.43344874756348484
0.38318598131454334
0.43874997694516127
0.44558039105794
0.41179809605948187
0.39434519019560643
0.4244255560005936
0.44017899673754507
0.43480932131441097
0.42424692852654555
0.4164374021377935
0.4070594597502743
0.4454167883246998
0.39428509123237543
0.43448545467922123
0.4452615326696861
0.42172527619430744
0.448131258163971
0.46186971421703543
0.4264038135402839
0.43064830281848016
0.45430225309685307
0.4583355612959178
0.44457790696293237
0.4564349315837344
0.43741945267585053
0.41437901264712845
0.4223947118680761
0.4461296288052465
0.43322003762007755
0.4340063323890177
0.4404294090843413
0.4465269497288298
0.4213897236496004
0.45833055304898185
0.4346056526056834
0.4231050482251547
0.43138618453370636
0.45327055422805257
0.41149509711985843
0.45616281683354915
0.4395320981749881
0.44158965295783065
0.44498858321167817
0.45529805952927943
0.4513715939315143
0.43592509023715614
0.4362141345799379
0.4344470581193791
0.40460959229078436
0.4314554652829867
0.4482314231026895
0.434078117261766
0.45475299532108626
0.4359395157062847
0.44130000934336955
0.42422689553880183
0.45370961054276865
0.4385312834956258
0.4357249957958626
0.4530251501281923
0.44616301711815254
0.46645893782598785
