0.6098235833713472
0.5983028284952083
0.6234082372502325
0.6080836712669527
0.5520542855044646
0.60847511947282
0.5867637887200584
0.6047310059392863
0.53185605992725
0.6083121557209477
0.6159245700071404
0.6208596344423148
0.6236915555652305
0.5968068078669442
0.5992794541321456
0.6039050485680411
0.5979899870909684
0.6026536874579996
0.6083872689347738
0.6169087159893617
0.6118667187991281
0.6184880992899157
0.611541522970598
0.6183307615566301
0.6159757444533771
0.6179012003646841
0.5892193629891077
0.6122505342823659
0.6068319333525686
0.6102576846234306
0.5991321821009242
0.6133894192861615
0.6155527002110285
0.6204195002501418
0.582436443732686
0.6063451609426358
0.596500361252242
0.6043936201331137
0.6133624860458361
0.6136547151733533
0.6093055129983226
0.6179265580941905
0.6178796009217259
0.615092398549439
0.6179272659699107
0.620598156707589
0.6036186718116638
0.6183769086959289
0.6007903638426944
0.590929311200045
0.6008851783483292
0.6145945571225936
0.6123122939806013
0.6166355284463784
0.6260853978490293
0.6188328593750195
0.6179050194989657
0.6161937904281449
0.6077560059348879
0.614724043475152
0.5935069353719875
0.6161893320170589
0.6175979239931176
0.6266001200424638
0.6146027401381086
0.6035453931116435
0.620998342484742
0.6121204237993119
0.6175151046618342
0.564849162095522
0.5773167807959716
0.6113533975541382
0.6151292488147104
0.6069346118642818
0.6095874791414662
0.6137643106911913
0.6153012045094134
0.6165250522498544
0.6134069311834782
0.603628445081569
0.5951984715621645
0.6139984890919543
0.6173805285632531
0.6126025632101367
0.6182931686929961
0.6151674566840715
0.6294464808583694
0.6216426411051857
0.5503543545806925
0.6085001474226351
0.6114140738667401
0.6232012868310329
0.6255256346723205
0.6063518483313043
0.5909928885011464
0.6129229909335366
0.6195076744283377
0.6208916163114938
0.6115719934121266
0.6105773786149272
