0.6744556260165151
0.6744097229058938
0.6730181848523726
0.6820851697195316
0.684843693896545
0.6615708211636389
0.6479683433008165
0.6818615108691757
0.6638113495014548
0.6582312988167183
0.6653349666505859
0.6748540461866724
0.6878766166216372
0.6679400019091546
0.6871271493200654
0.6824933853062145
0.6899064628538316
0.6768737714235162
0.681582314030117
0.681259266955073
0.6738899147442283
0.6762272957846595
0.6821596225272681
0.6869120992724733
0.6791812711819796
0.6810149987430795
0.6803854170946924
0.6602204324250894
0.6861403664511604
0.6863137773605554
0.6731549354200507
0.6744592357552943
0.6832770590962279
0.6877132377251595
0.6805527692282216
0.6838409547273298
0.6739986848648476
0.6879715022464932
0.6712122402969962
0.6785988955918365
0.6804063767478674
0.665924914080436
0.6749975192740123
0.6679987701451521
0.6720706066565563
0.6885396184965725
0.6742262892104687
0.6830924769024842
0.6855001493231652
0.6820920680171594
0.6777218916700036
0.661704980251161
0.6717085477578864
0.6634949120642599
0.6760346251616907
0.6842366206179537
0.677743157191144
0.6900123807055487
0.6728505220835251
0.6866331279695088
0.664111870949767
0.6801105826179626
0.687005886461175
0.684537057776728
0.682206576856655
0.6832387010228481
0.6810793681331093
0.6737482624849931
0.6841567535820119
0.6870202071546498
0.6860192470533208
0.6839558880796923
0.6852350714246485
0.6701778020294006
0.6806550439803302
0.6855522551274265
0.6814928378458449
0.6825460606890221
0.6818353969448379
0.6797905643901077
0.6864367050554359
0.6920951067765045
0.6853784274701666
0.6788673997739373
0.6858980953321023
0.6862764254237586
0.6845570108048538
0.6864690754319058
0.6843444906615739
0.6817607741475246
0.6843895323805527
0.6766910694335586
0.6870624126303917
0.6823198660658376
0.6793161683111185
0.6698155722770873
0.6849476468261317
0.6789247941769128
0.6815596985195475
0.6878911300809925
