0.5698097682238749
0.6077791442456649
0.5782208540876063
0.6152835543379839
0.5760558990419359
0.6117780720576772
0.6249657695668761
0.6154853041411636
0.6164888886178458
0.6337059167291399
0.5545871500178309
0.5863046941077066
0.612359956571111
0.6207694476619304
0.6254315444947427
0.6297619227236068
0.6317246719650942
0.6322753070671621
0.6276633578352365
0.6233179205335739
0.6210172572384627
0.6337003540981779
0.6296322128981485
0.6342762982695618
0.6249306349859824
0.630752415130595
0.6184158563630042
0.6276320419765311
0.6331131118656909
0.6247274315099278
0.6343984830664253
0.6302678058435189
0.6247024762091472
0.6266418382087092
0.6328564615094431
0.6349149850715371
0.5895868356080838
0.6309511229169238
0.6273762715331621
0.6172656713622331
0.63360202986273
0.6331861398039359
0.617154732035418
0.61816933917591
0.6252194845909834
0.6288395755511059
0.6216001381699322
0.5778575180915282
0.6327850656344087
0.6289746939908665
0.6238814629830117
0.5883159406140621
0.6187122792621763
0.6194571897079792
0.6267744390395621
0.6346756950223715
0.6197007516151787
0.6079150051667714
0.6304202604153712
0.6169495464692809
0.5996189430511234
0.603628172270285
0.629266790717831
0.5973564211072039
0.6165633832130771
0.6295722481610213
0.5826490983516799
0.621243094659703
0.6193698486389476
0.6386115643024526
0.6256399162629819
0.6346673732582531
0.614831059402673
0.6154155625828173
0.6328787305186289
0.6052368374997898
0.6258122810497722
0.6346448699027418
0.5970758538296763
0.635414520451174
0.6297950768756491
0.6204758608820646
0.6095190952809818
0.616423139994338
0.6344308934306971
0.629762460654964
0.6205782924788671
0.6291067426156473
0.6351995823141332
0.6329913350251499
0.6199773570383962
0.6245665591366594
0.6272196373417147
0.6355780605993748
0.6299918717114162
0.6375702773599857
0.628878895628635
0.6294710235700828
0.6245507202136529
0.6262317384250129
