0.6838607912805913
0.6842865887427478
0.6867688684827837
0.6905443171743315
0.6944233033774272
0.6692754534414654
0.6601100317223868
0.6892741042180985
0.6751943978131243
0.6729215717144479
0.6796867211786369
0.6841481232580201
0.6921956154295066
0.678290787804078
0.6937168687790765
0.6920452703768737
0.6956718420575091
0.6826387119113169
0.6880162519209556
0.6886698216159427
0.6787874688716251
0.6839506243146436
0.6923222186262468
0.696211728299343
0.6876106649423473
0.6873678362665165
0.690135871003648
0.6739812356327866
0.6954127935491772
0.6934935205811241
0.6802429068908544
0.6815873423535698
0.6884799041654371
0.6942908588171361
0.6890063361129346
0.6874543034730825
0.6818571374682334
0.6961917812636811
0.68216830296025
0.6891620554791517
0.6876803420791214
0.6750246752108194
0.6830115381608038
0.6749828698303159
0.6821622286934581
0.6940897012999399
0.6829097879938073
0.693553324008189
0.6930721204824225
0.6918811321932533
0.6852320504349915
0.6732043831150943
0.6809577327675972
0.6704152082766651
0.6876124537895003
0.6904719533859744
0.6871572466583802
0.6960764565942236
0.6814604033253817
0.6917109107272318
0.6734792172040776
0.689480492552283
0.6937106367391209
0.6892949543172958
0.6888497687872563
0.6917402873389612
0.687396308194912
0.6789454832026613
0.6927396255613122
0.6954139310185555
0.6928333503333957
0.692439088721405
0.694747737592488
0.6787100519546673
0.6882786765162981
0.6931665837831711
0.6911694079459954
0.6900351426057099
0.6887048639035587
0.6871588491829401
0.6897806064098521
0.6985345008737558
0.6926442306475986
0.6874810024488381
0.6939108644069242
0.6960927823601345
0.6922139651997139
0.6945213150717513
0.6899773164874115
0.6881402005133597
0.6948418004499217
0.6842506547778261
0.6927230075393985
0.6901091036595214
0.6851860099720012
0.6779438754210336
0.6935760224221825
0.6863088064460348
0.6868613130383413
0.6958185410474653
