0.6511329120946543
0.6320507581504002
0.6515712224876071
0.6265618206252844
0.6546694486840937
0.6345459112667924
0.6604989520031419
0.6499780527033038
0.6352330873773191
0.6442065196920568
0.6593135630921565
0.6503789335167616
0.6682660639474226
0.660694942677924
0.6452532902865938
0.631015052265335
0.6363412342707049
0.6660624574637322
0.6630933725526279
0.6555181440871836
0.6596067433206891
0.6650623557096257
0.6585869566083821
0.6624578115947326
0.6575668252309668
0.667291608330365
0.6547539051519058
0.6527187093694963
0.6655042081185173
0.63610213880854
0.6608065150536354
0.6622305686559498
0.6699618393073032
0.6546896750443489
0.6628540360501587
0.6582897501584155
0.6655286192688565
0.6583270145389482
0.6288352106543043
0.6638664301088901
0.6561386471596393
0.6571917582572213
0.6645338759683728
0.6463197592221096
0.5476209557035795
0.6611566054460469
0.6683971070225999
0.6627306144034038
0.6580737149696188
0.6284426919119708
0.6617047686436917
0.65319782553832
0.6622312554847324
0.655143560695856
0.6647805735864337
0.660942990422052
0.6636952779764185
0.6608977814732279
0.6611862218655163
0.6635143212855177
0.6585498379032982
0.6141692454274646
0.6519465920758157
0.6481121521971495
0.6629329989015604
0.6557191198887322
0.6453405949347019
0.6562653923091596
0.663687719372976
0.6711612791405156
0.6624742601550753
0.6546698684396395
0.6487828299490636
0.6485799280777922
0.6543861061816099
0.6546096406524035
0.6535367056793113
0.654079941442445
0.6574195203196485
0.638915266888113
0.6359082654379883
0.6657480695707525
0.6601710832512927
0.6562132344912459
0.6640632541601471
0.6644220542924086
0.6605009283834586
0.6600143199484623
0.6512071705301443
0.6564443005329247
0.6554735734070786
0.6629478577973403
0.6563425034303719
0.6667229612122644
0.6470802796789206
0.6603411510778463
0.6644094150699622
0.664460398473433
0.6603728077045036
0.6564098430329471
