0.436576242348158
0.46602528621742684
0.4430196446085017
0.48627916528492077
0.4975089204092425
0.42458077191943194
0.5323952397606971
0.455986437606077
0.49652990324567475
0.5142635865134534
0.4873872303144772
0.4517389361697192
0.4822970099565682
0.5158299719165568
0.5667887205245332
0.46137504312638916
0.4851922446809654
0.46713219912481224
0.4787583263762746
0.47562197640044274
0.48430661927136054
0.4884134728260483
0.48117670647839167
0.6094994946743887
0.46734818073112505
0.6727753424239763
0.48543396916736015
0.4470337487461916
0.5815523945537584
0.5159102423797158
nan
0.6687469756038606
0.4609501717816531
0.4596098588904981
0.4241078870268384
0.48422387796498206
0.4415988483279103
0.45375579828625384
0.47172850109348646
0.6472479148778626
nan
0.44315797949591507
0.48620828258738746
0.46908530432122575
0.48406872995941924
0.5488740686735474
0.4755205051599738
0.45563761352034443
0.3669716972127623
0.6150704287521298
0.46825770765911323
0.5110339835752556
0.45828552844191117
0.627085320058691
0.5165830121086378
0.4755653919941614
0.4570752916040823
0.6034465193177658
0.4803021101727976
0.49878123218813236
0.46848250954517645
0.46135633383258523
0.4700936914799399
0.43462327882631896
0.3851071287958434
0.6895043409836091
0.4997233006791611
0.4856848454299354
0.46854081861665686
0.4733347499805882
0.4301422608500074
0.47970387563603584
0.4743865256198733
0.6766292881815469
0.4576445748045124
0.6555290126079706
0.6210064719383945
0.6456902190155455
0.5131303921437979
0.6782403260278799
0.4950748723810883
0.5045481172484588
0.4505875457235085
0.6531853092439027
0.4597209765978225
0.6756634097833404
0.706024330934782
0.49063215281458367
0.6965053874458925
0.4967892742710844
0.6537057874800672
0.6791276201572208
0.6511995507813285
0.5908155705952128
0.49111185637496496
0.7023959471967831
0.4539800235475066
0.5093334899572443
0.487086517618769
0.6977100901003399
0.4581634585843117
0.4661201239366955
0.5158692387574146
0.6968811921552247
0.6740732914886219
0.47598375174207985
0.4919395055681166
0.5165253913189795
0.5234663598282769
0.46509003616095995
0.6737001369345245
0.5165222706585878
0.4596243574069894
0.4826356723854763
0.7101645051119557
0.690929560173325
0.5019671890047731
0.4694759818826558
0.4920364778889222
0.6798316365425527
0.4990771844361032
0.6992582773944316
0.6951504992328952
0.5058800310277113
0.6538821161285655
0.4578642950235532
0.6881036157854459
0.6954959380424786
0.4925901393349248
0.49005862948257345
0.46448541513353175
0.6944175073545058
0.6785912297171952
0.7177951830086445
0.6892145452586488
0.5227883811375359
0.5082588083742491
0.537421579692883
0.5213419037155954
0.7095531957500805
0.4750100019484862
0.4630353189707675
0.4668924877615914
0.6649210372446275
0.47298257361599827
0.48129745028136656
0.45196995279607977
0.5085064170598805
0.6943468860371833
0.6946131657998641
0.5110746029852221
0.4804914629137667
0.4766889492881963
0.680754918055732
0.7056620378175721
0.498633642657782
0.5029173211467025
0.46304933541403875
0.4902381631281757
0.5129756237847997
0.5072071369296612
0.5122510581208771
0.6892985117061128
0.4741456252911883
0.444749112644952
0.5362583740833115
0.506376818666853
0.6768494892564726
0.66084785131308
0.5142965475301867
0.45008537080545796
nan
0.6828208783948024
0.6956939196590649
0.4947636974211101
0.4548440357951577
0.6525665511231009
0.6793419606530832
0.45128773832933955
0.6598530392036182
0.6967793275683627
0.49008389368022104
0.5097038886331827
0.47978230377164505
0.5025704280729004
0.4714543730892661
0.4933236916435726
0.5645249333991146
0.5129279013863838
0.48411910392657387
0.4431627480961681
0.4798306787770501
0.4747862201481557
0.4824057526505271
0.489706602254987
0.6988113035019785
0.6394228543164853
0.49401550285860724
0.6514695383322073
0.5434132639721896
0.4869546962060116
0.4737321401587964
0.48362163683615583
0.45760928908917337
0.47350629864677074
0.6326384807704293
0.5143164715048574
0.527893597511552
0.4825308515628844
0.5086629066298459
0.47483829456636173
0.6865771206410207
0.48176052742035225
0.688328292203332
0.712463700883052
0.4715230647451535
0.4702406631280921
0.4919538652739966
0.5335895886568994
0.4535790613027457
0.7070728761261703
0.5019911140557184
0.49513980286158393
0.6971043664347476
0.4868731984408303
0.7262065690410358
0.6483245207988095
0.505696550712567
0.7208140186541405
0.4961378823003761
0.5226274108113537
0.5007509120576054
0.6208220470049769
0.7345216948075182
0.50610873175904
0.6558432483637164
0.6917206304428349
0.4969683752967102
0.47446566702510795
0.436668648044788
0.5117449930567546
0.5051250448537067
0.5029193862150564
0.5400269829240759
0.5018417085498654
0.511177655517916
0.7039846703575656
0.522524678946265
0.4865840233891271
0.6337528582600813
0.453841319382803
0.46965309980112363
0.49546811943774377
0.48227156703663143
