0.6576157013137237
0.6387690441686746
0.6116150567030585
0.7356758181068583
0.7751005512796305
0.7701494515560952
0.7687379248912728
0.747711811161289
0.7092542600742898
0.644580909939272
0.6958883093673301
0.7212608342630871
0.6680093364138954
0.7031718329656949
0.5159521788425797
0.7233646357504983
0.7419113464734481
0.5647391321262433
0.631324674715532
0.7495504889076376
0.650901263844911
0.7770770337567098
0.7510511279365821
0.726038487274655
0.7614877512649543
0.6776102303275149
0.7601612813838353
0.7487221786364592
0.6925363667440393
0.7469364096235043
0.7670545650244913
0.7534804156560813
0.7874521260799564
0.7917784022588672
0.4894453220231559
0.7182874691007337
0.7560971882597544
0.7708281788187293
0.7433987811503068
0.7015978020931734
0.7512913828162676
0.6747272540298718
0.6916181228935313
0.6927150063953158
0.6943768071600968
0.7210199834753949
0.647187853471625
0.779009786952305
0.7498460890498654
0.6679098651321839
0.7930532289542694
0.7610310590256528
0.7597525893754263
0.752531534974833
0.7971139540220458
0.78269979062524
0.7809033801323072
0.7606002316506283
0.7986413440720344
0.7569983144918828
0.7479096235211311
0.77995043968237
0.7545081052440343
0.7518972480084523
0.7328384960829762
0.7898172233136939
0.7758350543548279
0.739353094645858
0.7523535201635119
0.7724032935406235
0.7925425097218217
0.7522494561869767
0.7348886338262538
0.7147586372774054
0.7565177996032088
0.7676693856660954
0.7515418089976236
0.7178102101401158
0.7750007840615941
0.6881467309505848
0.777736338423506
0.7822315970838531
0.7969519597682306
0.7980339929852664
0.7790427651047632
0.7421312706704286
0.763288074334866
0.756307558693136
0.7378266080984865
0.7695723316659944
0.7695121060603044
0.7461927260955853
0.7621167884124087
0.8131601500838628
0.7975020573529039
0.7413383628219706
0.7521281512496377
0.7852409577355146
0.7518445683692165
0.7771104893795484
0.7914654062072586
0.790191609370364
0.7684475417945966
0.7650769707473395
0.7740786560662167
0.6885650426154624
0.7580934969386101
0.7503970013608026
0.7542222458720291
0.7548222917966004
0.7742785959091272
0.7579107059226403
0.7432595384508057
0.7713849201509179
0.6996009841729887
0.7654566858622026
0.7560685615131133
0.7820960224329377
0.77254410180392
0.7105791487956307
0.6651155016925839
0.7845251198057933
0.7595992145860205
0.7211882371147837
0.7136500489642078
0.7579983433013406
0.7417363809891555
0.7711391616906776
0.7496635859562066
0.7608641605963001
0.7563996801957787
0.7713490669877547
0.7513389187512004
0.7869047131360184
0.7204131925604869
0.760276347496788
0.7870489529693909
0.7679108603655792
0.732109935440285
0.7654186386449918
0.744668700658141
0.775753317117868
0.7897361646718214
0.7529249379908168
0.7693006385356237
0.7410047349289781
0.6761436895074591
0.772439485751779
0.7588020717226628
0.6906684670189551
0.7718120028236067
0.7950075532676214
0.7815090758108052
0.7631874908177109
0.7475473367902884
0.738849796074108
0.772954076663051
0.7742969488381349
0.7924503071019958
0.7895960006692418
0.7391600049737522
0.7691667024251082
0.772437197724601
0.761790958494639
0.7637563199579457
0.7630396495822941
0.7076991169213307
0.7574805150423967
0.750040300651192
0.7755606439948544
0.7965121233296333
0.7653950831174159
0.7641616907488691
0.6042774060719784
0.7591043137739254
0.7950601442109697
0.693549211533062
0.7166168119677927
0.7444506108129055
0.7252856730557875
0.7828203751711971
0.7557014064391281
0.7790287270490138
0.7628380841569042
0.7186225044643105
0.7589586749415285
0.8022454392995391
0.7699261285692247
0.7665348310615834
0.7595772961313779
0.6436657866334334
0.7199978725698842
0.672450468210323
0.7304552169888131
0.8001554976511522
0.7428300338666612
0.7957080515528173
0.7442451787209875
0.7571232837770354
0.7782892909269542
0.7654441947465993
0.7945300945146927
0.7575288458331504
0.7932945400393223
0.7623331060485735
0.7957075414238847
0.7751648100114744
0.744984027777147
0.7553139161363328
0.7807528843160632
0.7804171932273863
0.7505384649886728
0.7479807282125382
0.7764053663150943
0.6792456483259387
0.7572075921767022
0.7948525592250119
0.8039368115694969
0.7782116351702072
0.7621444347377451
0.7698518448905869
0.768901462052944
0.7834243328015124
0.7897302269030338
0.7687822268683402
0.7923798199567662
0.7637619760367529
0.7861723831634103
0.7213106965147906
0.7510519605087774
0.7760694294906791
0.773242423546417
0.8025399850586865
0.7947157869620508
0.726347823699279
0.790738149647622
0.7692681746795685
0.7513352209017691
0.7597499099810849
0.7656680921585618
0.786269410222662
0.7655328758428415
0.7537563941992699
0.7781689392593666
0.7697180677087029
0.8016986413252379
0.770602084488757
0.7688333657617794
0.7199255216864027
0.7709296830128901
0.7498996884942504
0.7098748365746106
0.7273297287784466
0.7618687767712711
