0.8248007071989615
0.7238252192190655
0.8082890586646141
0.8219975900714251
0.8203432794944893
0.8214256842153351
0.8198901024699731
0.8183833531634577
0.8247196624513154
0.8164448133524358
0.8037822965220127
0.8312126018795656
0.8228556657453039
0.820732049150193
0.8080743748996628
0.7157446107987835
0.8299933589157418
0.8186955999459322
0.7331042390889833
0.8191937743755595
0.8342895078830015
0.8296173940921685
0.8306007687809365
0.8329762944353531
0.8256278186465505
0.8294051549236744
0.8255522313776429
0.8184004684712887
0.8324460485433784
0.7620006798034358
0.8257872903914913
0.826817476994334
0.8272383416784643
0.8280463955888215
0.8259557580348105
0.7967891720335503
0.7978563813470544
0.8236040780425407
0.8273391522034348
0.8298967997967586
0.8175533662672405
0.832100755606494
0.8293501432564634
0.8333998284242672
0.7902940174683587
0.8187040763627427
0.8275518730440916
0.8134068032163033
0.8312870567721578
0.8275269578431512
0.8262052679349543
0.8329832970800755
0.8216553046738162
0.7939280533206146
0.83121642408715
0.8302396248571438
0.827563307748512
0.8243243483041113
0.6815542900333165
0.8247669564725728
0.816665800535288
0.8359095750608289
0.8319056851314168
0.8294030114600167
0.8314045850419725
0.8235433561522202
0.8159135863708009
0.8211439904528521
0.8203463686185358
0.8254276817696455
0.828855215474384
0.8172794253734211
0.8355010424550788
0.8279718567527237
0.8319049131034546
0.8296105289062159
0.8266146078123662
0.8222854271442785
0.8278426026858258
0.827145421970988
0.820985058424468
0.8215600205864095
0.8174759830002093
0.8238269719775082
0.8298233769053336
0.8125995715154617
0.8294243922819711
0.8277966998000297
0.8188541799335378
0.826403377600821
0.8249431081794385
0.8279782165799393
0.8282568912815658
0.8241886361460613
0.8272113231775289
0.8295563003553429
0.8245671286644387
0.8247251428622115
0.834598865879512
0.8291398147733084
