0.8146464436069751
0.8150949480444462
0.8141314511057877
0.7782276012029427
0.7989794931947419
0.8009516279678079
0.811769162307816
0.8100916121282339
0.6833721897465803
0.8124138034258204
0.7768522964200238
0.8127686234231932
0.8037045639784359
0.807440548719606
0.7971788642246798
0.8123860893077318
0.7017694855695777
0.8077229972058027
0.8033153201765204
0.814229264389382
0.6842122515162639
0.8019077257285352
0.8150442976714408
0.8187229183690927
0.8062869533458302
0.8066972362703073
0.8087923156614011
0.8054581708205166
0.8023228924127412
0.8237123823722861
0.8116303962409381
0.812483861411388
0.7865849691213115
0.8156329541007332
0.8104116376659675
0.8200753110170809
0.7352615893359925
0.8065913766278581
0.8048069820625237
0.7760216304664116
0.8195868084791904
0.8147616645691619
0.8150341428749892
0.8068333049337748
0.8107551365054642
0.8167339252193424
0.8194730978480156
0.8153882008212541
0.8040663963105819
0.6644430274931277
0.8047357294221109
0.81484689097461
0.813622157445818
0.8103792256834502
0.7785843039026819
0.8152199716095421
0.8069035191656182
0.8122799186167714
0.8155151058468371
0.815941554663482
0.811588595678058
0.8093858185128853
0.8034367002427945
0.8110305011966621
0.8203661919254912
0.8115770789934297
0.7907464998125723
0.814097349922479
0.8224985956710138
0.8187190164907768
0.8185162651493703
0.8182974162627088
0.8199547168589842
0.8164424780514673
0.8162413725759701
0.8114569258671815
0.8113791212220769
0.8091618241177336
0.7609400622157653
0.8214771532486869
0.8186133365947343
0.8159383618224154
0.8152047582400157
0.8259136828624127
0.8102837992410306
0.8236950471573938
0.8218286579645018
0.8307436255716951
0.821757638313465
0.8022656712544893
0.8160763590669394
0.8155633212137736
0.8198100911225159
0.8175889792618352
0.7679721471015815
0.8029027205680711
0.8163932325072129
0.7996178725859252
0.8036795353600144
0.8225724306609037
