0.7585671766856988
0.7864106775771895
0.7685685401214143
0.7603816202711206
0.736312479958706
0.7843283590527055
0.7561735874612224
0.7796727081300633
0.7770412343328323
0.7725724660916898
0.7766538421609318
0.7533321528755342
0.7742003490017129
0.7711553699847589
0.728500939514362
0.7722312872557555
0.7807684389060505
0.7823719168099266
0.7624016205299081
0.7899355157150081
0.7691890869895013
0.773872090999437
0.7929314372196058
0.7863735233178312
0.7897389354154943
0.7879543437160004
0.7853713723154144
0.7682835022614072
0.7830592769830554
0.7778696836759266
0.7714452338077683
0.7894359915891903
0.7885021371039759
0.7887785309235925
0.7858217301788484
0.7783403170444674
0.7732207977549885
0.7880826072483068
0.7877435141628977
0.7695785733376032
0.7775716223508524
0.7845708213637757
0.7822390437764593
0.7703080148101968
0.7842787202902027
0.7740597584663017
0.7688205886466858
0.7677825658852339
0.7726929288720314
0.7835051003453471
0.760791753374423
0.7847955727146833
0.7825779058618101
0.7847546692043653
0.7930362947460168
0.780885823228449
0.7767841974438139
0.7731845329958543
0.7842226933201745
0.7872684482932405
0.7643220300502321
0.7804185591532385
0.775322239034289
0.7816144931191505
0.7789886217077592
0.774058826966067
0.7785397306785995
0.7638140178856557
0.7816446486698627
0.7814456268266172
0.7770643552230846
0.7782728477774735
0.765566521114155
0.7906334343907964
0.7856011993733021
0.787673008145139
0.7832432910294039
0.7801612567531165
0.7801054342390563
0.7805311815962914
0.7777038046341458
0.7811384985851132
0.7763674445475501
0.7872334112844155
0.7849783755107953
0.7827616026580787
0.777215690552658
0.7407300305713765
0.7817504237397008
0.7895482381174624
0.7773002370324972
0.7844654163372268
0.7774729031175399
0.7873183638058129
0.7769287874389383
0.7905487941659335
0.7780545950142717
0.7202182311549671
0.7694071813329616
0.7855399258578689
