0.3442677915144773
0.23426410075721116
0.3397931511829617
nan
0.23430478591410653
0.34641980484951335
0.25622871749595433
0.3171905141437268
0.3607509014443824
0.3566487540780129
0.25661252475648344
0.34564348879734197
0.32179900056411315
0.24531644001663938
0.3269328291529605
0.3761140104367736
0.23284154253750514
0.3248334476493813
0.2536512579807735
0.36862387628137444
0.2552324343258111
0.3644482677455184
0.21638253350773912
0.3094011320638882
0.22746538261597166
0.2061412324831688
0.35715058282477663
0.31713649249792275
0.24395102132115087
0.33860520257544996
0.338045597017602
0.33821773708518577
0.2035146734382811
0.32982960460124633
0.3413028962998716
0.33527452074822905
0.2832215297150803
0.3474602434054148
0.34146265036253753
nan
0.26897072558391516
0.33598487583610775
0.3558468720310637
0.3301177729111776
0.3631981595013254
0.3431209646325579
0.3512991508536145
0.3352884843121408
0.2729333260244039
0.23121940514380518
0.33263728786214064
0.3554829632929502
0.3743032049269139
0.3468104737002875
0.3028919422060391
0.325879927739316
0.3401329311386591
0.35660068066312656
0.25693680489127035
0.35689517769154744
0.2994075367601361
0.3621116704396154
0.3537974711102547
0.3535799031571635
0.36298509413636904
0.35745993322798136
0.2849550902779098
0.1914778094730823
0.2575119451613021
0.36616165396473654
0.35095963147203635
0.2388054306764986
0.3647395611111263
0.2551758610860173
0.21144598619860688
0.3486847155044193
0.26202922220489266
0.22006004037602767
0.20637289147113533
0.3084446318916607
0.2184271110839058
0.3417421970153599
0.3198374946810688
0.3602940751348215
0.35918061574621396
0.22542745993502178
0.24704943477595165
0.3479151077742385
0.34945952350899645
0.18400864408521062
0.3463210491247954
0.3592238975548601
0.24995425131306712
0.3401997389498166
0.35170028823814603
0.22904055988913635
0.2184830534297929
0.335222524493516
0.24771759127511322
0.34060345264862113
