0.3155640677335674
0.21064947921724772
0.30661151493480543
nan
0.21080961879155422
0.3113813167937344
0.24246320839430757
0.2911980373568443
0.3190916785967011
0.3220577759803202
0.2390812423262326
0.31236865742385655
0.2927927563015519
0.225466969242565
0.29155673695937645
0.3333783339650768
0.22004795190444243
0.2929888946913741
0.23605253586912475
0.3326022236425165
0.23489147214319567
0.3237920643779053
0.18837470828592945
0.2891519733114571
0.21243074544481222
0.18784917707265106
0.32301354778656394
0.2916605343700985
0.22973621935070943
0.29809797915615593
0.30352894039998063
0.2969288590753226
0.20022999263377259
0.29976268849309484
0.31066370378123054
0.29900517928516795
0.26210433777630004
0.31794705727529676
0.3115024098919463
nan
0.25299261457433786
0.3047149384727823
0.3168504060862058
0.2926760858805649
0.3272295130256519
0.3059038672895732
0.31434978917241607
0.3071017165068955
0.24115713226565685
0.20546671414299347
0.3034740649220514
0.3239629737906905
0.3228361906174091
0.3187906377189984
0.28166253875047953
0.29877138178668755
0.31173360348966705
0.3182511690226362
0.2378418298132245
0.32256392942776185
0.27474061923248233
0.3239953265456916
0.31876003627141525
0.3100323521145831
0.32400060751377
0.3181094247744922
0.2597753844331847
0.17961284898483001
0.24023992667620694
0.325418990809739
0.31589982347174267
0.21904619532984906
0.32744475886735885
0.2423232177900833
0.19016732732251804
0.31465210781562974
0.2480366215650085
0.19445157787995704
0.19219428006426578
0.2805099400613779
0.19575840589450302
0.30861764970176797
0.2826085258050315
0.31537293119217297
0.3255648399567358
0.21043947238675098
0.23332936599504112
0.3182158124905533
0.3154956822809999
0.17420633569528965
0.31664268943794477
0.3148533160001241
0.24050146871739486
0.30200638054084905
0.31140242229686377
0.20737376624233458
0.2015502872276134
0.2972793411624789
0.23349451740395913
0.313459353266504
