0.9659323695183071
0.19027921613091056
0.8801403204939499
0.9790290568270995
0.41843527587901297
0.9647837106904292
0.9925753618756553
0.9680938889638353
0.9880069951361473
0.41141531134396975
0.9557158050129771
0.9869675009268796
0.9839695104873623
0.9672814430773705
0.9830084057574427
0.973340797407435
0.9859633539966027
0.9794005791111817
0.9834490990286433
0.9689936600386396
0.9835006276975589
0.9857291513542275
0.9899195930558078
0.9874863465446481
0.9808518487185611
0.9079238874781229
0.9273335837381911
0.9765620559294592
0.979907048455756
0.9551600432263887
0.9898380172536526
0.9908383207545143
0.991435527232565
0.9923796733928788
0.9878857740974044
0.9588828633920358
0.989632171901324
0.9865344532880697
0.9924170548906978
0.9893036305941889
0.9919094194576982
0.9923881798841523
0.9917319595639039
0.9855443380106291
0.9789456381641206
0.9627021598158869
0.9886020851331239
0.9493885668864388
0.9774771733087383
0.9880776513038365
0.9793591945696942
0.9844041753543789
0.9873152074366286
0.9778570934363477
0.9897579102975902
0.9892831527551691
0.9909516465390797
0.9845898907168379
0.9929524121252794
0.9892610229289251
0.9383700617509367
0.9892577530189279
0.9889741054847918
0.987621571385082
0.9872433266610435
0.9880932823193603
0.9886748253093095
0.9914946486970393
0.9755057782927393
0.9904815469370452
0.9811884417205533
0.9873848036532306
0.9929562145286174
0.9919814799215596
0.9853392083093294
0.9867241916006633
0.9821851528302165
0.9823159770930299
0.9780643204976786
0.9928905236678137
0.9884642919327048
0.9929632696185925
0.9785678902139398
0.9834224254497418
0.9779331531438724
0.9798502932308396
0.9819056106899773
0.975966560451031
0.9821505776084777
0.990470898654922
0.9739758307510897
0.9881727646299094
0.9846311602418318
0.9878326124042593
0.9906455535532958
0.7938481611724171
0.9853253235995357
0.9811843737269654
0.9834849264361151
0.9304832028067729
