0.9168785942218631
0.2456268305899325
0.7046850116225122
0.9059182138754733
0.23809196200873228
0.8760578611036016
0.934029464160281
0.833509432002106
0.9013523197212016
0.3864834138665011
0.8637588939665645
0.874933505536188
0.9169037703831009
0.8433691987446036
0.917405435014869
0.8085552128681406
0.913435010146825
0.9146892261850653
0.9114233533987437
0.8327529357320531
0.9025177584193855
0.8888984644589601
0.9096034179275924
0.9040331120589614
0.6164559062486862
0.45028517293622006
0.7298467764499217
0.8977426708521091
0.8321876885190359
0.7899618610896373
0.912173710810176
0.9099486106700446
0.9272058866931976
0.8936022468222553
0.9434922786144597
0.8300872544308984
0.9533097302089691
0.8171607070548473
0.9280757157377905
0.9109983554942195
0.9288241842696472
0.9467609847201448
0.8974607555754414
0.9240835687546264
0.7995494541224576
0.8415272535809025
0.8959350130981992
0.7846025620290346
0.8911297034577121
0.906149601623492
0.9612033579556657
0.8570382604363549
0.8774244654765939
0.889583183305138
0.8961342898934318
0.9347198496451857
0.8809613924820232
0.8536481938179333
0.9497166090361638
0.9054110497094079
0.806012539799283
0.8974182557849888
0.9243829561673691
0.9027515072668738
0.8651453315751012
0.8717630211684374
0.9254638675045421
0.9538164221551408
0.9103311087841164
0.9397504081750708
0.8370747910220186
0.8765121366415486
0.9590882850508169
0.9276105791422834
0.9098041113825065
0.9168892986708191
0.9122771269669435
0.9043561104663999
0.8335679872689518
0.912515125793477
0.9287415457882118
0.9593886169033472
0.8798743422862291
0.8802828124944663
0.7987974920401435
0.9008489333142872
0.952833732555902
0.9031420331191423
0.9277947449009106
0.9644323975902619
0.8280585977666362
0.9083128409575203
0.9024516476342374
0.9367858116810676
0.8793600948217547
0.7130777757970777
0.9000329373376007
0.9102900256533458
0.9199469224839238
0.6159596157546724
