0.9255737332840919
0.8678399443633441
0.9647123229643267
0.979715021703781
0.8560408370903722
0.9819283832941975
0.9644535451990398
0.9741846105813938
0.9730554661656489
0.958372649603168
0.9302515772392057
0.9845610411485657
0.9840373613760832
0.9765054399698607
0.9444881710362761
0.9803050592118446
0.9868746235646617
0.8593786755899169
0.952268935132867
0.9870807039374102
0.9426871083868151
0.9834488223987532
0.9817115740834058
0.9811961361674523
0.9742019749037659
0.9796444023139865
0.9741713946636796
0.9786196199598628
0.9889849056374198
0.9592104670034652
0.9556522494738537
0.9786838111128503
0.9860020268460469
0.9640638690036694
0.9514601931947585
0.9556803768583608
0.9074410560920598
0.9837822214387103
0.9820975371988002
0.9854135615093763
0.9746277856620723
0.9841876441243962
0.9847457544728736
0.9863315141471725
0.9869761852096285
0.9910663493786986
0.9850489110703733
0.9738301028219045
0.8599841364989178
0.9815570175582115
0.986398572390931
0.9881072177488646
0.9836712513010659
0.9877901726058542
0.9854072439705229
0.9680862584243282
0.8982946753177564
0.9860444934264467
0.9855016295313217
0.9785315983665671
0.9879889725506397
0.9876681334262755
0.9859429821907448
0.9852732112158122
0.9787701737261092
0.9839502846370577
0.9719390839978445
0.9856795957663886
0.9866471164654238
0.8877726168158319
0.9894039326231242
0.9900138495924565
0.9865346503219671
0.9852458643696166
0.9894869470825939
0.9850535608072407
0.9882371018509715
0.986822662278729
0.9867952427909589
0.9901910877703916
0.9888211928515036
0.9897707053881912
0.9916826824657571
0.9895406677280466
0.9899779281910522
0.9915252420171804
0.987032236701038
0.9880167819270913
0.9914516454687378
0.9869150163735474
0.9877264075455695
0.9925641349267512
0.9907502902432174
0.983429658751145
0.985711701718974
0.9890955581312623
0.9854617043079902
0.9896133816181841
0.9916346008326385
0.8180241104646556
