0.8510212822446858
0.875740492201655
0.8777717655468686
0.8661930333772142
0.8819708476313297
0.8990439441559865
0.8717464964766964
0.8673828996530062
0.8560678261809037
0.8962745626771408
0.887263345941867
0.8919278231846752
0.8925390866871176
0.8964153023713616
0.8871814068148077
0.8907249162473322
0.8765536478398394
0.8946068867538188
0.8975006678098446
0.8867749314945496
0.8961275612592362
0.8991098413433232
0.8928643385058805
0.8980615393455005
0.8960733824405076
0.8910746782416566
0.8932817569337191
0.8900384822429553
0.8903944165077677
0.8829040830020343
0.8818413790397391
0.8898414168533142
0.8886534187818845
0.8952855681479208
0.89194243387327
0.8877186328891251
0.8923699903299296
0.8958833242178458
0.8904769818071953
0.890352105146306
0.8890739978892968
0.8863121138745952
0.8789735692281342
0.8842384265012683
0.8943822101445064
0.8852768588298564
0.8947356695375771
0.896653367142264
0.8901441264668165
0.8798172917678955
0.8976901296778699
0.890199706718941
0.8916711819668448
0.899227919561356
0.8857553439724755
0.8882765226515981
0.8684797552309851
0.8986937348956848
0.8937671001546583
0.8916167944239934
0.8873922181788207
0.8968193624553419
0.8877412049121176
0.8861664112234351
0.881986949206516
0.886259204004879
0.8719829510900802
0.8729288888145428
0.8860185152735759
0.8960926446952675
0.8962610254268915
0.8965044275717908
0.8968510885220053
0.8905111231101365
0.894566990628635
0.8958269388869621
0.8898071264617137
0.8837393969414206
0.8911641910725996
0.8844821566412178
0.8988865065319429
0.9000154953120881
0.8960175040110647
0.8998978941777646
0.8928069990075783
0.8949053324316698
0.8961457798933823
0.8887281122001098
0.8944447975636102
0.8991217982537855
0.8989296229721639
0.9019901746022954
0.9016478670409277
0.8988718063901525
0.8924946284489643
0.8977850395182736
0.8894181243323058
0.8976933499929073
0.8943223361389988
0.8899170048034943
