0.2877968355563785
0.29050385352313757
0.24024353197698858
0.23308210540408275
0.2889155489053979
0.30543813366781364
0.21717605883801408
0.25886298550666964
0.291787402990973
0.31037107813827547
0.29113316971319125
0.28964708904510506
0.28080855079819816
0.2723463244659528
0.2298690788865394
0.30612239523080603
0.3202133277908416
0.27639567067159804
0.20585283971484428
0.27744091055680403
0.3158266425513402
0.26542959647252984
0.28867979492150975
0.29805820340252365
0.3041826957861329
0.32042863698479906
0.2686528453850385
0.3045788135910398
0.289614505161153
0.2788132670809009
0.28206654427862027
0.2718371214167418
0.2532751688587408
0.3046420646598878
0.2617795625702181
0.24739601395429978
0.28981895306045985
0.25225995725874545
0.29831631887539845
0.2623385997948852
0.27084299350636254
0.2876505275284371
0.2971541603477764
0.28530576568326227
0.26388601483276347
0.3492621797839105
0.27764471955642545
0.298064592399377
0.2838344703540395
0.2913855350888981
0.2883667340756962
0.27348164920679086
0.3162738723310738
0.2890950797169767
0.3103218828625047
0.26377676298657143
0.2898662316371745
0.3053058814329496
0.29928361299899375
0.24444557520742857
0.1801997395493241
0.29121942117071137
0.281172084719153
0.2598430576239716
0.27707034873931047
0.2499931411751814
0.273621568237879
0.2787308490214928
0.267332878635139
0.3124046958366927
0.3212598454754183
0.2826690266818899
0.3034505167467404
0.28558113144764113
0.25860359223442414
0.31610648061351637
0.2828549464903221
0.2871547413726181
0.3058668353566726
0.27205115281132863
0.29076324679538307
0.2893972792681395
0.3009153627953361
0.31320715384147185
0.32879758396298564
0.25156611220047304
0.2832791758813837
0.30303650975064406
0.305502023636347
0.31553785989356936
0.32337779793229965
0.2832945094738317
0.2858418025192573
0.29468609086333225
0.3019752973733048
0.3057077493350245
0.32104773077988746
0.31392144368967495
0.30686096326705187
0.27998373130443227
0.28191384725382546
0.2662786941543383
0.3174021691753732
0.2826223870048606
0.31216063615689515
0.2980058136283263
0.2905587988960763
0.2494404929473677
0.27578871597053095
0.31122848151599325
0.24484872090887416
0.2997340372771541
0.2876926949076692
0.2907996640774471
0.3029413136975294
0.2682407550879982
0.26912754785124143
0.29264608416806154
0.28890021531294996
0.2868576530189379
0.27325164532007074
0.29344023647693135
0.28525082031032356
0.22286290493716968
0.30511421152734947
0.27280441554033713
0.28161739779983064
0.33435537232570384
0.292763641710163
0.25615468974053995
0.24098082221386372
0.31297587215538103
0.29887855059849217
0.30074605437872265
0.30436222659771156
0.31033913315400874
0.2965433722485974
0.31433928408388323
0.30946128498636016
0.30001834763712754
0.2977553649516755
0.3211109818487355
0.2651912868899003
0.30838154451814614
0.27860179128505536
0.31183990851485766
0.2885200700001763
0.2841193289675975
0.31940895308700645
0.25627863627949465
0.2751319270940079
0.29783267181360085
0.3180123183748669
0.2688636822811986
0.3222162783043629
0.2793039420392372
0.31134348345935337
0.2976058624253074
0.32207316477484815
0.23861944897687024
0.32290820666357933
0.2883430947873389
0.267863165373966
0.26137641686877255
0.264685278339116
0.2891768588766994
0.298543128263692
0.3207148640438286
0.25903868292013643
0.3098823198789951
0.26442332946812913
0.23771604482180836
0.2710876920858453
0.2664160575866851
0.287470357817173
0.31100039432832915
0.31546566422912664
0.3087878847180184
0.312908787688421
0.2713093902766562
0.27977289440827213
0.28993331610413453
0.2820748499745296
0.3158937270183002
0.2789148521308689
0.2720607363066086
0.29145261955585816
0.277460077547364
0.27825167425749253
0.3035003509221964
0.2790554100616424
0.2873834674599676
0.3336027484963807
0.2978933672837076
0.28011790023835237
0.273748070375575
0.2644303573646678
0.3117958244365696
0.2713266405681602
0.29507773637044177
0.31190060398496433
0.2865407587750124
0.32304045889844335
0.29505601378114044
0.2920314626707705
0.31378024685921624
0.2746284741419649
0.30946703508352813
0.286436618126303
0.22350883251904208
0.27227285100213944
0.31113328546287855
0.3210355916858661
0.3239521687494146
0.28252527425268986
0.2917969864862531
0.2663898626995864
0.2923675239052561
0.29181423677775703
0.27004053550158336
0.2844809461894965
0.307579086513367
0.3013785650672031
0.31372977378407485
0.31149043038698015
0.3068143235900225
0.3070960783512547
0.3221619718311095
0.2748552835302584
0.2680548352795661
0.29704299180252836
0.29839618133606527
0.30040104854864247
0.3186991355366006
0.3068916304519479
0.30458456368820774
0.3106279158117796
0.3253718038502262
0.30230496961093706
0.3237496375491638
0.309709816963955
0.26095410417676695
0.30128336901408836
0.28827728811974945
0.2994452546193832
0.28652350848350844
0.3187547198092247
0.2815669247246893
0.3331312405286044
0.3341330352352077
0.2797792834051255
0.28001248179027227
0.2788432953661115
0.26620138729241294
