0.6462035865364708
0.5905611740410703
0.6594198654272845
0.6331163653820945
0.6317593424504457
0.6596639251070819
0.6559391399415864
0.6512413105553274
0.6727409238664929
0.6430742558777063
0.6518674322469543
0.6152827584653741
0.6649310141129733
0.6492837219194647
0.6515148113393552
0.6386268751680981
0.6638576626416126
0.6378653067431803
0.6354266266442614
0.6509103605183244
0.6189992379349605
0.6306099619165304
0.6130089144852713
0.6445993094265979
0.6517236798177543
0.6457020502834838
0.655951917935293
0.6324646877030543
0.6453308495663049
0.6437636286381813
0.6483598729744722
0.6431355902474982
0.6485751821684297
0.6410853611572623
0.6595054779851192
0.654847260379351
0.6528059758847096
0.6471121018890154
0.6539087167415958
0.6528954218406564
0.6630398710443854
0.654866427369911
0.6500165398585426
0.6525766108976748
0.6596415636180953
0.6461741971509455
0.6466412328209244
0.6342587180194712
0.6656286925693576
0.6626348086438839
0.6502305712531293
0.6547386474328443
0.6644773953363864
0.657008658014835
0.6495795324737743
0.6409390531293209
0.6532953730436754
0.6647649001947865
0.6572591066914858
0.6537068244410302
0.6484659303222376
0.6487930469611285
0.64791519879348
0.6417517335290653
0.6623319701930356
0.6274544363706671
0.6561966165147759
0.6360591373327419
0.6474539132206689
0.6417025382532947
0.6542473335748226
0.6372602687411691
0.6594633106058871
0.6577318924586328
0.6611378666811469
0.657596445725342
0.645242681409729
0.6437783233309441
0.6570680756855711
0.6485061810024138
0.6439674376378027
0.6416105366986066
0.6568157103098641
0.6393692766024558
0.6535509329178089
0.6406949934495233
0.656466871081672
0.6539745234091852
0.6488032693560938
0.636521061805238
0.6535994892938942
0.6677057554463777
0.6444996410756858
0.6520297127670293
0.6510266402610552
0.6485189589961203
0.6423337711424043
0.6551986552062845
0.656599123316536
0.6273317676310829
0.6491176080012779
0.6574066925187979
0.643134951347813
0.6585330726640412
0.6571294100553631
0.6455602145533397
0.6406202421863393
0.647984199959496
0.6469632382623327
0.6387897945878581
0.6404669062618592
0.6589349405661161
0.6419127362497694
0.6390530212582156
0.6492025816594275
0.6248700871434921
0.6593067801829805
0.6636723817328659
0.6374410773521186
0.6587336871652361
0.6572450508984085
0.6623172755002731
0.6438517967947575
0.6645904805806904
0.625876993047578
0.6478436420287227
0.6478698369158212
0.6542741673616066
0.6368475395444435
0.6526513621608588
0.6450976511811581
0.6468354583252658
0.6549795126142152
0.6492185541515608
0.6469472657701993
0.634459332520666
0.6568412662972776
0.6598147054328207
0.6549034835516603
0.6464636187084017
0.6512898669314128
0.6570878815758163
0.6464783134011644
0.6514713144420474
0.6296471400907325
0.6592869742927351
0.6460649453047533
0.6496696173294064
0.649060107029598
0.65973675967121
0.6598166221318768
0.6386792649422955
0.6587170757734173
0.663540768397687
0.6563780640254105
0.6342267730352047
0.6564278982008666
0.6609295853837281
0.651405507774458
0.6608867791048108
0.6682398755833168
0.6453838782401877
0.6374001877722573
0.6403346540269952
0.6467990410432018
0.6506675786378976
0.6515288154137275
0.6497763135768571
0.6423586882301323
0.6482071759496774
0.6571619939393151
0.651744124607685
0.6509870284805646
0.6486173495476617
0.6604970502967572
0.6236913172240512
0.6466693444070791
0.6568016545167868
0.6443558886464857
0.6468705978079593
0.6451423741591316
0.6443571664458564
0.6328058601350224
0.6463153939814041
0.6377943888781081
0.6488154084501152
0.6369893752745877
0.6211357184827164
0.6482832050122321
0.6386639313498474
0.63755863489422
0.6639733034846581
0.6685267415420315
0.6439942714245868
0.6346938087051835
0.6516208169684157
0.653494070845814
0.650205015265716
0.6509863895808792
0.6510854190321059
0.660326464080773
0.6391156334273784
0.6475523037722104
0.6498810931252519
0.649161692079566
0.6406956323492087
0.6580289808123129
0.6455825760423265
0.6467019282910311
0.6589049122809055
0.6540582192679638
0.6544038639977293
0.6585797123410706
0.6428455297903568
0.6315408387580616
0.6237264567067446
0.6615614571725231
0.6515978165797436
0.6542569170701025
0.6485847656637097
0.6537791913353297
0.6563033127622264
0.6364201156549554
0.654062261549069
0.6687842181152212
0.6515428712068049
0.6535055710401501
0.6632181240565936
0.6506618285407297
0.6417664282218281
0.6398618682598481
0.6507627746910124
0.6566821802756295
0.6294331086961457
0.6415236463414012
0.6460828344959428
0.639476611749592
0.6457646624526466
0.6381010607270685
0.6534314586766514
0.6352221787449546
0.6409978319003716
0.6500139842598012
0.6389105466283863
0.6395405017181253
0.6340057137440791
0.6383272312156766
0.6490058005563446
0.6591860281424523
0.6402464858704191
0.6531215923292646
0.6292471888877136
0.6515735383917008
0.6531362870220272
