0.7507911898902893
0.7877321685802898
0.7182690792229649
0.787768068204098
0.7931532388874575
0.7911138177906285
0.7822849849733193
0.7926394073468369
0.7849052114146444
0.7864206402653304
0.7955000329003632
0.7839054038079325
0.7880399457285896
0.7950441189161681
0.7892905790111364
0.7988603296169381
0.781857889972783
0.781754400069097
0.7847143277048312
0.7836242837625178
0.7910366169101681
0.7990039560043378
0.7897737070571325
0.7946341184715322
0.7993075263688203
0.8017211728350294
0.7929577221229747
0.7849039568503445
0.7907129383240437
0.7666811566114698
0.7747724437142542
0.7914495776888947
0.7929256576481762
0.7950257007456851
0.7953056430196654
0.7915639743658247
0.793225957517514
0.8019060915031673
0.7958548872443281
0.7977709922562479
0.7930134571723562
0.8010384254608305
0.8001308678188112
0.8020171698016423
0.803645479648853
0.7888926309121901
0.7997068084794591
0.7963266423134939
0.8035815243529081
0.8022517624783481
0.7953497612552131
0.8028401386596622
0.8026347594718557
0.8002723680332278
0.8029490952276032
0.7933927314415514
0.7912311013375215
0.8046364146310017
0.7985054861531846
0.7958572594339004
0.7808920546696099
0.7981542269266244
0.7997007222878735
0.7960458292226956
0.7995736024904478
0.794939696726719
0.7924696322164004
0.7950653909942926
0.7964662064809582
0.7969065546749108
0.8006818958860538
0.7969770890196992
0.796149703872912
0.7924821580692739
0.7972534982130288
0.7987431376388157
0.7924235867667477
0.7834476256855576
0.8005240089961552
0.7976480422900741
0.7983971910842302
0.7956686107281594
0.7972256103469575
0.8004693387059238
0.8020520995679274
0.7969737061384959
0.7902613096290219
0.7982848232309603
0.7997085821739558
0.8030458532956064
0.7977182704445218
0.7997682982405497
0.7990713194824259
0.7906707226141074
0.7921676525984919
0.783936170256388
0.8028735360417019
0.7993674788866106
0.8000104202766682
0.7989932024899393
