0.6848584421536998
0.7270198655113368
0.6433681725288186
0.7245481484907359
0.7441486193823895
0.7410769238392204
0.7201181177466496
0.7398884190001191
0.7240833135041028
0.7357928991712612
0.7417495795922501
0.7382866944020696
0.7370871172739204
0.7451551497182558
0.7280624222659914
0.7410180913202227
0.726931140182982
0.7313232022861816
0.7358242652256292
0.7309469612952654
0.7414230924090384
0.7434590382294448
0.7413561958427185
0.7373701937152717
0.7466472408319785
0.7469855221876747
0.734324948565399
0.7215175525585436
0.7330962948635269
0.7137436457580137
0.7172876937680159
0.7407992393627049
0.7377143257523735
0.7335630916846289
0.7451741209054353
0.7371289994493746
0.7417157287924194
0.7456982169307023
0.7459468581324109
0.7444546663595809
0.7368804287920544
0.7488673898092235
0.7457416017295807
0.7485682038341616
0.7484854173676668
0.7343012126301123
0.7453166103431622
0.7412621156168507
0.7523065961000058
0.750903689603635
0.7455902494946975
0.7471465705236043
0.7472567863743719
0.7460429763625777
0.7494702358861338
0.7423652384813251
0.7383762301423074
0.7520449791406797
0.745195970153568
0.7433797305769441
0.7349873257515578
0.7451069603962429
0.7467236216428319
0.7436322629770991
0.7406629476042772
0.7416759732771837
0.7401442122020581
0.7378688712465409
0.7441825827530528
0.741946132018305
0.7467779070506656
0.7439412987097028
0.7411699944017132
0.7426460479241533
0.7462522207747704
0.7457876101793304
0.7399736366213305
0.7377093298588234
0.747860247088028
0.7468172227891822
0.7463919151742309
0.7414622815666316
0.7455508767202926
0.7433864390480939
0.7524807889568204
0.7476484608264355
0.7399542219050707
0.745125642180804
0.7479316320053314
0.7504843579053823
0.7419357582408461
0.7470812606788996
0.746574152342742
0.7406491186527303
0.7437026782842978
0.7349942774750896
0.7500072250240928
0.743587944869863
0.7479365821200763
0.7457659583053909
