0.9308209508201793
nan
0.9039147633484722
0.9547161351796052
0.8557003766061837
0.9758487341872351
0.9637461165589396
0.9808920550604314
0.8799768862618877
0.9776793844692881
0.9925030440888081
0.9879079293177727
0.9875887587723503
0.9791940554178267
0.9800308458665666
0.9752394850617421
0.9691462223210742
0.9779635937339104
0.9796186575311842
0.9602435485189309
0.9815336674976143
0.9859632151511082
0.9864719375329268
0.9721191905262758
0.9588670703357959
0.9808720902215348
0.9809719826780534
0.9869590220784971
0.9791379797647068
0.8692339204022793
0.9602070387670734
0.9915939907217118
0.9876603498783033
0.9819411057285087
0.9830210506861433
0.9600326759084112
0.9714425556561068
0.9695266779587515
0.9736172325923163
0.9750975436385332
0.9798338852960016
0.9840028294857311
0.9844851927022606
0.9533755407329
0.9802620567447234
0.901949859144572
0.9788639304972415
0.961081390060857
0.9831873575697445
0.9783503913431195
0.9598107897083208
0.9744553082170019
0.983254413447318
0.9789085183743691
0.9821374995870376
0.9878973195800441
0.9868907977339073
0.9850393269742672
0.9827635496863112
0.9844354497651819
0.9769236875958365
0.96927225846158
0.9693327528812985
0.9920345456116137
0.9684504917462678
0.9786404860427236
0.9914841091511042
0.9847788845721119
0.9568576381857423
0.9774571883610863
0.9789559290512068
0.9807514193216419
0.9918203841175676
0.9868152764370316
0.977497741538045
0.9942957717305463
0.9820693377410942
0.9835745105934646
0.982026270998843
0.9874488638060868
0.9952487890447905
0.9856411530307034
0.9890520800266327
0.9731458030028051
0.9932234274085141
0.9775628177646537
0.985121938217969
0.9855664015582535
0.9726630703477368
0.972101390264785
0.9640223263558159
0.9823179714868924
0.9809191729918099
0.9938773588396101
0.9795982204649398
0.9848747357278035
0.9853721942152853
0.982210060759845
0.9802324620702503
0.9727314415804105
