0.9061131790353226
0.8812604584495384
0.800523561372904
0.8834547050522783
0.8702870031889244
0.4254785053167257
0.8828471427460305
0.8726821409126768
0.9005122279136434
0.8720665785175391
0.6335879287547639
0.885568061867354
0.8691327681418682
0.880929343659374
0.8911796797742196
0.8900645562728474
0.8854676163068478
nan
0.7945483838709319
0.8786613184590939
0.879000877787531
0.7631840353781707
0.859331325903621
0.7800140001555572
0.6841618240202668
0.9453976155290614
0.9032749252769475
0.8574970833009254
0.8745123834709274
0.7024233602595584
0.837766641851576
0.8338017089078766
0.7987893198813321
0.8891934354826163
0.6855978399759997
0.8703043367148522
0.817897976644185
0.907980755341726
0.8444218269091878
0.8631962577361969
0.889917887976533
0.8863534039267102
0.8924881387570972
0.9018700207780085
0.9257142857142857
0.8895009944554939
0.8485956510627896
0.889739219324659
0.8493076589739885
0.9231302570028554
0.6455440616006844
0.8420462449582772
0.8841547128301425
0.9173581928688096
0.8570539672663029
0.8750159446216068
0.9046016066845187
0.9091683240924899
0.8806475627506972
0.8451587239858221
0.8389222102467804
0.8785870954121712
0.8663434038155979
0.9221933577039745
0.8677505305614506
0.8932654807275636
0.8581037567084079
0.8750830564784052
0.8940321559128434
0.9099105545617173
0.8253296147734974
0.9261654018377982
0.9038024866942966
0.9098469982999812
0.9296329959221769
0.9164368492983255
0.9070500783342036
0.8679878665318502
0.9026513627929198
0.9052349470549672
0.8594384382048689
0.8743470483005367
0.8615175724174713
0.8387235413726819
0.8277851976133067
0.861673129701441
0.9183457593973265
0.8719772441916022
0.8080018666874076
0.9049247213857932
0.8775417504638939
0.8762248469427437
0.892162801808909
0.8957335081500905
0.8272540806008954
0.9023998044422715
0.8599393326592517
0.9110527894754384
0.8888512094578828
0.9221302458916211
