0.7352867842108163
0.6742896792939999
0.8024511383459815
0.3886605733482382
nan
0.8099409993444371
0.5930222558203615
0.9177226413626818
0.7107541082758515
0.5291663240702674
0.8614375715285726
0.9133554817275747
0.914486160957344
0.8411822353581706
0.8969206324514717
0.8087738752652808
0.8519979110879009
0.9009704552272803
0.9061678463094034
0.7947146079400883
0.7906683407593418
0.9022842476027512
0.9368024089156545
0.8170788564317382
0.9282369804108934
0.9456131734797052
0.8712105690063222
0.8825871398571095
0.8664842942699363
0.8846604962277358
0.7756237291525461
0.8169650773897487
0.842448471649685
0.923168035200391
0.8569130768119646
0.8120094667718529
0.9046718296869964
0.8181117567972978
0.9265098501094456
0.5418543030316263
0.9556159512883476
0.911969688552095
0.8466498516650185
0.9086945410504561
0.899647773864154
0.8495512172357469
0.875508394537717
0.9087674307492305
0.8957143968266313
0.924545828286981
0.941795353281703
0.9262325136945966
0.9050731674796385
0.7199719447165734
0.8613642373804153
0.9247147190524339
0.862924699163324
0.849624995833287
0.8120685785397616
0.7870505227835864
0.8928032533694817
0.9256622851365015
0.8763021811353459
0.8689598773319703
0.8908672318581317
0.8812915699063324
0.9110247891643241
0.8381853131701462
0.8965628506983412
0.5029062480218558
0.9090412115690175
0.9273978599762219
0.8902654473938598
0.6277922126687472
-0.04944335469404276
0.9060198446649407
0.6257641061857694
0.9293676596406626
0.9227822531361459
0.8974899721108013
0.8709021211346791
0.9397642196024399
0.8912490138779318
0.9446976077511972
0.911758130645896
0.8551668351870576
0.9215484616495737
0.8524174713052367
0.9399683615137567
0.9158737319303546
0.8321781353126145
0.9226511405682284
0.8397919976888633
0.8593611040122667
0.9219115767952977
0.876709296769964
0.8856907298969988
0.7127328081423127
0.8316372404137823
0.9338637095967732
