0.47151878796969926
0.490012750318758
0.627300682517063
0.7742653566339159
0.36264606615165385
0.451735492845883
0.6580919522988077
0.40213079421835135
0.37912847821195533
0.5713867846696168
0.5433765844146105
0.478201077288603
0.622067051676292
0.4896197404935124
0.5033810845271133
0.46916672916822927
0.5073576839420986
0.5639720993024826
0.353673130602385
0.7269601740043501
0.4050784149789884
0.6490722268056703
0.7540178504462612
0.3421193212724493
0.420217505437636
0.7109472736818421
0.4739578489462237
0.6986274656866422
0.5727108331289006
0.2579449486237156
0.4763806423319967
0.5645931148278708
0.7815075376884423
0.6182839570989276
0.6971154278856972
0.6202505062626568
0.7274026850671267
0.5879486987174679
0.6752748818720469
0.5289778532974688
0.6995544888622217
0.5583169579239482
0.44987774694367366
0.4904822620565515
0.5524983124578116
0.4764704117602941
0.6957233930848272
0.31017881073645415
0.35391379729265715
0.15088898213937543
0.5658966474161855
0.44871071776794424
0.4913672841821046
0.49089477236930934
0.6219260481512039
0.5854901372534315
0.5863619573442205
0.6188104702617566
0.30308938384503026
0.3365049126228156
0.33007425185629646
0.3683582089552239
0.6521413035325885
0.6600870021750544
0.6279531988299708
0.6938468461711543
0.5731298282457062
0.721923048076202
0.6493287332183305
0.41809795244881126
0.7106502662566566
0.7296182404560115
0.5991749793744844
0.5131868296707419
0.6511077426876364
0.6118052951323784
0.4817745443636091
0.4265374038208121
0.43602940073501845
0.5599695491826187
0.5276951923798096
0.4706262656566415
0.5926783169579241
0.6310882772069303
0.4593624840621016
0.554661574537493
0.4434545863646591
0.3971844296107403
0.7110822770569265
0.4273411835295883
0.5558066693420828
0.24316884959906662
0.6481463564362148
0.561416035400885
0.5753858846471163
0.4080387252851271
0.4503591551550622
0.3653992305256654
0.6006360159003976
0.47978999474986883
