0.5845501744171017
0.7157302126585345
0.7305715411248618
0.7484773701163109
0.7055543858584169
0.7199685726847581
0.6863665956800153
0.7428268929629968
0.7350562050315743
0.7386079885072414
0.7456950730171532
0.7530134552257396
0.7506593985619352
0.6855024132729493
0.7490117431943225
0.7582215932859522
0.7626653574969385
0.7540613623633414
0.7561564982161171
0.7587536464246255
0.7344419296028942
0.7603894818661571
0.7545334642317617
0.755538847000127
0.7568016665348766
0.7544217915280412
0.7510858802287088
0.7585750426606295
0.7671644373912836
0.7720980832244794
0.7668787384070409
0.7687180785057527
0.7708908223278113
0.7579157046936144
0.7305774230855893
0.7632466385836693
0.7580375966931252
0.7374564731391053
0.7522984547750825
0.746474846077272
0.7587119825065719
0.7703398053811346
0.7614417724060548
0.7618065757702004
0.7488698054900851
0.7655411549736768
0.756802045629704
0.7608677933014003
0.7501251962145227
0.7474649253131977
0.76164717280911
0.7582660437793117
0.735408634130392
0.7174347356530025
0.7437768761281212
0.7285561639607346
0.7685732624329328
0.7147699044951358
0.7670257846601283
0.7724105439677607
0.7561801778706024
0.7601837822135099
0.7688555657377107
0.7611489708506317
0.7754641238638634
0.7682326608189566
0.7729557929723261
0.7681214805154025
0.7657533275840531
0.766946476006122
0.7675912145480716
0.7655635764061924
0.7673639754473364
0.7657843153442626
0.7730156613845083
0.768625133850139
0.7054231772273503
0.7592018440809237
0.7669480734301224
0.767971506364132
0.7635329670382689
0.7680843144186108
0.7703647060771419
0.7695774513452052
0.765041616990348
0.7612345991669142
0.7604727557781581
0.7640215160522003
0.7657978751161791
0.7687220478084335
0.7618872014211133
0.7792913677326202
0.7682654015545058
0.7663529442756387
0.7696437658658966
0.7724219157520097
0.7706863348695794
0.7569120654030395
0.7709585401911865
0.7500333651572937
