0.7456273729926994
0.7421484395674168
0.7451056087610435
0.7516093852722381
0.745578003931
0.7544372370281317
0.734794840770203
0.7356157541860998
0.7553824416140928
0.7552747103067815
0.7359006111104885
0.71847133490964
0.7465304246975032
0.7512226605852017
0.7383883405689702
0.7521198026290528
0.7302618268539011
0.7521462901524911
0.7280208890950248
0.7474370472853686
0.748331972326358
0.7477581676291023
0.7363660454356454
0.7451406841117466
0.7356828790320039
0.7270615367283472
0.7399317291837335
0.748235773765489
0.754414383047011
0.7516175201845645
0.7495292506248711
0.7519166776964665
0.7310438293301798
0.7475277262860145
0.7490150029444119
0.7352883876760429
0.74596170088834
0.72177330243186
0.7472858172675321
0.7400375599372894
0.7513657661492966
0.7520655548423075
0.7510326120989478
0.7483920211965709
0.7484098603616685
0.6937546655662228
0.7430703214786335
0.7432492635658358
0.7453432241906356
0.740512717779415
0.7506598666439056
0.7517192273676184
0.7483402153280454
0.7469824767096934
0.7448770933054322
0.7415517183579201
0.7397364008331706
0.7318146338820017
0.6857712167604102
0.7501382573265186
0.7517582431671799
0.7464805873989276
0.7397065859706824
0.7478404869473109
0.7498141971294878
0.7337573724489355
0.7051401170525095
0.7476663664882733
0.746664023365596
0.7433639524495025
0.7467580662470996
0.7503978860369233
0.7415632319090145
0.7428966099320038
0.7505159003801107
0.7547747757751122
0.7553435367097981
0.7480143722817139
0.7486198768852792
0.7453846508102346
0.7544825674131008
0.7475744352838805
0.7503671106835718
0.7511755867666252
0.7487092901110941
0.7538185384363909
0.7479985375931989
0.754522860619466
0.7454504585951901
0.7538029381017851
0.7358954779263629
0.751146286609808
0.7523131696119789
0.7513334296227844
0.7517458729001447
0.7541480938150918
0.7533867852777356
0.7540441250848413
0.7496335069623093
0.7524367004110838
