0.746701247324028
0.7440320257213278
0.7495149383053263
0.751873739373571
0.7453954787441777
0.7566473148832854
0.7372544726064881
0.737400010147102
0.7581960629111936
0.756388199994029
0.7378221939716184
0.7223709613924643
0.7416851802409146
0.7531776325348727
0.7414505246621537
0.7529890676103996
0.7336221979487094
0.753750092669569
0.7212592310035851
0.7507087373994749
0.7491253843795267
0.7494193143459396
0.7374436137468587
0.7438355639582174
0.7340056385833015
0.7268598410180418
0.7398102582139394
0.7470914095534607
0.7550571503420154
0.7528259723297563
0.7515007717629474
0.7523958900658556
0.7308301549605489
0.750381744721964
0.7518001635581373
0.733919830995849
0.747922272005417
0.713434361289303
0.7493784781208076
0.741646464380856
0.7509568002514759
0.7530396958453218
0.7536434691006303
0.7492889717695413
0.7472299259291375
0.6937052961764112
0.7454622381523145
0.7440308028052645
0.7469758901980917
0.7411925252215781
0.7522821860258313
0.7534218847279865
0.7502595655684191
0.7504843218030017
0.73969959478107
0.7411766242012799
0.7420538000122827
0.7333266562948549
0.6835429724885008
0.7511328858543791
0.7552532032496305
0.74840360775141
0.7388456469245398
0.7496298726397563
0.7500138075823022
0.737088469255952
0.704524569247216
0.7494863147607664
0.7479147183307909
0.7460667895896906
0.7483437953072386
0.7526286704630063
0.744575417609839
0.7465890887260882
0.7497853750420234
0.7573937083158471
0.756895659803756
0.7477352215615838
0.7484004190616096
0.7474778835339528
0.7547134180810419
0.7490073289930496
0.7454154138783278
0.7495961571732419
0.7484891611981817
0.7561811218769323
0.7469012354541208
0.7538502803712268
0.7465543244622239
0.7543062843352454
0.733443573490999
0.7534895525392713
0.7552102622288872
0.7526365666980273
0.7502053897010963
0.7557708131004917
0.7528790673745265
0.7557203567008555
0.7524015345508499
0.7551855623822198
