0.553290644872019
0.6521000258711105
0.528264361320989
0.6442345634016905
0.6775460794334892
0.6994692194029273
0.6023300846469025
0.6844660353980708
0.5400518639250228
0.6095390033924271
0.6829729494366034
0.6857697941101891
0.680823019556927
0.691250058813143
0.691116424577795
0.7035915860936315
0.6533131661857502
0.6898576379449264
0.6966118141478933
0.6898727010425565
0.6633016319659744
0.7000604345266727
0.7102767478422759
0.6999304303692059
0.702322396070427
0.6153847771795228
0.6984404989101262
0.6983180551961583
0.6769520166888268
0.692471767896113
0.6833023866951181
0.7076530069214015
0.6875271601310547
0.7036512087793165
0.6859186448892296
0.5789186472625781
0.7081963923759688
0.6724423038075886
0.6989820052138711
0.6946630889122988
0.6949326404438682
0.6887372814494105
0.7061656062380846
0.7000470473207091
0.7028605984165226
0.6923695803519307
0.6361253886442156
0.4664897076513144
0.6902541148555741
0.7014425888147873
0.7085017693301064
0.7023312896548592
0.696459058914141
0.6921834906166364
0.7080717466878137
0.7021184122580484
0.7023373575384793
0.708295633368116
0.694786853810779
0.700282154396327
0.6789246886427994
0.7036466294701017
0.6203708810829918
0.70146736650442
0.6910606451928312
0.712957178850603
0.7149199043447337
0.7026976231357611
0.6951665837611828
