0.505017346513708
0.5034060964801452
0.5105559212090159
0.5033098096122995
0.5052147104793465
0.5018779492437827
0.5035884517346716
0.5085928258259492
0.5051777466721187
0.49952424856194577
0.4921058098841798
0.4995173360788333
0.5037268854554678
0.5080665267248884
0.4984294773491363
0.5018126027445848
0.5075052039838633
0.5023050490333094
0.5044108894450641
0.5028801715644972
0.508552140615777
0.5086117021281765
0.5061285054052977
0.5070270687158503
0.5045446358422611
0.5038957680287717
0.5071574355911872
0.5058044930028218
0.5072500639629718
0.5041715827032281
0.5065560136120754
0.5070803213242193
0.5040851705049467
0.5049018208881613
0.49812160656891613
0.5053041056414519
0.5062632053222185
0.5043155242565147
0.49857512408443494
0.5038957680287717
0.5057793988266789
0.5092856718321505
0.503880761017343
0.5046735555390255
0.5043387162565638
0.4994508318053218
0.5084832180946761
0.5033601539945396
0.5080322239528715
0.49502252002836383
0.5052147104793465
0.5087430645152231
0.5029961759189735
0.5083803954046134
0.5030140224795668
0.5038132417789025
0.5014138425552241
0.5059635785157223
0.5024756902104653
0.5072775812610177
0.5020535428660957
0.5024742200152886
0.5015005568564833
0.5001361274165583
0.5015661145610615
0.5062565425121597
0.5038134998637803
0.5078837422198251
0.5078392327116787
0.5102119385938799
0.5040812578877839
0.5077940784303672
0.4957082067076025
0.5050840725817876
0.5047899687349892
0.49942375399011885
0.5082531804206698
0.5070963120983857
0.5079147423235173
0.5011395921190088
0.5072420819693191
0.5083975459102957
0.4954914511418517
0.5045521824672066
0.5078997701637924
0.5073457813208732
0.5020294397055458
0.5033894493036006
0.5041835780442299
0.5036398212899271
0.5082232880203553
0.5035536425659966
0.5031384505552834
0.5031347010723961
0.5018121719830037
0.5073901836457057
0.505678403381503
0.5039445648522124
0.5060351267585992
0.5029454231652098
