0.7010172437800141
0.7184092331636596
0.7214123822882067
0.6893329694085939
0.6737997156155459
0.7271743122629184
0.6921828629431582
0.7120195519540821
0.6965568685127044
0.7084644010076995
0.7231527551663389
0.7120355507114466
0.7145440908352579
0.7208024720155072
0.7211033375550344
0.7230511274561116
0.716018887020999
0.7377590809184597
0.7120756148257782
0.7161064089007413
0.7229097168009204
0.7256224006428935
0.7339551758545888
0.7332862340621014
0.725604585272233
0.7135741699871536
0.7257522845149404
0.7171700496552129
0.7179202745203228
0.6956075005536945
0.7219306366119599
0.7232031130866103
0.7364425409110805
0.7216552071113105
0.7315593255486372
0.7213887768094983
0.7267806172513898
0.7103120765993385
0.6276621956449979
0.7374576070348537
0.7252591266179262
0.7202438734356276
0.7286894609811267
0.7313826292699059
0.7394894985250378
0.6953033572617158
0.7347803011517429
0.7279460758144505
0.669912159011162
0.7280446170961163
0.7283143409897186
0.7273407679112411
0.7272414061742091
0.7220488352950251
0.7224015456836005
0.7231452867245127
0.7363736425114915
0.730753795985854
0.7119265258661369
0.6858262825708145
0.7238241083891759
0.7302406939614324
0.7292737567787095
0.7177071025396206
0.7336296668836364
0.6983804690478369
0.7241909570577003
0.7306548724009548
0.7222977818073688
0.7261009353885639
0.7189053629412133
0.721219388857342
0.7163671277601357
0.7258967925006907
0.7121429222476047
0.6231024015717866
0.7195115572881488
0.7214758802705725
0.7126363537062543
0.7261693400489755
0.7241268343944848
0.7244056398685826
0.7348711645345141
0.7271301811365591
0.7255689116971852
0.7359176297688981
0.7142044861929044
0.7354015262893062
0.7273569171832788
0.7150706817489348
0.7169224730148337
0.7212977110767306
0.7141003220983597
0.7246176014661119
0.7228911203653227
0.7100418632097745
0.7327604338905555
0.7107554434944163
0.7342253232246931
0.7370448743037437
