0.5954405419245594
0.6109028742297967
0.5887208010266108
0.6167260948555537
0.6163527265106475
0.6170081435708679
0.6236663854089174
0.6177983265700676
0.6081791599340535
0.6083222929889133
0.6080517537804586
0.6202310216585735
0.6045099638559412
0.6127646072166798
0.6043516482880605
0.0420297147907926
0.6236675040839815
0.6108839705530987
0.6146723784400523
0.6226751729292561
0.6093088384921915
0.6111003129269978
0.6181495723433414
0.6175937596368977
0.6232573272730747
0.6247029601681574
0.6168910834912584
0.6130778301768789
0.6044135298460123
0.6153793714164785
0.6200648108185177
0.6270322287067766
0.6219079468256624
0.6318451711433222
0.6152319038067451
0.613876198761477
0.6222824838684999
0.6138371011379993
0.6148599963833435
0.613892531852623
0.6037789189127781
0.6206387803726927
0.6201203757193415
0.6182241245560064
0.6166918084179743
0.6222539865052831
0.6113433275172062
0.6254659113737951
0.6201405334707775
0.626194047704303
0.6216620566536676
0.6137607801596711
0.6226055906144277
0.6067115982123609
0.6123507721204551
0.6181966425075904
0.6217054206288556
0.6166294052156035
0.6140223039982181
0.617661564988302
0.6100039949210954
0.6235715842820605
0.6263196572715323
0.6269704642866035
0.6230243531636577
0.6213040161946715
0.6114316440215207
0.6218939053468491
0.6151537623935773
0.6202269529010959
0.6163748126493067
0.6177263028283441
0.6180270192142227
0.6143682722896695
0.6231273075102759
0.6183726008320631
0.6178301303699246
0.6242917413799441
0.6178160207055203
0.5971715619358465
0.6309423441243839
0.6149847652678757
0.6126131572643891
0.6185157676956657
0.620193395368187
0.6199281722540976
0.6251900701479823
0.616407393739863
0.612100473942609
0.6271728634303381
0.6138337597880933
0.6056151844740094
0.6191557744822157
0.6159920146864265
0.6242686685424879
0.6181590356978939
0.6195980430532779
0.6276284284093263
0.6170782859193377
0.6253478897280074
