0.6236134403036643
0.6315932310022787
0.6265521015177544
0.5966279008069229
0.6181786945353858
0.6208108696545888
0.6166335675945285
0.6127561438078328
0.6186971629029931
0.6236888980006348
0.6055053771401518
0.6293508696774733
0.6163427558116604
0.6301375368838275
0.6263308669427626
0.6118789843569395
0.630531315446193
0.6136331002475154
0.6218433015952445
0.6272281786832434
0.6275306613363115
0.6172482102367667
0.6219432799744307
0.625116313240284
0.6170713353651752
0.6269672555146127
0.6141148055696316
0.6240001794929001
0.6158744079950788
0.6302194045912441
0.6280707569111637
0.6316072343959216
0.623609336808373
0.6205916124444472
0.6138100077167077
0.6339471629953467
0.6250151521764826
0.6200426668348952
0.6294125023838868
0.6085457461946315
0.6275005753535178
0.6246042099153826
0.6372961029185495
0.6183494174694946
0.6368588360180767
0.6387656623565845
0.6274766339481598
0.6248691737841575
0.6275070947921165
0.6367314442858139
0.6342850499550543
0.624477312842178
0.6313067916219662
0.6263545152495881
0.6289391822064121
0.6354778688670422
0.6230445052285783
0.6285953081043517
0.6329716620872764
0.6353282999586539
0.6240305642990237
0.6333786915981721
0.636854173051692
0.6272969747166215
0.6307815388374203
0.6225266251624284
0.6296917133679096
0.6308717695204399
0.6354094621914635
0.6245189456242636
0.6172717997885624
0.6401658401388921
0.6348639322037123
0.6369208619230369
0.6265998572316371
0.6347913781667364
0.6263591427494182
0.6315067753920341
0.6259972001220984
0.6174765094555652
0.6259300340004861
0.6360833750229631
0.629428214648536
0.6340075569624936
0.6387042081468468
0.6343013743187116
0.6390044900837137
0.6250000192294093
0.6319360972048796
0.6103921968286129
0.6311685647755235
0.6286357828748902
0.6224542138298624
0.6320183437405066
0.6314424591956017
0.6347084179479417
0.6251124591481904
0.6374681405251731
0.6361639084560472
0.6293978011181596
