nan
0.35480236800402076
0.12171233134641166
0.28816434971634336
0.31080154075619504
0.2822224584755649
0.2770829516516328
0.3728984628781247
0.30410348991244346
0.3140614295662865
0.37773308079212203
0.20182260048130568
0.3612248077188087
0.3650914561582222
0.36878119546135285
0.1608810273286084
0.2723316402481167
0.3494149451350922
0.32008532043304017
0.28790529309086854
0.3561259572370019
0.3146814715034101
0.3737675911641234
0.36876433141059567
0.32158189554639155
0.38039214654312337
0.25816401800611843
0.22969612656888488
0.3254614192497064
0.14226409042013627
0.30372402494303047
0.3574589503381442
0.3374104122429908
0.0004544130613165313
0.06011399142885208
0.27676721948214367
0.3055112030497371
0.29661845490631966
0.3068018137374508
0.09526995838672354
0.29901949566818814
0.3460506810277661
0.3712066202616554
0.3728952491757423
0.337682891324121
0.3453388763444673
0.09370054935131357
0.3105145300522958
0.3134961904665061
0.3023627711398373
0.347926415426477
0.361715194127365
0.21876326169980653
0.06840089146005017
0.315280369193737
0.29177834768556576
0.3582818539535782
0.34507996853226114
0.36194190208649346
0.3366641086542377
0.34980102928215623
0.31955297235685454
0.23463032752425214
0.3004141725526479
0.35679825545107796
0.24019375366474874
0.41438823766325206
0.3637654269481353
0.37394066425895356
0.31372219184748057
0.3363965286635526
0.1622854241227283
0.3236912756237166
0.3562820566875501
0.3661215901810708
0.30517602104610503
0.16676226265560834
0.3356839512895044
0.13912293399024023
0.289572221714766
0.020305567268561725
0.3040593700464116
0.3030292141014036
0.3182004225104478
0.3117348215211095
0.2083988007161226
0.01599542301925585
0.027883684343439644
nan
0.37659693833676555
0.3259886577057442
0.1723306378416032
0.3952136850745091
0.32852452856129943
0.2180092805695656
0.3793874011030755
0.3540938753777707
0.3338651446930915
nan
0.33834248324781
