0.5984156433025647
0.7145351408566308
0.7162009416933284
0.6108974758440754
0.6180438709051289
0.701451898707714
0.7028229540174471
0.6795933712334689
0.6679114532310816
0.696840046569437
0.720087941610234
0.7037513896544453
0.7211413179487114
0.28023896301456797
0.7063748244898275
0.7158244812535904
0.7155755802110827
0.7427297804983892
0.7158257017395382
0.7244647892407375
0.7335785943032436
0.7349878360579475
0.7274540277500892
0.7262342752743634
0.713219483414422
0.7380887680337467
0.7091951774330795
0.7253584380322609
0.7211444409460283
0.6751080081344909
0.7311041646305413
0.722709062699188
0.7228067919035027
0.7300666207419334
0.7173350960107009
0.7241548194328996
0.7241816160184903
0.7311777008329017
0.7271528398380226
0.699649424307396
0.7005139556643306
0.7313194061737402
0.7226437133016537
0.7197681737291973
0.7000961688986952
0.7118139181442187
0.7225027049975425
0.6915792756903345
0.7255467576642409
0.721157447229815
0.7226496612771405
0.7253956035796179
0.7279264575256658
0.735253828658718
0.7195083619458835
0.7377885721227071
0.7169581252368474
0.7315924911936635
0.7262963590193856
0.7180471379181566
0.7253728292540867
0.7186923655367535
0.720965328299879
0.731827378638469
0.7292376114444864
0.7281868461425326
0.6986295674239904
0.7282742099683588
0.5971576004353252
0.7128426143315229
0.6391342424216789
0.7296161914343691
0.7234043239218026
0.734168466342176
0.7132594624603097
0.7197730154076232
0.7137403919697555
0.7315828473343048
0.7215834178321988
0.7262563285531968
0.708038523325059
0.7302786077489608
0.7308685707113813
0.7288873465967236
0.7219045517399
0.7208861908864802
0.7242714209920131
0.7290875694522746
0.7182578800466671
0.7045937668857323
0.71909708353552
0.7037424274519684
0.7274543453278802
0.7208925598096689
0.7115875979117383
0.7134034422191048
0.7284757247584905
0.7218967435277187
0.7213065475934299
0.6194413592127677
