0.6192681265366835
0.6438560079764487
0.6206192984788271
0.6425785272683787
0.644586041710637
0.6427901579881563
0.6442296242156087
0.63015341918068
0.6379917885106227
0.6397369228347287
0.6458172647248775
0.654929813771105
0.6396665668322598
0.6526406313102702
0.6397851923738879
0.03799828139460049
0.652509280702781
0.6213853777035254
0.6380101026499473
0.6539084497594346
0.6249042329559179
0.6241748301311391
0.6438374274417672
0.6448215157136873
0.6516227212870493
0.641441242358034
0.6472366198806375
0.6413033210351471
0.6396544683433126
0.6248822759142347
0.6381773231304482
0.6448637686162516
0.6484517112303183
0.6589385195981144
0.6347056848306831
0.6335902484871593
0.6527467056020961
0.634152598256242
0.644469535975456
0.6422492497965704
0.6279885128288268
0.6422452760494852
0.6428824607305567
0.6296636653950435
0.6419422388472414
0.6383038695881823
0.6343854018082768
0.6473043767500899
0.6415145292367554
0.6414653760447055
0.6502788070562942
0.6336872907017604
0.6450477525118866
0.6391623968486068
0.6354149765459132
0.6438555791448987
0.6360364812449125
0.6413429554662777
0.6388170683310314
0.6413452447336933
0.6395494671361921
0.6423586754795456
0.6450560692449763
0.6502784448346036
0.6498912127948732
0.6315349325060452
0.6412694065238315
0.6380111162517925
0.6417359795817963
0.6344109172854981
0.6458493946174669
0.6461926461175859
0.6312761738161596
0.6396543770929974
0.6600288265890524
0.6397256237731327
0.6371922494122897
0.6475356490702772
0.6417024440882647
0.6410257330377692
0.646412714672077
0.6390184264018866
0.6378379224510152
0.6383720386439112
0.6368537237224838
0.6451911057010729
0.6435054576767173
0.6400747922823145
0.6406627918092049
0.6519363646040799
0.6280942220574575
0.6320179246144145
0.636267699419702
0.644242198942775
0.6390125180560874
0.6366983285968447
0.6404926041609089
0.6438392727169214
0.6462782478255644
0.6482786177394233
