0.6820055921868081
0.7102745663828385
0.6880153590932107
0.665517552471805
0.6725918446321033
0.7079081819836879
0.6817849231723511
0.6947110249907237
0.6787025049949509
0.6929715873643292
0.6978278133951606
0.6993343429269437
0.6828100121112421
0.6864684328095922
0.7086580170815721
0.6975517548638361
0.6988739410921966
0.7053739634115032
0.7020288080930456
0.6981893616201553
0.6959784446882693
0.701414075868733
0.7048262094143668
0.7002386093451511
0.698709831856601
0.6976298855347621
0.7105001305967282
0.6998170013710422
0.6982587099182594
0.6896545738384253
0.6950759217657501
0.7053830507879134
0.710961598862461
0.7050013809786846
0.7017205763539306
0.6949796033631275
0.7068587489995406
0.7002199911473976
0.6504530510285623
0.7046388074224788
0.6929483919496071
0.7016166285353123
0.7017503304273709
0.7097857083622603
0.7015339293000018
0.6909995509732028
0.7050254740990027
0.70485242241778
0.6754408701701844
0.6983745074507497
0.7146909620975284
0.699549913406243
0.7087950761762466
0.6844822256489198
0.7043119041440646
0.6909292119542236
0.708858551532919
0.7110935269747872
0.682585246098232
0.6880310635332817
0.7015362243979242
0.7090404721128044
0.708094893931997
0.6979225959641125
0.7143851624716396
0.691642667262423
0.6921252564858489
0.7083605931570545
0.6990939034919303
0.7070139417472611
0.6927746264301993
0.6959814579506685
0.7006379239364268
0.7009076790602627
0.6987222569673127
0.6489652262203737
0.6860418863731303
0.7020132002574403
0.6938949932984797
0.7026539197808755
0.6940109638826512
0.6972667236028401
0.7066834325044398
0.7154431766560294
0.7055106490226778
0.7094229487754969
0.6903868333749353
0.708667513292579
0.7037675232304968
0.7029089633486617
0.6999349144603353
0.7021865201687689
0.7061345320399153
0.7039277164328741
0.7073864679382833
0.689221747789081
0.7058930881711273
0.6978855585780387
0.703884090104038
0.7172031836378835
