0.0023809523799999998
0.6332007952
0.245014245
0.7648157215000001
0.8769230769
0.9421841542
0.4087403599
0.00931193018
0.4134929271
-0.08
0.6325806757
0.24853556489999998
0.28875397929999996
0.7726505903
0.9345447268
0.003125
0.47270941229999996
0.5484505897999999
0.6487179487
0.8635375248
0.46274509799999997
0.793814433
0.8058372251999999
0.00070871722
0.510857545
0.2926470588
0.2632680013
0.6476333583999999
0.1336633663
0.2439499679
0.6613798572999999
0.9112540192999999
0.4264577894
0.0009551098399999999
0.8837209302
0.0
0.35764226860000004
0.49881235150000003
0.9967105263
-0.00011550786000000001
0.8562528205
0.3314555128
0.7567204301
0.43726708070000003
0.8431876607
0.5774115004
0.5964067974999999
0.2564542173
0.3192825112
0.7633928570999999
0.8103448276
0.35035082359999997
0.9422604423
0.34
0.46745027120000004
0.0
0.8759456937
0.9936305731999999
0.36269850400000003
0.8402674591
0.6707692308
0.36858974359999996
0.8547008547
0.5636509207
0.8081180812
0.9306487696000001
0.3884892086
0.9356136821
0.727581335
0.5814455232
0.2819794585
0.8818430176
0.37037037040000004
0.6676427526000001
0.109375
0.8461538462
0.46997389030000003
0.95
0.6801300289
0.9969040248000001
0.9995258416
0.6508878457999999
0.113003096
0.8884185315
0.6576202819
0.7517859724
0.2516778523
0.5906593406999999
0.3861551293
0.00128852941
0.3228680008
0.25132951049999996
0.5465949821
0.9184491979
0.9032258065000001
0.21658236009999998
0.18815181679999998
0.33333333330000003
-0.00019904017999999998
0.5938801376
0.4673629243
1.0
0.5299489243
0.5043859649
0.5392319031
0.6506238859
0.12006578949999999
0.6847491629
0.24637848739999998
0.5703052409
0.32258064519999996
0.9097387173
0.7396638843
0.3406593407
0.5274850486
0.9178681026
0.9870967742000001
0.4901960784
0.07944176060000001
0.07473309609
0.6859504132
0.37760416669999997
0.6956298765
0.07058633696
0.4554621849
0.4057142857
0.9970414201
0.9110429447999999
0.9598108747
0.9959485648999999
1.0
0.7351882422
0.6792452830000001
0.18312062480000002
0.7504761904999999
0.6126629423
0.9783174327999999
0.6213116325
0.9957983193
0.7633928570999999
0.5692995529
0.2271924953
0.06383131218
0.9982338164
0.17275747509999997
0.23170731709999998
0.4864130435
1.0
0.6662063152000001
0.6697779783
0.9020979021
0.41204447639999997
0.4778707862
0.9989888777
-0.01294498382
0.7409719126000001
0.9493069307
0.9507246377
0.9628524186999999
0.6122254059
0.738575983
-0.0027700830999999996
0.5997719498
0.6014760148
0.5934365186
0.8978520868
0.8274173806999999
0.42586123989999997
0.5904977376
0.7726484696999999
0.7299808934
0.7788114713000001
-0.00477258884
0.897826087
1.0
0.7794687713
0.7735623789
0.7103180487
1.0
0.8399449608
-0.00487804878
0.0
0.8589065256
0.4567307692
0.12192723700000001
0.0
0.04009433962
0.1048451393
0.4054652472
0.7307643902
0.00431034483
0.0036519235900000003
0.5050853063999999
0.922829582
0.05882352941
0.0
1.0
0.6795671812
0.6318758815000001
0.21593291399999998
0.3719008264
0.08890555644
0.39245421950000003
0.3906490427
0.4459930314
0.7058897749999999
0.7622994821
0.18929016189999998
0.4552989467
0.584940123
0.8845070423
0.8788224724
0.6870229008
0.7566666666999999
0.4323319301
0.8761609907000001
0.4064582266
0.326249282
0.5636672326
0.07635815235
0.5840163934
0.3616230211
1.0
0.5199042265
0.06244296622
0.1769230769
0.8667762843
0.7732864675000001
0.08918453451
0.7408299447000001
0.5235008104
0.5071444973
0.8509550759
0.6687499846
0.9429429428999999
0.9115336637999999
0.1578389831
0.5674094243
0.4649976867
0.44736842109999997
0.6178010471000001
0.6357246799
0.09511904762000001
0.0103793962
0.8893178893
0.7276664392000001
0.0
0.8427595548
0.4201550388
0.43419434189999995
0.1810154074
0.9033989267
0.08004107211000001
0.6138951101
-0.025065274149999997
0.0
0.09410430839
0.2822222222
0.4775599129
0.1479214205
0.1450724279
0.3778582283
0.5063128688999999
0.6738000829
-0.0054245104399999996
-0.0027700830999999996
0.060027285130000003
0.30287553240000004
1.0
0.7339667458
0.0027100271
0.17470881859999998
0.11543066680000001
0.0977399944
0.2803100431
0.08097185104999999
0.00128205128
0.07906676703
0.0
0.0
0.0007005521100000001
0.6921944034999999
0.4279279279
0.5721200958
0.5740181269
0.44928751050000004
0.3046274665
0.1410079657
0.0013227513199999999
0.0
0.00232018561
0.41171548119999996
0.6899038462
0.36999255750000004
0.25307557119999996
0.8729951356
0.6047794118
0.4970536771
0.6578674948
0.9973045822000001
0.0045045045
0.6960352423
0.0014940239
0.9515324305
0.8657917028
0.790702674
0.1589537223
0.47799875669999997
0.8315467074999999
0.00199675325
0.8978331817999999
0.0
0.7650088789
0.6358475264
0.5491022716
0.8604651163
0.8541332394
0.6546801617
0.4527063664
0.3248483108
0.1330603889
0.5650605013
0.884057971
0.2028301887
1.0
0.6678923424
0.7967632766
0.8062977098999999
0.99231686
0.5649072753
0.903458994
0.4340813832
0.5685805423
0.9956140351
0.9655172414000001
0.7063519732
0.5410942477999999
0.4198822001
0.8516129032
0.7555151684000001
1.0
0.6128702758
0.9756097561
0.591524716
0.511627907
0.9544960390999999
0.09289602904000001
0.08076453619
0.8959608323
0.7939078696999999
1.0
0.6364245359
0.5467297809
0.7714091219
0.5878070956
0.7243184502
0.6700165959000001
0.39921292960000004
0.6835196687
1.0
0.0
0.875
0.5540099502
0.5944660083
0.5170334421
0.1452992124
0.5645536427
0.6185003512
0.2131196663
0.03713527851
0.5572042477
0.6043165468
0.1858237548
0.0643776824
0.46136118600000003
0.8471337579999999
0.3707993165
0.6674233825
0.2799281984
0.3959627329
0.6277748863
0.3252280081
0.3300061425
0.4757575758
0.6302230811
0.4827242516
0.7470489039
0.6253263708
0.5726326227
0.5836556861
0.7997930254000001
1.0
0.25737139849999996
0.7089072544
0.6452016675
0.0
-0.0007575757599999999
0.9083969466
0.5775950668000001
1.0
0.5436093087
0.8776398025000001
0.8354422437
0.09665071770000001
0.7192028986
0.2370124737
0.3082942097
0.7809523810000001
0.5103270995
0.7181991092
0.00256410256
0.21389957710000002
0.6466275659999999
0.2935483871
0.5968586387
0.00059049413
0.8276643991
0.8475390156
0.7676056337999999
0.829818638
0.00179856115
0.7963446475000001
0.232065751
0.5745112299
0.1493768943
0.5824175824000001
0.8077034329999999
0.7414500683999999
0.9756758231
0.6366682623
0.1360163784
0.1314582232
0.6784206273
0.7346652537999999
0.42379225189999997
0.5585425197
0.7798165138
0.00343642612
0.4896421846
0.9978813558999999
1.0
0.3232653061
0.9708655749
0.6303030303
0.6748927039
0.5766509434
0.5808099431
0.3851851852
0.6866127428
0.4293148412
0.49389894030000003
0.6615384615000001
0.1998404983
0.3253012048
0.35416666669999997
0.6944444444
0.5633012585
0.3952095808
1.0
0.4074733096
0.7145748988
0.7877030161999999
0.37743190660000003
0.7540166085
0.7128165574
0.7250672993
0.38138174669999997
0.5150161665
0.9444085326
0.8964181994
0.6503689266000001
0.32320525850000004
0.7176089039
0.7651340577000001
0.44294579669999995
0.4403028431
0.507517668
0.7324324324
0.88939665
0.3950777202
0.6244019139
0.9227722772
0.576953909
0.6442831216
0.6901335833000001
0.32510288070000004
0.5336951784
0.2511961722
0.9025606754000001
0.5934135065
0.6997767856999999
0.6008371684
0.9949302667000001
0.6153846154
0.6408685969
0.3130984555
0.4077331883
0.1346153846
1.0
0.3329700272
0.6169049557999999
0.8843283581999999
0.5313430593999999
0.5007641994
0.40425531909999995
0.1739090879
0.6721864375
0.6868417404999999
0.43281790620000005
0.7762931313
0.808367458
0.20836801049999998
0.6020893997000001
0.7040459513999999
0.1634219807
-0.00035408307
0.7541045072999999
0.06204372427
0.1701112878
0.8434936842
0.7190942547
0.2957716006
0.7766272189
0.8085746632
0.9931925695
0.4691465753
0.4568561873
0.685529019
0.5251046025
0.4783122452
0.2970537339
0.6036984545
0.0013400456
0.4753476612
0.3605633803
0.6581920904
0.915407855
0.9032716927
0.8857142857
0.7983471074
0.8423912158
1.0
0.4225118725
0.6405755329
0.6962962963
0.5981306275
0.6750330251
1.0
0.1280719281
0.6558460011
1.0
0.7487036624
0.00466690148
0.44008958569999995
0.3392393321
0.8386503067
0.8225474382
0.5993589744
0.11666666669999999
0.8468061473999999
0.32444996779999996
0.8074712644
0.5340909091
0.9365847897
0.2870813397
0.5470434261
0.5492651201000001
0.9181587546
1.0
0.8406735751
0.9505079646
-0.00442477876
0.5530842588
0.6634416032999999
0.29046242769999997
0.7941023077
0.7514697794
0.6613965743999999
0.4312229015
0.9291762895
0.7779740712000001
0.1044585987
0.4554079696
0.8450215712000001
0.40625
0.78434704
-0.00301204819
0.6436058699999999
0.6664475306
0.5252048161
0.7992424242
0.2672896844
0.4740426256
0.4133640553
0.3237634681
0.2804350692
0.6570236611999999
0.8364857561
0.8123855826
0.3774504748
0.9965034964999999
0.7690196455999999
0.5335127767
-0.0026041666699999997
0.6784683595
0.7578295643
0.4893471273
0.5014925373
0.9614823515
0.7907458081000001
0.8645251397
0.992414665
0.5842100753
0.9183797933
0.9968944098999999
0.87
0.5632354918
0.9193825043
0.3090909091
0.6940478274
0.6762022808
0.7354968659
0.5429859034
0.5376118143
0.3976075685
0.6505854761000001
0.6400253784000001
1.0
0.8395415473
0.9978165939
0.7530864198
0.24201680669999998
0.17601064600000002
0.6384591449
0.20328542089999999
0.28538060779999996
1.0
0.060609818229999994
0.05598746812
0.07692307692
0.4244851111
0.011827157290000001
0.30959157439999996
0.13288259560000001
0.3313253012
0.5393446832
0.025819265140000002
0.7748378017
0.6639118457
0.10013587859999999
0.49173608209999997
0.6063394683
0.5803252032999999
0.7399267399
0.4206145194
0.00367647059
0.375
0.48656044629999995
0.7540723393000001
0.5734494015
0.4151816118
0.6338308458
0.5837209302
0.06823529412
0.5406451315999999
0.88543479
0.32762561619999997
0.09166024744
0.1972564535
0.5325
0.6893015031
0.1480062603
0.7265140327
0.8576759109
1.0
0.3028624592
0.823895864
0.9628205128
0.91605141
0.36080188960000004
0.7401247401000001
0.36254980080000004
0.4409287165
0.1260413318
0.04232989114999999
0.36147027919999997
0.6039194774
0.7804532578
0.6081923484
0.7964883676
0.6992180394
0.3113216724
0.6105637874
0.5830414058
0.6365450465
0.17923461580000002
0.6025021478
0.0019193858
0.273657289
0.19157741739999998
0.7948283535999999
0.09365181183
0.0010806449
0.44813278009999996
0.8232482718999999
0.6795366795
0.2884036145
0.8150118157999999
0.6524743854
0.7814417911
0.34002051850000004
0.41044776120000004
0.3593743125
0.6661927516
0.00912945132
0.5085470085
0.9981412639
0.3476961635
0.9407744875
0.9388379204999999
0.7402112803
0.7496436758999999
0.5077576844
0.6599099099
0.8097087379
0.7690789135
0.5741817895
0.31683060749999997
0.3616248674
0.7275198992999999
0.9882075471999999
0.6554054053999999
0.9817401447999999
0.5588884595
0.612345679
0.2929069803
0.8991081382
0.6387242572
0.6136555346
0.8084172091
1.0
0.6171650826
0.0
0.4268292683
0.5152354571
0.6886597938
0.9439313313
0.9248850281
0.9854677408000001
1.0
0.7720488467
0.7896009812
0.8322608168
0.9205395041
0.7388632873000001
0.5083068489
0.5403920638999999
0.5016337518999999
0.80127488
0.3223140496
0.5150115473
0.5514871142
0.8642353586
0.0
0.8652075798
0.6683345247
0.4280205606
0.6928465850000001
0.889135255
0.6033774725
0.35267547829999996
0.7568566031
0.5132997271
0.7325990894000001
0.2974358974
0.3684623413
0.388034188
0.07146797422
0.0391533205
0.8161306215999999
0.8423202809999999
0.6358433432999999
0.33333622069999996
0.8598726114999999
0.9080198496
0.6421238621
0.5006233694
0.06097659113
0.8331264865
0.9048282742000001
0.2128227218
0.3575872707
0.720202874
1.0
0.47909754479999994
0.6195488722
0.742584415
0.40885101319999995
0.3065272061
0.5438835739000001
0.6991735537
0.6526732673
0.6968605282999999
0.7802889892
0.5699352941
0.6837476513
0.5183946488
0.7072589501000001
0.7831498421
0.679558011
0.8746031746
0.8540609137
0.7248412813999999
0.59030837
0.5187999376
0.5997466751
0.9984732824
0.5681772829
0.5477124183000001
0.2534528978
0.3922963456
0.9964285714000001
0.21420518600000002
0.773696219
0.9380664652999999
0.9078309361
0.271559633
1.0
0.9581673306999999
0.1763424414
0.3008303785
0.1936127745
0.5632183907999999
0.6469892475000001
0.56637585
0.02458312075
0.7941024509000001
0.9279503106
0.7110091743
0.9076946941999999
1.0
0.6462167689
0.1239041454
0.7726670950000001
0.9244118642
0.00159902017
0.5543113564
0.5548489665999999
0.7231744809999999
0.3323814963
0.10289905299999999
0.667876588
0.8771551724
0.7397835641
0.5335181562
0.9197019867999999
0.7431972579
0.7716488499999999
0.4556113903
0.7630389787999999
0.8605977278
0.4806763676
0.8836206897
0.5371994342
0.3446961313
0.09805482081
0.5091743119000001
0.1768707483
0.5785340313999999
0.7886497065
0.2549019608
0.4582611636
0.08342361863
0.9549216083000001
0.7943882798
0.9961797601000001
0.189079081
0.5413833635
0.33333333330000003
0.5919499027
0.9070905188
0.4972527473
0.00522648084
0.6612999404
0.8416779432
0.3188946975
0.2211981567
0.16344856279999997
0.4061913411
0.20181297709999999
0.04174067496
0.0
0.7309002479
0.07169929323
0.40590979779999997
0.7325102881
0.8253390518
0.8021739130000001
0.7242108224
0.40734557600000004
0.8945949232
0.7618331009000001
0.5758389262
0.5980707395
0.6609688665
0.6474747475
0.5079080239
0.8286163522
0.5486381323
0.7531760436
0.9628751975000001
0.7162832822
0.3605338409
0.1303403331
0.32140740739999996
0.8007614212999999
0.56960191
0.40222441779999996
0.02387143731
0.6038507657000001
0.4745514261
-0.0010760401699999999
0.6121593291
0.7146067415999999
0.6647869398999999
0.9914346895
0.34163870170000005
0.4948469289
0.08474452205
0.029670272230000003
0.729647221
0.4358701243
0.32535421909999995
0.6345934856000001
0.2885470261
0.7594613352999999
0.776151964
0.3772632385
0.7427500956
0.4718778818
0.9935897436000001
0.2484514797
-0.0062111801200000006
0.6525198939000001
0.8159502525000001
0.6543979721
0.5906976744
0.6208304441
0.8717067582999999
0.5115883159
0.6934732255
0.9017755350000001
0.6280909963
0.5364963504
0.4393030117
0.5566957383
0.1271076524
0.3765846383
0.4631573679
0.5962933463
-0.031670646850000005
0.5196078431
0.7327916712
0.2493187867
0.273015873
0.7156918353999999
0.7362637363000001
0.8682588598
0.7075471698
0.00446428571
0.2678935384
0.3991010801
0.5498260824
0.5305749652
0.07203907204
0.8239838231000001
0.5887197155
0.8974098473
0.18243884359999998
0.9981412639
0.6718511797
0.7254410872
1.0
0.788372093
0.5563909774
0.917218543
0.37823132260000003
0.7389937107
0.6045997763
0.8384879725000001
0.5290515725
0.3606557377
0.6714077829
0.6887346503
0.8971291866
0.1733360961
0.48527672889999995
0.20085217400000002
0.5645267702000001
0.2640538544
0.2383107089
0.0
0.00296610169
0.00378071834
0.2223700419
0.7864192973999999
0.788463393
0.4015444015
0.573346117
0.06428571429
0.8918918919
0.6738768718999999
1.0
0.8685121107
0.8552588198
0.8068598505
0.6309050831999999
0.9493790455
0.5680907877
0.5471912666000001
0.5178909118
0.1150326797
1.0
0.7804878049
0.08364790666
0.5549958984
0.8580576307
0.287277181
0.6688120649
0.1330200608
0.0
0.5320699708
0.5745207957
0.5163998702
0.3866435007
-0.02413793103
0.7902921490999999
0.7516074269
0.6013726667
0.6496
0.5723241424
0.2326770727
0.8982683982999999
0.3051905525
0.09665732148
0.0033557047
0.599892785
0.3879761548
0.8257928351
0.27461062999999997
0.8281951182
0.7139855196
0.09217146765
0.9968895801
0.41866285140000004
0.8646124492
0.3600797101
0.38542083499999996
0.5030504305
0.7482222686
0.2975610612
0.6733290033
0.33313828139999996
0.5604562738
0.6766917293
-1.960784e-05
0.2872536972
0.6910403947
0.3802816901
0.6396825397
1.0
0.8466522678
0.30837004409999996
0.7399328859000001
0.29301197630000003
0.5248868778
0.1460674157
0.6770833333
0.03264618808
0.00035742574
0.4784688995
0.8290170605
0.10110245020000001
0.5379586453
0.5846338531
0.19068206570000001
0.2696785042
0.7702043594
0.18507908830000003
0.8884644767000001
0.0042918454900000005
0.42529880480000004
0.31302498889999997
0.4617647059
0.8905852417
0.102978768
0.3837606838
0.6763636364
0.42592359100000005
0.5337348379
0.8165986395
0.8147321429000001
0.1272989136
0.9511050758999999
0.05823293173
0.7736971797
0.5033595137
0.35729239360000004
0.5320689877
0.9224318658
0.5897293965
0.5602576681
0.00122282609
0.3154477653
0.5777545467
0.9254716705
0.8947845278
0.2299107143
0.6451217934
0.6392538889
0.6055813953
0.799421689
0.8419156223
0.1904761905
0.9956331878
0.9202657807
0.5934179937999999
0.9242902208
0.5020258007999999
0.37250165780000005
0.09289617485999999
0.2151394422
0.7351598174
0.1471384761
0.2015065913
-0.00126903553
0.7359550562
0.1434398252
0.40198105079999996
0.4110166563
0.4424114833
0.0012674271200000002
0.00114547537
0.4684522519
0.6357226792
0.00015398047
0.5507310309
0.8374084634000001
0.5970118482
0.9108604178
0.7390476189999999
0.4340277778
0.3476834768
0.42286071210000004
0.9606763074
0.5352160881
0.3894888876
0.0
0.5622915833
0.4676068753
0.32724909750000003
0.3324022346
0.2395587076
0.5608782434999999
0.8026191412999999
0.3233416758
0.46971229610000004
0.293654485
0.25945412739999996
0.6547749726000001
0.1798215511
-0.00020639486
0.8522167488
0.1515151515
0.2235915493
0.5319325983000001
-0.02464759956
0.4502230013
0.0148385767
0.5790256472
0.5127965933
0.05702910774
0.1560717067
0.37784937659999995
0.48133525229999996
0.1340996169
0.722820764
0.282092664
0.0038637094799999997
0.3253012048
-0.0033911496600000004
0.06976744186
-0.00021343377
0.7115716753
0.2473636544
0.8280166436
0.4771077333
0.0009337068199999999
0.24289504399999998
0.2786466059
0.4236955904
0.8973972867000001
0.1355140187
0.46635177769999997
0.71875
0.5463576159
0.7970660146999999
-0.00438596491
0.6725068631000001
0.3426781929
0.8332961233999999
0.6305249693
0.21813155680000001
0.5496894410000001
0.8352745424
0.6262626263
0.49571459560000003
0.14935464469999998
0.6252887078
0.44917560190000005
0.9352694309
0.2242090784
0.09289617485999999
0.2048192771
0.1639751553
0.8505850585
-0.012170125810000001
0.4161162483
0.305019305
0.7908045977
-0.04372854835
0.46732673269999997
0.15220113810000002
0.8962536023
0.04195496316
0.0
0.318237962
-0.00304878049
0.1214285714
0.0
0.3457842602
0.3580097087
-0.00604229607
0.02723569153
0.1131299103
0.01816162593
0.0
0.09068755309
0.1205747348
-0.0016869409099999999
0.00112233446
0.17851082689999997
0.121037464
0.409221902
0.06663447951
0.4568356375
0.7329347246000001
0.38843299979999996
0.9293680297
0.49760191849999996
0.7583892617
0.7193675889
0.8423423422999999
0.8078512397000001
0.7696147503999999
0.6611570247999999
0.9507959479
0.8199052133000001
0.2952436195
0.7676635102
0.00162074554
0.9174528302
0.7272727272999999
0.8006608875000001
0.0
0.455
0.0
0.3964470147
0.06350684085
0.21269296740000002
0.09999426967
0.00720943568
0.0
0.856870229
0.5779220778999999
0.1600262635
0.9986666667
0.045054945049999996
0.5488826816
0.9227361505
0.6848249027
0.5054878049
0.6736242884000001
0.4150141643
1.0
0.5051323382
0.8069953402
0.4042721
0.9703748489
1.0
0.475
-0.0042918454900000005
0.1264367816
0.9151712887
0.42711864409999994
0.22779369630000001
0.3369548618
0.724522293
0.3689580098
1.0
0.3669902913
0.2077724845
0.9178854251999999
0.7597402597
0.07569788622
0.5898889914000001
0.7102385907
0.07009345793999999
0.7966933207
0.6399786779
0.6201966041
0.24787083599999998
0.7078221318
0.5457969608
0.06255507225
0.8943894389
0.8210526316000001
0.8332481876
0.7508939974000001
0.3234853804
0.7993197279
0.26612306
0.2861693808
0.0064516129
0.7423512645
0.4777340465
-0.046875
0.4285714286
0.0045045045
0.2129987065
0.4577039275
-0.00373134328
0.7794918508
0.6429363725
0.49810708490000005
0.5294117647000001
1.0
0.18372093020000002
0.7469711683
0.18075117370000002
0.46860939780000005
0.1458779762
0.5310683106999999
0.34792626730000004
0.6571601941999999
0.009478672989999999
0.12612612609999999
0.0
0.3244837758
0.5153153153000001
0.3866090713
0.5503685504
0.5719831224
0.1607142857
0.7634961439999999
0.8744769874
0.2569659443
0.4960948205
0.4398422091
-0.030651341
0.7523553163
0.6301827272
0.3177500672
0.4208211144
0.07457258965
0.8866297636999999
0.2854124298
0.2452830189
0.2770850828
0.5199076112000001
0.46849907739999996
0.45035316109999995
0.07391910739
0.5548098434
0.28054298639999997
0.533443225
0.49471873969999997
0.7445652174
0.8473413379
1.0
0.7515151514999999
1.0
0.6399113822
0.6138926673999999
0.1759653324
0.6830374947
-0.00287356322
0.804
0.8119301631
0.1561181435
0.33521126760000003
0.7891566265000001
0.7705882353
0.1459034792
0.57421875
0.7314487633
0.7500942684999999
0.9053689862000001
1.0
0.0
0.6852883648
0.8827586207
0.6393976393999999
0.2934632599
0.7130326613
0.34197048189999996
0.8390804598
0.3054393305
0.2065650798
0.5029572749
0.5069204152
0.2628304821
0.1194029851
0.8489425982000001
0.2794676806
0.6778761061999999
0.08676321138000001
0.9955869373
-0.0155831608
0.3099568345
0.28505624269999996
0.5769686907
0.8658536585000001
0.9450980391999999
0.5010003525
0.7735849057
0.7213872832
0.612850477
0.1138461538
0.23165937790000002
0.40543161980000003
0.061032863849999994
0.203125
0.8349328215
0.131108835
0.2288708724
-0.01670456461
0.0
0.1642005447
-0.0032679738600000004
0.10837438419999999
0.9851485149
0.5263298171
0.3192912523
0.1554896142
0.09017724931
0.1043240376
0.0
0.3678484337
0.07509518292
0.08135593220000001
0.8431200701
0.9429824561
0.9903448276
0.49352099260000004
0.0568705854
0.040451782490000004
0.6681818182000001
0.054852320680000004
0.2755102041
0.7293625914
0.4529489498
0.31399007019999997
0.04245198657
0.7242798354
0.225
0.1212121212
0.2350936101
0.7311320755
0.21681022819999998
0.23056994819999999
0.4069586478
0.0851803228
0.5615267384
0.6319506349
0.1314779271
0.26144167199999996
0.8208786232
0.9145988640999999
0.8710407240000001
0.0
0.7982300885
0.40475074149999996
0.5164347356
0.2096463499
0.412109375
0.6270491803
0.01228906362
0.9738219895
0.4286249522
0.8835516739
0.3107908492
0.9589371980999999
0.7414911348
0.258991852
0.9509228879
-0.00612244898
0.7315978456000001
0.21318617450000002
0.8432761111000001
0.7390936585
0.354005168
0.3616241429
0.775
0.7509661835999999
0.516214281
0.9976218787000001
0.271
0.7481843714
0.4321440735
0.563490184
0.9586206896999999
0.4084033613
0.9038984587000001
0.33346386629999997
0.5026471751
0.6176462510999999
0.26984542829999997
0.7461951903
0.44901777359999995
0.48062382200000003
0.4890829694
0.4854933433
0.9571160193999999
0.8541787754000001
0.7615036399
0.8186199102
0.9980769231
0.0
0.3698067536
0.7625078753
0.46673387099999997
0.8545880973
0.9467084639
0.46244185600000004
0.4746724414
0.5122476726
0.20384615379999999
0.33417244549999997
0.07865168539
0.33921622399999996
0.7853875084999999
0.6271933653
0.34089521339999995
0.4012524085
0.7112416052
0.28171640579999996
0.5148203495
0.8151330185000001
0.6140939597
0.3000952212
0.6283952785
0.5859793374
0.7500527780999999
0.6090090008
0.9227750210000001
0.9027113238
0.8693693694
0.3665617066
0.6098807495999999
0.7095709571000001
0.6892010036
0.7380506662999999
0.368902439
0.6933333333
0.5666664567
0.5491070132
0.7224534966
0.8522571819
0.779340023
0.2984055376
0.6603090043000001
0.8669102358
0.5514755619
0.0060974236199999995
0.4504623514
0.8930714865
0.5667329591
0.3946711074
0.5596816976
0.7056439055
0.7621787127
0.583196108
0.7539344742
0.2569929102
0.8275212064
0.7465374604
0.7277964901
0.00113507378
0.4586564604
0.3005780347
0.5595365243
0.7474892396
0.12457142859999999
0.0
0.4349226804
0.056198457929999994
0.1994864181
0.9979338843
0.3076930005
0.1531330903
0.40060240960000004
0.41199611740000003
0.2672183738
0.5292007809
0.30489923869999996
0.6116551795
0.7341040461999999
-0.0022972973
0.6889724667999999
0.5509259259
0.20529801320000002
0.028034469529999998
0.06647017889
-0.00203665988
0.694844636
0.34074074070000004
0.2518053171
-0.00165471594
0.7782426778
0.7721851126
0.0
0.1270764379
-0.00199583611
0.2899261219
0.0
0.260941916
0.49014084510000006
-0.05621449444
0.5380116959
0.6598869277
0.23629385960000002
0.9978723404000001
0.7346278316999999
0.7153930068
0.07909694769
0.16787375319999998
0.43445032329999994
0.40837473
0.4174547149
0.6745451599000001
0.6625268554999999
0.37176724139999995
0.7884326496
0.1061507937
1.0
0.8396711202
0.03613096004
0.9106967615000001
0.7735174959
0.02441690962
0.2695707071
0.6357886521
0.5973281934
0.7109245336
0.9120458601
0.5397877984
0.5440070765
0.0
-0.00080479254
0.99543379
0.3643770007
0.2043384094
0.7551399906
0.6836158192
0.6231772832
0.9366140396
0.18532246430000002
0.4125457576
0.4300469829
0.49819566719999997
0.7900763358999999
0.0
0.7092286603
0.6646764066999999
0.5277927961000001
0.6775485197000001
1.0
0.6236905721
-0.00072202166
0.44713498469999996
0.5000552333
0.9035175879
0.00204081633
0.4292682927
0.3276757515
-0.00140449438
0.8032590274
0.7076658365
0.1805441055
-0.06207698041
0.2542757867
0.4977578475
0.23985418379999998
1.0
0.4157471264
0.6446991404000001
0.03766397597
0.1525016683
0.9239234990999999
0.21194029849999999
0.5819709247
0.3146853147
0.7721893491
0.5190691661
0.2807900035
0.061065813850000004
0.1112927655
0.00307692308
1.0
0.9887133183
0.09309309309
0.2536880674
0.8272176631000001
0.8653992976000001
0.6774193547999999
0.9565217391
0.9966777408999999
0.2328770467
0.8100238331
0.9081089535
0.2385557744
0.8011370432
0.00227790433
0.7924246514
0.9981668194
0.6802401239
0.8083989501000001
0.6829896906999999
0.7909469923
0.4970131422
0.7001005815000001
0.3191489362
0.9987195903
0.7653805746000001
1.0
0.6004189807
0.15882967609999998
0.6089708886999999
0.9717165930999999
0.9665653495
0.8838460571
0.8831205249
0.02783320061
0.784176926
0.626963546
0.8758741259
0.8939759035999999
0.7383177569999999
0.8549845829
0.8014297061000001
0.7234331615
0.7033140097
0.0
-0.00354064908
0.3157901694
0.7295081967
0.6652003910000001
0.7743669093
0.9860932271999999
0.9370952821
0.308908046
0.6394604083000001
0.3063750547
0.8439024390000001
0.45776928699999997
0.4512644788
0.056804541769999994
0.9193255159
0.9090322768
0.5142857143
0.8412296978
0.19974216770000003
0.8371428571
0.6831134346000001
0.5054644809
0.7392437927000001
0.6892573503
0.8325581395
0.0
0.449864551
0.5661179963
0.9987760097999999
0.6161821139
0.7581865892
1.0
0.8053217041
0.9079999999999999
-0.00407747197
0.9854190084
0.4378194208
0.7857411269000001
0.09546046732
0.6043626625
0.6485262452
0.0610442775
0.2732209473
0.7377622377999999
0.46869585039999995
-0.00877499069
0.6123016568
0.39322826390000004
0.38771929819999995
0.0
0.8177706497
0.7537435125
0.5459044121000001
0.06538810103
0.18817634949999998
0.09624482924000001
0.8747823271
0.4337539432
0.5909717292
0.7404021937999999
0.4341371306
0.7976112635
0.02606806662
0.7534348574999999
0.6731448763
0.9300057222
0.3304271772
0.8759493671
0.6713923427
0.5742971888
0.3123153528
0.5964093357
0.8894852111999999
0.3380802983
0.9363468635
0.4225941423
0.7355805745
0.5649804265
0.368750658
0.8661971830999999
0.781302116
0.31554524359999997
0.2285052313
0.6006493506
0.9743812419
0.2790016001
0.9157094594999999
0.2428569947
0.37291666669999995
0.02021174206
0.6785714286
1.0
0.042527615330000004
0.4908350305
0.8851384726
0.7071186441
0.396039604
0.7892573138
0.6190476189999999
0.40811965809999995
0.9991289199000001
0.2442417814
0.6327433628
0.8797124062
0.8317299735
0.7876190475999999
-0.0018115941999999998
0.45536795580000006
0.0
-0.00148923648
0.9962264151
0.5955774263
0.7804878049
0.865158226
0.6868008949
0.9961867178
0.06603773585
0.5369098825999999
0.4290657439
1.0
0.5874171965
0.7050231687999999
0.2071428571
1.0
0.4914894393
0.1688888889
0.4710223811
0.7701863353999999
0.3663157895
0.9531941809
0.6029670172
0.45598068599999997
0.7885083758
0.5917995071
0.6248858287
0.6652648082
0.08787230674
0.4330705797
0.9206089486000001
0.5642857143
1.0
0.8398744113
0.00034756852999999997
0.06863223536
0.09411764705999999
0.6269035533
0.0
0.36941870260000004
0.43871618300000004
0.7475892584
0.6153846154
0.7379654859
0.73
0.4941242186
0.7776337478
0.46569832400000005
0.5798319328
0.4745308311
0.45645815089999997
0.7227965013
0.0
0.7450758029000001
0.5419027095
0.460646726
0.5163356804
0.8285332665999999
0.7590361446
0.8791742959
0.518455895
0.8657587549
0.9230447512000001
0.5628985507
0.9537925022
0.7260656903
0.027315914490000003
0.9192982456
0.8844444444
1.0
0.8795741850000001
1.0
0.5890909091000001
0.7161784077
0.17994376760000003
0.3112009238
0.9267707083000001
0.06091117766
0.7966979091999999
0.731145806
0.359124761
0.4336016097
0.6955530217
0.3916256158
0.9971346705
0.9348571484999999
0.0
0.6629333003000001
0.31547619050000003
0.757925072
0.8298009033
0.6622516556
0.561985288
0.23705722070000002
0.5890191093
0.21782178219999998
0.9304059652
0.7986065704
0.0027604765199999996
0.7582942751999999
0.39837398370000004
0.9067599068
0.3730265786
0.7365088461
0.7009461127000001
0.4116465863
0.5325892204
0.9951219512
0.3271780303
0.24585751779999998
0.7053739539999999
0.6492537313
0.4403241889
0.706185567
0.6159135890999999
0.3149389042
0.8807682195
0.7583578518
0.5324675325
0.45114302520000005
0.0
0.1645962733
0.7824704801
0.7015051203
0.7348643006000001
0.8504341051000001
0.03937007874
0.1349124807
0.0780233741
0.053811525490000005
0.2694610778
0.01307189542
0.1555416811
0.1569034245
0.1833746986
0.02793296089
0.0
0.33668896169999996
0.3805460751
0.3873453007
0.1677540606
0.22332852330000003
0.9927007299
0.3464590007
0.3463730121
0.2473763118
0.8046511628
0.36683297699999995
1.0
0.12463920399999999
0.0
0.6847459268999999
0.4623552124
0.777119883
0.4663865546
1.0
0.00228658537
0.6121673004
0.8709677419
0.4347826087
0.3113095685
0.06378230465
0.2058270677
0.26639344260000003
0.2052919664
0.0
0.4001109782
0.1065143563
0.365625
0.2735864429
0.1795918367
0.4799528302
0.7330677291000001
0.737069353
0.5584653176
0.396758928
0.4537037037
0.6930284991000001
0.2605561367
0.9925373134000001
0.3472106519
0.2541794059
0.0
0.8787156272
0.6718105779
0.5660377358
0.9983525535
0.6014705882
0.3555555556
0.5765905224
0.0
0.5627620651
0.1443979907
0.1936390533
0.00309278351
0.8279046648
0.0
0.6878496538000001
0.8427340131
0.42796782450000004
0.00099502488
0.6206395349
0.05509116008000001
0.6102269971
0.2411787379
0.08490035156999999
0.2798408488
-0.00350262697
0.41434262949999995
0.4394740982
0.0
0.00051981602
0.5193315516
0.47009225649999997
0.45504846559999995
0.7911555589
0.5983662167
0.5838433293
0.4222321357
0.14300330320000001
0.7386600841000001
0.6394366197
0.2229890926
0.8160240809
0.1171717172
0.7743610481000001
0.11136363640000001
0.37551440329999997
0.3568100253
0.16631962649999998
0.0028248587600000004
0.3939393939
0.7251224978
0.5285223404
0.5013172909
0.809375
0.0
0.7198748044
0.999009901
0.5114329679
-0.00302283923
0.7885557109
0.528650647
0.2602523659
0.9984544049
0.8164627364
0.4241722242
0.1226415094
0.227495345
0.369087933
0.2822273074
1.0
0.2999314005
0.7770833333
0.1547232906
0.6339712919
0.0
0.9695015956
0.9967051071
0.49756441189999995
0.4102850755
0.48842337379999995
-0.0010604453899999999
0.1795961666
0.2573879886
0.3569979716
0.3612875681
0.9731815803
0.6506794564
0.351553893
0.4136858476
0.495
0.4418097821
0.22265625
-0.06135321101
0.2850398253
0.5082217743
0.5469232409
0.3583091437
0.20964012929999998
0.6760869565000001
0.294197936
0.327822872
0.37514792900000005
0.0015746707200000002
0.2934355326
0.16439528939999998
0.6856729217
0.3965397593
0.6482617587
0.6201821816
0.1606112728
0.1248583853
-0.07947976879
0.00509236352
0.5888689408
0.09630397614
0.644677148
0.1382211538
0.5182012848
0.5327585556
0.6900109538
0.5782160466
0.5032917345
0.7042424241999999
0.1261052554
0.00718617388
0.6123348018
0.6824117879
0.0021148324199999997
0.3589696244
0.9043927649
0.0
0.02375475396
1.815358e-05
0.3872404088
0.4285714286
0.0021141649000000003
-0.00107758621
0.2655737705
0.2447140857
0.2656637114
0.18146745079999999
0.5269607843
0.3904338154
0.337692049
0.1119543963
0.1792512212
0.40080915660000005
0.5959351332
-0.00049261084
0.8735891648
0.821516619
0.8004926107999999
0.1455479452
0.6593706728
0.23717948719999998
-0.00038142373
0.48173913040000005
0.7775439093
0.3365797274
0.0030317063599999998
0.42249405539999996
0.01904350905
0.5224821980000001
0.02207280607
0.07549592854
0.5993757163
0.33412322269999994
0.1344839868
0.4703540138
0.7521128533
0.5229455709999999
0.6036542516
0.3844444444
0.8318471338000001
0.5955766193
0.173117451
0.0030211480400000002
0.22992299230000002
0.44
0.1996802365
0.1941632928
0.2595419847
0.1507936508
0.08874083566999999
0.3206162876
0.0730415818
0.00113302258
0.055261763059999996
-0.0018631110200000001
0.0
0.0
0.12293385089999999
0.07608695652
0.42382503730000004
0.3548798309
0.00218818381
0.02683363148
0.34459459459999997
0.0
0.06945504457
0.9197754526999999
0.1338994175
0.28571428569999996
0.19157088120000001
0.0
0.06404958678
-0.05494874006
0.6327077748
0.1837966263
0.5150322219
-0.00118483412
0.06500347673000001
0.0015037594
0.3358681876
0.3595129079
0.10422183430000001
0.7392703863
0.01672862454
0.0
0.3230948936
0.40700218820000006
-0.00446428571
0.35579372919999996
0.0
-0.0016129032300000001
0.08148438069
0.06418452548
0.9403606103
0.06116642959
0.15733333330000002
0.0034883720899999996
0.00152207002
-0.0186304127
-0.0013869625499999998
0.0
0.3412913728
0.0
0.0
0.00625
0.149983531
0.1810584958
0.0
0.0
0.04814338651
0.469685656
0.0
0.053444300929999994
0.1604761905
0.707253886
0.1135693215
0.5
0.00303951368
0.1716792284
0.1952506596
-0.01003344482
0.16071175780000002
0.0005318199
0.1535303777
0.00308641975
0.0
-0.0067742355
0.06912486995
0.4221508828
0.1837431694
0.0
0.00253807107
0.02937921629
0.00891410049
0.0
0.04
0.1199903623
0.0
0.09980620155
0.0
0.04111650959
0.0
0.0060698027300000006
0.06499864921000001
0.0
0.00034523158999999996
0.1253482857
0.04260005488
-0.00079239303
0.1287988423
0.018789144049999998
-0.0020242915
0.0
-0.00387972842
0.013183153219999999
0.07913669065
-0.0021978022
0.05202333712
0.09294582158
0.1554520591
0.0
0.0
0.09671668192
0.1409208537
0.4384400741
0.01312179217
0.0
0.1293706294
0.07169744144
0.998003992
0.0
0.00586492691
0.0
0.2326582157
0.11478106869999999
0.22996515680000001
-0.01491628615
0.05406990382
0.0015045694
-0.00144927536
0.1858106805
-0.0009560229400000001
-0.00080918975
0.01850348713
-5.4014579999999995e-05
-0.0016727576899999998
0.06813627255
0.09669741775
0.0
-0.004784689
0.2583086933
-0.0015440041199999998
0.01825348602
-0.00018597524
0.323734346
2.5205829999999997e-05
0.010568420030000001
0.05968611686
0.0797034291
-0.00606060606
0.06761268781
0.01829070897
-0.04119314245
0.00243309002
0.1832023122
0.03751537515
0.04325883201
0.2017342014
0.05156683168
0.1185096982
0.2019198193
0.41666666669999997
0.00507792861
0.20181634710000002
0.4802321861
0.12420357729999999
0.17768595040000001
0.29627710100000004
0.05831895115
0.5777227174
0.2166151022
0.06435236147000001
0.06635388739999999
0.00842017678
0.560997969
0.4382518771
-0.011505510430000001
0.0
-0.00054064059
0.49328859059999997
0.09398881667999999
0.1562070545
0.00387596899
0.21036563149999998
0.08273497229
0.2416930495
0.02199011151
0.05463186186
0.04702326712
0.23809523810000002
0.2033669315
0.00793650794
0.08115357542
0.0
0.0
0.20767333919999997
0.02806888392
0.05892255892
-0.02808335176
0.6857798165
0.0
0.09356434144999999
0.1501831502
0.08264161702999999
0.00101163542
-0.00124166162
0.0
0.1494508136
0.3169712178
0.25753827149999997
0.843444227
0.7475068496999999
0.029599943099999998
0.00113122172
0.1767340801
0.3045358445
-0.0017905103
0.02175226021
0.2603398671
0.3234797297
0.028969419780000002
-0.00374531835
-0.00418215613
0.03437506109
0.19570103020000001
0.0
0.33473598979999997
-0.00225733634
-0.00269155305
0.10908042280000001
0.1884085709
0.3402639848
0.37124802529999995
0.11597128400000001
0.2525346703
0.3591047813
0.2224540993
0.1346581207
0.21246545900000002
0.5483883877
0.2618446683
0.39151398260000003
0.04111365161
0.02888273078
0.0
0.05798192771
0.2694810867
0.2739842011
-0.0014038371499999998
0.00028388108
0.08811911729
0.0
-0.0019047619
0.023409889389999997
-0.0013947001400000001
0.33362383440000004
0.1991879831
0.2541234821
0.1937984496
0.05195237815
0.0
-0.05355819991
0.0036900369
-0.00050848613
-0.00208768267
0.1449814126
0.0819822479
-0.00086015043
0.13596734700000002
0.053848817990000006
0.08485539343
0.06752759044000001
0.1305591914
-0.0019453842900000002
0.0
-0.03333333333
0.1786455132
0.01169049846
0.06191222571
0.02762862968
0.1755315832
0.1146788488
0.09738680711
0.036615677459999996
0.1407476855
0.00611289088
-0.00323189616
-0.00386100386
-0.00070840008
0.0200335507
0.0
0.2563559322
0.3145780051
-0.027372978090000003
0.1203247495
0.1120995168
0.37463976950000005
0.00054525627
-0.0037037037
0.10040241829999999
0.0
0.3546099291
0.0
0.0
0.05735943937
0.108383726
0.14626051909999999
0.4047984443
0.00165289256
0.20170174589999998
0.0034965035
0.2953036636
0.17850287909999998
0.02144003892
-0.026940508310000003
0.0026889752
0.040874254900000004
0.0585611905
0.1269102261
-0.00123304562
0.11947863870000001
0.1737089202
0.1933240612
0.5807504078
0.24248196709999997
0.5957592949
0.01539068666
-0.00271211979
-0.00795431752
0.2877364354
4.071909e-05
0.0847145488
0.00201612903
-0.0038220163000000002
0.5468394365
0.05180840665
-0.0011641443499999999
0.2710399252
0.47227771240000005
0.0
0.106557377
0.07544836116
0.20951393299999999
0.2125603865
0.00510944451
0.0
-0.04880267215
0.00902934537
0.03483080155
0.0406450788
0.05898546429
0.1066961001
0.1239015206
0.10674157299999999
0.0006388206400000001
-0.01525054466
0.0
0.09728518221
0.07034468613
-0.052387449669999996
-0.03933469248
0.05632208805
-0.00247735493
-0.00098893725
-0.0019029495699999998
0.0390781137
0.06663727543
0.024111900529999997
0.00224719101
0.01018154572
0.325
-0.03275529865
0.0063694267500000006
-0.00197103509
0.036926270899999995
0.00379746835
0.017573970759999998
0.00232018561
0.00188476369
0.00141911069
0.00164918834
0.1233551304
0.1422798067
0.0
0.1556064073
0.00190839695
0.08376882361
0.0
0.5176201087
0.0
0.22442748089999998
0.06990881458999999
-0.00066297763
0.0023809523799999998
0.2014252451
0.15551944040000001
0.03780640257
0.00101112235
0.00291757841
-0.0012953367900000001
0.0
0.1580574118
0.2485212583
0.439453125
0.09076175041000001
-0.0008051529799999999
0.03328676789
-0.024061855
0.3654618474
0.09034907598
0.6670757362999999
0.1424572766
0.11666666669999999
0.0
0.0026178010499999997
-0.03686327078
0.6594427245
0.20368133759999998
0.107615894
0.66015625
0.2218496499
0.1363055675
0.1026058566
0.34514432110000004
0.5108225108
0.09349955475999999
-0.02152557733
0.4567637124
0.35824890340000004
0.2773584906
-0.00644122383
0.0
0.08122529644
0.01738194093
-0.026444469420000002
0.07167900273
0.049968635680000005
0.13124335809999998
0.04457431216
0.05038910726
0.2541467401
0.1291303038
-0.00105596621
0.0326334743
0.049860363059999996
0.04472608576
0.00261096606
0.2444244103
0.043164105
0.2141317524
-0.0013794201100000001
-0.00115174201
0.04277334999
0.25035172159999997
0.3372483221
0.0
0.5516014235
0.0
0.00122724856
0.04230132909
0.2006064617
0.3866554779
0.07863397262
0.046485176360000005
0.6890374597000001
0.09462616821999999
0.3596011059
-0.00054119157
0.21361925450000002
0.051829353439999996
0.164160401
1.0
0.1915802754
0.02414520895
0.01569619699
0.0
0.05084745763
-0.00147710487
0.07281250895000001
0.2415026834
0.277791689
-0.00231027362
0.1585728444
0.022975173550000002
0.2376672261
0.0
0.09497381698
0.0
0.6446601942
0.2341817383
0.01079386583
0.0
0.08622222221999999
0.5405183116
0.2911877395
0.1321040427
0.00392927308
0.22683330680000002
0.1480769231
0.0012391573699999999
-0.00127713921
0.0942812983
-0.07522893773
0.1401271848
0.39337142010000004
0.1697924801
0.2692135591
-0.06577181207999999
0.14384678539999998
0.0
0.00016961281000000002
0.0005131420099999999
0.7446975559000001
0.8107280223
0.10228844240000001
0.0
0.151326053
0.03815742599
0.00297619048
0.06733524355
0.16867469880000002
0.0047619047599999995
-0.00270699383
0.00088967972
0.0006395847
0.0
0.2317776612
0.1138363112
0.0
0.09075084798000001
0.146529563
0.044048949000000004
0.05783120965
0.04157835602
0.7444739169000001
0.2489270386
0.3306188925
0.05797101449
0.28812594539999997
0.17463274429999998
0.3941341121
0.03419638495
0.2201970394
0.2629735762
0.0
0.42693208429999996
0.104815864
0.15335463259999998
0.0
0.3040540541
0.3259791004
0.1176984226
0.5435653341
-0.00042348704
0.3719806763
0.0
-0.0017921147
0.257918552
0.2252756161
-0.013593374929999999
0.2192550949
0.6086956522
-0.0016393442599999999
0.07676549636
0.1304639068
-0.00055484468
0.105365223
0.3047775947
0.129982669
0.46782814170000003
0.1319967228
0.050880637369999995
0.0047619047599999995
0.05347538518
0.2111111111
0.04589709363
0.2265054374
-0.06057268722
0.044956997650000004
-0.00128534704
0.44
0.3453389831
0.1366459627
0.00262316703
0.0
-0.00045367156
0.31342300689999997
0.1284467541
0.00110864745
0.0
0.38923395450000003
0.07385383062
-0.02793296089
0.04163399631
0.06327218539
0.1113907066
0.07784431138
0.0
-0.007516777759999999
-0.00181488203
0.06333344969
0.03606023238
0.0
0.09036144578
0.10578707550000001
0.044713272990000004
0.00101513474
0.04598051157000001
0.01859996335
-0.00180955441
0.0
0.1540978205
0.03068592058
0.1057327109
-0.01437892894
0.00262123198
0.09044772913999999
0.051364365970000006
0.03086871166
0.00416088766
0.1222968445
0.1542713915
2.000818e-05
0.035645472059999996
-0.00047869794
0.06976744186
0.0007291603200000001
0.00112233446
0.00210970464
0.0731277533
-0.00173611111
0.08972347546
-0.00023228803999999999
-0.00051136364
0.10196173030000001
0.05220209496
0.0
0.01685664407
0.0
-0.00162008024
0.1702229405
0.09715242881
0.03887826641
-0.00146097945
-0.00136986301
0.1039150206
0.9976798144
0.0
0.18939974459999998
0.055731113920000006
0.0
0.0
0.05282995786
0.0037593985000000003
0.0737357887
0.11944107179999999
0.0017094658300000002
0.0
0.01977089071
-0.0038167938899999997
-0.01361727301
0.00358422939
0.015755048179999998
0.0015105740200000001
0.0011074197099999999
0.1862642319
0.01475409836
0.02515084106
0.04406130268
-0.0014224751099999999
0.0485629336
0.1066666667
-0.0012626262599999998
0.00033830845999999995
0.00074349442
-0.00231481481
0.06569411684
0.0008756567399999999
0.023383885910000003
0.1301058665
-0.05405995784
0.09677278919000001
0.00165042142
0.00235294118
0.038743717000000004
0.01190773438
0.0
0.0014005602200000001
0.09717091471
-0.03307492746
-0.00312989045
0.1914580265
0.06740678906
0.02457740292
0.00048291888
0.0
0.02404338651
0.11032028470000001
-0.0015128593000000002
-0.02195884473
-0.02790484904
0.0037037037
0.5210985479
0.03666666667
0.0
0.08181818182
0.003125
0.1229665913
0.0206301485
0.00221275144
0.0
0.0034402303
0.13219840700000002
0.0
-0.07852890147
-0.00036816493999999996
-0.07389250994
0.112858553
0.6768447836999999
0.0
0.0
0.00182577002
0.1257783313
-0.02187528783
0.0
0.06404426715
-0.00310189484
-0.0015997433
0.00561831651
0.07885332554999999
0.033442242270000005
-0.03267499579
0.06037427273
0.0
-0.07188367987000001
0.009432401889999999
-0.00586119603
-0.00250626566
0.0018315018299999999
0.03808424697
0.0
0.00318979266
0.0
0.0
-0.0026595744700000003
0.0027027026999999998
0.00263309848
0.0
0.0559812856
0.0033557047
-0.05552070263
-0.025601660050000002
0.0
0.0017873100999999999
0.00188020364
0.03622761518
-0.04611931556
-0.02858877878
0.00106895392
0.0
0.0
0.00239005736
