0.38009941577911377
0.2797209620475769
0.45196953415870667
0.44635915756225586
0.4876070022583008
0.5516138076782227
0.4281306266784668
0.5828050374984741
0.6032500267028809
0.5848215222358704
0.2157696783542633
0.5811107158660889
0.36962810158729553
0.5199125409126282
0.5672086477279663
0.5570167303085327
0.5523282289505005
0.22147968411445618
0.6928320527076721
0.35366731882095337
0.4113205075263977
0.48981940746307373
0.3259267508983612
0.5672475099563599
0.36823853850364685
0.4746154546737671
0.5853180885314941
0.6082168221473694
0.2577584385871887
0.6034517884254456
0.4436599016189575
0.5531613826751709
0.5729436278343201
0.3495607376098633
0.5262463092803955
0.5264650583267212
0.5814728140830994
0.23042923212051392
0.43049293756484985
0.44877347350120544
0.12013831734657288
0.5920255780220032
0.22829347848892212
0.2998771071434021
0.48431718349456787
0.4031723737716675
0.25154152512550354
0.3417899012565613
0.551421046257019
0.47211864590644836
0.46506431698799133
0.4850282073020935
0.47195518016815186
0.5959962606430054
0.2819213271141052
0.530745804309845
0.5050182938575745
0.34292566776275635
0.5495417714118958
0.5285572409629822
0.535671055316925
0.5229492783546448
0.5628468990325928
0.43635791540145874
0.47310885787010193
0.6215649247169495
0.49418875575065613
0.5802508592605591
0.35215502977371216
0.5904815196990967
0.5777974128723145
0.46882331371307373
0.44472017884254456
0.6056961417198181
0.5721693634986877
0.2588401436805725
0.4733259677886963
0.27993273735046387
0.5586221814155579
0.485387921333313
0.5564183592796326
0.6658160090446472
0.4631524980068207
0.4971693754196167
0.3504173755645752
0.5612325072288513
0.42593199014663696
0.5870928168296814
0.5373148322105408
0.40806111693382263
0.39187273383140564
0.4999310374259949
0.3514309525489807
0.6277161836624146
0.33774757385253906
0.5927230715751648
0.4064626693725586
0.1314496099948883
0.6463808417320251
0.4489140212535858
0.3027461767196655
0.6166812777519226
0.44217628240585327
0.5697916746139526
0.35608041286468506
0.5675584077835083
0.44214776158332825
0.6046470403671265
0.27305763959884644
0.5149999260902405
0.4514614939689636
0.2919108271598816
0.6426986455917358
0.33280760049819946
0.35898393392562866
0.6044072508811951
0.5294085741043091
0.5613710880279541
0.5102860331535339
0.5359879732131958
0.6010600924491882
0.37871062755584717
0.5656458139419556
0.5367783308029175
0.5676918625831604
0.5849664807319641
0.3410351276397705
0.318284273147583
0.42099642753601074
0.4922967255115509
0.6360962390899658
0.2220345139503479
0.3762832283973694
0.4617402255535126
0.4894285798072815
0.4175361692905426
0.25826460123062134
0.3833075761795044
0.5782694816589355
0.6023808121681213
0.14235571026802063
0.5449438095092773
0.5109969973564148
0.33613768219947815
0.5813916921615601
0.5233123898506165
0.5768754482269287
0.06232959032058716
0.5976042747497559
0.5912929773330688
0.5838277339935303
0.5243732333183289
0.41130051016807556
0.5591601729393005
0.5652210712432861
0.5773872137069702
0.5539765357971191
0.31374818086624146
0.23081910610198975
0.6019187569618225
0.5949157476425171
0.28080400824546814
0.5559864640235901
0.5480412244796753
0.43878060579299927
0.3759441375732422
0.6599235534667969
0.3250005841255188
0.583355724811554
0.5199891328811646
0.556603729724884
0.5687745809555054
0.4026457369327545
0.42580780386924744
0.5815331935882568
0.5774555802345276
0.47533655166625977
0.3705437481403351
0.31789034605026245
0.4981779158115387
0.3412802815437317
0.38552993535995483
0.56748366355896
0.20331084728240967
0.54692542552948
0.6107312440872192
0.49093884229660034
0.3794589638710022
0.4337765574455261
0.5822740793228149
0.5419180393218994
0.3971533477306366
0.29427865147590637
0.5220902562141418
0.5186709761619568
0.4408186674118042
0.4414556324481964
0.5977420806884766
0.5552897453308105
0.591580867767334
0.5407476425170898
0.46088165044784546
0.19350698590278625
0.26599717140197754
0.6071121692657471
0.5679698586463928
0.13898298144340515
0.3311627507209778
0.5730677247047424
0.37363576889038086
0.30629992485046387
0.6142921447753906
0.470808207988739
0.1786615550518036
0.49988898634910583
0.1689961850643158
0.4649275541305542
0.5535401105880737
0.5744788646697998
0.1472337543964386
0.3475043773651123
0.5563417077064514
0.5877095460891724
0.21621331572532654
0.25009262561798096
0.471027672290802
0.5088374018669128
0.4532488286495209
0.5248514413833618
0.1997661292552948
0.5920205116271973
0.3814184069633484
0.5547022819519043
0.3454912304878235
0.14867204427719116
0.6471472978591919
0.45776572823524475
0.6044158339500427
0.41736477613449097
0.6067630052566528
0.34686917066574097
0.46650511026382446
0.5793681740760803
0.28183501958847046
0.2509267330169678
0.5976564288139343
0.14245444536209106
0.5459386706352234
0.4021720886230469
0.576217770576477
0.4267023503780365
0.5894381999969482
0.49544599652290344
0.3113749027252197
0.41259974241256714
0.4660923480987549
0.3485080599784851
0.25912874937057495
0.19549810886383057
0.38744279742240906
0.4233402609825134
0.4644720256328583
0.5709369778633118
0.2195846438407898
0.5532402396202087
0.40992307662963867
0.5008467435836792
0.5937787294387817
0.6250339150428772
0.2038850486278534
0.5824475288391113
0.6123872995376587
0.3941534757614136
0.3842262029647827
0.4998878836631775
0.45007598400115967
0.5567121505737305
0.5534685254096985
0.562969982624054
0.4784221351146698
0.5500008463859558
0.5587425231933594
0.48802340030670166
0.5573197603225708
0.20372748374938965
0.4506261944770813
0.40149828791618347
0.3983084559440613
0.49050602316856384
0.4646746516227722
0.5855915546417236
0.41591697931289673
0.4211040139198303
0.35351797938346863
0.39577630162239075
0.5797826647758484
0.09280970692634583
0.5547974705696106
0.1346263587474823
0.5578009486198425
0.4903765022754669
0.5715290904045105
0.42913299798965454
0.41129904985427856
0.617177426815033
0.17542368173599243
0.4083006978034973
0.5621855854988098
0.5987498164176941
0.5520501732826233
0.6042482852935791
0.5734058022499084
0.5582162141799927
0.5744513869285583
0.248460590839386
0.09069889783859253
0.5045848488807678
0.42369747161865234
0.19328102469444275
0.5344821810722351
0.33261638879776
0.5906424522399902
0.6075746417045593
0.4519328773021698
0.5247001647949219
0.5791449546813965
0.45839738845825195
0.41416749358177185
0.46721184253692627
0.5823528170585632
0.5024959444999695
0.2770134508609772
0.4317699074745178
0.5476524829864502
0.5656649470329285
0.46812981367111206
0.5117443799972534
0.3064802587032318
0.5533063411712646
0.5478814840316772
0.6086935997009277
0.4536483883857727
0.2786993980407715
0.5539236068725586
0.5788151621818542
0.23936286568641663
0.5751710534095764
0.3588857352733612
0.5356608629226685
0.5910548567771912
0.3493098318576813
0.291843056678772
0.5709964632987976
0.5874785780906677
0.2886190414428711
0.5810456275939941
0.6120709776878357
0.5374473333358765
0.549868643283844
0.17313751578330994
0.45240768790245056
0.07365807890892029
0.3527016043663025
0.24493935704231262
0.5797463655471802
0.4150400161743164
0.5373246669769287
0.6538499593734741
0.5770003199577332
0.5665668249130249
0.3185182809829712
0.5867475867271423
0.34664595127105713
0.4640766382217407
0.33017557859420776
0.4736637473106384
0.6346492171287537
0.42602452635765076
0.17558228969573975
0.42906004190444946
0.5736214518547058
0.6085096597671509
0.206834614276886
0.489799439907074
0.5342397689819336
0.4182828962802887
0.5497898459434509
0.5848861932754517
0.1913338005542755
0.5002559423446655
0.46960029006004333
0.4193820059299469
0.352155476808548
0.5806342363357544
0.48827773332595825
0.6243053674697876
0.5081628561019897
0.4485515058040619
0.4539850354194641
0.2989000082015991
0.5220088958740234
0.5889266133308411
0.41435807943344116
0.6298118829727173
0.4871937334537506
0.5447872281074524
0.5665994882583618
0.43672943115234375
0.6089170575141907
0.3708580732345581
0.6151615977287292
0.5825467109680176
0.6179535388946533
0.4780780076980591
0.5621324181556702
0.5068768262863159
0.5083298683166504
0.5904091596603394
0.1463678777217865
0.21005120873451233
0.1554921567440033
0.5779936909675598
0.4975689947605133
0.5392487645149231
0.571041464805603
0.462554395198822
0.48315656185150146
0.5392720699310303
0.5374054312705994
0.2937754988670349
0.22226911783218384
0.6283746957778931
0.33243224024772644
0.5124592781066895
0.5419313311576843
0.4964946508407593
0.5293444395065308
0.572243332862854
0.5764539837837219
0.55311119556427
0.5729857683181763
0.6267713308334351
0.4678579568862915
0.49253159761428833
0.59417325258255
0.4282698929309845
0.5280614495277405
0.5468953847885132
0.227699875831604
0.33587446808815
0.41379567980766296
0.3805300295352936
0.5699527859687805
0.14772000908851624
0.5102354288101196
0.2539972960948944
0.6262537837028503
0.40813085436820984
0.20993748307228088
0.35207363963127136
0.2976367175579071
0.4397198557853699
0.4699164628982544
0.5082805156707764
0.3810613751411438
0.19141998887062073
0.589488685131073
0.5647463798522949
0.44400420784950256
0.37706050276756287
0.5373729467391968
0.4406488835811615
0.5059342384338379
0.401061087846756
0.5670821666717529
0.21832531690597534
0.3015516996383667
0.4670661687850952
0.6952159404754639
0.6288331151008606
0.4157131612300873
0.3664127588272095
0.5607404708862305
0.6237502098083496
0.4705553352832794
0.5538674592971802
0.5931398868560791
0.42170995473861694
0.5619141459465027
0.52741938829422
0.5852523446083069
0.569236695766449
0.5842100977897644
0.43234485387802124
0.41006800532341003
0.6144200563430786
0.5563226342201233
0.38318300247192383
0.6095682382583618
0.6535459756851196
0.6220974922180176
0.20778235793113708
0.5873674154281616
0.5825561285018921
0.5196128487586975
0.5585237145423889
0.12785860896110535
0.632005512714386
0.25666147470474243
0.5509147644042969
0.5551838278770447
0.47789913415908813
0.39700591564178467
0.38299649953842163
0.3469620943069458
0.38377952575683594
0.47323641180992126
0.5664600729942322
0.5809418559074402
0.3963761329650879
0.544308602809906
0.5988410711288452
0.39197424054145813
0.4963771402835846
0.5615870952606201
0.5592233538627625
0.5647793412208557
0.5465003848075867
0.4728943705558777
0.5964998602867126
0.6162981986999512
0.5801283121109009
0.3220810890197754
0.2281523048877716
0.46194949746131897
0.2215469479560852
0.482610821723938
0.4719891846179962
0.5596010684967041
0.5965010523796082
0.6060575842857361
0.586249053478241
0.09832534193992615
0.13189738988876343
0.5738301873207092
0.4651835560798645
0.5877140164375305
0.24245798587799072
0.518271267414093
0.5454562306404114
0.6126484274864197
0.5681355595588684
0.4234340190887451
0.5584684014320374
0.4684771001338959
0.1798667013645172
0.414500892162323
0.5167807936668396
0.16654419898986816
0.4627442955970764
0.18613770604133606
0.5910463333129883
0.541786253452301
0.5539613962173462
0.5805840492248535
0.579594612121582
0.46024513244628906
0.5135018229484558
0.1906595528125763
0.66229647397995
0.647311806678772
0.6263715028762817
0.5549100637435913
0.4944712519645691
0.583750307559967
0.2645755410194397
0.5691961050033569
0.595910906791687
0.3838159441947937
0.27563679218292236
0.5040180087089539
0.4441537857055664
0.14539295434951782
0.1655021607875824
0.5107791423797607
0.45356616377830505
0.4865238070487976
0.3495115637779236
0.5295153260231018
0.5690044164657593
0.5881662964820862
0.5206552743911743
0.5084987878799438
0.4311227798461914
0.19693401455879211
0.5622751116752625
0.4949706196784973
0.43275851011276245
0.43164366483688354
0.5484774112701416
0.5930508375167847
0.683607816696167
0.5777098536491394
0.4203152358531952
0.42972978949546814
0.6081508994102478
0.5675272345542908
0.22876384854316711
0.3802063465118408
0.3084227740764618
0.6486193537712097
0.4286579191684723
0.305449515581131
0.5292576551437378
0.2924891710281372
0.41457802057266235
0.4193229079246521
0.4949522018432617
0.45448094606399536
0.2697816491127014
0.20520833134651184
0.5328912138938904
0.5104365348815918
0.2975011467933655
0.5996056795120239
0.5824409127235413
0.5832644701004028
0.5126211643218994
0.46724173426628113
0.5970739126205444
0.6184357404708862
0.5608465075492859
0.5982851982116699
0.5670703649520874
0.39251095056533813
0.6247597336769104
0.6645888090133667
0.4643039107322693
0.2005542516708374
0.5223097205162048
0.5872883200645447
0.42473334074020386
0.491584837436676
0.6122439503669739
0.24337682127952576
0.43754103779792786
0.49055442214012146
0.5691961050033569
0.5563443303108215
0.39381423592567444
0.5645356178283691
0.44086483120918274
0.5458582639694214
0.4812975823879242
0.23874768614768982
0.34918415546417236
0.5162408351898193
0.3935903012752533
0.5059664845466614
0.1898396909236908
0.41605502367019653
0.48934876918792725
0.227699875831604
0.12970557808876038
0.672932505607605
0.31945228576660156
0.35535305738449097
0.5776700377464294
0.19193676114082336
0.6883037686347961
0.6256492733955383
0.5779725909233093
0.6436759233474731
0.5414806604385376
0.4244263172149658
0.5485891103744507
0.2318021059036255
0.5397101640701294
0.28591448068618774
0.3653697967529297
0.3933427929878235
0.6035414934158325
0.5502977967262268
0.33046841621398926
0.42936837673187256
0.6233087778091431
0.41557735204696655
0.5757010579109192
0.5516009330749512
0.4719060957431793
0.508297324180603
0.6577128767967224
0.4552553594112396
0.5725736618041992
0.6449037194252014
0.4439910054206848
0.5343091487884521
0.452728807926178
0.31240740418434143
0.5627313256263733
0.6206614375114441
0.3844166398048401
0.4801310896873474
0.0641542375087738
0.3070650100708008
0.1505337655544281
0.47030535340309143
0.5396244525909424
0.5094596147537231
0.6086747646331787
0.42920488119125366
0.13420328497886658
0.57794189453125
0.1232360303401947
0.6250641942024231
0.606241762638092
0.47395581007003784
0.25333964824676514
0.5609838962554932
0.41488856077194214
0.45650333166122437
0.432632714509964
0.604500949382782
0.40428903698921204
0.4385893642902374
0.4387308955192566
0.5418325662612915
0.5011653304100037
0.2891373336315155
0.28228017687797546
0.516936182975769
0.4281408190727234
0.6097008585929871
0.46921464800834656
0.3242832124233246
0.447461873292923
0.6435977220535278
0.48985421657562256
0.508171021938324
0.31321924924850464
0.527184009552002
0.22772487998008728
0.5434014797210693
0.46715500950813293
0.29903391003608704
0.5335827469825745
0.582409679889679
0.5973248481750488
0.5418205261230469
0.27336785197257996
0.22133100032806396
0.15136942267417908
0.3826391398906708
0.5703307390213013
0.28788048028945923
0.4801086187362671
0.4486943185329437
0.4462931156158447
0.380448579788208
0.728495717048645
0.32873308658599854
0.5770068764686584
0.418754905462265
0.14647898077964783
0.32694530487060547
0.48733586072921753
0.5880005359649658
0.397466242313385
0.47045236825942993
0.20233911275863647
0.4468839168548584
0.32869815826416016
0.4814452528953552
0.5651792287826538
0.4651733338832855
0.5643601417541504
0.32724428176879883
0.49880367517471313
0.5100774765014648
0.5587647557258606
0.57960045337677
0.5020906925201416
0.6117185354232788
0.36161869764328003
0.49205729365348816
0.340078204870224
0.2368951141834259
0.5523410439491272
0.5785788297653198
0.42303112149238586
0.227699875831604
0.2549140155315399
0.4729594588279724
0.4644572138786316
0.12492617964744568
0.227699875831604
0.5924041867256165
0.629938006401062
0.5728647708892822
0.4835189878940582
0.37369903922080994
0.5363553166389465
0.6443985104560852
0.4920763373374939
0.19068294763565063
0.19605866074562073
0.2391643226146698
0.4196292757987976
0.30388689041137695
0.5727337598800659
0.4524582326412201
0.4357442557811737
0.44470489025115967
0.4485563635826111
0.4432424306869507
0.2636517882347107
0.5207046866416931
0.10738357901573181
0.3437800705432892
0.2174074351787567
0.4637134075164795
0.533112645149231
0.6553847789764404
0.4378211498260498
0.5257866382598877
0.5709384083747864
0.4464002847671509
0.30573606491088867
0.5360766649246216
0.609347403049469
0.09251770377159119
0.45682185888290405
0.6117680072784424
0.594977617263794
0.5861076712608337
0.5640988349914551
0.6046689748764038
0.4170985519886017
0.507579505443573
0.5201898813247681
0.1670377552509308
0.40921035408973694
0.5032362341880798
0.1407049596309662
0.32948654890060425
0.6219185590744019
0.6212640404701233
0.5988309383392334
0.5485085844993591
0.4030925929546356
0.32114487886428833
0.5049656629562378
0.181333988904953
0.44904449582099915
0.3332700729370117
0.07859566807746887
0.5988796353340149
0.47081366181373596
0.1388293206691742
0.5985998511314392
0.6124609112739563
0.508313000202179
0.6095514297485352
0.4758383333683014
0.6078690886497498
0.1793290078639984
0.5622786283493042
0.45209503173828125
0.5207698941230774
0.48683875799179077
0.30630236864089966
0.5600476264953613
0.5562359094619751
0.4746720790863037
0.4748742878437042
0.46702954173088074
0.5822663903236389
0.14559844136238098
0.40110233426094055
0.5570415258407593
0.15565899014472961
0.30416661500930786
0.5063052177429199
0.364545613527298
0.5032917857170105
0.4551428556442261
0.5854865908622742
0.10072267055511475
0.5208874940872192
0.47033700346946716
0.5905943512916565
0.6179643273353577
0.6092174649238586
0.5995528101921082
0.5646350383758545
0.5910570621490479
0.2919021248817444
0.5525917410850525
0.5169203877449036
0.3531845808029175
0.31902801990509033
0.13240864872932434
0.177607923746109
0.6118163466453552
0.5450751781463623
0.5193758010864258
0.6167742013931274
0.21276521682739258
0.482026070356369
0.11483743786811829
0.5367518663406372
0.3409614562988281
0.33542823791503906
0.6106446385383606
0.3917538821697235
0.6057670712471008
0.5491790771484375
0.4390409290790558
0.5069418549537659
0.47816458344459534
0.5586205124855042
0.278839647769928
0.5857322812080383
0.598129153251648
0.2762351632118225
0.2044014036655426
0.6270124912261963
0.5415403246879578
0.5852615833282471
0.5848243832588196
0.32326334714889526
0.6517778038978577
0.25057703256607056
0.3008594214916229
0.3825833797454834
0.28179630637168884
0.359946072101593
0.6586458086967468
0.13126149773597717
0.4502279460430145
0.46695753931999207
0.5768301486968994
0.45638036727905273
0.4216652810573578
0.6633475422859192
0.46974316239356995
0.43565768003463745
0.6514005661010742
0.6066526174545288
0.19002482295036316
0.5500759482383728
0.47556349635124207
0.6083295941352844
0.43704599142074585
0.5559249520301819
0.6300833225250244
0.6113002300262451
0.42404523491859436
0.2338426113128662
0.6460621356964111
0.4585862159729004
0.601961612701416
0.5216768980026245
0.41883474588394165
0.09967395663261414
0.5547714829444885
0.17803433537483215
0.5973192453384399
0.18010535836219788
0.6015175580978394
0.48934876918792725
0.3946794867515564
0.5710732936859131
0.4861815273761749
0.4562496840953827
0.4081180691719055
0.18542370200157166
0.08027288317680359
0.5388938188552856
0.5759972333908081
0.2157670557498932
0.49656495451927185
0.4001685380935669
0.43897300958633423
0.41172659397125244
0.3898566961288452
0.4909918010234833
0.5617249608039856
0.5048671364784241
0.24944451451301575
0.085425466299057
0.5102128982543945
0.1531027853488922
0.43329519033432007
0.15533852577209473
0.6555569171905518
0.5803232192993164
0.4253714382648468
0.5845047831535339
0.5075476169586182
0.44085150957107544
0.5981672406196594
0.29169583320617676
0.5821373462677002
0.5543428659439087
0.19004777073860168
0.5975549221038818
0.5821694135665894
0.6220923662185669
0.1391231119632721
0.5564961433410645
0.26616668701171875
0.6060566902160645
0.267048180103302
0.5237782597541809
0.5810847878456116
0.4094241261482239
0.6390153169631958
0.4350182116031647
0.591559648513794
0.501054048538208
0.4528900682926178
0.4304206371307373
0.3257012963294983
0.5539831519126892
0.4327297806739807
0.6376881003379822
0.4430583417415619
0.45550891757011414
0.47204598784446716
0.5850825905799866
0.17821279168128967
0.550469160079956
0.5510622262954712
0.48407045006752014
0.4942520558834076
0.40110233426094055
0.5230700373649597
0.4047890901565552
0.2885495722293854
0.5895911455154419
0.31550225615501404
0.5396224856376648
0.5766274929046631
0.39337581396102905
0.6033728718757629
0.6311494708061218
0.5345950722694397
0.5471611618995667
0.4867536723613739
0.5578752160072327
0.46182650327682495
0.3361732065677643
0.39570534229278564
0.4740794897079468
0.5270273685455322
0.36688902974128723
0.47337841987609863
0.44813844561576843
0.6148285865783691
0.5374364852905273
0.40008002519607544
0.5685708522796631
0.5877879858016968
0.12833556532859802
0.515095591545105
0.5932468771934509
0.5504783391952515
0.3336128294467926
0.46765533089637756
0.6468614339828491
0.39266490936279297
0.5365775227546692
0.5484257340431213
0.5660735964775085
0.19928404688835144
0.5848762392997742
0.6122487783432007
0.5892629027366638
0.5696747303009033
0.14747509360313416
0.378097265958786
0.4123823046684265
0.4878680109977722
0.5715967416763306
0.45456308126449585
0.6716589331626892
0.21972402930259705
0.5771830677986145
0.3272264301776886
0.589877724647522
0.49579522013664246
0.3915676474571228
0.5412980914115906
0.4127875864505768
0.4607304334640503
0.49657395482063293
0.1879427134990692
0.523451566696167
0.6404590010643005
0.4896363317966461
0.34780532121658325
0.5902882218360901
0.6016051769256592
0.5948102474212646
0.47167351841926575
0.5621814727783203
0.5778654217720032
0.541305661201477
0.6044186949729919
0.10694167017936707
0.5593713521957397
0.5304816961288452
0.5780139565467834
0.233006089925766
0.2776730954647064
0.5140396356582642
0.5900051593780518
0.5867685675621033
0.5411860942840576
0.5518565773963928
0.5209463238716125
0.3180358409881592
0.42285391688346863
0.551729142665863
0.38439497351646423
0.4915861487388611
0.6102885007858276
0.5782879590988159
0.4519837498664856
0.4224745035171509
0.6242507696151733
0.4601217210292816
0.4520522356033325
0.3821331262588501
0.4740968942642212
0.4757816791534424
0.4078146517276764
0.5765369534492493
0.5869763493537903
0.6180721521377563
0.43582969903945923
0.4686393737792969
0.42531096935272217
0.6090185046195984
0.47668713331222534
0.6314476728439331
0.5394822955131531
0.49297940731048584
0.5697641968727112
0.6023367643356323
0.5988790392875671
0.3173336386680603
0.11854496598243713
0.520597517490387
0.5018003582954407
0.31300756335258484
0.5899983644485474
0.3415023982524872
0.6701157689094543
0.5748172402381897
0.61131751537323
0.4701452851295471
0.36189672350883484
0.5831550359725952
0.5678423643112183
0.5420451164245605
0.549888551235199
0.229201078414917
0.33386820554733276
0.6925731897354126
0.24768269062042236
0.4893157184123993
0.5080510973930359
0.3245713412761688
0.36173373460769653
0.602516770362854
0.5623394250869751
0.5553974509239197
0.533315122127533
0.5847673416137695
0.4314310550689697
0.23640841245651245
0.44746655225753784
0.11154338717460632
0.4465758502483368
0.5572377443313599
0.5254210829734802
0.5459709167480469
0.5053331255912781
0.41460973024368286
0.4400564134120941
0.5162833333015442
0.5588788986206055
0.09434792399406433
0.4052852988243103
0.5983991622924805
0.5941014289855957
0.43455979228019714
0.5922768712043762
0.5870922803878784
0.5210858583450317
0.48118796944618225
0.29201334714889526
0.48461976647377014
0.5865346193313599
0.5922808647155762
0.5533592700958252
0.5464352369308472
0.668364405632019
0.24123641848564148
0.5383855104446411
0.403132826089859
0.4323486387729645
0.6093114018440247
0.6117087602615356
0.33568209409713745
0.40472984313964844
0.442550927400589
0.27591097354888916
0.5692024230957031
0.5399218797683716
0.5784817337989807
0.6945405006408691
0.538926362991333
0.5952699184417725
0.47676411271095276
0.6061569452285767
0.5755341053009033
0.4547085165977478
0.39811834692955017
0.3379659354686737
0.23239251971244812
0.41925522685050964
0.16311699151992798
0.41570591926574707
0.5739367604255676
0.49988263845443726
0.5227563381195068
0.5591354966163635
0.5988649129867554
0.5392919778823853
0.5970830917358398
0.48155543208122253
0.27611222863197327
0.4175741970539093
0.6078223586082458
0.6714547872543335
0.5028643608093262
0.252425879240036
0.5221409797668457
0.4628068804740906
0.6145448684692383
0.310502290725708
0.5135737061500549
0.2577837109565735
0.40826112031936646
0.4273207485675812
0.17409834265708923
0.5555237531661987
0.4217793047428131
0.6122357845306396
0.7162399291992188
0.0568254292011261
0.4473879635334015
0.5676361918449402
0.3238307237625122
0.5029376745223999
0.16919651627540588
0.4882725477218628
0.5983472466468811
0.5430818200111389
0.6264830827713013
0.5946438312530518
0.11088022589683533
0.32688790559768677
0.6119021773338318
0.306765079498291
0.5460985898971558
0.31799548864364624
0.46257877349853516
0.4755167067050934
0.5981547236442566
0.28960487246513367
0.6382818222045898
0.5746544599533081
0.15036192536354065
0.5508072376251221
0.16032150387763977
0.03993794322013855
0.43971341848373413
0.16218754649162292
0.5910217761993408
0.3961239755153656
0.4849676191806793
0.5864190459251404
0.47931426763534546
0.40308547019958496
0.5686402320861816
0.43354499340057373
0.5224530100822449
0.5116324424743652
0.5539510250091553
0.5717485547065735
0.556811511516571
0.43873271346092224
0.5514370799064636
0.45607030391693115
0.5291260480880737
0.08455228805541992
0.4676138162612915
0.5323527455329895
0.3131052553653717
0.0906180739402771
0.439296156167984
0.18543225526809692
0.4362170100212097
0.2718093693256378
0.508234977722168
0.4796735644340515
0.4361312985420227
0.6167231798171997
0.5631901025772095
0.5844431519508362
0.10061562061309814
0.587742269039154
0.46457526087760925
0.5698040723800659
0.5827057957649231
0.6117883324623108
0.4076898694038391
0.1844751536846161
0.4481924772262573
0.6851484775543213
0.54903644323349
0.5855275392532349
0.4634421169757843
0.2958674132823944
0.6418137550354004
0.4980270266532898
0.19530951976776123
0.5135003924369812
0.4018329083919525
0.1189630925655365
0.47357892990112305
0.42512622475624084
0.28436529636383057
0.44435596466064453
0.5045686960220337
0.09583815932273865
0.4618925452232361
0.405964195728302
0.4568456709384918
0.6637971997261047
0.4635346233844757
0.5514359474182129
0.4905678629875183
0.5499001145362854
0.5681491494178772
0.6179272532463074
0.4299207031726837
0.47544586658477783
0.5765773057937622
0.5992664098739624
0.41803187131881714
0.5204315185546875
0.6658015251159668
0.5148684978485107
0.596962571144104
0.5265552997589111
0.4158979654312134
0.5434349179267883
0.5923775434494019
0.3914055824279785
0.5899233818054199
0.13669082522392273
0.5995793342590332
0.5791382789611816
0.5313532948493958
0.5780100226402283
0.5611371994018555
0.4873289167881012
0.47897225618362427
0.3852141499519348
0.5398455262184143
0.33409374952316284
0.21603569388389587
0.5693102478981018
0.11339500546455383
0.4398294687271118
0.08263558149337769
0.6279020309448242
0.1767464578151703
0.6136444807052612
0.5129871368408203
0.514641523361206
0.10530826449394226
0.42162075638771057
0.462894082069397
0.5964212417602539
0.46209704875946045
0.5355387330055237
0.5459902286529541
0.34505781531333923
0.5615071058273315
0.12624293565750122
0.3753448724746704
0.5104410648345947
0.5517378449440002
0.5835191607475281
0.5149551033973694
0.3145051598548889
0.20027980208396912
0.6242237091064453
0.581149697303772
0.46559423208236694
0.5506720542907715
0.057237595319747925
0.5306401252746582
0.425285279750824
0.39707082509994507
0.6480425000190735
0.4384201765060425
0.5771479606628418
0.5486592054367065
0.6130767464637756
0.30355697870254517
0.24695658683776855
0.5715420246124268
0.5408778190612793
0.6430033445358276
0.49051401019096375
0.4272046685218811
0.27358514070510864
0.5927137136459351
0.5547055006027222
0.40005332231521606
0.56521075963974
0.4127956032752991
0.3966803252696991
0.47695502638816833
0.562132716178894
0.08593443036079407
0.5557968020439148
0.3752518892288208
0.5904040336608887
0.5958212018013
0.3729565143585205
0.5596665740013123
0.4943500757217407
0.32803019881248474
0.5557615160942078
0.39139503240585327
0.4090161919593811
0.5235400795936584
0.5645921230316162
0.5308197736740112
0.5020593404769897
0.29558634757995605
0.46348151564598083
0.422839879989624
0.6386319398880005
0.6405993700027466
0.5714288353919983
0.49912455677986145
0.46251729130744934
0.6251114010810852
0.5935938954353333
0.5670939683914185
0.44287773966789246
0.3333902955055237
0.39733999967575073
0.5588255524635315
0.4367837607860565
0.47944727540016174
0.2735315263271332
0.2628065049648285
0.5593248605728149
0.5656263828277588
0.5631945133209229
0.39010223746299744
0.24620553851127625
0.5534281134605408
0.6180897355079651
0.6078165769577026
0.2830962538719177
0.58265221118927
0.4403442144393921
0.2762397825717926
0.4973040819168091
0.5246307849884033
0.12666907906532288
0.5623582005500793
0.535336971282959
0.3322495222091675
0.5719373822212219
0.6301512718200684
0.5880112648010254
0.5829518437385559
0.5801899433135986
0.40934598445892334
0.52979975938797
0.5976093411445618
0.45069557428359985
0.509794294834137
0.4120211601257324
0.1362864077091217
0.4568347632884979
0.4842085540294647
0.5602567195892334
0.5648490190505981
0.5269960165023804
0.4389939308166504
0.17964527010917664
0.6108056902885437
0.35802072286605835
0.6230098009109497
0.48499810695648193
0.4077821671962738
0.4385175108909607
0.3971458077430725
0.5585256814956665
0.5647128820419312
0.5522539615631104
0.5509306192398071
0.633397102355957
0.5152838230133057
0.4322451651096344
0.5347564220428467
0.5026312470436096
0.622236430644989
0.33300015330314636
0.4489324688911438
0.22636857628822327
0.5121747255325317
0.4445725679397583
0.46489810943603516
0.511243999004364
0.5045274496078491
0.4751955270767212
0.4864549934864044
0.5960015058517456
0.17928507924079895
0.5985620617866516
0.45535895228385925
0.3348514437675476
0.48617714643478394
0.2677343487739563
0.3912942111492157
0.5819077491760254
0.46859538555145264
0.5934687852859497
0.09957405924797058
0.474681556224823
0.5244660377502441
0.44555628299713135
0.25619271397590637
0.5727822184562683
0.6483166217803955
0.5471155047416687
0.5455086827278137
0.43706172704696655
0.17563894391059875
0.4954363703727722
0.5547210574150085
0.5440780520439148
0.5760173201560974
0.608178436756134
0.49559658765792847
0.4215260148048401
0.5968015193939209
0.5427760481834412
0.5816076993942261
0.6192635297775269
0.5738928914070129
0.22371017932891846
0.5079675912857056
0.5522330403327942
0.26143431663513184
0.6093260049819946
0.5461291074752808
0.4815053343772888
0.6702075004577637
0.5312159061431885
0.5870376825332642
0.6497563123703003
0.5820149183273315
0.4155365824699402
0.389242023229599
0.5381497740745544
0.5690625309944153
0.3243566155433655
0.5842260718345642
0.6129449605941772
0.5710626244544983
0.4850705862045288
0.4577220678329468
0.6012881994247437
0.5998286008834839
0.5388393998146057
0.4221827983856201
0.10697272419929504
0.16610506176948547
0.5754406452178955
0.4849221110343933
0.3398876190185547
0.273980051279068
0.5455573797225952
0.6272954344749451
0.5013208389282227
0.44173330068588257
0.45134204626083374
0.41845569014549255
0.45792457461357117
0.5730859637260437
0.5599122643470764
0.13360384106636047
0.424765020608902
0.531228244304657
0.282907098531723
0.5256620645523071
0.37781646847724915
0.5512470006942749
0.18449446558952332
0.3243902325630188
0.23136809468269348
0.4477851688861847
0.28715771436691284
0.593119740486145
0.5849810838699341
0.483430415391922
0.43895423412323
0.5998530387878418
0.43005675077438354
0.35381436347961426
0.5853143930435181
0.5907413959503174
0.3880338668823242
0.29418790340423584
0.650579035282135
0.4867440462112427
0.5157160758972168
0.6777143478393555
0.5486695766448975
0.265352725982666
0.45828473567962646
0.4810165464878082
0.5483990907669067
0.4532245993614197
0.45224282145500183
0.4338088631629944
0.42809244990348816
0.5530271530151367
0.43370532989501953
0.5925897359848022
0.5067328810691833
0.425070583820343
0.4521661102771759
0.46305930614471436
0.4303939938545227
0.5815364122390747
0.4456326961517334
0.3614175617694855
0.43975210189819336
0.4742259979248047
0.09766736626625061
0.455033540725708
0.30145350098609924
0.2922658622264862
0.31386667490005493
0.39517247676849365
0.027136772871017456
0.5789785981178284
0.4381577968597412
0.5464717149734497
0.5558454990386963
0.3670056462287903
0.4380687475204468
0.3737770915031433
0.6244057416915894
0.516423761844635
0.5436472296714783
0.42303702235221863
0.482511043548584
0.3654415011405945
0.6148045659065247
0.2014169692993164
0.46784862875938416
0.5061829090118408
0.510715126991272
0.41160711646080017
0.6537418365478516
0.5986064076423645
0.3940955400466919
0.48559141159057617
0.1481405794620514
0.5369347333908081
0.2971121072769165
0.47222262620925903
0.5756851434707642
0.6362265348434448
0.5599913597106934
0.32790854573249817
0.5349680185317993
0.5298941135406494
0.6065806746482849
0.3413979411125183
0.4591614007949829
0.44203609228134155
0.5882734656333923
0.08842965960502625
0.18960371613502502
0.12480023503303528
0.5674190521240234
0.2193683683872223
0.5766127705574036
0.46680328249931335
0.4727689027786255
0.5601069927215576
0.47474268078804016
0.4516598582267761
0.5783635973930359
0.3673602342605591
0.550381064414978
0.19655665755271912
0.4049443006515503
0.2998511791229248
0.45926544070243835
0.40775254368782043
0.47331467270851135
0.5709065198898315
0.43984392285346985
0.5009073615074158
0.35551100969314575
0.5302153825759888
0.6291400194168091
0.5774407386779785
0.3543950915336609
0.4732491672039032
0.5525930523872375
0.449131578207016
0.43979567289352417
0.5158035755157471
0.38842493295669556
0.41139209270477295
0.40515053272247314
0.23153981566429138
0.5522218942642212
0.5698083639144897
0.5991652011871338
0.5204728245735168
0.5158261060714722
0.5921592712402344
0.2540438771247864
0.3471280634403229
0.5398455262184143
0.4861952066421509
0.3975948691368103
0.5942378044128418
0.5964509844779968
0.4525303244590759
0.27130448818206787
0.5876534581184387
0.39999401569366455
0.43234944343566895
0.11965104937553406
0.5873929262161255
0.5503849983215332
0.5872136950492859
0.4683152139186859
0.5726208090782166
0.2183162271976471
0.5443357825279236
0.47017765045166016
0.47090503573417664
0.387567400932312
0.31278932094573975
0.44204726815223694
0.5008668303489685
0.44554924964904785
0.6124838590621948
0.2525424361228943
0.44869446754455566
0.5651851892471313
0.02248212695121765
0.4416259825229645
0.393446683883667
0.5593909025192261
0.4648144543170929
0.3940224349498749
0.11862805485725403
0.5138179659843445
0.23930546641349792
0.5603659152984619
0.47986459732055664
0.5350857377052307
0.5352154970169067
0.46732768416404724
0.5338035225868225
0.3072511553764343
0.3481951951980591
0.4401947855949402
0.542921781539917
0.19526779651641846
0.43227577209472656
0.5593807101249695
0.49852967262268066
0.46181029081344604
0.5113001465797424
0.5702000260353088
0.4977031350135803
0.5371147394180298
0.4868292212486267
0.561190128326416
0.4434906542301178
0.5600917339324951
0.43622666597366333
0.5640973448753357
0.227699875831604
0.3932803273200989
0.3923124074935913
0.1612754464149475
0.5165645480155945
0.632174015045166
0.3481225073337555
0.6593750715255737
0.38751286268234253
0.46135270595550537
0.43378958106040955
0.5772616267204285
0.5756755471229553
0.43703609704971313
0.5621129870414734
0.5042946338653564
0.23646444082260132
0.3268510699272156
0.29965752363204956
0.5072900056838989
0.5674977898597717
0.47210898995399475
0.5109610557556152
0.5864593386650085
0.299870103597641
0.31086328625679016
0.5602493286132812
0.6397408843040466
0.5771251320838928
0.46366459131240845
0.3164682388305664
0.19273117184638977
0.5442533493041992
0.3711462914943695
0.4517351984977722
0.292040079832077
0.13412877917289734
0.5462684631347656
0.4944811463356018
0.5516839027404785
0.4445067346096039
0.5588269233703613
0.4713447391986847
0.17327123880386353
0.3532879948616028
0.5579825043678284
0.5974720120429993
0.38186317682266235
0.4427836835384369
0.18134191632270813
0.2604577839374542
0.5635586380958557
0.5954234600067139
0.5743333101272583
0.4594496488571167
0.42504942417144775
0.29758352041244507
0.2252081334590912
0.5250949859619141
0.6033161878585815
0.5615954995155334
0.6155430674552917
0.5393587946891785
0.13214632868766785
0.41559356451034546
0.46719127893447876
0.20834150910377502
0.3800765872001648
0.4044734835624695
0.4192102253437042
0.6041848063468933
0.6013234257698059
0.39421576261520386
0.5879062414169312
0.3225659430027008
0.5552669167518616
0.6149656772613525
0.6045999526977539
0.48277604579925537
0.42770811915397644
0.5882290005683899
0.5956312417984009
0.13127318024635315
0.4715520739555359
0.570899486541748
0.3780037462711334
0.44847458600997925
0.39867743849754333
0.09526804089546204
0.4623551070690155
0.6024407148361206
0.5693457126617432
0.49218663573265076
0.5614904761314392
0.4580268859863281
0.44228604435920715
0.5747872591018677
0.6509838104248047
0.573855996131897
0.4622119665145874
0.5259981751441956
0.49728187918663025
0.37136146426200867
0.6295424103736877
0.575693666934967
0.5882665514945984
0.543776273727417
0.553093433380127
0.5420317053794861
0.5579617023468018
0.5573304891586304
0.5092628598213196
0.6756266951560974
0.5983535051345825
0.22415876388549805
0.54151850938797
0.39993172883987427
0.41987812519073486
0.5612397789955139
0.6072340607643127
0.6086089611053467
0.3778265118598938
0.5461621880531311
0.5718386173248291
0.5020855665206909
0.5223522186279297
0.3936392068862915
0.5969563722610474
0.30784890055656433
0.4492153227329254
0.5271475315093994
0.4204106330871582
0.6082543134689331
0.45274093747138977
0.5657095313072205
0.5401164293289185
0.6030731201171875
0.45467859506607056
0.3191235363483429
0.5541245937347412
0.4826255440711975
0.37596771121025085
0.5848502516746521
0.3200454115867615
0.5775538086891174
0.3520507216453552
0.5854088068008423
0.5483744740486145
0.5686509013175964
0.46110063791275024
0.5635165572166443
0.594444990158081
0.486017107963562
0.4207153618335724
0.6192051768302917
0.5611227750778198
0.3468460440635681
0.4896285831928253
0.2966572642326355
0.5650184154510498
0.2870902717113495
0.43916040658950806
0.6281235218048096
0.5109274387359619
0.5508571863174438
0.40625885128974915
0.11235544085502625
0.5302678942680359
0.37205180525779724
0.12186118960380554
0.5882078409194946
0.3644285798072815
0.5067192316055298
0.39708980917930603
0.5573161840438843
0.5292062163352966
0.3465839624404907
0.2545212507247925
0.5923385620117188
0.3382686674594879
0.42976126074790955
0.5750921964645386
0.5928940176963806
0.5532545447349548
0.5948523283004761
0.3900059461593628
0.5421081781387329
0.10774138569831848
0.6163069009780884
0.6464724540710449
0.513449490070343
0.3512275218963623
0.12337636947631836
0.24466454982757568
0.09117814898490906
0.33071303367614746
0.23235324025154114
0.5646851658821106
0.42959946393966675
0.1448586881160736
0.26418083906173706
0.5872251987457275
0.5482350587844849
0.5984662771224976
0.47643905878067017
0.4964597225189209
0.586216926574707
0.5969523191452026
0.424407958984375
0.5722415447235107
0.5638731718063354
0.4778845012187958
0.05408105254173279
0.7349855899810791
0.11545553803443909
0.40946483612060547
0.42277729511260986
0.4902510941028595
0.4966828525066376
0.5829592347145081
0.43372905254364014
0.5463107228279114
0.47610366344451904
0.1529676914215088
0.6003894805908203
0.5540174245834351
0.5739989280700684
0.5004683136940002
0.4873715937137604
0.48978641629219055
0.4177214503288269
0.48807671666145325
0.5549318790435791
0.5642043352127075
0.5701975226402283
0.42094776034355164
0.5181742906570435
0.2459106147289276
0.36527740955352783
0.5249425172805786
0.10387247800827026
0.4427817761898041
0.23893305659294128
0.12041854858398438
0.4408523738384247
0.6273758411407471
0.6302544474601746
0.38433992862701416
0.26060792803764343
0.1463479995727539
0.6074002981185913
0.5464558005332947
0.42831870913505554
0.5943914651870728
0.1470118761062622
0.540004551410675
0.5811404585838318
0.5776267647743225
0.5488990545272827
0.5400605201721191
0.45281678438186646
0.3556095063686371
0.3812035620212555
0.42587730288505554
0.5831551551818848
0.3379443883895874
0.21525442600250244
0.563861608505249
0.4205465018749237
0.6341941952705383
0.34886857867240906
0.6412057280540466
0.2458546757698059
0.5474620461463928
0.4754139482975006
0.3872886896133423
0.5193207263946533
0.42005813121795654
0.41834205389022827
0.45713290572166443
0.4865742027759552
0.33144986629486084
0.5775817632675171
0.43019920587539673
0.4001578092575073
0.5121378302574158
0.5817262530326843
0.6168689131736755
0.5575101375579834
0.2116122543811798
0.2501773536205292
0.5545143485069275
0.12910044193267822
0.5592953562736511
0.5729808211326599
0.5431280732154846
0.5329834818840027
0.418704092502594
0.4328414499759674
0.7300311923027039
0.42624473571777344
0.29186755418777466
0.2900407314300537
0.39673805236816406
0.5743837356567383
0.441800057888031
0.6133041381835938
0.5704793334007263
0.5555723905563354
0.58700031042099
0.4587000608444214
0.11379647254943848
0.48876863718032837
0.27891772985458374
0.16699257493019104
0.3069661855697632
0.1558232307434082
0.5611439943313599
0.5646399855613708
0.38148850202560425
0.5233277082443237
0.5552290678024292
0.6075880527496338
0.6204100251197815
0.16817191243171692
0.5180622339248657
0.2701603174209595
0.5542846918106079
0.3543848991394043
0.5704196095466614
0.4771697521209717
0.5446662902832031
0.5994864106178284
0.5925846695899963
0.47699806094169617
0.6315838098526001
0.34096500277519226
0.5468458533287048
0.5984814167022705
0.6181217432022095
0.601194441318512
0.5129969716072083
0.4479109048843384
0.2116822898387909
0.4868340492248535
0.6084703207015991
0.4395335614681244
0.30803024768829346
0.6252813339233398
0.28250348567962646
0.47092941403388977
0.20497319102287292
0.43552762269973755
0.46559762954711914
0.37329068779945374
0.17765739560127258
0.059211134910583496
0.5614608526229858
0.09631326794624329
0.5237134695053101
0.3177908658981323
0.4494810700416565
0.5081186890602112
0.5695499181747437
0.10961320996284485
0.6049706339836121
0.5889140367507935
0.4742335081100464
0.4589275121688843
0.32701587677001953
0.251192182302475
0.6761044263839722
0.3824259638786316
0.35849010944366455
0.5422042012214661
0.48827773332595825
0.2899914085865021
0.643450915813446
0.4336722493171692
0.5875530242919922
0.45103928446769714
0.5682105422019958
0.5578709244728088
0.47296515107154846
0.1509682536125183
0.5261154770851135
0.4008669853210449
0.3299013078212738
0.44571948051452637
0.4908290207386017
0.5609897375106812
0.5931283831596375
0.5986990928649902
0.46396028995513916
0.12093058228492737
0.6094741225242615
0.5752145051956177
0.5439850091934204
0.28950440883636475
0.5582152009010315
0.5696378350257874
0.4826149046421051
0.4848606288433075
0.11599591374397278
0.5863397717475891
0.47535061836242676
0.5241417288780212
0.5933881998062134
0.477833092212677
0.5578852295875549
0.5236496329307556
0.4736005961894989
0.10029581189155579
0.5549349784851074
0.3468610346317291
0.5912066102027893
0.5507767796516418
0.6277338862419128
0.449798047542572
0.27744415402412415
0.4739760160446167
0.5745302438735962
0.5828202962875366
0.26967403292655945
0.5696781277656555
0.33402571082115173
0.5287514925003052
0.5656496286392212
0.38170164823532104
0.192686527967453
0.3880736827850342
0.4949847459793091
0.6814268231391907
0.20294058322906494
0.6154578924179077
0.5566828846931458
0.4451076090335846
0.5768065452575684
0.4317748546600342
0.23639890551567078
0.48326167464256287
0.28451716899871826
0.46582627296447754
0.4483931362628937
0.5969922542572021
0.515324592590332
0.5804145932197571
0.44768157601356506
0.38720861077308655
0.3120201826095581
0.5743362307548523
0.45252445340156555
0.5822455286979675
0.0945371687412262
0.6265069246292114
0.367443323135376
0.582309365272522
0.35757237672805786
0.3603213429450989
0.44960659742355347
0.30480700731277466
0.44156143069267273
0.3748205900192261
0.4602793753147125
0.1599840223789215
0.48338672518730164
0.5865168571472168
0.5703595280647278
0.367709755897522
0.4428626298904419
0.5660915970802307
0.549989640712738
0.38775187730789185
0.4111891984939575
0.5731533169746399
0.5622004866600037
0.5883844494819641
0.32550832629203796
0.19400006532669067
0.5455098748207092
0.628722071647644
0.5682691335678101
0.5880454182624817
0.5395813584327698
0.5959686636924744
0.45465514063835144
0.06441891193389893
0.2187958061695099
0.41213154792785645
0.19391772150993347
0.48721301555633545
0.4599592685699463
0.439605712890625
0.5473634600639343
0.16029730439186096
0.48710349202156067
0.24090951681137085
0.12375065684318542
0.6111358404159546
0.5367990732192993
0.1803915798664093
0.4799596071243286
0.3554312586784363
0.1297842562198639
0.53701251745224
0.11983677744865417
0.22174140810966492
0.2875741720199585
0.30257648229599
0.5684340000152588
0.5765633583068848
0.4927078187465668
0.56166011095047
0.47481417655944824
0.47957944869995117
0.5616428852081299
0.07271146774291992
0.601460337638855
0.5774924755096436
0.5782274603843689
0.5832825303077698
0.5989829301834106
0.6240271925926208
0.5355479717254639
0.5933680534362793
0.46012887358665466
0.4425446093082428
0.3289092779159546
0.14634764194488525
0.3904796242713928
0.5606787204742432
0.6033690571784973
0.5407624840736389
0.4805196523666382
0.581975519657135
0.37001165747642517
0.5643010139465332
0.4819546341896057
0.579508364200592
0.6242510676383972
0.4724958539009094
0.5613737106323242
0.12117394804954529
0.5228468179702759
0.24448904395103455
0.2778325080871582
0.39052480459213257
0.6192132234573364
0.5994882583618164
0.5396023988723755
0.5582020878791809
0.5080558657646179
0.5835986733436584
0.43775346875190735
0.5011180639266968
0.5791005492210388
0.5638914108276367
0.24821484088897705
0.4115425646305084
0.6017606258392334
0.5409716963768005
0.4532492458820343
0.4880198538303375
0.45995548367500305
0.15471330285072327
0.4340749979019165
0.5663341283798218
0.48983144760131836
0.4969266951084137
0.549126386642456
0.5961858630180359
0.48364904522895813
0.2627902328968048
0.4449387192726135
0.5516555905342102
0.4344256520271301
0.1690778136253357
0.40305331349372864
0.21236976981163025
0.3277231454849243
0.2812957763671875
0.10149919986724854
0.3232611417770386
0.39698418974876404
0.43662363290786743
0.35801059007644653
0.37745776772499084
0.2888423800468445
0.4349423050880432
0.5519255995750427
0.5571063756942749
0.2849891483783722
0.5576332807540894
0.4916912615299225
0.4987752139568329
0.598530650138855
0.26775380969047546
0.60761958360672
0.5028355121612549
0.41195887327194214
0.5996074676513672
0.5718982219696045
0.5897402763366699
0.28474611043930054
0.561344563961029
0.2719837725162506
0.3578639328479767
0.36822089552879333
0.5897421836853027
0.28298619389533997
0.5585072040557861
0.5599155426025391
0.5568527579307556
0.5722069144248962
0.7008336782455444
0.484294056892395
0.5723491907119751
0.39974522590637207
0.5298767685890198
0.5860298871994019
0.13628849387168884
0.2917386591434479
0.4209839105606079
0.18405354022979736
0.47169023752212524
0.5833467245101929
0.5662504434585571
0.4255984127521515
0.42360198497772217
0.43356046080589294
0.5686402320861816
0.6059613227844238
0.15360155701637268
0.5259920954704285
0.6204866766929626
0.5024192333221436
0.41524213552474976
0.4067179560661316
0.5738028883934021
0.4596717357635498
0.4429711401462555
0.5134961605072021
0.4954894483089447
0.5738622546195984
0.4950706362724304
0.5492448806762695
0.5800192356109619
0.1706751585006714
0.5685943961143494
0.29706263542175293
0.7363523244857788
0.4175798296928406
0.5431272983551025
0.4621178209781647
0.44037431478500366
0.1502661108970642
0.4625381827354431
0.565402090549469
0.6132997274398804
0.45435675978660583
0.4845554530620575
0.4299653470516205
0.5469841361045837
0.5397101044654846
0.4597460925579071
0.5944979786872864
0.5842878222465515
0.37107691168785095
0.47081151604652405
0.6858060359954834
0.18608540296554565
0.40841662883758545
0.41075342893600464
0.1935076117515564
0.5058162808418274
0.6066310405731201
0.1314607560634613
0.5679166316986084
0.5750621557235718
0.5179216265678406
0.5631687045097351
0.48155784606933594
0.6166562438011169
0.5753456950187683
0.6072105765342712
0.5860598087310791
0.3675289452075958
0.2673628330230713
0.2723489999771118
0.4258088767528534
0.6225793361663818
0.5329145789146423
0.4028671681880951
0.16103467345237732
0.6043156385421753
0.5976807475090027
0.08820059895515442
0.6643490195274353
0.5367258191108704
0.578768789768219
0.5557820200920105
0.29834580421447754
0.5476793050765991
0.5451655387878418
0.1009930670261383
0.4451531767845154
0.41817814111709595
0.4602902829647064
0.5784681439399719
0.1763049066066742
0.6087554097175598
0.28081801533699036
0.4183759093284607
0.5749250650405884
0.491012841463089
0.5207359194755554
0.6142326593399048
0.5784726738929749
0.35400211811065674
0.6049920916557312
0.6490800380706787
0.5382609963417053
0.10209700465202332
0.3521576523780823
0.574222207069397
0.5472632050514221
0.4870755076408386
0.5981695652008057
0.3822551369667053
0.5476261377334595
0.4610469341278076
0.5940369367599487
0.11354494094848633
0.5698851943016052
0.3794599175453186
0.523255467414856
0.5477504134178162
0.46046775579452515
0.5083641409873962
0.5649739503860474
0.5891212224960327
0.3744763731956482
0.18221092224121094
0.5564496517181396
0.5635398626327515
0.5547974705696106
0.34507134556770325
0.549985408782959
0.5718172788619995
0.22661787271499634
0.5697670578956604
0.5748506188392639
0.541644275188446
0.5072893500328064
0.10976877808570862
0.5409887433052063
0.6229982376098633
0.32768768072128296
0.4450461268424988
0.6580021381378174
0.18511545658111572
0.598509669303894
0.583279013633728
0.15941867232322693
0.570435106754303
0.4199942350387573
0.5643406510353088
0.4894922971725464
0.5788484811782837
0.3731716573238373
0.49834758043289185
0.5723897218704224
0.48364904522895813
0.5593629479408264
0.1388143002986908
0.5851603746414185
0.5545489192008972
0.14885184168815613
0.4709826111793518
0.5315394401550293
0.33419209718704224
0.46997204422950745
0.39675047993659973
0.5004675388336182
0.10819453001022339
0.5650182366371155
0.4061462879180908
0.3507286012172699
0.5745757222175598
0.5392499566078186
0.28054773807525635
0.5984482169151306
0.12887150049209595
0.3126070499420166
0.46176111698150635
0.5908615589141846
0.21592894196510315
0.5599285364151001
0.5951961874961853
0.5929601192474365
0.44830799102783203
0.29186272621154785
0.5610763430595398
0.489482045173645
0.4017415940761566
0.6025106906890869
0.5414047241210938
0.5235574245452881
0.555713951587677
0.47450992465019226
0.5074090957641602
0.2979041337966919
0.24057966470718384
0.3757966458797455
0.31768035888671875
0.4565315842628479
0.5684340000152588
0.1228385865688324
0.49218377470970154
0.4516764283180237
0.48840129375457764
0.5649633407592773
0.5474718809127808
0.3522583544254303
0.521817147731781
0.19861921668052673
0.3265362083911896
0.48051515221595764
0.2875872254371643
0.5721026659011841
0.18196168541908264
0.5678986310958862
0.5799987316131592
0.5809465646743774
0.3429313898086548
0.5228288769721985
0.5994427800178528
0.5197436809539795
0.5120655298233032
0.37638136744499207
0.5072562098503113
0.3682158589363098
0.4653632342815399
0.5571860671043396
0.5510894656181335
0.25056952238082886
0.4371352195739746
0.6524723768234253
0.5503324270248413
0.6128673553466797
0.4676932394504547
0.6205377578735352
0.42824941873550415
0.5694118738174438
0.4860105514526367
0.6372203826904297
0.5850716829299927
0.2943423390388489
0.5191630125045776
0.5082045197486877
0.14698097109794617
0.30770859122276306
0.4695642292499542
0.5956990122795105
0.6460621356964111
0.5291513800621033
0.5862712860107422
0.19801658391952515
0.5806189775466919
0.24419477581977844
0.37733393907546997
0.556629478931427
0.47770750522613525
0.4576491117477417
0.4209634065628052
0.4393119812011719
0.5763438940048218
0.41027218103408813
0.5677517056465149
0.20078083872795105
0.17416980862617493
0.5346412062644958
0.11191871762275696
0.48102325201034546
0.6196204423904419
0.45286229252815247
0.17796745896339417
0.46303874254226685
0.3893287181854248
0.30269989371299744
0.34093722701072693
0.41788798570632935
0.6078881621360779
0.4676707684993744
0.596118688583374
0.5813014507293701
0.1845543086528778
0.1893557608127594
0.4430011212825775
0.4820956587791443
0.5658482313156128
0.45363613963127136
0.2595849335193634
0.23686176538467407
0.5723533630371094
0.611068069934845
0.567303478717804
0.5684224367141724
0.5749849081039429
0.4325829744338989
0.5515300035476685
0.5581857562065125
0.56380695104599
0.38843393325805664
0.3622773289680481
0.3772757053375244
0.4646053910255432
0.4758736193180084
0.4525136947631836
0.49011126160621643
0.5959668159484863
0.2915116548538208
0.3832106292247772
0.6189432144165039
0.5740979909896851
0.6515682935714722
0.5113797187805176
0.5673825144767761
0.5611218810081482
0.49691784381866455
0.17590266466140747
0.42049500346183777
0.5152683258056641
0.35743409395217896
0.3480594754219055
0.6255630850791931
0.43786391615867615
0.3773881793022156
0.5562048554420471
0.0857408344745636
0.11174750328063965
0.4079117476940155
0.5496813058853149
0.5195422768592834
0.13173291087150574
0.5576961636543274
0.6417640447616577
0.5900211930274963
0.6139357686042786
0.35944271087646484
0.2500370144844055
0.364300012588501
0.5397103428840637
0.635040283203125
0.5098903775215149
0.6240812540054321
0.5787687301635742
0.5364050269126892
0.5684674382209778
0.24874190986156464
0.35249650478363037
0.434028685092926
0.3175249695777893
0.5402787327766418
0.5846151113510132
0.36011552810668945
0.488488107919693
0.6541928648948669
0.6508433222770691
0.40700310468673706
0.517482340335846
0.256273478269577
0.1919245421886444
0.5213518738746643
0.3807961642742157
0.4925648868083954
0.5375306606292725
0.5100154876708984
0.4539884328842163
0.5332858562469482
0.5345766544342041
0.46224531531333923
0.605713963508606
0.5440804958343506
0.6083207130432129
0.5281652808189392
0.5037659406661987
0.17584973573684692
0.5966851711273193
0.3981177806854248
0.4818170964717865
0.5660843849182129
0.6199238896369934
0.2974134683609009
0.15433451533317566
0.4472751021385193
0.6264035701751709
0.5569663047790527
0.5650417804718018
0.46000975370407104
0.3117082417011261
0.5376461744308472
0.18562301993370056
0.09755736589431763
0.6476160883903503
0.37024810910224915
0.27681419253349304
0.4828545153141022
0.4919407069683075
0.33898138999938965
0.5998814105987549
0.46589553356170654
0.36066192388534546
0.1945725977420807
0.39818987250328064
0.5957709550857544
0.4758601188659668
0.46527108550071716
0.34286564588546753
0.2581676244735718
0.46809643507003784
0.5615512132644653
0.5408073663711548
0.3451111316680908
0.49790844321250916
0.5792792439460754
0.5244387984275818
0.4372982978820801
0.5398160815238953
0.6170707941055298
0.4538802206516266
0.6330770254135132
0.4942641258239746
0.5716833472251892
0.6565757989883423
0.17297282814979553
0.29050832986831665
0.5858846306800842
0.5610029101371765
0.4430694580078125
0.6513100862503052
0.437013179063797
0.551956295967102
0.5697927474975586
0.5793198347091675
0.5821517109870911
0.4705987572669983
0.5824033617973328
0.5694496631622314
0.5643953084945679
0.6765711307525635
0.42376887798309326
0.43782877922058105
0.30992358922958374
0.5551857948303223
0.4875459671020508
0.6061559319496155
0.6347373723983765
0.6070016026496887
0.4131896495819092
0.5630843639373779
0.5011053681373596
0.3114126920700073
0.08254626393318176
0.598331093788147
0.6079592108726501
0.4717433750629425
0.4488931894302368
0.4868411719799042
0.2814478278160095
0.5685735940933228
0.3264189064502716
0.5924320816993713
0.39198240637779236
0.5515297651290894
0.5095652937889099
0.14057615399360657
0.5442981719970703
0.5750593543052673
0.23723652958869934
0.2139262855052948
0.29842695593833923
0.42051762342453003
0.5531858205795288
0.5466997623443604
0.49260473251342773
0.45245298743247986
0.6289260387420654
0.5503097772598267
0.5692890882492065
0.32257142663002014
0.5725690722465515
0.38249632716178894
0.5962268114089966
0.5010547637939453
0.5860318541526794
0.5363671183586121
0.5320080518722534
0.34054768085479736
0.5196428298950195
0.5278286337852478
0.6098558902740479
0.523914635181427
0.6062487363815308
0.579585611820221
0.28026139736175537
0.18491539359092712
0.5401787757873535
0.32115793228149414
0.5330458879470825
0.442841112613678
0.4147096574306488
0.5295239686965942
0.26219794154167175
0.573696494102478
0.43751060962677
0.39040517807006836
0.4462107717990875
0.5625199675559998
0.5620529651641846
0.4486556053161621
0.43561312556266785
0.3016025125980377
0.42367127537727356
0.5611552596092224
0.47968944907188416
0.5411285161972046
0.6384767293930054
0.11848852038383484
0.6399527192115784
0.5753969550132751
0.34208011627197266
0.5631717443466187
0.5587359666824341
0.4847414791584015
0.6009042263031006
0.5145728588104248
0.4573133885860443
0.2319163680076599
0.5735403299331665
0.5175284743309021
0.5592577457427979
0.6140738725662231
0.4938485026359558
0.3434039056301117
0.4601375460624695
0.5528225302696228
0.5668758749961853
0.4536208510398865
0.16091468930244446
0.6362879872322083
0.5277818441390991
0.5974981188774109
0.34467989206314087
0.5917292237281799
0.2249995470046997
0.48973581194877625
0.5651475787162781
0.16897115111351013
0.41594621539115906
0.5085533857345581
0.4036920368671417
0.4515328109264374
0.5602424740791321
0.5261091589927673
0.4855760931968689
0.4929562211036682
0.32181504368782043
0.3974774181842804
0.16374799609184265
0.544035017490387
0.49444061517715454
0.19397488236427307
0.5898250937461853
0.5184897184371948
0.5338636040687561
0.45552459359169006
0.6108056902885437
0.5596861839294434
0.47037121653556824
0.5688745975494385
0.48774731159210205
0.41335368156433105
0.38929229974746704
0.5600051879882812
0.5507874488830566
0.3277418911457062
0.436786413192749
0.4348539113998413
0.09083187580108643
0.5846239328384399
0.5828545093536377
0.4396325647830963
0.44829288125038147
0.5587698817253113
0.5822628736495972
0.47817230224609375
0.6356361508369446
0.20585554838180542
0.41904062032699585
0.43887701630592346
0.6006784439086914
0.5553644299507141
0.37622252106666565
0.47527649998664856
0.23225748538970947
0.5060177445411682
0.2963336110115051
0.5029118061065674
0.3478657007217407
0.4079926013946533
0.5374106168746948
0.1674651801586151
0.46708354353904724
0.5419665575027466
0.4722560942173004
0.5865325331687927
0.5728762745857239
0.19271203875541687
0.5770300030708313
0.5802520513534546
0.5593637228012085
0.20959264039993286
0.45825088024139404
0.1435861885547638
0.0738639235496521
0.24236109852790833
0.5512800216674805
0.5600206255912781
0.573989987373352
0.25929340720176697
0.5738127827644348
0.5041665434837341
0.5004764199256897
0.5875475406646729
0.5677648782730103
0.26342058181762695
0.43515545129776
0.5726416110992432
0.6327207088470459
0.3545672297477722
0.34609904885292053
0.4346199333667755
0.37170276045799255
0.5768370628356934
0.5702473521232605
0.5410484075546265
0.4627629518508911
0.3993608355522156
0.5463859438896179
0.5860422253608704
0.1868312954902649
0.5496393442153931
0.5123410820960999
0.23610690236091614
0.4814927279949188
0.4265173673629761
0.426713228225708
0.3978610634803772
0.5860260128974915
0.6104910969734192
0.6287134885787964
0.5634599924087524
0.14191070199012756
0.39909306168556213
0.525855302810669
0.5486635565757751
0.23453137278556824
0.4809570908546448
0.6090108156204224
0.429040789604187
0.5504032373428345
0.46312564611434937
0.5003780126571655
0.5158008933067322
0.43800491094589233
0.4952230155467987
0.14005497097969055
0.5660027265548706
0.21230921149253845
0.5880548357963562
0.5648857951164246
0.227699875831604
0.56228107213974
0.5544654726982117
0.5969551205635071
0.4645676016807556
0.5201866626739502
0.5847979784011841
0.12577956914901733
0.3145170211791992
0.4128669500350952
0.411903977394104
0.21654993295669556
0.5218530893325806
0.5666206479072571
0.5542759299278259
0.36277684569358826
0.49674949049949646
0.41817429661750793
0.5607185959815979
0.5164638757705688
0.3200802206993103
0.5965014100074768
0.28646165132522583
0.25532281398773193
0.44239112734794617
0.5744233131408691
0.592846155166626
0.4496856927871704
0.5555530190467834
0.5651230812072754
0.5861948132514954
0.618409276008606
0.6274826526641846
0.5363732576370239
0.48782819509506226
0.5040950775146484
0.39308008551597595
0.578544020652771
0.5508736371994019
0.5973458290100098
0.41238051652908325
0.11988973617553711
0.599473237991333
0.4662078022956848
0.37477898597717285
0.5278056859970093
0.5259426832199097
0.5939896106719971
0.4766520857810974
0.45481178164482117
0.44012847542762756
0.33811426162719727
0.5741699934005737
0.6014556288719177
0.33180558681488037
0.6047384738922119
0.3591212034225464
0.3723100423812866
0.5776850581169128
0.5997022390365601
0.385394811630249
0.10755187273025513
0.44417789578437805
0.24909614026546478
0.565230131149292
0.7048206329345703
0.5741105079650879
0.5236105918884277
0.5245848298072815
0.20093154907226562
0.6045188903808594
0.5776061415672302
0.5681174397468567
0.4844367504119873
0.48859792947769165
0.18800029158592224
0.5578088164329529
0.6000262498855591
0.20187604427337646
0.2692822515964508
0.23667699098587036
0.23968276381492615
0.12098398804664612
0.5815339088439941
0.5822463035583496
0.25652971863746643
0.5341315865516663
0.09309843182563782
0.49695858359336853
0.5872505307197571
0.5581378936767578
0.5334917902946472
0.26138836145401
0.5626409649848938
0.46706342697143555
0.5460492372512817
0.4006233513355255
0.5315507054328918
0.5426387786865234
0.5491782426834106
0.4316301941871643
0.5620080232620239
0.46816349029541016
0.5649950504302979
0.4713086485862732
0.3085632622241974
0.30034899711608887
0.6189680695533752
0.4911322295665741
0.6123322248458862
0.34178411960601807
0.46069666743278503
0.5804047584533691
0.4119141101837158
0.18285414576530457
0.5824834704399109
0.19991496205329895
0.5922428369522095
0.13701865077018738
0.6223252415657043
0.4438594579696655
0.3664402365684509
0.24901103973388672
0.47039690613746643
0.55838543176651
0.41999757289886475
0.21220099925994873
0.5547688007354736
0.36842048168182373
0.5689771771430969
0.5516131520271301
0.43163973093032837
0.580093264579773
0.5367229580879211
0.20320624113082886
0.5372666120529175
0.6332826614379883
0.4885364770889282
0.4581179916858673
0.5506848096847534
0.5640579462051392
0.49441176652908325
0.5839910507202148
0.540308952331543
0.36853116750717163
0.5112496614456177
0.49072539806365967
0.5363911390304565
0.5994548201560974
0.2258903980255127
0.5187708735466003
0.46178239583969116
0.511298418045044
0.2687522768974304
0.40960943698883057
0.5893562436103821
0.17128849029541016
0.4113961458206177
0.3382576107978821
0.4896252155303955
0.45966511964797974
0.36990755796432495
0.3773740828037262
0.575737476348877
0.2975499629974365
0.5847878456115723
0.5047529339790344
0.41900771856307983
0.5595582127571106
0.31893670558929443
0.6468784213066101
0.5744259357452393
0.4846855401992798
0.3639553189277649
0.40351834893226624
0.5534006357192993
0.5417751669883728
0.47560638189315796
0.5918217897415161
0.6814826130867004
0.32145559787750244
0.4566608667373657
0.1427226960659027
0.578060507774353
0.2904345393180847
0.22466015815734863
0.2339186668395996
0.32726845145225525
0.46003368496894836
0.5038578510284424
0.20890960097312927
0.5561698079109192
0.5851649641990662
0.597670316696167
0.30465951561927795
0.43372395634651184
0.4887925088405609
0.4860179126262665
0.4714743494987488
0.11931082606315613
0.5765300393104553
0.6819872260093689
0.6190688014030457
0.47625231742858887
0.4640626609325409
0.5744182467460632
0.444810688495636
0.20287775993347168
0.572715699672699
0.33618438243865967
0.5615577697753906
0.6522625088691711
0.5367417931556702
0.48471567034721375
0.5561743974685669
0.605218768119812
0.41979944705963135
0.5764629244804382
0.5043665766716003
0.4660349190235138
0.4347344636917114
0.5174944996833801
0.5558916330337524
0.48455381393432617
0.39537695050239563
0.27736401557922363
0.590520441532135
0.5865885019302368
0.17352750897407532
0.12783583998680115
0.5964014530181885
0.5838209390640259
0.562930703163147
0.6186190843582153
0.5894984006881714
0.6219912767410278
0.32116031646728516
0.4406926929950714
0.5956672430038452
0.44420525431632996
0.5326340198516846
0.4213311970233917
0.5800792574882507
0.21223166584968567
0.35865092277526855
0.393859326839447
0.611043393611908
0.33759307861328125
0.5938517451286316
0.16610363125801086
0.4837097227573395
0.48364904522895813
0.2722488343715668
0.5421646237373352
0.5795536637306213
0.26381516456604004
0.14623966813087463
0.5420726537704468
0.5864021182060242
0.4543401002883911
0.4306411147117615
0.5687233805656433
0.474967896938324
0.5929986834526062
0.22015374898910522
0.29335707426071167
0.39282864332199097
0.2889513373374939
0.510796308517456
0.5999085307121277
0.5915728807449341
0.3500041663646698
0.4911161959171295
0.45639869570732117
0.607239305973053
0.5784876346588135
0.5982417464256287
0.400656521320343
0.6033708453178406
0.23344391584396362
0.5506599545478821
0.049833089113235474
0.2676648199558258
0.5286605954170227
0.15396690368652344
0.2783081531524658
0.4440937638282776
0.4613102674484253
0.5998492240905762
0.49141690135002136
0.13412010669708252
0.48469844460487366
0.3149223327636719
0.5386623740196228
0.5008710622787476
0.358192503452301
0.18104135990142822
0.5922242403030396
0.4372451603412628
0.5491765141487122
0.40932533144950867
0.5956023931503296
0.5393291115760803
0.5675241947174072
0.40228310227394104
0.5819892287254333
0.5586203336715698
0.15464624762535095
0.4455680847167969
0.5773036479949951
0.6052367687225342
0.19008392095565796
0.5957121849060059
0.47485241293907166
0.58514004945755
0.4382544159889221
0.08824685215950012
0.33257055282592773
0.4921521246433258
0.3942561745643616
0.6071099042892456
0.2613711953163147
0.4443395137786865
0.5285120606422424
0.45233699679374695
0.5197480916976929
0.4423929452896118
0.5607922077178955
0.3105746805667877
0.5372017025947571
0.20163792371749878
0.4833310544490814
0.3335462212562561
0.47509777545928955
0.5656545162200928
0.579321026802063
0.4758325517177582
0.3466107249259949
0.31785082817077637
0.6311494708061218
0.5920551419258118
0.57600998878479
0.47536495327949524
0.5262360572814941
0.28329533338546753
0.4853312075138092
0.5592572093009949
0.5910091400146484
0.121832937002182
0.5747789144515991
0.3662393093109131
0.4547670781612396
0.6100707650184631
0.45426321029663086
0.26507240533828735
0.628185510635376
0.3753854036331177
0.5151644945144653
0.463226318359375
0.5573381781578064
0.39849284291267395
0.1415095031261444
0.4533660113811493
0.4384832978248596
0.6070858836174011
0.3649780750274658
0.21820959448814392
0.5521169304847717
0.3770940601825714
0.046877115964889526
0.3117295801639557
0.41711536049842834
0.5273429751396179
0.5107654929161072
0.3637416362762451
0.5589933395385742
0.5705992579460144
0.5449410080909729
0.5294363498687744
0.34432631731033325
0.47377389669418335
0.4783092439174652
0.6188716888427734
0.4596816897392273
0.3147047162055969
0.6017085909843445
0.3447331190109253
0.4135160446166992
0.5541053414344788
0.2776987850666046
0.6179304122924805
0.32151541113853455
0.5727242231369019
0.6186211705207825
0.47983917593955994
0.4824567139148712
0.30634695291519165
0.5496813058853149
0.5286314487457275
0.3130195736885071
0.37875989079475403
0.5387086272239685
0.5056647658348083
0.5568698644638062
0.4741445481777191
0.5515229105949402
0.30095139145851135
0.14854732155799866
0.5279538631439209
0.42320409417152405
0.41030341386795044
0.3920249938964844
0.43769165873527527
0.48782238364219666
0.47731128334999084
0.35459062457084656
0.15923544764518738
0.6257796883583069
0.545943558216095
0.11118707060813904
0.5792057514190674
0.5374219417572021
0.6365644335746765
0.5738075971603394
0.2789733409881592
0.5140442848205566
0.496177077293396
0.08634594082832336
0.4003119468688965
0.222082257270813
0.4398512542247772
0.5462050437927246
0.6929681897163391
0.3488916754722595
0.5643788576126099
0.4917609393596649
0.12823274731636047
0.5672942996025085
0.574066698551178
0.6180485486984253
0.5816676616668701
0.37828120589256287
0.5592663288116455
0.5435378551483154
0.5448600053787231
0.568800687789917
0.550398588180542
0.5481830835342407
0.47491878271102905
0.4674402177333832
0.5797529220581055
0.5482728481292725
0.22081509232521057
0.5317500829696655
0.37006473541259766
0.5856149792671204
0.5989328622817993
0.31087246537208557
0.29241690039634705
0.38114792108535767
0.6344180107116699
0.273252934217453
0.5557892322540283
0.4926891326904297
0.4974674582481384
0.35035282373428345
0.5052545666694641
0.5055238604545593
0.37087559700012207
0.3481729328632355
0.5930187702178955
0.6113720536231995
0.5989088416099548
0.4292982816696167
0.34450864791870117
0.38621360063552856
0.20820441842079163
0.5819597244262695
0.36511290073394775
0.47633346915245056
0.5206423401832581
0.5366357564926147
0.29494017362594604
0.590065598487854
0.6424956917762756
0.5380496382713318
0.18476524949073792
0.5468518733978271
0.17577585577964783
0.5963624119758606
0.5728803873062134
0.5284954905509949
0.41222450137138367
0.33621758222579956
0.42540085315704346
0.5809771418571472
0.10018214583396912
0.3397977948188782
0.5971760749816895
0.265533983707428
0.5441524982452393
0.5407112240791321
0.28250718116760254
0.45058473944664
0.20940113067626953
0.5637843012809753
0.4587399959564209
0.29415926337242126
0.5745010375976562
0.6308099031448364
0.44006067514419556
0.11798688769340515
0.5296609401702881
0.5385265946388245
0.4542523920536041
0.4158128499984741
0.5970069169998169
0.525122344493866
0.5582471489906311
0.5655900239944458
0.5872859954833984
0.48484325408935547
0.4260803461074829
0.4702558219432831
0.11107197403907776
0.6492723226547241
0.31419309973716736
0.5045838356018066
0.6032046675682068
0.40906471014022827
0.46990767121315
0.47448304295539856
0.10801881551742554
0.5809187293052673
0.39236217737197876
0.3267979323863983
0.34947311878204346
0.46267837285995483
0.5289849042892456
0.5972306132316589
0.2177003026008606
0.20671042799949646
0.516631007194519
0.4060631990432739
0.2657985985279083
0.35638198256492615
0.33318111300468445
0.4558846950531006
0.5665490031242371
0.6125126481056213
0.5189530253410339
0.5608586668968201
0.5966402292251587
0.5328912138938904
0.5534824728965759
0.22736600041389465
0.6274687051773071
0.39849311113357544
0.5031055808067322
0.5534054636955261
0.5991723537445068
0.1198137104511261
0.5851463079452515
0.6237971782684326
0.6003313660621643
0.17116710543632507
0.446967214345932
0.4411869943141937
0.3987874686717987
0.4840866029262543
0.18717524409294128
0.4248548746109009
0.41989392042160034
0.5594239234924316
0.581918478012085
0.45863306522369385
0.34281226992607117
0.41671836376190186
0.5850133299827576
0.42732441425323486
0.6282702684402466
0.5365160703659058
0.37129589915275574
0.47931987047195435
0.39240139722824097
0.4430444836616516
0.5625414252281189
0.44866275787353516
0.4921613037586212
0.6034306287765503
0.227699875831604
0.3481624126434326
0.11400935053825378
0.5610712170600891
0.5834411382675171
0.2977004945278168
0.28239667415618896
0.35702475905418396
0.5859540700912476
0.5936664938926697
0.3316267430782318
0.4819989800453186
0.36640578508377075
0.1937544345855713
0.39334622025489807
0.4680933952331543
0.6180417537689209
0.5692886710166931
0.5866069197654724
0.13879480957984924
0.387660950422287
0.3742073178291321
0.4143436551094055
0.591742992401123
0.6003968715667725
0.5537285804748535
0.182809978723526
0.550425112247467
0.31785082817077637
0.6179754137992859
0.5582811236381531
0.4141184389591217
0.36759093403816223
0.47940370440483093
0.4403906464576721
0.5503519177436829
0.41225600242614746
0.5453187227249146
0.6024789214134216
0.5850781202316284
0.5965848565101624
0.5606288909912109
0.5522319078445435
0.5744813680648804
0.6465939879417419
0.6037338972091675
0.227699875831604
0.4673261344432831
0.5796347260475159
0.6216063499450684
0.41472768783569336
0.622713565826416
0.44318094849586487
0.47393491864204407
0.5036603212356567
0.49380403757095337
0.045102059841156006
0.3402974605560303
0.5817994475364685
0.11264875531196594
0.5713750123977661
0.4483567476272583
0.25959721207618713
0.5042962431907654
0.5226102471351624
0.23243510723114014
0.5794727802276611
0.258633017539978
0.4433738887310028
0.5338409543037415
0.4522136151790619
0.5468410849571228
0.5951919555664062
0.5760552287101746
0.4547368884086609
0.3351975679397583
0.508655309677124
0.41105878353118896
0.549541175365448
0.3188480734825134
0.6147836446762085
0.39885401725769043
0.4437536597251892
0.27573859691619873
0.5599557757377625
0.43675360083580017
0.536042332649231
0.28162068128585815
0.4443715214729309
0.5248813629150391
0.5352641344070435
0.3311789035797119
0.5742674469947815
0.5822293758392334
0.4977132976055145
0.38705551624298096
0.5384401082992554
0.5001471638679504
0.520881175994873
0.5559505224227905
0.5114865899085999
0.5311092734336853
0.47597992420196533
0.5522114634513855
0.5478960275650024
0.6171852350234985
0.5819932222366333
0.41868552565574646
0.6258537173271179
0.16719147562980652
0.3781951069831848
0.15755265951156616
0.20811259746551514
0.5868679285049438
0.5613659024238586
0.4730488359928131
0.5641651153564453
0.3555246591567993
0.47304385900497437
0.6041935086250305
0.5679727792739868
0.5690776705741882
0.3054887354373932
0.5825104713439941
0.6328669786453247
0.6239946484565735
0.20360136032104492
0.18922725319862366
0.6449011564254761
0.4954923093318939
0.5755258798599243
0.4068431854248047
0.13518494367599487
0.20876020193099976
0.44139254093170166
0.5787615776062012
0.45094457268714905
0.21353870630264282
0.6220608353614807
0.5237817168235779
0.2778990566730499
0.634202241897583
0.6196475028991699
0.5661428570747375
0.13734570145606995
0.10192427039146423
0.42632973194122314
0.1919528841972351
0.5233923196792603
0.4792196750640869
0.4964955449104309
0.5921968817710876
0.5640931129455566
0.5889183282852173
0.5438358783721924
0.19154271483421326
0.5683293342590332
0.19819706678390503
0.28541749715805054
0.5398470759391785
0.5931001901626587
0.5677590370178223
0.5533152222633362
0.47789132595062256
0.4899604618549347
0.6328709125518799
0.6371333599090576
0.5772675275802612
0.5711930990219116
0.6111916899681091
0.4174058437347412
0.5060030221939087
0.5365170240402222
0.2761610746383667
0.2315661907196045
0.4557071030139923
0.4859299063682556
0.5641148090362549
0.3550485372543335
0.4674203395843506
0.5355446934700012
0.31923139095306396
0.5733557939529419
0.5721801519393921
0.4647256135940552
0.07007399201393127
0.5106050968170166
0.6294063925743103
0.4950251281261444
0.6205092668533325
0.5632180571556091
0.598289430141449
0.46505898237228394
0.31117886304855347
0.5007410645484924
0.6246510744094849
0.4505327045917511
0.5649886131286621
0.5718116760253906
0.4375334084033966
0.47618135809898376
0.5863582491874695
0.5070037841796875
0.47934985160827637
0.2680858075618744
0.4811237156391144
0.5566688179969788
0.5834418535232544
0.5354913473129272
0.3485276997089386
0.588100790977478
0.4715849459171295
0.6567032933235168
0.568101704120636
0.38399532437324524
0.5056753158569336
0.6192663908004761
0.45073482394218445
0.4786951541900635
0.4700392484664917
0.44276806712150574
0.21475180983543396
