0.7032933132462608
0.6865178229893119
0.6422815305780356
0.7060569004517607
0.5352331851706323
0.670454037363274
0.6579157007481115
0.6917726387918224
0.6969468078510811
0.6950471178885488
0.7131801952815596
0.6957429071626646
0.6996597170720699
0.6968540313084887
0.7038432069792854
0.6847150637331205
0.7010550234232032
0.6919004721696305
0.7071031948905866
0.6995275747079942
0.7013166657823301
0.696963876940274
0.6365992016781504
0.6914676298047361
0.7009565523331924
0.6891820901989152
0.7074308068021734
0.6950824763181778
0.6959038405883304
0.693819848539653
0.6958375761108211
0.7071335051222
0.7030432686154322
0.6974218756147971
0.6925987570427695
0.7025837355335569
0.6894742174459301
0.6594984120408413
0.6912095942992553
0.7062196512534075
0.6768043907596516
0.6784427771264239
0.7026270675957301
0.6888936554932299
0.7008734060876635
0.694225495862823
0.6957022373968844
0.6483588916543732
0.696918293085493
0.6980302163187824
0.6906884438021371
0.7078587689545931
0.7051235662923716
0.701265787924535
0.7124742323934491
0.6953900851375552
0.6907307256920057
0.7067214921307299
0.6794503785943958
0.6960942286569479
0.7037345729314871
0.7005058849374338
0.7041289714176305
0.6884055884128144
0.692570215073282
0.6934797619332386
0.6926215459810547
0.698016681650294
0.7003078467521605
0.7013363938768581
0.6786936308084017
0.70547529829044
0.6942031034791651
0.7102314668834917
0.6807997045361209
0.6963126093934744
0.7066613413697873
0.6980196368789996
0.7019881603016471
0.6947916224299917
0.6914432147932048
0.7044407012167538
0.6936362395993726
0.6899403823559457
0.6987176985656146
0.6970873110444419
0.7073138637465769
0.7019580201572292
0.7029971028814996
0.6969796534376861
0.6429196427701269
0.6953162721729677
0.706883246563966
0.708278565577227
0.7056444278426508
0.7088520286956641
0.7041742204926255
0.6777717389438388
0.7019480604585977
0.6961066892402897
