0.6937943333750686
0.6942485857043681
0.666003119513921
0.6835555280389665
0.6998460678558879
0.6938211077869959
0.6299564054045904
0.6491778845677089
0.5764220933436345
0.6822760475228182
0.7013968594902185
0.6988471248294034
0.7003478516416473
0.6967148545834347
0.7010362884101026
0.7059164304405101
0.7005160000695373
0.6983671681878493
0.7114018032112156
0.6948108463621041
0.702290918799602
0.7031189946073679
0.6947201874926291
0.6988439165231215
0.7062201673722441
0.7028106245625252
0.7082618478023288
0.6964667369291123
0.7015044360937216
0.6903341272244118
0.696398688952148
0.7068870307711891
0.7031717323873363
0.6964822822690531
0.6956547604421235
0.6938751229112665
0.7146487468107104
0.6928526596120834
0.7087870515261411
0.6993117380942077
0.6868745727590994
0.7006316943838923
0.7039913251144552
0.6938551975357931
0.699438680711145
0.7045477510387791
0.698368284120469
0.7067180108195037
0.7058310755442552
0.7012089165096805
0.7040451456520059
0.7054229769924671
0.7115943952467572
0.6994811785135313
0.7099377673671252
0.6883674374663757
0.7064700466059164
0.6936007609130111
0.698069702398891
0.7122525212044082
0.6961058463126145
0.7076208169558459
0.6846725473824934
0.6829902171816676
0.685679101981448
0.6605946145733494
0.7120082687498523
0.5936487486062183
0.7033611858623847
0.661779697153549
0.691805091814429
0.6987142551163879
0.6988214882702007
0.69854615182364
0.6923559639812328
0.7008008139724189
0.69892191622777
0.6928890689065403
0.6657322986089966
0.6965710149436072
0.6791730414400667
0.7105393606642345
0.705181371602076
0.6975457142445397
0.6876880703290696
0.7088567734020349
0.6957021005912195
0.6734648408380343
0.6998482279826019
0.6973365107548581
0.7052754626565542
0.7024509574864353
0.7017135551894996
0.6957569180952533
0.6860525747382337
0.698305387368187
0.7050658187720352
0.6785258603027028
0.6990993096595775
0.6982002426025626
