0.6916273616100989
0.6817411630835295
0.6603595413742575
0.6636314737500638
0.6826769901566817
0.6866883235444554
0.6873012196448135
0.6795645066176096
0.6272340161498586
0.5154513086684361
0.693022299995426
0.7109754910448837
0.6935889858311357
0.7052193571513582
0.6769815935632476
0.6971562178909759
0.7103215565224333
0.7146846856758536
0.6925172361721582
0.7095838333948695
0.6978416615680403
0.7039536882941165
0.697581362313531
0.7070843336365755
0.693653604308031
0.7045255639070138
0.7118635880856988
0.704964089557322
0.6915472336625255
0.6998329078219218
0.6467691400224548
0.7051574487965394
0.7030834322260601
0.7080882086866921
0.7011727881911153
0.6991442565351811
0.6807496509726505
0.7039747395658938
0.6960357836787241
0.7024417032166385
0.6919081183008128
0.6995893395857616
0.696810093454322
0.69207513754473
0.6924776763607873
0.7023112533858848
0.6653411542620818
0.7129352002458357
0.7056906739891843
0.6768637630349029
0.7072893822699852
0.703216672588124
0.7005925251489383
0.6738383395003986
0.710781520035462
0.699378334661994
0.6951023658243884
0.7046444326511249
0.707201036275762
0.6994982077454627
0.6972200073893539
0.6931124806097556
0.6936390234527116
0.7014526269290602
0.6946000772733589
0.7143094712670864
0.7019682648172261
0.7005103666025442
0.6998015600789902
0.6983919239573769
0.7020955336465835
0.7021087873391934
0.7031180500501149
0.7110269016621293
0.6987626288027182
0.7059980828317515
0.7000555609899218
0.6809442058539608
0.69715807711443
0.7047834340153385
0.6874516812384849
0.6970177725003354
0.69242254331116
0.6996200058127005
0.7006001951929623
0.7067440558897544
0.7081335633767386
0.6993902771337625
0.7010579228552778
0.7045967663863659
0.7035059083740116
0.7069842484297396
0.7085134686879827
0.6923410383824434
0.6960796099396288
0.7026326293241977
0.6958192110482785
0.6996972363209361
0.6924385410023592
0.6970352069547825
