0.35915329234683885
nan
0.3531928138474854
0.3494033069801746
0.3702211425488032
0.3340749555208692
0.33945384577943566
0.38526814243856705
0.3492067762491393
0.1675883050229073
0.3233666911665454
0.3656130870398985
0.3369435452575373
0.3795798118125437
0.3507469153177915
0.3938866502775582
0.3816817043215732
0.38255963731128584
0.1863682680285445
0.334720797256326
0.3742657897414994
0.35046830453154615
0.37882444677802535
0.3828291641304144
0.3582154294724344
0.3580396505984021
0.3782368805904335
0.36763976243214896
0.31619395994242827
0.30690173300032175
0.34311349923404705
0.3889495749137552
0.3882643252763738
0.3802651172951111
0.34540240477081
0.32898591133688876
0.3852102771261974
0.4138697487915958
0.3995117055432528
0.36861982117048286
0.3658017454502761
0.36066517799890174
0.38280643883694904
0.3661244975915724
0.3775784375330952
0.3701215842225236
0.34904188558896776
0.3633087712521685
0.37422181302173424
0.3687735009838652
0.3675844510737309
0.30343340801394664
0.3491345823970761
0.2519548134588601
0.3652309038472616
0.34258295402511807
0.3196537395533168
0.35754780213197423
0.3325273429319936
0.37274033652112937
0.3766429713001132
0.3556971195882453
0.3321916869953935
0.3770419979252878
0.217580538377042
0.36379228319456886
0.326674186513308
0.3839333004887794
0.3695224362797958
0.3767612882732649
0.34603868720117864
0.34556853668483073
nan
0.36282749633478195
0.37772291111157585
0.3769841622795531
0.3756346783291678
0.341241549184928
0.33786691778352773
0.34114579290107105
0.33455924785913815
0.3530323904017577
0.386108026732474
0.3676625397448457
0.3391210873850583
0.3497888207570077
0.35351511537909364
0.3427000962999077
0.3487095844590447
0.357674842148116
0.3375499573700141
0.34703686877233975
0.38012414456017274
0.3847870635115343
0.3561787560309504
0.34082335972837885
0.34355798619682293
0.3071331126392346
0.35252195062688274
0.3465343972598525
