0.3325921143375199
0.37048627396758416
0.3378794522883439
0.34015692524478847
0.35719717596652484
0.33580280980626537
0.3686348514630655
0.12676155616930576
0.322171846377589
0.34898698581411663
nan
0.34690510017796994
0.2732601116067202
0.3138665725098312
0.34142246946606536
0.3462148423318051
0.31669157213942295
nan
0.3653760250182106
0.3595938275822956
0.3649291197736986
0.3603672222632807
0.33329452024713185
0.10751013976526974
0.37687926939652583
0.3053293627143586
0.38293381628477136
0.3446259776899083
0.39018792612961495
0.35279009878072826
0.40786530843840607
0.37771628886845127
0.38768758966934896
0.3648901790451694
0.3770422784673886
0.3619128923002252
0.3457753477558758
0.3195117999096942
0.32068231932746494
0.3276180106583898
0.31105453348580125
0.3439472543413686
0.36713259945475346
0.3039221355095527
0.37755469368183164
0.3756901927480642
0.3720036663196663
0.37279555931949887
0.35125526852298106
0.33973794421407805
0.3743471205407897
0.3767592659713913
0.3250346674106842
0.3732097095790453
0.35572644179446555
0.399609991813905
0.37493376467799644
0.3381946306508721
0.309309093387673
0.34756673909190533
0.32319237624190233
0.35468099222036725
0.3330571644298185
0.33571402965816627
0.36978699038567575
0.3744403190771485
0.4049028674780145
0.3323102800783918
0.36206182144050025
0.3402735117830022
0.3806417921029913
0.3032385224780055
0.35966658370897264
0.2863661705101393
0.34276671991020913
0.36161633008023136
0.3601303377407151
0.32007788381353225
0.39806072815450927
0.33789376786630543
0.36124648152696925
0.39393377678438035
0.35758192921618315
0.3924867251733932
0.3618668821504804
0.3642763765481261
0.3872792127704619
0.37724057573248576
0.3382490651942321
0.3278895353449118
0.35335317818054973
0.35498645012872404
0.36426129511619953
0.35153162398066695
0.3595910587256528
0.37354780464868076
0.354362632618292
0.3712839992399196
0.3612995610979296
0.3488173197049426
