0.38281764212946184
0.3633887518026657
0.3743207280349182
0.33265697627717283
0.35762682004090207
0.3423229959052442
0.3600948138991068
0.3733393745465079
0.3446642703881594
0.35144914739981853
0.3595213660148358
0.3660528042759161
0.3522414527825553
0.3778491350754608
0.3506558994275862
0.37376289178916494
0.3479352915846113
0.3481738256387938
0.34471593607487666
0.33172793650575794
0.3061219626563128
0.32372935769506955
0.2901651596477085
0.19934919497407758
0.35820327242918976
0.38845703725682207
0.3738661053389125
nan
0.38556876630735076
0.37904045037397405
0.20771072965234277
0.3348102041557535
0.3536651163916875
0.3356721433374639
0.3403125114233748
0.35628445477574916
0.35706721643984496
0.3331264447577313
0.40522140381562016
0.37362185683591403
0.37649763847457113
0.35363895953318986
0.3473996061920002
0.34111612788005663
0.3527644721288218
0.3568710400011124
0.3816576679316711
0.3827231475325469
0.36588249013646384
0.36458707761055115
0.36261135111632514
0.3822583330876221
0.36910797247791866
0.3595841660399676
0.3747299296996138
nan
0.35115653227333665
0.3561972652474236
0.4104531289862149
0.38093717608611594
0.37332771000150217
0.3482676132935873
0.37367157843179694
0.3693544007191253
0.37226175910587866
0.39311490216024153
0.38775056643001116
0.39478740939616236
0.3750343271947882
0.36614494239909257
0.3722575763649928
0.2980836183512868
0.3134953689841694
0.3793781330607052
0.33171527045941335
0.34548880054927067
0.3717502275690875
0.3887794617760963
0.37720734945277246
0.36890231123238854
0.3540162898905717
0.36528353342397335
0.3647397771088078
0.3503942130189226
0.3579361661309275
0.35424404307740054
0.385173644573243
0.38068974634357033
0.3875123858468893
0.35710798343552147
0.353849333726197
0.37320293471704713
0.3357517332379827
0.3443563970942206
0.384232527873918
0.34261325455798747
0.3206032596335373
0.3483788388540458
0.3435303941370228
0.3843114108323153
