0.3450456656627403
nan
0.36025776405812604
0.3604926455780139
0.36469211742744606
0.34033542813048206
0.3338026348970021
0.3701082366680806
0.35353586380712915
0.17810705701732704
0.3081682306015481
0.3598791376401879
0.3241140520328844
0.3525578093819528
0.35256682289400265
0.38821838537895254
0.3714824143287037
0.3550828888164733
0.1515488289751754
0.3379228703169762
0.3736702234593973
0.3468623301796156
0.368624482978616
0.3709035465548341
0.3496597590664666
0.35258926830636217
0.3625971533620505
0.3634638054912379
0.3252308438494167
0.3091794375273757
0.32896838793425376
0.3635813935307905
0.3680204009357441
0.37843136082440787
0.3507890401938131
0.3321992312534636
0.3621775832129055
0.4075528400206771
0.37545271910706396
0.3715399711997673
0.36203902255708
0.33469302849910526
0.36788107442595364
0.35726704541287224
0.3528605573455103
0.3595054009052573
0.32449066740513693
0.3659015186619025
0.3546627884607371
0.3514388967390558
0.34609559253694183
0.2890617997314859
0.3515845268160969
0.23586246099336397
0.343023222076648
0.3342524268218438
0.3288992843418714
0.3397998605615579
0.32548245633284806
0.3638918589458417
0.35788927230353074
0.33584805410204505
0.3308373072562809
0.34771183896235525
0.20000382337864087
0.3703326907916755
0.2913519976461185
0.3729318813252728
0.35392485870951684
0.38330625695914583
0.35100418624614077
0.35094804325932033
nan
0.3490781813477977
0.36444209556378815
0.37399335492079305
0.36325696600883856
0.35097184364407946
0.31970886002607873
0.34814130630120216
0.338498321203925
0.3459717009301387
0.3700374246322379
0.3653343743448821
0.33255529443535536
0.345624415612923
0.3437606805331206
0.3386854841306076
0.3345043338644925
0.3444190792956655
0.34639409884776995
0.3502071090040834
0.3622836834429827
0.36551788473727004
0.3551086922039102
0.33649679132226207
0.34358435738563514
0.30939681312258976
0.3498166413056092
0.34425365483922077
