-2.1032948701249996
0.1383614017702687
0.3168144356367675
-1.88945528605926
0.5261716411010094
0.4307214176313444
1.0189917012176566
-1.6210513106540652
1.034737187042534
-1.3377401363491903
0.4223474523902234
0.4716281915991154
0.667173450139158
-1.5301788491295314
0.4047314968246259
-1.5564299049992003
-0.0416963621784939
0.797117491530344
0.0474230181080245
-1.854179461227953
0.6320142378277565
0.7215732513634682
-1.9253849448437472
0.3878216639876448
-0.7318462814909604
-1.2586685457317743
-0.7757887205082729
0.0069331546088258
0.6628017600130222
-1.7128454529056436
0.9302314821182076
0.1194215944426585
-1.3484498436141683
0.0124966869833045
1.157651986868579
1.1743149559437445
0.2854995871252447
0.9505735747915858
-1.95205345946755
1.1146417489103793
0.4156450146848665
-0.5506554318945905
0.9830035497610072
0.3538381148807984
0.1542735500968919
0.2576796568311616
-0.5507873994074695
-1.2404425174492664
0.9779309446383584
0.5748038805617118
1.1279735051803466
-0.1177129141597486
-1.4566326696165144
-1.841577266697869
0.2537368645274862
1.4288193906249946
0.2613978929126755
-0.7880100292295411
1.2685286581041215
0.2859319937231352
0.4333704179543404
1.0356228446757187
0.8990260301978703
1.122697439729489
-0.0379493838235148
0.4576440671021162
-1.5150684348943524
-0.1845814010226238
0.2822513734386642
1.1507496155823564
-0.8113341257173183
0.8839479329102318
1.054414286524199
-0.4172995147015612
-1.6668813491423276
0.6501172684856097
-0.1308788041529257
1.0648254312019385
1.138450376888849
-1.5001350578724515
0.7691692645470112
-0.9331291665299464
-0.8495593354857442
0.8370319239276314
0.3367103612992688
-1.6609634407337566
-0.6367543735339662
-1.9638591935606808
0.8015596517218732
0.7423026982022292
0.781008064139994
0.5394636482504965
0.6784012012399204
0.9171858211625384
-1.4105232924919466
0.0536604057698749
0.8642583712329294
0.7723322081461796
0.7038334004489321
-1.3453876391762398
1.0141601872427704
0.4652469051554077
-0.2686800501406071
0.0529931527082963
0.9451833094365372
0.6333398512910547
1.010829070037955
-0.6326662280244963
1.1321570808986503
0.9165924370113548
-1.6098625864069338
1.0065529934586206
0.0381400248961414
-1.6760528133351595
-0.506786528941067
0.9898354885464664
-0.9444857044309074
0.3613452591238167
-1.3693078051474448
1.3276151633504698
0.6148206525812727
-0.7423196279940636
-0.5235917071233747
0.035002969723675
1.1767663131283128
0.717702307717715
-1.4596060544689526
-1.4155169840645958
-1.3125071230151235
0.0883001372198635
1.250327438128055
0.5503107355848321
-0.5124860068326778
0.8915825484863715
-1.3708259720732672
1.087470282285286
-1.3100782673758211
0.815569892568567
1.1962610877893445
0.7946469855177996
-1.604354359368359
0.0840596000946182
1.4899060003442006
0.5484714661148272
-0.7139242964434017
0.3220353641163481
-0.5265590776343028
1.0150198542708897
0.0013545723049005
0.8278505964589914
1.2077784314176745
0.9190110717754862
-0.2426454578156834
1.02468617802919
-0.5191448050728994
-1.2058164276549477
1.2729867258537315
0.9970491476020192
0.7886522689383758
0.9357780425908748
-1.6622792779349576
0.2505604335271987
-1.4531543964443627
-1.712777483349387
-1.2347482622525514
1.1142354853771077
-0.9409591674346114
-0.3810157243049356
-1.6712565835351672
0.350125979020804
0.5561067549266941
0.6439570463467835
0.8349214508750461
-0.2682925964225385
-1.4343723827369423
-0.0027509349112191
-1.7553923990640192
0.5292408337189641
-1.0244940037695922
-0.4806441154655528
1.119715315460054
1.30024379768241
-1.829109911548703
0.540728032813766
-1.7203741077809902
1.1488054146053714
0.9069012479894852
-1.7867506538031068
-0.2195513707323858
-1.136428669802683
0.5462870678883961
-1.4925520119449018
-0.8704707462302981
1.0194390061547698
-2.0622761874466216
-1.0777605355083013
0.9394647317833452
-0.2739280996676386
0.9727440298569432
0.4287103582263546
-0.9979217854554014
0.5045398017887123
0.6323670441894944
1.098695025331166
0.5517840700996828
-0.4656409208979722
1.1956308779546705
1.1891401648879638
-1.470632265549689
-1.6049293455819058
-0.54330750286765
-0.0487798460088152
0.297952350222117
0.1253108331468076
0.4545236211983172
-2.08798448654047
-0.736265340333457
0.8881378430065952
0.5492781163117652
0.2749686009673842
-1.0906665536414093
0.3127038382102897
0.4244990559038913
1.021942094142345
-1.2294158221863123
1.32323305103957
0.4014133944050884
0.2351614679166763
0.908752201354004
1.0415938592975331
-0.4304508565223067
0.8787336424586236
1.2017782874992562
1.273108848397711
-0.6179494783529669
0.0677932016736473
0.5856477848270044
-0.2280526071920023
0.1335514680190065
-0.1349524689844611
1.049189221656682
-0.7265204568976411
0.5068219060596548
1.1419529444363317
-1.5421404776804424
-1.6321045529402225
1.4976791230818156
0.8057367355010692
0.6204815247457076
-0.2597885467316365
1.1691284386153415
1.453958049808601
0.8315079494789314
0.4926712876361983
-1.6717114752376458
-1.3564555657541033
-0.2965377657566716
1.2855862294039684
0.4839383448315489
0.8450669848121473
-0.2736921189094652
1.447771830769912
0.25000487048317
-1.665702193390469
-0.99887086413264
-0.4037113094612432
1.0885060020393964
-1.3901258098733995
0.5132351676700749
1.4201520595493593
-1.1949371370531645
0.765002641381323
1.389560253276945
-1.4307773951608518
0.1772611118049402
-0.4932439986382955
1.2434970831525065
0.3830364204307429
1.087281452721498
-0.0103433276377768
-0.5995378319244394
-0.743850013626002
0.794063513606966
1.0103009494667696
-0.1557117388234192
-1.600362904590345
0.262920967013784
-0.6089561032396278
0.7551931285223196
-0.7993673970309426
-0.3679418888860791
1.256963461369256
0.7705922392795734
-0.432030069984304
-0.900543111577095
0.8716641409450321
-1.4152789336432137
1.1036805639071805
-2.2126378663464563
0.7138456833825492
7.057480148498489e-05
0.5007081252239162
-0.8439785107863821
0.2144619662888306
-1.2729241498399877
0.8518327186740728
1.2929835092947262
1.281012486220484
0.0768413526175231
-0.9704289493161224
0.1627551078066215
1.1618967465507213
-1.1618725817571585
-1.4532795149288802
-1.405152804884544
0.7780784225917985
0.7123649549636066
-0.3654490041033511
-1.9811835056607416
-0.284274582968738
0.8264672834539173
1.2297717165277462
-0.0336500027536859
0.8867675802065493
-2.13904463720137
0.0977815761527894
-0.6517609216820714
-0.3006593406459716
0.6063380954848644
0.9269411298394686
0.8749571992075255
-1.0283215258774876
0.4549156222864539
-0.5197308032837268
-0.0249526020779344
-1.4985807484611169
0.7059335705773032
-2.045718201755519
0.0055708524832303
0.0994727055634752
0.0265507295109201
0.5934319790111099
0.3391571556602138
0.4434346593630277
0.1976214992178439
1.5271197909400485
-2.0254263774434462
0.3831214836191038
-0.5902402275115388
-1.4508460583213751
-1.7502261659091385
1.0610513376798416
-1.998504274238171
-2.0213764171079824
0.5922233351649816
-1.8525076052845133
0.4485831970496582
-0.1528140276129187
-0.9920986573938912
0.6527386856906259
-0.1916902337742824
1.7459143932144414
0.8495156566644396
-1.4775620239410323
-0.1969856899249822
0.576003914125575
0.7439958319070071
1.0742285366520778
-0.4192903222660413
1.466774935000491
1.6852639780677316
-1.0840182669755012
1.6263744375605569
1.103125352721808
1.0451658756546702
-0.357173673202127
0.7507781587837473
1.1126081595184818
-0.4564819903617447
-0.0773000713612533
-0.9434272124111802
0.6366047480780804
-1.994775206407422
0.4255067708756708
-1.9132938947034288
-0.2887687082376087
1.1048945339503802
0.8004536533359133
-1.4419744202670437
-0.7992796760750178
-0.3825564460764291
-0.2028391062662393
1.390912240685905
-1.424746423628919
-1.755159613358407
1.422883500544933
0.1915082381211117
0.0445833188441688
-1.220166187036639
-1.398956313373006
-0.6900271829366883
-1.9930713598030756
-1.6031502837122034
0.4213646517668224
0.8737017059873282
-0.4718042703942102
0.2183133701914514
0.127133292553025
0.0396981600136552
-1.2233571140387656
-2.013181324768453
-1.743612093445042
0.4436466570963531
-1.851000567031577
0.6924442085817079
0.3161044704968159
-0.0652271071895717
1.1001636385196567
0.6734267584954782
0.4200057240322447
-0.3455531676174501
1.5082305390426416
-1.102991527349202
-2.3773904951768396
0.4873023212387598
0.8696431497156707
0.3622821385905694
-1.1309392668484826
1.3620247239526513
0.8832535786484177
1.103913052607412
0.3288301199008226
0.9566366080716644
0.1937801968005209
1.2734751635884205
-0.2673909122708564
1.0731563303042064
0.931404335104558
-0.4375577006949389
-0.550440896186144
0.7769160096424292
-1.747032392160934
1.927926001724796
0.162894339277977
-0.351927352273157
0.8676607090217907
0.6303664988131595
0.4794045502458942
-0.0566478549870395
-0.6097340001729042
-0.784437541086897
-0.7643913038673029
-1.6834983769078296
-0.2650779612276008
-0.6687287081130208
0.980003796652253
-1.3202217709164947
0.9846729993194324
1.4562088924166208
-0.8508727007112568
-0.6986911626749948
0.0635425287887323
-0.0775988689055072
-1.6246465712764648
-0.3139582597668729
1.2250138180164476
0.6353358441197996
0.850824883766897
-1.425373332917892
0.9023100692623556
1.0618090299487657
0.1604561468655318
-0.3609710511604473
-0.8228039452400582
0.301323305082619
-0.1857021102381944
-0.1225468122191956
1.1253487546016412
0.9730723215230064
-0.6210986648739887
-0.0202035176868999
-0.4826861072058772
0.4642039140042243
-0.7847000503221324
-1.7025924737868363
-0.2326313979344447
-0.947875493920877
0.0658563482471831
-1.5298544921786768
0.4832459901978984
0.8170042257880243
1.397043412815354
-1.7059904773222994
-0.3410676123328881
-0.6273107949013202
0.1079788305684815
0.8197099532041137
1.224903377955478
-0.8152164560578872
-1.1075869967916545
0.3626926141794191
-0.4891132266607718
-0.3649706733399184
0.3724432929434432
1.005814234068361
-0.0355121243501991
-0.7268954158846294
0.878516069927416
-0.889161689716453
-1.1981947697981394
-1.9123773605472456
-0.7612654698786632
-1.924733608000719
-0.6358703781707091
-1.675485173484585
-0.575497658725448
-0.2407306836427976
1.055160263847346
-0.4154173525270908
0.4412264127371099
0.3484150078263457
-0.1661986232558494
0.1336708419628926
-0.2139319632836707
-2.005326612742047
-0.2249834771810108
0.5499339368333276
-1.5062877509150987
-0.1512087752228886
0.7606241292669706
-0.7581692057202764
0.3717206750973016
-0.8326352397559854
0.7924499659676221
-1.982502205208071
1.069344684650409
-1.1919021455836392
-1.05643498715552
0.0836800365628333
-0.0602010449750717
-1.0626779865673766
0.3736087926809964
-0.5821611424062646
-0.3491288637974566
-0.9601054620545284
-0.2858543198840828
1.400932036150737
0.1379755088020398
0.9505673892018336
-1.8306920241342448
-1.7349447132340097
0.7111696990188854
-1.89983885471528
1.5086586378580042
0.3965420897360552
-0.1140062769627224
-1.3034315185643586
-0.3619680543780078
1.2538817694830906
-1.768356066582708
0.8882645106447304
0.379097552718659
-1.4572023968530825
0.8150952512520749
0.7875819083632364
-0.4231685997254811
-1.162754392628537
0.2449724140721343
-1.526511429541263
-1.3245170634155026
-1.164968847636562
-0.040989789159299
-0.413624663047925
-0.5409524288107751
-0.2650318727809106
1.0512575036316354
-0.9415341792967534
0.1550564153793539
-0.2823507274518116
0.3167589877919273
0.2765212106087815
-1.6281239676260677
0.0494561340028425
-0.9185904642733294
0.3504724531861826
0.4072531153658499
-0.0421634606527333
0.9152820510755536
-0.8635492741990292
0.8870344086002515
-0.5207294279846709
-1.910721039072074
1.089533814059538
1.040914856044313
0.5455019182141979
-0.3991343329270508
0.8163723078583557
1.0126957713864826
-1.8205125148849124
-1.8955006673003787
0.0749687009030229
-1.7901466366305163
0.52862301127024
-0.690966871885414
0.5451377294467323
-0.1114452190395038
-0.400452551435136
-0.0984319745757541
-2.013181324768453
-0.5668151441863656
-2.0327105289803784
0.3399343306514672
-2.047751472878548
0.1293072663527973
0.5239666828785379
0.6518189921097391
-1.9943106794897516
-0.2381464322626491
-0.2611835097390074
0.8988218349942947
1.0285930775455978
1.6118431791498005
-1.1521482789028024
0.9612441840722242
-1.2687100814587815
-1.115333888791213
0.1495740014015105
0.3826515644576064
0.8504002658886394
0.156467258502538
0.5403116475631176
0.3277443407918708
-0.3321170894453067
1.1620387315100615
0.4099215143683487
-1.070988645947982
-1.3824629861993192
-1.7649175307235598
-0.1802646979662792
-1.4473298533705288
0.3564195079753403
-0.8086914441341777
1.6862946468842648
0.2424300058542751
-1.7034234038232112
-1.999684513891064
1.3967438337249198
0.1109134801795908
-1.5872111352936524
0.611734092972691
1.473323603473081
-0.2898687510107723
1.0905035820411368
1.3223574095765396
1.3299484959982368
-1.9568267362849423
-0.1151376139265998
-0.8790951404741926
1.2340069826562532
-1.5122377122526325
-0.4069107946245784
0.2512647440755565
-1.166632528976329
-2.021218607449535
0.489992592461713
-1.0048566456887724
0.3134200342821757
0.4906588941179401
-1.1211447010794744
0.7318112169683781
0.6389584355203579
-1.4155803011839774
1.3600742157053636
1.1109189030072304
-0.0018624044930034
0.3398273765747813
-0.5023574521091054
1.2340019423228952
-0.5374910171952774
0.8015602006837568
-0.8441457015991112
-0.2338431650636815
1.28827585510517
1.036791715324001
-0.2059414735453116
0.3032037065616157
-1.359955145821792
-0.4837567345558354
-1.4082165464683114
-0.6475643324685485
-1.0319844925066983
0.1818906618385517
-0.6852693499147969
-0.1932301806425902
-1.2549114083644606
-0.3218929051870253
-1.2003491370790538
0.5816244193282267
-1.5448528662498633
-1.4867105921289725
-0.554286605680672
0.4478944477020418
-0.3656177018754696
-1.2790917142723632
-0.7414465441338614
0.6414036889332859
-1.128692348228059
-0.5323996750691387
-1.6738197775439958
-0.8486684508399539
-1.197628733747408
0.8949942711605038
-1.1136823590073992
-0.8908342679218166
0.0298820624927498
-0.4757210506911392
-1.0776921427441692
-0.6934048776300594
1.264452924823022
-1.3870541961011944
-0.7317952904291524
-1.91611434932784
-0.1763178639438791
0.3003498441604228
0.4629313005376434
1.723843177932172
-0.0085526359255655
0.4948613231990163
0.3932810168563878
-0.2168149556302609
0.5711400041230142
0.6658286471907532
-0.0773578477208925
-1.1342843683323214
-0.1755544590645759
0.5286048143321042
0.8154093544732127
1.3561289425224357
0.0280824209549198
-0.2957597711154441
1.4582747141670265
0.7684477661939717
0.1114437970838616
0.1137244480884155
0.1988402081987506
-1.166945250955643
0.0748527470455012
-0.9649301951139831
-0.5332968769135912
-0.8276803110190282
0.8594520635047531
0.4326525979312258
0.5129978840180661
0.7209551534025318
0.9324089357313028
0.6031731300249389
-0.4783025111289885
1.065098353233302
0.1332554070031253
-1.1479293518045628
0.5038859620190145
-1.7168593364922933
-0.0849279873417433
-1.4449529655235016
-0.2331637069026609
-0.2323209137125339
0.9452852165480012
-1.8030752329166315
-0.182207099159115
0.9607178109881565
-0.1016528554240558
1.5788682362443835
-0.3029931298818886
1.6904111298488538
0.4603077569489334
0.06393930028891
0.8466796371838878
1.1258793550384558
0.8460023405387976
-1.8070128593571757
0.3739888529300743
0.6946327432583856
1.1472703392309516
0.7342900288725964
0.3566319404299095
0.1276528590345433
0.9336000511199184
1.6327863442902435
-1.3557173966891285
-0.7410112287014479
-2.0106329818745836
1.33574323208128
-1.099835619318919
-0.4671441516206561
-1.4580630242210852
1.1070611579106688
-0.9256326303446974
-1.2579512299662792
-1.1743929455824194
-0.6271099881896195
0.8910103085667821
-1.372486648347133
-0.5166870017931451
-0.2184895752231017
-2.051410924674775
-0.9055601984690568
0.4036234413967778
-0.0384857376927636
-0.3637762702263831
-1.818436808657339
1.136690240630695
0.2772599756035445
-1.9574948706658384
0.0666070369184806
1.0346300018925312
0.3002703193567725
-2.0099721160526274
0.6046769745555484
0.7602079010208257
0.1476636393423155
0.5299382921473391
-1.3542690440323288
1.1748971014747986
0.5086352784512495
1.2142651119368777
0.0356156780626974
-1.6290506694588809
0.941565533509181
1.1868555439510668
0.5658989230087361
-0.74138929911073
0.1126684298714208
-1.2716522155979266
0.5309856655292646
-0.9191905296602384
-1.3837833017461287
-1.4992916584099998
-1.5682981589461955
0.5674497472297576
1.6376147015717406
-0.2888489234977304
-0.7195771694531298
0.2608429865801164
0.243249564011635
0.9615414918148124
0.0289551232515924
-2.015867352083915
-1.4897148197879424
0.9789052119003396
-1.708189452319134
-0.1419382640299958
0.6350559876137651
1.322016726755855
0.57772446445058
-0.3852274796469471
-2.013181324768453
-1.6306134327383153
1.1762977828662176
0.1779248896337904
1.2257469958438385
1.536635944924307
-0.1210490738872513
-0.247563727933888
1.0100825922816974
-0.2219261188588523
1.2348490172611424
0.7745675230300745
-1.995306103025348
-0.3526784198865525
-1.034111484836208
0.0054802396115277
0.7527193136772287
0.8220348651451467
-0.6863976739119328
1.3081594780664862
-1.720504055464412
0.604014281280303
-0.4520655473143848
0.6003658286602981
-1.883499329606681
0.8701329509430015
0.9082638803608208
-0.1502626160313644
1.1632400967945573
-0.7078929834188149
0.6748834466787673
1.0904042939660412
0.4180120527182652
1.0299090528601027
-1.6449441794204305
-1.326600935386451
-0.0092188335924149
0.5340551005248823
-0.3904273825885585
1.051997502325406
0.6862159003511541
-0.5485913297479922
0.3396415030266336
-0.5541037470603478
0.0945518982596513
-0.5095391111705632
0.2393304083555466
-0.0221105784901744
-0.1878709485242662
-0.8447808746956139
-0.4088362499796483
-1.4290084622661032
-0.8137922721732052
0.0001881333942844
-0.2344465114344518
-0.7695347239620616
0.6431904342425295
-0.0644739317857756
0.7738485289144503
-1.7315854572047045
-1.3440823916853606
0.4995549356112285
1.0242621217549168
0.27004206452801
-1.4328252427427066
0.8544373876639587
-0.3513223397883757
-0.4867810324113643
0.9103422493205988
-0.8592646017843852
-0.739113495895304
0.6185641252086115
-0.0430576527807278
0.6204252909695075
0.024215647575835
-1.4317554750524284
0.1739526998932833
1.2255364518706495
0.868032059983168
-1.6065668849199763
-1.7005592599629773
-0.0567520795881238
-0.1791123246675288
0.1155178494121915
0.2903283588528836
0.9042935791007908
1.1843862989250111
1.2003274137654674
-1.2979809929710528
-1.772430222872686
-0.0462959266059238
1.9583673402794972
0.2281275731162262
0.930447458648918
0.8515717793561347
-0.4623797606217716
-1.1926071909335934
-1.302526152800768
0.3289520489773454
0.5509350976813073
0.5318199123420136
-1.2651910966815951
-0.5635029414928544
-0.312326909589162
0.634177748164571
-0.6539655606858565
0.9771224235055777
-0.1506476591898129
1.3779724351664075
0.6194451492397478
1.9880044422861487
-0.3201829597598555
0.4691165655869458
-1.0897209907165897
-0.5913164891011888
-0.9095989832798834
-0.4766087895686136
-0.2969549122276229
0.3746537822412508
0.3658869930829081
-0.7241583255346303
0.8566582144665009
0.7178163498635527
0.7208678108529573
-0.1258494679289337
1.4407257599540686
-0.8761295037471613
0.231544242053777
-1.348622862817724
-0.1216455955856085
0.2836501182950345
1.176641378849692
-1.421459554980601
-1.6682908452543392
0.2378807882448403
-1.4673548224943749
0.6637524449179248
1.6515134529307909
1.7719020169884006
-0.190131917566088
1.5106545331659604
-1.5993172304920509
-0.2422857358283452
-1.0092576807467917
1.1022974469786904
0.6555154451871771
-1.893083378336339
0.8905555193326465
-0.8759451118728875
-0.6954989224213689
0.1033466107102307
-0.4473005809189089
-0.8841993889608359
0.7544167992432055
-0.7034560820788075
-0.0176872750672762
-1.0573649925241777
0.1259756941725786
1.049301981758198
-0.0534288084035967
1.3077305744378764
0.1338933810431214
0.561630285639494
1.5580544379498975
-2.0117054940761983
0.966044788874121
0.1124688600005481
0.3204315254834541
-0.6549885801802839
0.6907329460636312
1.1010030292950568
0.9914962518518602
0.228257571962796
0.0682093317533285
0.6488834266169596
1.266775483789418
0.8327358241952625
0.4333856256815515
0.7269122572729547
-1.0170301798710792
-1.326514078247917
0.9126014942244922
0.9824376174325352
1.266216522359359
0.7846114032032103
0.2314356270986429
0.1388868516181516
-1.283975270803824
1.1543655847770722
0.1416901331349364
1.7223727499804724
0.8146332174792267
0.6725780952676573
1.1543226405256186
-0.1665335648187848
0.3774296719534261
1.2381220069608134
-0.7561579912458125
-1.160753403258713
-0.5759152540995005
0.9141215630705468
1.0882258218955496
1.1758503043305413
1.2219515454867411
1.420343050428302
-0.6316626798967979
1.2391976101092894
0.1984490810470459
0.8226016219656351
0.1157776757158089
0.4038269220709275
-0.4898674135496226
0.4782678238448652
-1.3133494720761247
0.1243451734461209
-0.3672175739080464
-1.8871226718390872
0.3907203737795253
1.2650809264522271
0.4454894799092623
1.597202493535161
1.6645804911922797
-0.4398885815276473
0.8331056432435835
0.2057418284693463
-0.1476225989104325
-1.458603078505301
0.533187298801939
-0.4251485656471319
0.0261858524183713
1.7260652627323236
-0.8282846345972725
1.3682545425340238
-1.0781174396431072
-0.4464235882057112
-0.4928749924262419
0.0557336843017008
-1.0901561768618675
-0.4735574123555276
0.6977665402249791
-0.6560182965836087
1.434559680753688
1.503856717772033
1.6408482563962816
0.6188831506669417
0.3445959587850339
0.1058360370506274
1.4359331785407312
-0.967166709242636
0.6839850332761549
1.321293316330779
-0.8567423015213776
-0.0273274644325371
0.9454738322818056
-1.7200063925559723
1.0730554453198813
1.6598272594270262
0.933941088354652
0.4986767039568434
-0.3978262074531986
0.1101221322443604
0.2846146201414826
0.5988096741150168
-1.4545041434756063
0.0481646469440747
0.0514261218257813
0.738809477458985
1.3892429433461155
-0.6927066548671079
0.9985530213777116
-0.6732957405859351
0.9451994363279967
-0.1040131354846412
1.403806840311706
-0.5748771981460513
-0.5211415825135253
0.5624162078167251
-0.4088643915668548
-1.059724123306064
1.2919317453674155
-0.207897080067181
0.0225817886332389
-0.9989156077215092
1.8242050319750749
0.7317929126675603
-1.3643020074294974
-0.3069961010820537
0.7285167450215158
-0.7670725929661341
1.0580940909002623
0.7925423487085934
1.639660799612374
0.8495356450378505
-0.5977760772078256
0.6276803985765586
0.6338136302766599
1.69422145770003
1.1667819669441724
0.6832442010786823
0.3803200229899884
-1.0842710116896983
0.9314741174306568
0.6560235798189001
0.5189863063926787
1.1415284188494212
1.040132678873399
0.6768606545877066
-1.5058137774059368
-0.817407793173725
-1.0535036015194537
0.1598844083590387
-0.3946210979582031
-0.2024902666479897
0.5107288919375871
0.555865985176395
0.4561722415222546
-1.1983498525944565
-0.1820096918282997
0.945546912734671
0.2475964211335726
-1.2578717491041558
-0.038305087069042
-1.552702239580586
0.7284844352448904
0.8713356417364707
-0.6987937253867482
0.5739754457392298
-0.6447878259324831
-0.7517374227662429
-1.695017471963262
0.648484168875964
1.3708794301008638
0.6733579748666152
0.3650493724167495
1.1727399490342143
-0.3102355545820502
0.8816115097290106
-1.0095308064487474
0.7380852769114186
-0.2149298934580384
1.5603884682277265
0.9778744433269992
0.8527963414045953
-0.3981544496028884
-0.7313620834019123
0.3112594595364252
0.6264418731379477
-0.5286712756386064
0.2977713137439777
0.3659553332253741
-0.0980369804366512
-0.3601828566692254
0.7781960268310651
-1.2191372339032018
0.417342232454406
1.1284876726713573
-0.7072034305763273
1.454628621821769
0.9722679212904888
0.8186189139887794
0.4060839603325807
0.0445923633835469
0.654766442036704
1.0590720898536483
-1.9172849115172277
1.4004830132595392
0.1813930973223163
0.6323242731962323
0.762335607803207
0.0465274165685136
1.389915600575211
-1.2097986927862892
0.8353594568702856
-0.1830091862351921
-1.5737578026863654
0.78578935154095
1.3882311613418583
-0.1227108544655647
0.7830224543598939
0.4034521858576638
-1.8712594730770564
-0.8887421802036003
0.6214783532866148
-1.4267742591872916
-0.5511698396988837
-0.3160939506314287
0.920211963415407
-1.322871201467126
-0.3341920772647544
-1.4285609610773744
-2.0107978853494353
-0.7794956023617311
-1.0855861699018794
0.7372790228318818
-0.4356660382046721
-0.0372153133750846
-1.0934996306746798
-0.9973245476099406
-1.4010813373060125
-1.2318935167606502
1.5627353631241307
0.9773668961275228
0.6596216188846695
0.5658418872659623
-1.3506192253466427
-1.061026732472347
0.4756374118767943
1.692111931564235
-0.4398266626995316
0.471645340857894
0.8914490639211134
-0.2365915789013533
0.7875580320152246
1.6625300027908154
0.6000757260809512
0.7936073484497421
0.278391680614891
1.0733793641873588
0.1182469860381429
-0.9211469283505704
-1.692947468572937
0.0251781616473212
-1.4876668075870922
-0.7826623270700898
1.607688099041212
0.2556914766971368
0.931470519278478
0.4632407464729185
0.417403368965639
0.5301899473728162
0.5786898301245571
-0.9598902029807976
0.1121192784670978
-1.2748933643725249
0.7858979273719706
1.4539916106840085
-1.0194869718562314
1.8867851609424025
-1.837367959773253
-0.1276301549816914
1.0319121063441188
-0.9361246185956494
-0.1982441708427362
0.9350756335623532
0.3923783463300728
0.9528771224496162
0.7265855593774695
0.8987660670262605
-0.9569136486327064
-0.527425697023343
-0.4847119100215475
-0.7342227808705425
-0.8117643346220617
-0.0313570128133612
1.1204131754597848
-0.8346405037651774
0.3674358335018198
-1.789923972259348
-1.2365155444049498
-0.1373048779239268
-1.195115667637402
-2.000511849169197
-0.0010276156727008
-1.404940093836451
0.4200038852886814
0.5554869196959218
-0.7899350145743768
1.629389345719085
0.4638004282282421
1.0848876875263398
0.440254539902562
-1.3072506854017247
-1.0766264340675529
-0.5581799226348108
-1.0252711366661853
-0.3837877722156877
-0.6228764597231617
-0.857743205704197
-0.6108997604710551
0.3249272632140063
-0.5884864311713016
-1.0053220545787878
-1.803422118377008
-0.2489447638548815
-0.3600892199340485
0.8236409469579997
1.2152000256380409
0.4779843736451432
0.2967713208860981
-0.9912235251071464
1.739513417506314
-0.2982152954119685
-2.013181324768453
-1.1913602721667278
-0.3959783064093218
0.2285063120521592
0.0196937625232145
0.6414659280985315
0.6535061952529536
-0.0130813806995534
0.4433573383401099
0.2374572213784351
0.7793914095516988
0.1501389423836685
-0.6200976861598352
1.540574980191144
-0.587160406974162
-0.2675944705613842
-1.9951198636637255
-1.8458101470596704
-0.2178318916481563
-1.4215832680051317
0.2501174316796085
0.706181547366565
-1.2247849515679718
0.5096728936434722
-0.3462783963974046
-2.013000467966598
-0.5421581157047445
-0.214007524033952
-1.8183367150216172
-0.1485471113662214
-0.9963894088861274
1.50743599311777
0.5977941055818669
1.4596810510614244
-1.9306189795486504
0.5576949808206105
1.2451532422788074
0.9363480893890834
1.4188858845068366
0.0048404081353586
0.2576863019195455
-1.671011689108324
0.5776732637270209
-1.6908715392275302
0.4430129782294766
1.6245049155483904
-0.3528437951553353
0.0808080640817239
-0.3136338793095276
0.9431109754358016
0.8924929510359415
1.5187746843449672
-1.7004946086095978
0.2788780948248592
1.5548279468378796
0.8143054910746986
1.7861831078103156
0.6388294760867218
1.225813080227364
-1.9266463268241267
0.4302736750855907
-0.0951604665347326
-1.1818389365177893
1.471670579009242
0.1467219367497132
0.1544234624786842
0.8797258207257512
-0.8963368199149941
-0.5432975622531326
0.8830890538380615
-0.0681210302880098
0.0024523076502527
-1.91119618342894
0.169580626973681
1.3466516877030084
0.0995484900836886
-1.0473390060939878
0.1101571056082917
0.7109798668215361
1.2644610662517055
-2.005705677432933
-2.037187166566696
0.4739552120549601
-1.3934492635242282
1.144452301274861
0.2157347108215604
-1.6576534288424
-0.3155129996658868
1.052199061057274
-0.9957321913529128
1.199726891525721
0.532588218740623
1.2419069570175023
-1.3159463603671473
-0.1068697899421226
0.8134727124786802
0.7397084122968265
-0.8467027264717399
-0.635667031455623
0.6901308728182751
0.4209932302433591
-1.6837316689779984
-0.1268924598629795
1.186345118006984
0.415379692985429
0.7116748925130073
0.3926368669926014
-0.6713869883140694
-0.2322619957786441
1.1381305871067342
-0.2621152505241731
-1.5298557290311183
-0.6305724470390051
0.4450839232990359
0.4891803057533224
-0.4169655324328086
-0.9136072194168824
-1.9426009896316967
-1.5664429316745097
0.8924835276803353
-0.2600947555400444
0.3431199074394755
0.3050194815687997
0.9259012623268866
-0.5723312763899423
-0.0222143635822428
0.8959318691068618
0.2144949757281379
1.3459775597861408
-0.2672589316802378
0.3850364792964273
-0.1475495784679483
0.9668550517761458
0.5203182907408124
-0.8998026702399096
-0.3639154794155385
-1.2507825182295618
1.520309242078826
1.59550114454625
1.3410142208921734
-0.6963466935762349
0.9120703425051236
-0.902222704067252
0.8856488738856663
1.2461181708722422
0.1401784690325643
-0.0087183937438583
0.2823301873378739
0.7541514725080888
1.02785344677438
0.7390855854203917
0.1705114595215809
0.6259771114795672
-0.7946266046716111
-1.445702040718066
1.8492733832782189
0.6500514065805406
-0.1730754400982681
-0.133003662064524
0.9895880522301044
1.0667220379146685
1.2177709812989388
0.7492592414777767
0.0085643028900864
-0.2852317502686809
-0.546130503264816
1.2033288925679082
0.0435669805367293
0.5764259559446429
-0.4108135173704172
0.011913939147315
-0.1623768513907333
-0.0708914871794095
-0.5304672175897134
-1.3236087250239943
-0.4986227027256031
-0.0468045943952424
0.5298481234563601
-0.1709480596356304
0.5329857905928338
-1.146820650760313
0.2303636618964266
0.5188140272326348
0.6874772033232944
1.320203250414138
1.0404689450382043
-0.5798323191129735
0.7552644744614726
0.7634391242015584
0.9418220035303536
-0.7885150247077055
-0.3452138804369121
-0.0443403880996065
-1.8916175474306536
-2.0118498585889824
-0.5115516284693432
0.2519948622439973
-0.739642707436828
0.1079061644372339
-0.5642599758757595
-1.5806027612441698
1.5094798741249884
-0.1843334518214796
1.0903605976702837
0.6312723857890348
-1.0350041886612384
1.1694894771660376
1.1046106705566414
1.2772862690258413
-1.1202504785774838
0.9991485790148672
0.6947757389465127
-0.3887003702464215
-1.641013313674852
0.2321600972465682
-0.2906953800374566
-0.4877181132829632
-1.431486006597816
1.3106014514158375
-1.054460181532893
0.3027916436530478
1.5062109016729468
-0.592259300877763
-0.2032182073030332
1.7550139301931489
1.8362264848728749
-1.6127840858716642
0.117546067113086
0.0631807717734952
-1.33902807508469
-1.6290882732966296
-0.8203147390599658
0.7500347522803793
0.8327437603806149
0.4317245731198376
0.7283110288757841
1.3513912791661815
0.4798743703977803
-2.002780172127742
-1.201774983931564
0.7564123549567779
0.2339907410419436
-0.0088342146900305
-1.7422761736422492
-0.3922637664378604
-0.9130074293251113
0.4205311561203416
1.4260623539123765
1.173938801050446
-0.7715870129843466
0.0423803005325909
0.6432671860807068
-0.0853217173335002
0.5558605714762198
-0.0117845586854046
-1.7643114825332995
-0.5360477209490445
-1.251731254123254
-0.5782424576657577
0.6525432342920124
1.4279946904584555
-1.9722880604842616
0.5367476425267892
-0.6162487967424571
0.9461284087514562
-0.6102635931445973
-0.1264942046336231
-0.5475322926704512
-0.0586596401238272
-0.1585948874605223
1.278040595501134
1.190030317897324
0.3696988759953728
-0.8732681505918557
-0.3236147364804326
-0.4453238199389444
0.1896786066218824
0.9484546324266798
0.8049908493160922
1.3217391613340612
-0.7526937807867128
0.3940051328690025
0.9511843434952304
-0.5302188341486047
0.5871833176463792
0.6190419209301941
0.131856034037422
1.2370263643672978
-0.6357431503310641
1.1781722670573795
-1.822376862800136
0.3343929293069465
0.3873880654785017
-1.5251979576982375
0.2828226118225785
-1.0060020935264695
-1.0150235292259475
1.1083755940216875
-0.3419186938758337
-0.7414085428616072
-1.6634433663735444
1.2470103559579009
-1.3164032873163958
-0.3349877092741588
0.5094530605149681
1.0659572898037175
1.1895918312953242
1.6909083392693929
0.4543960468493097
1.329510309625926
-1.5434795666929728
0.1115877210532022
1.3228583004431975
-0.2787751893903724
1.4214788253690027
0.2872365538011643
0.8849768648873783
1.7932394813418435
0.1456698896024044
-1.2903480974339672
0.6437236313881635
-1.9636670139091543
0.424315039572784
0.3896580458698816
0.5801268274423442
1.0186897536244397
0.8712832467480444
-1.9866858738049191
0.458054723858301
-0.6818159828707956
-0.9430161839526704
1.3165372302849645
-0.9728785494485956
0.00240095404245
0.8721030517452888
-1.6314999300055837
-1.88586136073432
1.349351438703697
-1.6560103356398232
-1.9671206726605304
0.5305861016616398
0.6276522559261402
0.737416085833163
0.6854679168215705
1.1814740103504464
-0.0756104266146934
1.738221766411229
0.4749435299253465
0.0183286094527071
-0.4551575298018512
-1.0299666009519717
-2.0440841879406215
-0.9322273107443818
0.0673579589130571
-0.9621483900466165
-0.80160457888748
-1.0356001164060429
0.4858308029141312
-0.721174446360275
0.2028854939950799
1.0240904242405835
0.2283684946088421
-0.2623772783622381
0.4705642263240074
-1.9655572490832545
0.4665601324389468
1.138036227812598
0.6278993027229509
0.4462146384631468
1.2165902311644945
0.7988164751339901
-0.532740736091575
0.8370076590284838
0.6136025920543222
0.6371256669326731
0.2286526076854259
1.1611166832504902
-2.013181324768453
-0.0216947010306644
1.044419030840828
0.2038478949206975
0.590539929652974
-1.101929236026922
0.3211111894000115
0.0825001216899178
0.3169416027889055
0.6696226675963066
-0.1703452987228899
-1.817742237353761
-0.4718328493537965
0.99003763662881
-0.346897412940736
-0.0322046074764527
1.381851158140318
0.9062999039025088
0.8195909855206633
-0.3369768643125189
0.5413000942484009
1.38605663471107
1.458548184068841
-1.134270561973356
-1.5814177595829697
1.3471095715512291
-0.1695822161789072
0.7623794345949563
0.1633185474142232
-0.2977214161611048
-1.8728778327763016
0.0354162428534313
-0.0390288807395232
-1.5839834662400805
-0.883827702103579
1.0614304753139798
1.1981390378608414
-1.1349521566564496
1.2238271539412606
0.2040027390814851
-0.0724250534847961
-0.1553674797954531
0.9406537356004104
0.8681660349353926
-0.6844487159594509
0.3495595639142223
-0.1629350821520797
-0.6059920755060012
1.6214583420119686
-1.9840894675942484
-1.8400676349485352
0.5043342604234029
-0.4193725339378387
-0.7870715835968024
0.3799782702116154
-1.553864395134762
-0.2014598453796443
0.1303492985852255
1.4405583949462537
-0.2426269324491245
0.1540686248943108
0.3763774514572948
-0.3529990023774643
-1.214085053767556
0.3111550762758748
1.156278520289177
1.3730043611174367
0.2126999895707171
-0.0775414713698862
-0.447434911307083
-0.1024359338355425
0.492165672871141
0.8846359038000876
0.8519680539432853
-1.330035564744961
0.076243484242048
-0.7458356201159951
1.010656883880648
-0.1361073311446058
-1.1322051941197533
-0.3606096848340112
-2.001738557431447
-0.0181586626453929
-1.5593888551612871
-0.130404693768912
1.2012189302643306
0.2536787788694872
-0.9628732367405684
-1.2074625335435
0.6699916130289006
0.5808276159700532
0.6938027636383782
-0.2216643670425097
-0.4207692885068896
0.5151702651894698
0.8188570396975309
0.7824824402044199
0.6535531702180778
-1.4000497728164278
-0.6173551066301632
-1.392966556849757
-0.4899894268135207
1.2773247941368335
-0.2269607874706979
-0.7965181112007718
1.5081088260082256
-0.4178551723630336
-0.5896839537597469
-1.290853652672418
-0.6645151817551818
0.5379684993576108
0.8121368230361421
-0.6622205480814547
0.7226061251741364
0.4076354952126337
-0.4788543575116264
-0.9041988797613986
-0.7710384655113443
-0.0031799514775177
-1.445503597113223
0.3285616890314077
-1.4492678797090588
0.8681719416469146
1.6428435723439463
0.5560737979408038
0.4063747796455846
0.5936246558428953
-0.3531266941708486
-2.0195600128360858
-1.892119395734514
-1.5232063761784302
1.377136523644953
-1.9766819838312408
-0.4139853297252419
0.2380447167728986
0.6463302134137381
-1.430269289983017
-0.517364603512105
-0.1745287027591695
-1.8623302742310344
-0.980657016538391
-0.5983189501652829
-0.6920010130182663
-0.2787505770148507
0.8684717958975302
1.3339694868108478
1.2098723609579685
-1.6420445827184122
0.4099671640007026
1.0005019834272275
-1.2415013650471345
0.1823477115860347
-1.460696918778756
1.3437328786955969
1.537849431158143
1.3332383321658483
0.5907226811550033
0.400996219360048
-1.017738643089105
-0.2345881009033572
-0.7877216693752096
-1.641017550949867
-0.8093869562589882
1.270113983994477
1.0468179399040063
-0.6314285227604249
1.252513792825294
0.5657303080655989
0.5546618041321764
0.4736130227126469
1.230036638076324
0.5385978801634291
-1.8855183253608496
0.8943350613393711
-0.4795188413648699
-0.3396982132713311
0.8978489829432117
1.5723458990878447
-0.867210924549449
-1.2074126209829497
0.0121551726347104
-0.7919503982922892
1.5040021422944436
0.2031247913936892
0.3919078903980521
-0.6032462604543769
-0.7071009438112207
0.6961758646059377
-1.5006740641687144
-0.243597772590225
1.4995500100431602
0.160213082477158
-0.2239306040644067
-0.5422449957015822
-0.1670039827880872
-0.7405331282573419
-1.2399598892331858
-0.970573177977069
-0.3326759705582945
0.8352831850823986
-1.7503306025638492
-0.3270506316308459
0.6218583718324674
1.5668876597340815
1.4848002428755904
-0.2163862958836102
-1.872367042929783
-0.1333277273006649
0.5025390303205076
-1.652260789133975
1.231305203161646
0.4055382216809613
1.5209898998905491
-1.601904146500087
0.3950477960204178
1.7222635085047835
-1.997580855470246
-1.9716645283455807
1.3410383395568537
0.0855134222829467
0.3812662252147488
0.4492241346143301
-1.2047587372751078
-0.3010472123508667
1.2553616570126818
1.004376132237911
-1.4726211627318044
0.806910889817282
-1.6101157117075626
-0.0376262796153037
-0.8136429357389358
-2.0863444403716125
-0.8824820539451769
-0.3495576067571023
-1.6891472444878115
-1.6392836671912556
0.4627864142854887
1.7440632493108883
0.1614349917069506
0.1530540279946625
-0.2055203449296035
0.1517239894475141
1.3887391082080134
0.5656492935598676
-1.8962663223292855
0.0414197609684901
0.7135455275924368
0.4517072660579367
0.6317024317125467
-1.8009606319200129
-0.25111503786526
-1.7320916195875742
0.7343201223751944
0.8793007778603009
1.0536518638736687
0.5345367566757321
0.7791512425764933
0.561970388348856
-0.8251975363960542
0.4310124082359827
0.7263609498513711
0.9034870500203648
-0.918511506845339
0.6992942877352545
-0.9754213004221636
-1.3482932545519
0.1246536114905733
0.1452966096484285
0.9470281383517172
-1.6351419405663092
1.081617166745853
-0.0311399201259634
1.4557674477114095
-0.4845806447597257
0.4083383102268219
0.537314269311797
-1.9147060197135657
-0.1814117916572795
-0.9015046652720624
-1.9909825304763569
0.7477017414402826
1.437125252814406
-0.0746523884728796
0.4403299724905484
-1.0276404450588286
-0.1626473802957034
0.4841774562102746
-1.1203214643284798
-0.7092538834054921
-0.4917746585240707
1.6955975405682702
0.8758720913232461
1.2333339041336209
0.4730597971933383
0.7866626692000683
1.2433566769275308
0.7079662800232337
1.5671795151640862
0.181153046347024
1.6712017374773287
1.059888414841549
0.9554569243771656
-1.0530246165375627
-0.1280630041840463
-0.7101715855100129
-0.0774133325275052
1.4926859918670792
-0.395482828993102
0.5306692083822108
0.7083251120682857
-0.8324217152310047
1.246807222677296
-0.6210164067231047
0.7789517129223812
0.8169077493517585
-1.4698600536057689
0.9610846250924212
-2.001413295615983
-0.6568389088475034
-0.2528102656087895
0.6875062793461195
1.133668085861917
-0.0165857725789358
-1.3124510753872412
-0.3699835202081888
-0.9510514681539814
1.1418362075442106
0.8097618258301866
-1.8297023605088203
-0.7568677539662727
-1.4724830715320512
0.6963467987868074
0.8877153527771254
1.295765026546957
-0.1929359703519341
-0.1959237675978655
0.309760726788736
0.3969163004368808
0.6957420928354316
0.3353293366964485
-0.506090982064412
0.721249413982887
-0.6697571688283503
0.7874331720618232
0.4571079976171388
-1.9003188246245288
0.7189996552016223
0.9291185654098048
-1.6105803047006857
0.9772533592680764
-0.3534575621297446
0.9069275582568164
1.7215405568350162
0.6453961053662989
0.9360134080386022
0.7755181226623321
0.4733684585851705
0.1206064453179084
1.316019396825135
1.5176907563472566
-0.7712913638977043
-0.3838178050563182
0.9164584534265876
0.4430557740543526
-1.09654872642377
0.2787729598732276
1.1167432835941
1.5061916191541709
1.3277290647611109
1.3288620294584756
-0.7522581041685368
-1.8488207855406664
-0.9926529817898292
-0.9656181796748438
0.8734204877135788
0.137165228101615
-0.4737121886906703
0.113588659272654
0.0382947509067232
0.8022027993747246
1.0158763137866396
0.9507475800952768
0.565696672908362
-1.078458565573701
-1.543041747548629
-1.0768719051585975
-0.5985600785955133
-1.2613525043524656
-0.0731010060966661
0.9355357089028606
-0.5347425505792806
0.791066893893375
0.2661822853543002
-0.2730751165275771
-1.2711835394028168
0.9385612293640796
-1.7998236463159945
-1.1536123651566077
-2.014341165094094
-0.9219324123266148
-0.8534750002066516
0.9059352146050113
0.3926612538436086
0.8370822343741963
0.4413706091745545
-1.1753600293212554
-0.8002381080263423
-0.7920863003787285
-0.5897480279502012
0.3474429265561719
-1.1394997348330878
0.9135587186725664
0.39332039691914
-0.9660768581667528
-2.005701144758262
-1.0270355498544732
0.6564894085576649
1.2051274740423006
0.5885761726901532
-1.476150388296485
0.130659685898193
0.8879164587046069
0.1336300419032846
-0.0579022167306955
-0.6374550426025072
-0.460441188640195
0.763880882971204
-0.0121118559695502
-1.3404849371458896
-0.1926118456516645
0.0495775468295495
-0.5996653061577866
0.4196004630076995
1.1118143179722737
0.0729543686400191
0.2370295590332954
0.217450329768709
1.3040710218760578
0.9768689994223184
-1.0429016323307292
-1.4539485138378248
1.4679963138263277
0.9078598974554476
0.1804022776196812
1.1972859662487063
0.2590636935868525
-0.0528282510144742
1.1364488718345855
0.9701227854643086
0.288551316815072
-1.4764125795633574
-0.9015962097325112
0.0697112146004755
-1.991760937176449
1.4531746074725536
-1.285552547157293
-0.4714075791490481
-0.3804526113615643
-0.5948221811409495
-0.6874689621286132
1.336487202768035
1.745348799706998
1.5006060549311715
0.0343851591434466
1.485057776868007
-0.7637361310911994
-0.1513582860702104
-1.0305547339482846
0.2406737825597597
0.6212981460354516
-1.6601769963894777
0.9344386912167452
0.8549639168859969
0.4908548843499604
0.2792479133065873
-1.9205291630864525
-0.2040419348216958
-1.4729814040843454
0.8546200629539359
-0.6198090513266219
1.2320213753679137
-1.6082219246861087
1.946523914563933
-1.6565849109318485
1.5656868427394557
-1.7041471766596112
0.5888676189457761
0.6238478767921095
-2.0056829719290477
1.4453194505103264
-1.2564918659677438
-0.0807276881632846
0.2004759520402037
-0.4276381584707648
-1.6233536165027322
1.487523793511059
-1.677603145204959
0.5229732252780036
0.693438233456284
0.9237846411840904
-1.920716477440269
1.5899742687438023
0.0771135911955596
1.2415554223255911
0.7737921301635146
-0.9720125494716644
0.8033081243672832
0.5405907179145613
-2.004347776307353
1.2090069069459068
-0.4060495060717434
0.0689550721351909
0.9680893745353516
0.1434161917191034
-0.1101306677181946
-0.1039980897442791
0.9540999020244768
0.6884048414419804
-0.2438879088270826
-1.7781496161854469
-0.3061096975143065
0.3533010099657649
-0.8054619254619417
0.916824220820702
1.4723987468244857
-1.8893146603474713
-1.7668317959284443
-0.4186990383043657
-1.4453211453650825
-0.2424069040565601
-0.9023540582805596
-1.1908964661103405
0.5970070689362528
-0.2754378781006154
-0.8409355519383033
-0.9091574757317896
0.7860652314682335
-0.1428912808951145
-0.2939683707448776
0.6549549636482611
-0.6618230597212624
-1.9672507600062543
-0.2909673408168952
-0.1187172276537167
0.2731137765148684
-0.969756568351722
-0.0031840681243365
-1.9589720025320856
-0.7663432788793031
-1.9553946623782796
0.6829805606501186
0.7989753045880404
-0.5696636352067723
-1.0965512700932192
0.0647117314492817
-0.3485760971583743
-2.0058007147148347
0.9059084897790084
-0.0518010813212435
-1.145747075455441
-1.56655991467709
-1.1197759378919798
-1.0182307241369462
-0.4349224322446
1.7959590940941694
-1.508375362374388
0.3328510036084168
-0.1933602350074595
-0.7462918376761672
1.605506231355979
-1.7829998090090045
0.4514460415270026
-0.1364808979229718
-1.3900526623679237
0.8965984618070904
1.0543803608094828
0.1172085587155253
-1.9426101869985193
0.2887421528490135
-0.5513823190138156
0.6942084617477992
0.1238737840828713
0.957642996238987
-0.576229106526609
-0.1340717166947086
-1.513212859629191
-1.1341406866797026
-1.2400074528153042
0.7215793145775874
-0.2367631643851734
1.4421175623904952
0.5168389158813003
0.961924952536715
0.7771451365829918
-0.0588269399608811
0.5073792504022704
-1.88534840241106
-1.233247921555172
0.1469562975962971
-0.8346221096760603
1.1943414717982272
0.1576446165481783
0.981202360184012
0.3192514053920356
0.7170062946825013
-0.2913573792533313
-0.8547584507669731
-1.4513597094568818
-1.984677993762539
-1.0999139976725023
0.141198406664378
-1.727684394050585
0.5234891857349299
1.2727485000904366
-0.0237507985224952
0.5496899452685463
0.7212409336325609
-0.2851227715634278
-1.8934698706473123
1.5076160021657758
-0.5141195741181985
0.1662837073558273
0.8317848211511379
-0.7343737170652265
0.3152409892057848
-1.103525151947423
-0.7520269262970819
-0.8480547150128835
-1.3026249377357335
-1.952600249204822
-0.4794496122874921
-0.1146925615475058
-0.3922181514878906
-1.144948580070543
-2.0330828811360138
-1.7518790663210535
0.0517345394166016
-0.0856325868762828
-1.992918056201808
-0.6846874666405511
0.7673361752859386
1.493700254280738
0.5297070396100932
-1.953798364313464
-0.9885746182543576
-2.0111130092917904
-0.9883240371297116
-1.9273322549572216
-0.14458357418632
-2.0117710666949207
0.4887367656978713
1.849085506858158
1.116322407757247
-1.5329203435516248
-0.2529354242250753
-0.8878635037455541
-0.8579337255050639
-0.0622927312814171
-1.522461876735403
-1.983246588355126
-1.334161945733613
1.4154366769890638
-1.7041583842696486
-1.9517399077625777
-0.7379528695650989
-0.5217549182036308
-1.0058402408579423
-0.4519676517207114
-1.8849842226865787
0.8157418555590366
-0.7414650596028889
-0.3778807798596451
-1.9523881380059007
-2.0881366899441396
-1.107301577228011
0.4345765821706988
1.3990319492758538
-0.1748682544793069
1.0511540072297307
0.385527752599218
-0.1534022466322903
-1.1435281909832098
1.027851962498631
-1.7346473047592597
-0.7431587364255324
-1.7077242948566067
-1.414755238175488
0.8266116568422563
-0.1889878282094379
1.4040235451051946
1.0699797032152696
0.778733407053621
-0.6009493788126097
1.1857089185319614
-2.1714355115407535
-1.4176798119248954
0.4386667671195125
0.8545089145432456
-0.6702728916760213
0.2834588458774119
1.008307562339566
-0.9498066691933262
0.876930461644234
1.168823743176837
-1.2862518167114954
1.131996452660316
-0.2453629021159624
-0.208591388695511
-0.1784952801420547
0.8684196386781089
-0.2652388695294723
0.9601271689897805
-0.7919808474602027
-0.2148647690056662
0.2732083615386677
-0.2636718772612976
-0.5446662074010037
-0.5722432676287218
-0.7795006499974441
1.4920373471747048
-1.2455272549540384
-0.509473169437398
-1.3813971470353537
0.4655515950612504
0.429254669538831
-1.1202493230619952
-1.323422739806574
-1.1131985895241918
-0.2805147058881471
-1.464524549928211
0.2506094526496345
1.3613355048420606
-1.330904258991844
-0.4523959853528407
-0.647468484397796
0.9951952958521624
0.4678833825722074
-1.3107496165146169
1.4715517216444571
0.8133469939062442
0.9208172775659138
1.032140718408472
1.020991886695064
-0.1922147727123807
0.7561967381623492
1.68957760729483
-0.4312100388265629
1.279352066005985
1.4389332293539605
-1.3237148641182614
-0.2562858457311588
1.4709884257384658
-2.020401347146403
0.3558878812050562
0.9277931244865576
1.354720547969897
0.0645581703482669
0.6627998337220288
-0.09941504210708
-0.6684578440743439
-1.3781744226202504
-0.070085058213487
-0.2823537958283271
0.0398538452440531
0.2613640314879089
-1.3967411166258672
0.2797985213797678
-1.9636919338150176
0.2477804603384701
0.0901750491710929
-0.5858861025892959
2.1716044169925937
0.706623183938179
1.1085078065370968
1.3090182136088948
-0.8831924790201128
-0.5923026636045639
0.8349138162880189
-1.5991869777187755
-0.3259017879222566
0.5796175121381394
0.0773457932678616
0.613861006424525
0.5148299732268455
0.1726094272781197
0.2257503159692116
-1.2069178340693767
-0.0846770682365603
-0.445218790172388
0.7711022840629795
0.3605078120706599
1.5445281829431594
1.0077450681997435
0.366038877910464
-0.6359706786201286
0.944939066509984
-0.9106015923244354
0.0757982219157161
-0.4755501145095231
-0.7069918820328207
-0.1915285114345089
-0.0197469512007506
1.2231562980368886
-1.045424026651517
1.4598875381938146
-1.9740237133494405
1.6602798581674942
-0.5344951837597799
-1.4821682741692388
-1.8262566649039784
-1.7475775697681843
0.0045271857825084
-0.1637154816406248
1.122880134631511
0.0068087967593668
-1.1575740056861894
0.2967867398185972
2.215866474255132
0.7961819586542567
0.939703627633654
-0.4376529171805989
-0.2100189444165899
1.1559820904882383
0.46053522152146
-0.8517041864025614
0.1767971500123143
-0.4864676720684823
0.448793538874789
0.3933812202493643
-0.7604936851128272
-0.4245539598356371
-0.5748314664817877
1.550909530074042
-1.3839677718977317
-0.7556094328916062
-0.8662136551509024
2.432467783793404
-0.0996934014125788
-0.8137955370458982
1.8105833739280457
-0.8253733174902772
-0.1615387342079641
-1.1708599906585442
-0.39937153587072
-0.0941877764888923
-1.3010934024098175
-0.8868831229041019
-0.0403048172033371
-0.0444502129909462
-0.8937329158873978
0.6581486005349068
-1.718249733581379
0.9955224700736224
0.6358272981575269
1.5944403802533431
0.1603262184889436
-1.629176065638275
-0.9200851971538476
-0.6492622696275312
-0.6419448614363646
0.6406088539394867
0.5510614245251352
0.9270263468431076
0.0730152074981087
-0.7149059411505146
0.8474441423064655
0.5490901564552946
-0.4006308849596222
-1.823724104636064
2.0894691997343657
0.6754886283338682
-0.0846729063985916
0.8627625279441392
0.3053842374754825
-0.0207668397137522
-0.1093843650567864
-0.0504505672488811
1.648213720245587
-1.3486696197254242
0.6980602329191479
1.8396184297051204
-0.2720167232736969
-2.106915747948425
-0.0805949851532829
-1.3498573405531962
0.3256521332870982
1.097433488755751
0.932917122518762
0.3273329353091214
0.3994189563570507
0.1371995073011538
0.4124720599008046
0.1993648043467175
-0.6210866048163832
-1.4881765072067958
-0.8604348470967084
-0.4498544374839713
0.0228405219255914
-1.8490295848109115
0.2200210154063089
-1.6547998935995651
0.9843493735997776
-0.5777151170586788
-0.3852439134629908
1.1343492392426406
0.0580866105575223
1.130398156600955
-1.810588008397009
-0.4285192882130678
-1.299348539441467
-0.6496042830396699
1.0492926444627593
1.3295368520367543
-0.0216821703248413
-0.7839500543651065
-1.604376176127167
0.332844026823359
-1.1632280296472273
1.56824116199174
-1.0711183789045071
0.2314249281798968
0.3281728988482315
0.8212747166712125
-1.4921635081297524
1.0285518646683898
0.3476353799451775
1.2724601985002275
1.383026792744921
0.6098678533325999
0.8397910707468789
-0.2071553249024605
-0.8585876245340097
1.4212097521036673
-0.162686659815563
1.2168144249709634
2.0423133311862305
-1.8809141834110397
0.7921559467740193
-0.4116299121875874
-1.7204314750468193
0.8863270786334964
0.63947461757654
-0.0622060928879225
-0.6941093736656253
-0.7034640771447946
-1.0001954605289394
1.197329899342357
0.5455438066248741
-0.4827827552435123
-0.3586667593153865
-0.9581844576797048
-1.124115196089635
0.7501040503129525
-0.3687393404590605
0.3172962907926769
1.2109303617789993
0.6108779024487324
1.656523915031046
-0.4967055640716794
-0.6359065745534394
-0.3915266525785517
1.0393806363983982
0.6146648657560528
0.2662261947982073
-1.9617008423420357
0.7047822346403995
0.8683566661789403
0.7951034027846707
1.2803823314981058
1.5403179389782091
-1.1287022822976882
-0.9912690353280014
-0.6798094202222812
-0.7047262176099405
0.4673611208209804
-0.4935554732105467
0.673698047949451
0.7305915808977526
-1.344995356146207
-0.9238179207708734
0.6493493146192317
0.4271269818168675
-0.2257897382576882
-0.2430426458604824
-0.1543363053402211
-0.3377018648272684
0.1429504591249271
-1.155026031415351
1.6892837577263884
0.4851717035305645
-1.7122978683936032
0.9243747883510036
-1.647766685925068
0.092236865753028
-0.7704216873203209
0.0653028575282532
-2.0709086022360323
-1.650929168236711
0.0208101489418262
-0.9668262637924454
-0.8971665491622316
1.3002231745672956
0.7870686289056862
0.8613186975789187
-1.6468941300366229
-0.0993596218748121
1.0258357605001618
0.0349849084258364
-1.753600682507133
-0.147768166977379
0.1523322149884193
0.4500406479503432
-0.2274461105152715
0.5131902358868331
1.4419505590305202
-2.041313399383336
-1.0660896433968066
0.3866106412147251
0.5472340017992761
1.6475816492338795
-1.361423797585653
-1.2430781241545563
0.5071996030469994
-0.925610890767233
1.2769109201588356
-0.2997602165682047
-0.4593437523956171
-1.3638261746813294
0.6970224210447554
1.2426299125616938
-1.34029555384696
-0.921783336520849
-1.35033852244509
0.3267552050327453
0.7690193076548222
0.0691308277886978
-0.8076600275112453
0.024849436295234
0.926492682619455
-0.9439929420388432
0.0782758901351365
0.2143265003512283
1.7780277078293958
1.721659892360748
0.4540873859494146
0.483785445552493
-0.0159053236771837
-1.2862160758815222
-1.586806825602817
-0.3287682964404029
0.1565427237930645
0.3258930637134769
0.5258976251781458
-0.0158420127454633
-1.4813570888471037
0.7225432211081676
-1.058480925493869
-0.1689030703095812
1.3072402877367109
-0.0247600217876122
0.6686488146975254
1.5648663463111434
0.1448388122656713
0.5547065122189271
-1.2988817324602078
1.0185020146759218
-0.3505767613774911
0.7799961497779699
-0.2057105800029522
-0.0881286035697914
1.512830542871224
1.410564920254224
1.2863195183000866
0.1034856270356757
0.0536176404264408
1.0632174350969583
-0.0451026617583483
1.092747000163962
1.176441937756751
0.618686309012144
-1.0029443773525453
0.1654902208392494
-0.4938426220435679
-0.3628891317571784
-0.2716249331289175
1.3083654445714068
0.5295075651871128
0.2753381556154884
-0.8798891049118941
1.1352144405178834
-1.249437678555575
0.6373637451448676
-1.271997151621679
-0.7461960248215946
-0.1733415140950947
-0.492301576123623
0.5373690743207847
-1.6224765995387846
0.7794235817819861
1.3399093234757735
0.2649729326426082
-0.734204264435663
0.9654180125482834
-0.4445481475086346
1.265988797204493
-0.4882850376146221
-1.048356592575428
0.3294374454526608
0.036764453836787
1.186922041364772
-1.1070469382446542
0.9112832076664956
1.2561009099344014
1.2168665450016387
0.6810320383284845
1.2664716918787104
0.979356757592146
0.9655630167247096
1.5371439056687275
0.4428567513756756
-0.1908704981622945
1.802859254396423
-0.6930822820800303
0.4812412850810375
0.6794571111794869
-0.5046405391832658
0.262483509964908
-0.4079294512494567
0.1243522076388874
0.416527260308245
1.3341622503468198
-1.3102857803683934
0.3249356558706017
-1.8072852142542577
0.8997644376254609
-1.7191022177416724
0.1487492442758392
-1.741200928384977
-0.3325296718926782
1.4264354570487303
-0.5037126721735009
-2.057528077413707
-0.6568100491288321
-0.0760435367598025
-1.821612337815729
0.654686804545737
0.6575640746092822
-0.4456254716437892
0.2155631952857575
1.745763589203346
0.8970587665187171
0.3973176838194853
-0.3340955964351733
1.2201003872933829
1.5271854604015065
0.3463109101695268
-0.7567063780636587
0.435368753458775
0.2289298749868549
0.1000649032589057
0.802767766775617
0.1900212923977829
0.1295100225439297
0.3302403723892096
-0.8049060088895362
0.0212475233161035
-0.0107403776058682
1.2728342119014422
1.098209656462269
-1.194591054028101
-1.5318212497293089
1.554719166277267
1.0872851424353294
1.0513631507568229
1.068228390387287
1.1016592794654665
0.9074052812577568
0.9603619534135152
1.1714006651135895
-0.6350583151137862
-1.4442947933768624
1.702217946865556
-0.0704682732466674
-0.4843047301509643
-0.6088802190287743
0.5702859236333045
-0.3028018533862602
0.7446513526506917
-0.0674365127715941
-1.359440239615223
-1.3651298755406307
0.0582910162683021
0.1820745682246489
0.425378050926376
1.409409513883288
1.683235381114087
0.7777658271520554
0.2185378637466585
0.3354874396899048
1.1345791019509566
1.0618920337563202
0.801756047515325
1.2604802430442172
0.2600603431963786
0.128570125081752
1.181465122701835
-1.1866467167433907
0.1152780928522146
-1.7752260811434506
0.527867551596963
-1.2865187447105764
0.0241752559258065
-1.0748343491061083
1.2178897447341244
0.5434335423312958
-2.016302406078058
1.214498719441294
0.0032611960254598
1.3465150796235923
1.051926385858319
0.1601350923834959
1.6058430053965758
-0.7927847182062988
0.9746845563694836
1.5860353189168588
0.4678751460536663
-1.5169296696821264
-1.378860262738601
-0.3367290693564629
-0.7968382618273276
-0.009047958138842
0.3843526285206767
1.8132362197425096
0.262483509964908
0.8571883009623115
-1.4306217897166424
-1.5412501539290635
-0.3060764416541621
-1.0166509497703458
0.3543477422792067
-0.5663315326038223
1.0286945825745772
0.856469967952894
0.5526048277673287
1.798684802818233
0.717578146947638
-1.5256403896266773
0.1019662439327563
-1.4625794086570354
1.215595670247352
1.394016717881185
1.3108017413987796
-0.3507233618495075
1.051837174947886
-1.0352769381858606
-1.8698689603914935
-0.7564349872386422
0.011281923372159
-0.2631838968647649
-0.7568315725276384
0.3384465549671475
1.08424995142628
0.8017764887309256
1.3705575905916048
1.3167529586337217
1.422447662573314
0.9894459428124268
1.0972769766044856
1.4539425745983017
1.5339858500290462
1.3388455450971848
1.5123702677868027
-0.3704470926302424
-0.4054414335528034
-0.2683628119444405
1.3681862904403077
0.4655034501119686
-0.5314183778040361
0.4399208476478146
-0.0046121905727492
0.9330974164523363
1.6241431279636132
0.9837184741620166
-1.153087660720221
-1.7560291610211396
0.652398651739859
0.1074612025578736
-1.189868651878506
0.502491691950593
0.481172613067349
1.408094321483542
0.7804864899335269
0.6397355453741534
1.2409864351098274
-0.2026357952949569
-0.8211220886119102
-0.4263602499834138
-1.2358711065067929
-1.563672292759409
-1.443459728271044
-0.0733470237798119
-0.2507670888277818
0.4602078297519013
0.4144047277286616
-0.731822191321801
-0.4763021725189139
1.5872653957047698
-0.1147365268109239
0.6077058688139279
0.1209515636120184
-0.0661850401894541
-0.1813242758208078
0.2746726490456462
0.053923082026041
-1.9967780008668712
0.7479914707025208
1.1758927170095976
0.5491196627552924
-0.8850922445527695
-1.770465072414978
1.1626477381879927
0.4488338555735816
0.4300329531329765
0.5802524847810241
0.7826734544483731
-0.8048316366864223
1.1020103552032392
0.3443635077534373
0.6119214288006357
-0.9919649990587712
-0.4771480787933251
0.3285543784244735
0.4527905716511045
0.4441224160784832
1.2852420028412523
1.0510186200325131
-1.6656992455474993
-1.96901836454442
-1.4448275944328386
-0.690693026180777
-1.1892592898946792
1.0187917083830509
-1.5566839144335118
-1.489643773374078
0.583605352758929
0.262483509964908
-1.7153629475433392
1.3179713699098972
1.068140087950167
-0.6378565103684171
0.8588605955160409
0.1753849378202616
1.2899894700908925
0.4780594507312251
0.4601348007083154
-0.1746233632520883
-2.1877978576890764
0.5159376823126064
-0.9154192298182776
1.07655573186526
-0.2381648769289664
-1.1721705585925697
-0.5983342058898832
0.0758056355438727
-0.605527352664212
-1.0223125356023186
1.2252608425112117
-1.2664336329450678
0.797321694030764
0.2000479641472758
-0.6138657165028032
1.4820393240435767
1.0475807108452917
-0.1897772396488033
-1.6370439515009547
0.3124731633230484
0.7990489151119915
1.4495481855044268
-0.0182791141572011
-0.8187828250954864
0.3654904808669292
-0.9383565309096328
0.0251392431906046
-0.7730036068094153
0.2879092040224371
-0.5984151808000706
-0.842699905936188
-0.3657529415899747
1.3453162434065662
-1.620384660994296
-0.525036119661491
-0.8572111641319056
-0.6351446601065122
0.0794806389375134
0.4759381927417005
-0.3412685882091128
-0.0841406185485041
-2.0397286151837424
0.3232542598369279
-0.0141122268539745
0.6030228904894052
0.8849487757837473
0.5513318792564226
0.1797033366268597
-1.616670691368432
0.8267536065814418
0.9137465277200736
-1.3547144272365568
-1.0137224598685683
-1.4823507811392067
-0.8459228534403677
-0.7785087511224332
1.434586244830374
-0.6632488275532878
-0.1311068196718
0.8672609169350567
0.9090231067219552
-0.8249313317201596
-0.971521877996596
0.0647232808118416
-1.4790169480039743
1.8966879221448312
0.2608011292545266
-0.172769134854087
0.7749049985257446
-0.0303313280215803
-0.5014186443608474
-0.3584464485075199
1.0785947609887976
-1.607406871099121
-1.0256550157116706
0.3269774569895934
-0.457204469577794
0.8810868303203195
-0.2819394524393605
1.1155234875376137
-0.8117762423468492
-0.5728355140321326
-0.2255265800350849
-1.7917346974012462
0.0055536640220184
1.3626598643211791
-0.3232501406769692
0.57062904147012
-0.0395263026494136
-2.1689631315050466
-1.1260668672117315
1.4690830848550465
-0.4802207250835315
0.9534652297006848
-0.7097953967572461
1.116188933127664
0.9290159402426502
-1.3501712288105687
1.0815216711669025
-1.0166509497703458
0.6930770575011472
0.3244868057599226
0.3715920912888124
-1.7451182434866337
-0.7417567429489632
0.9047601921268954
0.4216181322177451
-0.5812774216819273
1.2005579016860042
-0.1896074089835508
-0.7353892639668855
0.6325911550308917
-1.1575399959536368
-1.5243516628335927
0.2497461137822768
-0.8514035178517502
1.3926706811417626
-1.2927562775726102
0.2967740014143392
-1.842314920667859
0.283539881496332
0.1436842562677724
1.0745188464522355
0.8802241193248257
-0.5658857653454334
0.3526713709451418
-1.040945150910178
1.4878967220799115
0.573461002386216
-0.2388261801283248
-1.6886320326858473
-0.8418306937150337
0.4415466605204979
-1.3012347616816085
-0.7627011060803124
1.4150525494076078
-0.6590440905544603
1.482812772055873
0.7498521564888154
0.2727191199899527
1.400512496082727
0.7543909520181982
1.6785489912414429
-0.1014739549651188
0.2370838549580756
0.8341068079695624
-1.2716086966783535
-0.7039495835388994
-0.8266989481102793
-0.5748643146665193
1.6195495000090074
1.0289997752026578
0.0890709300741739
0.940395420962061
0.9421695970480723
0.0077029581950447
0.2103442034823096
-0.0950982386593713
0.0681411864122719
-0.7709011626137576
0.2834370919123231
1.2892125070175813
0.2330496876295351
-1.8773281324209483
1.4548207728003109
-0.0911939843859903
0.1579633228660564
1.2390854674703071
0.2880007900688869
-0.1023776637122799
1.195754716307695
-1.5749073753734075
1.2272843749848783
-0.4196178777570363
1.138184589869265
-1.376849353450691
0.7612905899445104
0.0404866403751308
0.6013530765244568
0.0986219765562652
1.822911992528152
1.5872653957047698
0.773259393861826
1.4510066523839336
1.0989078907655734
-0.5668574031240337
0.906463337487478
-0.0440666401563365
0.1128959645590201
-1.5556828093117585
1.0903682264952714
-1.402741954509009
0.6496665129112785
0.2854096331407392
1.5379663260021543
-0.4273422463450949
1.251740136491922
-0.1820678374875695
-1.219238925045145
0.5962964644348904
-0.1638254138025447
0.992616164346049
1.7395619820104429
-1.7041863734188507
-0.8874817083996737
0.5909745565540869
0.9230022257497597
-0.4513268325404505
-1.9870076989475225
-0.6279909547474307
0.6314479811053131
0.1715068200843784
0.2259308790844049
0.84921747277464
-1.276637373968571
-0.9730466295179938
-1.6327274703320351
-0.5026764071654412
-1.844493185052747
-1.1293143681392714
1.2294767768220654
1.042629153912256
0.2516802722084389
-1.486898171229815
0.592383481376173
1.1088498739308272
0.5260159599090505
-0.809816286191737
-1.236862957089944
-1.418629066794803
1.043810588194154
-0.9867100585565096
-0.9839695901125616
-0.3275854427649414
0.9662150275225092
-1.521757315475802
0.1885368571749803
-0.0374370229705202
-0.1121985433167728
-1.1752851915467413
-1.6189194694648927
1.6815366484966765
0.8192695894873704
1.3188699572782712
1.7365431784665466
-0.6514618422306572
-0.8757001907092292
0.8607409745402291
-0.1524896558484731
1.113483147998607
-1.007070081616947
1.5002583506476763
-1.0720598732111375
-1.7802841575118271
0.3839611075791332
-1.17980663990935
-1.3441759789436498
1.0764049297254965
1.564564176819429
1.5179862296887592
0.5559522830042463
-1.0350384521180802
0.4979212540899471
0.2527218816633657
-1.1811222662359109
0.3129164646429766
1.2731149059140887
0.3844175469741411
-0.057509217846849
-0.5860074045572805
-0.2938029748830041
0.7489926501360238
0.9947868097894864
0.2067082749632672
-0.7319015079484201
-0.0516848412368641
0.5861813940069326
0.8329876405568492
1.3264139274907114
1.2974232230319434
-0.4260140675387734
0.148221562043852
-1.3905470767975112
-0.629040742038199
0.3578490925223795
1.0959091163863752
-0.3940540014720897
-0.4205788844612639
-0.2814469369904443
-0.8215586856375402
-0.3979974721038314
-1.3561641140401255
0.5962759848911239
-0.8874394732338873
1.6158178191280048
0.0569402992595361
-0.1691604356572131
1.495998503477035
-0.9444785403697644
-0.3495326560596399
1.666705134274676
0.6568971596451741
0.7432402433378562
-1.3605900335676435
0.6761802324750376
-1.6774044380517232
-1.5144398043701015
0.7296597225759588
0.4135507782332927
-1.7264951610107009
-1.2067308582477514
-0.8679958120800055
0.1162703740762578
0.7226146958761572
-0.6782782137579297
-1.720896800777738
0.7952617610374672
1.101461064590929
1.6112851758202689
-1.3404464467884398
0.4287199683890246
1.268471922720844
-1.3123044678055538
1.2580181239651569
-1.6640884906038278
0.0205461160941524
-1.2676172695856978
0.637932155336092
0.6155642497058964
0.5148251878162385
-1.6502121972527362
-0.3271896457611914
0.6763670857439996
0.6163197333620608
0.664902413231221
0.0363153681505265
-1.6528914786004114
-1.1369590596665582
-1.5241867409507055
-1.0235300860714367
-1.7227908420993403
1.486123684095464
0.5617930005311841
-1.458544488594595
0.7818744446316502
-0.6726478708596773
-2.0788433235714785
1.629798219012628
0.7759370827985068
0.1712048492752913
-0.9668262637924454
-1.1713246250790714
-1.601118485879302
-0.9310222369273234
1.5305640750456515
1.472410355429706
-0.8120927872260104
-1.762120429992375
-0.4160259452666562
0.4730715060871222
0.1607852711291368
-0.2569940915411087
-0.2552703804387642
1.215386136634607
-0.0212777353154518
0.7296241851097344
-1.474179853380082
-2.1877978576890764
0.1625570660359521
-0.9649726599228868
0.8772706225154037
-1.005447131351112
0.9915453618713284
0.1283992447130604
0.366040265469133
0.704281758992883
-0.2043409502612761
-0.7114890481205873
-1.1432646411104392
0.5356242158685632
-0.0379404647514051
-1.1844098056968115
-0.9658403164735484
0.2136888538434267
0.6846893606819792
-1.8031039545209029
-1.566947219643348
1.0412313461791176
0.7443110786195785
0.8577884562169484
0.3260803069447954
-0.7258668185641622
-0.7149904974089121
-1.6209988301313836
-0.4345333049829033
1.484803779530667
0.7488414892663675
-0.2913458983193819
-0.6880222429422991
0.374154378107247
-0.1954462627153046
-1.10780006178753
1.7908236695988793
1.0224807116003352
-0.0878893820392748
-0.3045628177248818
0.1147077503213078
0.1483949605358299
0.9418535810683084
-1.9102311206518192
1.2604802430442172
-0.2706600049940078
-0.4193476207295841
0.4236145830637859
1.3703149855609085
-1.406760614836479
-1.6369974302345864
-0.7346618319969674
-1.748236331116101
0.3323164697073239
0.5055845225808135
-0.2498823769560023
-0.248013853941497
1.0535439158503588
-1.2684007218765954
-1.7206413458660332
-0.6886600294535545
-1.3277005680201577
0.3039927118535689
-0.8007281988493259
-0.8250360761284543
1.755906658242541
-1.299334319182169
-1.4652936374948218
1.155555453258613
-0.6825858867377683
0.9629212363918248
0.3527053446966514
-0.7658773300803332
-1.662299274268348
-1.1778576792325404
-1.6391810496056771
0.074690850863374
-1.1257108393735655
-1.3596092753993838
0.6843647188486384
0.1545250425623825
0.3502884739866793
-0.3561840911510825
1.6947218386950642
0.1848902152905668
-0.9039427926880692
0.6350258929003131
1.032881182162705
0.5923102276562237
-0.8269886336032561
-0.8318126757015364
1.2848046706383307
-0.6249396471042881
-0.425086182961187
-0.797787297384583
-1.518613991472033
1.6278658720836046
0.8308699632927775
-0.4157074398483868
0.3857084853433216
1.464902023218853
0.8560690665479138
-1.212930884281188
0.1016699865360437
-0.8137725732464332
0.2476128264463454
-0.2053598832077423
0.249853067014714
1.381814810899879
-0.910764220799172
-1.027551115694561
1.302991059596474
-0.1094449828424109
0.5194408592741833
-1.9981538029727393
-1.1362601200327644
0.4394766145090065
1.217489451649739
0.2572903141441842
-0.546224745210505
-0.5495461843209295
0.8963295450899478
0.8658784212551812
0.9892078409975268
1.3863892293859186
-0.4523985295297241
1.0059520450339874
-1.7326310944909342
0.9948546774399618
1.265775409273496
0.8928916066790062
0.2297503231231757
-1.13035709578155
-1.0423121853252486
-0.4416687678922683
-0.0281430594763115
0.9728098278523198
1.0061278395774476
-1.1286943571821186
0.8895862685181688
1.2714177580631278
0.0003122794210217
1.1859960130233502
1.2970961920794215
1.662364070917914
0.434461945904186
-1.3047953578303435
-0.8579412039726837
0.1253989576725238
-0.2217704144625855
-1.560732593099647
0.9704708078817248
0.4335054945905903
1.4144029151124646
1.0837940935615131
-0.847254580900848
1.1045692008421168
1.2728342119014422
0.8863732069500453
0.9282386973934575
-0.0990773642960773
-1.427655506255751
1.1519225082761908
0.1546763419939616
-0.231046168964406
-0.6269778787285372
1.6343567837730602
-1.314421584626008
-0.3254877154037687
-0.740359752384041
-0.2034349894330171
0.16940215111777
-0.7856719244344258
-0.1278124312205821
-1.8649596974698512
-1.5432589998679072
1.4690830848550465
0.3170413944219993
-1.0669522254865615
-0.1681456099055202
-1.2465191748368116
-0.8800149453904353
-0.4395043641486661
-0.3399170209172903
0.90637633439603
0.3675232726334762
0.013180572110184
-0.0227806383001361
0.2039232593890395
-0.7087881490199358
1.063496493106963
-1.4744936682298997
1.3461298866679203
-1.3495909666386172
-0.8457546878788001
0.8555176557447984
-1.6087172767243036
-0.725797195597191
0.5108412929518034
-0.8413400975536957
-0.8211220886119102
-0.9017255137911572
-1.730160957246507
-0.7496223426604587
0.6661541513279278
0.5680453721395288
-0.5774221221379738
0.1014512774858977
0.883338885307617
-2.057969065268786
1.012271894117064
0.0035724985316952
-0.7392570839967556
-1.1143648697077193
-1.0463570012694774
-1.9055656537090075
0.3718208124785695
0.8286399235227124
-0.0732291245416261
-1.5740769570298128
1.2696394015899022
-1.5944836891900944
1.6215635879201655
1.1104612079857046
-0.0661619548326326
0.1896377293383134
-0.1378813982113458
-0.6119071507000654
-0.157493926716781
0.5878709260186308
0.7060726564405729
0.0332134840662973
1.556921109113025
-1.4439701561343838
-0.0526460550885607
-0.0367063823452569
-2.128299826260243
-1.469435084035898
-1.5422632835779324
0.6477551668846337
-0.6241362683463647
1.378026690458426
-1.336750514758153
0.7939474371555005
0.1182600106360308
1.0323834584991465
-0.386027356044378
0.6731479744037807
1.2519066488400494
1.2266913250249576
-1.370327073515591
0.8510201752558991
0.3795510559661325
0.0969819910269397
-0.0795414834207119
-1.0565876387932287
1.1483010794192423
-1.7504696500018986
0.193433307779735
1.208771060646043
1.4403844933732364
-1.8080501061608625
0.3040650767666144
0.4664240689169697
1.1764401948756926
-0.5667885879345764
-0.5562146798532435
-1.103266465907808
0.5916611673826061
0.9685075779056964
0.0855117333316917
1.2883203333382782
1.351860538949469
1.495687098601255
-1.478477847359856
1.0861995368504154
-0.1661153241359819
0.8943329938415234
1.2291634929442457
-0.2898235017371852
1.3667557769619971
-0.1776666066180639
-0.0300871399882688
-1.5610328142057186
1.1736158573651534
0.7413205934481061
0.5184951319211086
-1.3551251876116692
-0.461367942270143
-0.8656225864944803
-1.5429223232329794
1.259228849133051
0.6059230415783299
1.412711951178628
-1.291399249449244
0.5366555422529359
0.6042093369229102
-0.0503065205151526
1.5009454406702902
-1.859692245469134
0.3819715356871027
-0.1485281054923387
-1.7817478677635703
1.9128656165633748
0.1108145926392207
1.2113150926649148
-1.4764015727435256
-2.042050136926264
0.0757721727726575
1.3000059505127566
-1.6501945264986522
1.4123985930875516
-1.8835389392488289
0.9307847691589282
-1.2480421057792668
-1.0364180835837988
1.0495416290963056
0.4480246770284886
0.7132552750921951
0.9339700295939564
0.8733270409717308
0.379928118587116
0.0037467825557845
1.358336345383328
-1.570800282159344
-1.7362357579479055
0.5136751193538256
1.5897652342062594
-0.2734697727349321
0.467964531514783
0.7113833668547699
-0.0055693273832252
0.9470135412034174
0.6294025265572943
-1.1847949824540476
-1.8736939076167176
-0.0602873003281364
-1.7948616018404122
1.3621019905634295
0.0939457202220232
1.8582471239371272
-2.085498214189871
-1.3193451557840632
-1.716837796866313
-0.8189996780165817
-0.4939372385546942
1.488368829590366
0.1858170864154211
-1.5830891057373515
1.17300806357494
1.4032095751366105
-1.16920245705335
0.6870530363250376
-0.0464031490437538
0.7576223372810216
1.768933909387286
1.583131907804861
0.2223942505408939
-0.3948376013974705
-1.235503759417784
-0.1783199434566888
-1.6791861949466804
0.9938894297255304
-0.825233358609553
1.276616570742595
0.8062420857425564
1.296277981111816
-0.1445030157976643
-0.466576670728119
-0.6567827714913679
1.176209536234243
1.4618059347080747
0.980408721464494
-1.412454700323546
1.234118071905986
1.0138445928711075
-0.8698703251949398
0.1877895700039201
0.7142533791889112
-0.9387457511149904
-0.8381626676164113
0.19108787422394
1.5804141483033451
-0.3080842934864437
-1.200372531320477
-1.2422871338398451
-2.151872081361681
1.082725160245151
1.1364272611000057
0.1735502271384965
-1.5491528455788244
-0.1825868603612708
0.5421987164331914
0.9566906887250064
-0.4920424772497453
-1.5071443468673584
-1.19832749201556
1.143787126997177
1.2346514869831184
-0.3941557299797977
0.0432781222167355
-0.0606934004989478
0.7194651121359743
-0.6690794842737176
-0.7293446551729859
0.279892236503403
-0.0142112123138797
1.227088232275834
1.072050694682702
0.3581254535074337
0.4154286068025755
-0.4949674066367814
1.4736308366002726
1.3489929723440006
0.1750714569737762
-1.198192414263315
0.1222328551064086
0.7779583860162586
-1.480443050264568
0.0325569736097966
-0.6086563777288392
0.6660598959268619
-1.4309412008094953
-0.0938330195211132
-0.1365943950996766
-0.0768385588865322
-1.8285497564147477
1.6461337165169636
-0.3663862995509978
-1.356639758891314
0.7966292302087943
1.4979198876457656
-0.8405868079211687
0.8510201752558991
-0.1326351199716541
0.464043572363624
-1.0357119723099224
0.3205518740480524
-0.8153188254243998
-0.9235025763870448
-1.874550137916733
1.1034649832411634
-0.6278063575793982
1.6162916317852023
-0.6768086497144112
1.2364161265103435
-0.413111041546246
0.6908956526502652
-1.1240032517623346
1.0108968687329123
0.8033385454081382
0.7477645065619287
-2.122022751402014
1.5530921172047698
-0.3767176214581215
-0.9340989307927258
1.3009831945448698
0.528199988691653
0.7100000317253317
-1.107793339102767
0.5791603882363587
0.8497055034545714
-1.7382305969374965
1.166722458510454
0.0267485915919041
-1.363391928295027
1.060908804044864
1.3830292998162217
1.5690091563380313
0.9551764371607672
-0.7642754887385063
-1.0558078169534924
-0.3302647737255769
-0.4349406464004814
-0.2993020957878474
0.0467859972386917
1.3476398222647412
0.88267746941291
-0.2590045522085463
-0.1263781547357329
-1.3671865627401218
-0.0422839772652494
0.1714863225629027
0.5511857200280006
0.4919060481292452
0.8008076709100095
-0.492171409612631
0.4519398840671634
-0.1393406325510254
0.9402257920908896
-1.9548355847083303
1.4128503542682664
1.0281012032949297
0.897524147775259
-1.3404464467884398
0.2091144023314973
-1.1882380660492111
-0.888108225994116
-1.334590048546311
0.5648348236170615
-0.5661823410197386
-1.5216812272504625
1.0641290186577763
0.7027625398865547
1.589749605796234
0.9045274277271876
-1.1213882458838953
0.9850431493146052
-0.9068607411928448
1.087296138046995
0.2606205476713445
1.4256165748021004
1.0830290422673996
-0.0157801234741943
-0.7625286986394428
-0.0504619617767459
0.3297125110081174
0.634880983447152
0.1439399037960294
1.7219351463449404
0.72992967479065
-1.1514855343069397
-0.515695712312917
-1.3083361938582478
1.2250022546970831
1.547499339449946
-0.0842634437869809
-0.9016701373623508
1.1091985527700714
1.0255894117673077
0.3209948006484205
0.0709483441513334
1.1742312057405109
-0.696515424117782
-0.3377153714357402
0.7128976694026786
0.5838105473789453
0.0148381975105506
1.6506666660810727
0.7294254730689812
0.525227606243722
1.6137571254235514
0.5090054555243478
1.8038763458160656
-1.4225542811140022
1.0889142597419847
0.8463979118854236
1.1467555280365231
0.2730093903520721
-1.4322955578488463
0.6405144789696584
1.6213602260604578
-0.7133655786244122
1.4620490100477372
1.038318054942802
-1.257579401614801
0.3080824122718794
-1.2272533509182564
-0.3818940950379437
-1.5341744356120983
0.1935257852151801
-0.0352615731874447
1.3344596015214694
0.8677853066715966
0.5175107837525404
-0.4436027659096101
-1.349255308364666
0.1460041097889922
-1.984730895489854
1.2798394494458338
0.3906443086997584
-1.9662500239095635
-0.5971357712542875
0.2944770283425498
0.9720497735150216
1.2320567070804616
1.3626211734337914
1.0398777380198043
0.4542101732362463
-0.9737335051265222
-1.2591305895642853
-0.5196010009514388
1.486835896934181
1.2167254298490096
0.56835627840606
-1.4424957256836066
0.743521059627432
1.2805949588982934
0.4193376645403047
-2.009362563653876
-0.0451709126942215
-1.364598276924977
0.3889459047558359
-0.3105996012114494
0.1536580409990301
1.7160043078007423
-1.3713169608466007
0.4584797095826191
-1.1604906000219133
-0.8575188555014744
-1.31179530242589
-0.948473562360897
0.549050363963904
0.5457496225732226
1.9131841202941144
0.5234411174535899
-1.2962029438271645
-1.8704384986871003
-1.5546194977852914
-1.279845896510898
1.1290479509711826
-1.607323576269
-0.8332282419902076
0.2029228456770954
0.0356786975441627
-1.9189080105878635
-0.3522585974605298
-0.5973076345963003
0.6174912475627563
-1.2756209690513909
1.2173123156363366
0.7063123335713648
0.1278925553484686
-1.459151569691118
0.9758797515693745
-0.5476617819530822
-0.6718803650355291
0.7145381526701056
0.4850200085289552
1.792703469092931
0.0007435187244655
-0.8949184516109114
0.9375869269783572
0.2703690890688011
0.4521364607399223
0.0802144981907025
-0.8728117142362074
1.1834496628169375
0.533614122660038
0.6450076087399599
1.0258422303645962
0.1660630211340255
1.5280383308301304
-0.5590983805029134
-0.5783809876498166
0.6857990035294362
-1.9978106232117925
-1.3126122718984607
-0.9662823035196604
-1.5810608119534486
0.1546460919166896
-0.0841934270987563
-0.2587060568307651
0.1317683400177276
-1.0773702526717888
0.1063038393562328
0.9745395968706256
-1.5307398827814367
0.6503621464626486
-1.018004791681143
1.234906777912298
-0.4688692477519297
-1.7951530648186975
0.8255530230510705
0.8821698463069086
1.1619805220766004
1.2145895373824025
1.3659112759068812
1.0541103579169642
0.3060223947168903
-0.0451819063982657
-0.1755726394527226
0.3423052439921182
1.3868177368267616
0.8674757511533657
1.227550224145158
-0.2317024287313653
0.758904087079138
1.4963544259521522
-0.833915360754281
-0.5287632317046933
-0.7472086341806223
-1.1795024681085546
0.5048706743377552
-0.8931024273900562
0.1531447067012067
-1.2981758151822356
1.8527900843587677
1.5787313765082482
1.428585420825315
0.7518495202294156
0.3310231407884626
-1.4398013551880555
0.1384699021015307
-0.6228653376819527
-0.4506300083343351
1.4248755777423396
1.4793759433902525
0.6930770575011472
1.042173966832235
-1.6642191124291474
-0.2504296362215262
-1.9480532669408437
1.3763559226768785
0.1501078848427319
0.2084318884338856
0.7784567775972899
1.3191660887317809
1.0750549960893374
0.9629254823792834
1.3529786965218071
-1.4096781503297109
1.0463810267775973
0.099174548559104
-0.4587070820727001
-0.1482835996764232
-1.0969244400730445
-1.1974307139212597
-0.3109753372355516
0.9015508860460932
-1.2430922978781536
1.361884521421525
-1.653084481799139
1.50036889510934
0.9608109927077004
-1.2494162613866548
0.0048356521300815
-0.6283242881122978
0.3346611516793296
1.7859521813058064
1.0285562746939323
1.6652861075995862
0.5769995881745709
0.6873349836044031
0.0771654497579581
-0.0531300145502188
0.2700841358210658
1.201843994513518
0.8174870765815252
0.9256449670858592
1.5110888531095472
-1.6775511975819308
-0.684480554507971
0.1703618606652452
0.2573249442024647
0.0157440115156421
1.5815100145029193
0.3310025269560734
0.9722174307304066
-1.9447447673112312
-0.8672039312140346
-0.7501980825811407
-1.1696553566897978
0.3979880913671198
0.9557786874409014
0.934023010044675
-0.9312213709646804
1.3921326249105852
0.3840369098154541
1.705404228996101
0.936598312531503
-0.8965647371979872
0.8858312814131949
0.2554575903394138
1.2739279074070846
0.0136494025432904
0.4221739463053257
0.3074258688521117
-0.5093552674396663
1.162162596180546
0.5599530412648773
-1.1258296556281322
0.4373032848503527
0.789560520368194
0.0595234441436015
-1.826477140158832
0.552866419733246
0.4974212720363505
0.0516368932971513
-0.0725160098423665
0.4298823650056317
-0.3010529754522507
-0.3730377302338166
1.2333427112199358
0.6976088751708441
0.3953362872853707
-1.0544804727778103
0.5748505665190278
0.0307678182441177
0.3817713021661414
1.411157373911485
0.8365387734687327
-0.687501691841972
-0.8384101603909759
1.2231093085708489
0.4040432945932238
0.9885583216410164
-0.9850002517833428
0.7247211415702911
0.4278948608792664
-1.059561562699169
-1.0137133947315249
-0.4536511386570594
-1.6415826335368653
1.3195356940792855
-1.3295530460136158
-0.5095156956886684
1.21733794301647
-1.6834589121884105
0.8510201752558991
-0.4077352181817341
-1.5396715376482029
1.165873389561656
-1.157532787688959
0.9345231431314256
0.9756949241857104
-1.5024229798966835
0.5158533658218852
1.643586644844654
0.014003022340943
-1.3267168494367785
1.779145389980428
-0.5341648892299089
-1.973184444663631
0.0304232878696914
-1.2269982162363875
0.2095782475410772
0.8742766364436332
0.3812225029589774
0.7164789200103248
1.327060662180735
-0.8977417626743327
0.275034791073121
0.3746440741387564
0.567144088107952
-1.3233089185375406
0.1518034901969767
0.6629698824694636
0.8388578519194475
-0.7099268173925022
0.2889171366793251
1.3910536517391905
-0.6489107293723225
1.2688948107183289
1.1047684438488292
-1.245532400638956
-0.3246159455392625
-1.636874169849422
0.8218696027704231
-0.5561873290677013
1.052763896417048
-0.0581189827618956
0.0184342747626599
-0.2275842811657124
-0.6364196967950634
0.2101015681539585
-0.7446799777392757
-0.5353665292714014
-0.0756717855041685
-0.0044511597463849
1.4156048078955477
-0.442745390783172
0.3107306829337434
0.6159558215777322
1.4496374072394185
1.4493208916813445
-1.3691634472105416
1.2732398980501982
0.634108085833501
-1.0029950710442632
0.4182471373971645
-1.1254489472464178
-0.3087935159815464
-0.7835267130712202
-0.1413052848860636
0.4993966619607798
-1.6016613759963765
-2.155447162665704
-1.1710720477862122
1.2888214008922083
-0.715418058553608
-0.5390690467588679
0.1416364860535157
0.8582676482005513
-0.3364008706979822
-1.439757950736508
-2.0006141966055244
-1.7360107495508563
-1.204069143334138
-0.4325031185629394
0.3532638965645291
0.8233997213815045
0.0085022712131902
-1.8004840914249662
1.2719670394598133
0.7895556495827033
0.8760429231294773
1.049847532934845
0.9608751091699924
-0.6443949826274025
0.5655359163879466
-0.9104797243990878
-0.8687333984394869
-0.4969947103831857
-0.6514618422306572
-1.6790425878748705
-0.4221312537824183
-1.143531003477481
-0.2427229612093208
0.5681169786486593
0.9449712877639288
0.3880222056295443
-0.4402819328615973
-0.7881136176309539
-1.303494678774782
-0.5526490857447506
-1.1904688621960628
1.1431418897197323
-1.7030099759374089
1.3439335005259263
-0.1015567460195022
0.5014962581236795
-2.1877978576890764
0.5450441974982927
-0.664444609637257
-0.3021348432876204
-1.102006509319604
-0.3244782068708483
1.336041108630232
1.7447310030817107
0.3601097695644993
-0.6778266837840076
0.1272960544254177
1.1636010562843109
-0.1943637496867804
0.2009494887185533
-1.2248082562988878
1.14193652543848
-1.4152450080366887
-1.7682694235141363
0.2040000030571979
-0.7660321689538641
1.385784221290833
-0.8134347532221956
0.1622245192314294
0.1621483994578682
0.1582403108840643
-0.3876815773670257
0.336473721539562
0.6540007093327892
-2.045692912978128
-1.188818857043267
-1.5723809239621096
0.213820651825688
-1.646928899900601
0.1435224972499967
-0.6197252760035858
-1.6021741187380456
0.0676148193558521
-1.9062563586387764
-0.1908561438338218
-0.0677986587573343
0.1697390645483019
1.4318818012576318
0.7855718423329998
-0.4804912423886313
1.0351878532690273
0.3752863358809889
-0.8845783822869376
-1.0782428022968016
-0.417083764123297
0.58242732180354
-0.2548942831006303
0.9495186443152276
0.040745112203176
-0.5328655124661995
-1.1750020808490345
1.5347111984652042
0.3633623440983609
1.1783470253065718
0.1930953159100551
-0.4847729553045354
-0.1709222865936047
0.1985741130796989
0.6015849475376851
0.2886110371217356
-0.0011900435591844
-0.827140002189167
0.4946648135843596
1.19958287947666
0.5406147362710406
-0.693800609393497
-0.8308155737077776
-0.6642367352267996
1.139347199787141
0.0073201865897353
-1.3114099752141437
0.9172483785561598
0.7776287137663861
-0.471263387763966
0.0685047098006343
-1.6694884949865334
-0.2384752394975626
0.6181959997032167
-0.0044525001189562
0.1302136817156845
-0.4265795981836271
-0.081017619355904
-1.391235849447418
-0.1683705767177892
1.5927119772377367
0.9733019153982624
-1.378818988773374
-0.1686578856004272
-0.2228766408676459
0.2375886847531257
-1.323661116041913
1.2497615498401926
0.2815815362314537
0.4820236941565546
-0.5369560823720408
0.5914034336051143
1.057276494994337
0.7335428837313092
1.0576814810204165
1.198524018260572
-0.4538517265545822
-1.1243752234876394
0.6003116607409754
1.0918989196177369
-0.2460872197781574
-1.5720335789292783
0.7179860391892299
1.5784560076164982
-0.369807867513173
0.3043780916470955
1.857343671058509
1.551280584338399
-0.2978035143609101
-0.3328247172636846
-1.1732441004311598
-1.2826614404395782
-0.3972126358744763
-1.1966421667624494
-1.298997545141008
1.1499915896516293
1.466569985415855
-0.1809445879218465
1.5709167810713036
-1.1180000087702084
-0.6569681270217114
-1.2880798037731207
0.1793390525130724
-1.326323554143317
1.4972853443357843
-0.3384671780533838
0.0854638539089671
-1.2290677409880504
0.7977557530319531
-0.1495486712737863
-0.1478766244654062
-0.2963145399445791
-1.566304743470455
1.7325132401482248
-1.7837435110433622
-0.9611186864138802
1.7692808696005031
-0.0751314080644695
-0.2408674957531166
0.5952462182594057
0.8645675028569105
-1.3975677197662788
1.144281588400666
-0.1332006070755071
-0.340670197425109
-0.2692464129495959
-0.9674155486128596
0.8868544931142177
0.8650553166218065
1.5016710971784557
-1.3094758413130034
1.0617334358183932
-0.7219527024326118
0.2346758545427043
-0.4686197388366833
-0.3836512430307781
0.0213663441946684
0.3794122709940973
1.229723095147485
1.1824036832532518
0.2001296156110566
-0.1555839198791256
-0.2917495840770634
1.2825498561111608
-0.0679008841533111
-0.976807500621432
-1.2903547689379995
0.0886614982269462
0.0566734184706462
1.6341942682569075
-1.800249771058016
-0.988401914126484
-1.952195708254674
0.1405391909963881
-0.8043876835271879
-0.2688219356944601
-1.3609340989456666
0.0874436700239525
0.3054664448567178
-0.5772211459002476
0.0326142045093161
1.1929797636719317
0.0663380211521883
-0.6078732900788146
-0.3074538164400728
-0.5220989299966348
-1.986606105543995
0.8689708276651955
0.344900618838849
-1.2079849131427924
-0.21148194393794
-1.6580065228780962
0.1620240834273922
0.4734444627115841
0.5634430646641797
1.113068010957031
-0.1310760217391377
0.6689776980064843
0.3396568798641479
0.6514247787774413
0.9462065887278716
0.9748541062903872
-1.4412828209792294
-1.9788217962683825
-1.2704125124583985
0.0787093637229979
0.97890915180354
0.1149290058412638
1.3843537616257815
0.5044380905787735
-0.2849778594371961
1.4271761517741997
-0.3454866550826274
-1.5221395564322175
-0.5980884381665599
-1.979824116175995
-0.0273998720716346
1.1456042576836063
0.0761453336599202
1.873800872433692
-1.1722736151606452
-1.9773309955352736
0.6860628539185724
1.175547570256446
0.1456379124399562
-0.1150880232659304
0.0741355577314518
0.8504591631535101
1.4825882913779274
-1.932455694331278
-1.8350615969656965
-0.1378587000584549
1.5182986852865896
-1.8548916547319956
1.364480295412115
0.1545420967319526
-1.1276772547688576
-0.3798020784155829
-0.6256428015073164
-1.360641669032047
-0.2819165624709639
1.6082267479112922
1.5856030682323796
-1.036580888302823
1.6845987032697367
-1.5008391364174145
-0.3820470555166301
-0.1359071986865043
-0.4100218589541853
0.8537310849374813
-0.7215939656145837
0.0948608212934591
1.49785882574724
0.9346612333200742
0.6088960007234342
0.3533730744311006
-1.3855477018276567
-0.2783693446420213
-0.2901372746150117
0.5964859407618527
0.1923352681254751
0.1971418291789285
-0.7998152034361614
-0.470986937677088
1.4665987129358564
-0.8871922870942706
0.4789561710164219
-0.2475729600304521
-0.7575792913167658
1.5184243587827575
-0.3661577727894637
0.120372533753016
1.470945647112096
-0.2097869770651926
0.6855682903160462
-0.7212229946530786
-1.763314366620533
0.0899465997547306
0.0151859967993644
-1.1559624834747146
0.1205180845877168
0.8348489986012546
0.4540710217505502
-1.5931511707248815
-1.5183660523363052
1.07170354554809
0.3893952050104734
-0.3165672345297526
0.4957418193557984
-0.8768016872938177
1.3595623113343216
-1.516328799770103
-0.6068323024689494
-1.0604339951670956
-1.385016209249304
-0.4210135511485412
-0.0862397000633491
-0.0780802935543817
0.7985365999934562
1.2946275379104188
-0.2516373042889668
1.3214049570155697
-0.4600342474072096
0.2234898373611468
-0.4867443241735022
0.6445805946724185
0.9381498283751036
1.10296358377974
0.339773889001176
1.43802185049916
0.9728310296771332
1.0018145179700937
0.3008876465453802
-0.139813709944181
0.3305649235669166
-1.1902291763675013
-1.100370424673628
-0.7346618319969674
0.9991151541201428
1.6689627707588062
0.3273855154174112
-0.7262876314237297
-1.6881964550292812
0.3992790821637914
-0.4566213032398727
0.5193274686534464
0.2783330512625454
1.3063277902733494
-2.1128372649046274
-0.9527764407208738
1.3003761847826296
0.1541123506718011
0.4555401418671193
0.4089071541687839
1.2282157243651597
-0.8004976505247768
0.3565122571730825
0.8889932914065064
-0.3455983024971668
-0.696899876139754
0.6876178703852621
-0.8795696804995382
-1.0202728282514146
-1.6357087266270938
0.2833169604775402
0.4446167456368119
-0.8206062548615738
1.7038811569933885
-0.0909326910390908
-0.0915758203092308
1.1680603030192074
0.1254448802156452
-0.9997163777162672
0.5845559066374998
-1.7255162336484398
-0.2430426458604824
-0.0739919102105261
1.120998660572008
1.4427610158349615
0.4925818296297065
0.0943805942280728
0.7541090243631305
0.7034986356663795
0.8521731594812366
1.6021639980984863
0.9546054101737788
-0.452988318881867
-0.5468841354867554
-1.183076805718566
-0.94122594471762
0.0272348158777167
1.3397062810014746
-0.9921377288761044
-0.5270678265612888
-0.7626777011565954
0.1127871296207228
0.5049668162529444
1.0011584961127409
-0.6949110096681312
-0.7632366987732443
1.4752086852709403
1.217611107884523
-1.049158682854401
-1.6986051824249933
-1.1875416826822731
0.416016531102047
0.9190678495027832
-1.4398479292296595
0.3082400411562561
-0.7387965119493248
0.9553930745661076
1.0416200780988794
1.117965337261127
-0.4841378657804574
-1.4646187473855377
-0.6322421556349439
-0.2410510938155567
-0.4364138775135758
-1.2399458184867893
-1.3188140029916762
1.1694349935286734
-0.7611125501515104
-0.807714230139623
-1.8618626623806669
-0.5966686177704691
1.2097490644400968
1.0385207234323968
1.043350433596873
1.453739941934659
0.2131426334607814
2.0030392669816104
-0.6743841431389256
0.219877346608582
0.2664732694752157
-1.534599785384817
0.2967441525849325
-0.9117067311875364
-1.4678927185203297
-1.4288822758910382
-1.7385149005844838
-0.3195670489764568
1.5036740279851708
-0.2061141454739674
-1.5871215178100715
0.4910444111427287
-0.9142701399168324
-0.5229242138356303
0.7968173917503324
-1.331119802527067
0.2488572157747044
0.7028023411701754
1.3811679557061285
-0.6818577160656376
-0.3985876946148102
0.7922740575567405
-0.594153547030225
-1.5852950399860792
-0.2391306157843513
-0.434248709272033
1.3881470563017533
-1.2640707492748344
-0.665881752827824
-0.3590549522106349
-1.820697610475618
1.5306213464907104
0.0917479290497235
1.1126284175492722
-2.0895760371188716
-0.6911207734385342
-0.3257342095593518
-0.4859703744956486
-0.515661964907177
0.4910922273512966
0.3712081523748792
-1.8985074779086892
-1.156479667362306
1.3181856228051452
0.2903182648746064
-0.3750626328676831
0.3731294773411924
-0.0094175402316168
-0.0425922408849459
1.6186510195785822
0.7423650803505404
0.8679229344468333
-1.5733601246416336
-0.575932118306902
-1.525626258203327
-0.8609447323788032
0.2637206175538958
1.3753456312925616
0.0241831297642133
0.834321401215056
0.095308825368834
-0.5374660961025474
-1.036914678023067
1.113288052312254
-0.6799630695352015
-0.8228270731890313
0.281466764344319
-1.7613875312663934
-0.8164501190987155
-1.334079286940318
-0.4917007665790726
1.5071909250051874
0.053923082026041
0.7603890396696872
0.4639851416081788
0.28680487235623
-1.6379235218470114
1.016319952216198
1.5778818142775934
-1.8811292436971052
-0.8112001805244871
0.5370700060802339
1.1632780014878357
-1.195383623727915
1.200008604928939
-1.208905204450932
0.2099127968900342
-0.5930447905319144
-1.6465809798444513
-1.9657111420960507
-0.5606582856286578
-1.5227033343596648
-2.0329365192218125
-0.9511558661239442
