0.3998872637748718
0.6431915760040283
0.6283489465713501
0.3685770332813263
0.22025053203105927
0.5182971954345703
0.48335182666778564
0.4314119815826416
0.49907708168029785
0.2984445095062256
0.31106317043304443
0.38708412647247314
0.409859299659729
0.5346440672874451
0.3300212323665619
0.35968172550201416
0.3864489197731018
0.4936898946762085
0.49613314867019653
0.39708465337753296
0.3657505512237549
0.5188604593276978
0.4538021683692932
0.37667542695999146
0.47779351472854614
0.42392879724502563
0.3476446270942688
0.3548617660999298
0.6606910228729248
0.2606693208217621
0.22174112498760223
0.641494631767273
0.44944971799850464
0.43746280670166016
0.5445207357406616
0.39043569564819336
0.41708120703697205
0.28888434171676636
0.3927563428878784
0.4278827905654907
0.250720739364624
0.2867250442504883
0.5557453632354736
0.3935873210430145
0.5760607719421387
0.4153258800506592
0.37915438413619995
0.5366977453231812
0.3667122423648834
0.3485696315765381
0.7723331451416016
0.2604881823062897
0.3169386386871338
0.5365201234817505
0.50197434425354
0.4185696244239807
0.35530364513397217
0.32924631237983704
0.39444273710250854
0.45298635959625244
0.27954643964767456
0.3584479093551636
0.3764318823814392
0.441978394985199
0.33072569966316223
0.5099758505821228
0.4821571707725525
0.4630049169063568
0.415117472410202
0.5286015868186951
0.37945234775543213
0.5307332277297974
0.34453284740448
0.5144197344779968
0.5617865920066833
0.3963465392589569
0.2657107710838318
0.4562000632286072
0.4095754623413086
0.3413149118423462
0.4027504324913025
0.5206337571144104
0.3621431887149811
0.4044647216796875
0.3861403167247772
0.32510191202163696
0.4419880211353302
0.49565988779067993
0.4289625883102417
0.28631752729415894
0.5342734456062317
0.3297244608402252
0.6206648945808411
0.43320104479789734
0.4564080536365509
0.39860522747039795
0.5217623710632324
0.42251551151275635
0.4367158114910126
0.3764221668243408
0.32389169931411743
0.4369991421699524
0.4744013845920563
0.2925022840499878
0.3691345751285553
0.437897264957428
0.26347845792770386
0.4669182598590851
0.3511192798614502
0.3493378758430481
0.3461281359195709
0.3269338309764862
0.4092922806739807
0.4351511597633362
0.4128637909889221
0.3546220660209656
0.503831148147583
0.385892391204834
0.35135912895202637
0.4250571131706238
0.39748716354370117
0.4300376772880554
0.4474145174026489
0.3540012836456299
0.40774548053741455
0.38829725980758667
0.6135321855545044
0.4052979052066803
0.4665936827659607
0.3019236922264099
0.44090092182159424
0.5746883153915405
0.40801769495010376
0.33003008365631104
0.44317203760147095
0.5116366744041443
0.5995843410491943
0.4674205183982849
0.51612389087677
0.25306105613708496
0.35628193616867065
0.39999109506607056
0.5163532495498657
0.37692689895629883
0.5577356815338135
0.45796045660972595
0.38799554109573364
0.3346409797668457
0.43448513746261597
0.351997435092926
0.426037073135376
0.4214203357696533
0.3219219446182251
0.3741188049316406
0.3054277300834656
0.34242796897888184
0.38539403676986694
0.523377001285553
0.35200339555740356
0.29382720589637756
0.24408991634845734
0.5308225154876709
0.3675551414489746
0.35718077421188354
0.3143636882305145
0.4052284061908722
0.5552643537521362
0.4968372881412506
0.3821086287498474
0.3350011706352234
0.27080482244491577
0.28672683238983154
0.31145381927490234
0.1808122843503952
0.283186674118042
0.31325605511665344
0.4336909055709839
0.3829215466976166
0.32818663120269775
0.4579758048057556
0.2672739624977112
0.4509636461734772
0.404563844203949
0.30449795722961426
0.4483702778816223
0.4631412625312805
0.44272616505622864
0.366610586643219
0.4833281934261322
0.4276907444000244
0.4866347312927246
0.3056652247905731
0.25790053606033325
0.3600289225578308
0.5509613752365112
0.506653904914856
0.4765244126319885
0.5120842456817627
0.4677600562572479
0.28623953461647034
0.43191438913345337
0.5218652486801147
0.32342585921287537
0.38474786281585693
0.4844495356082916
0.5748556852340698
0.3334597647190094
0.37147462368011475
0.534463107585907
0.3756530284881592
0.38007086515426636
0.43598484992980957
0.3335505723953247
0.4418985843658447
0.41508370637893677
0.6882997751235962
0.4492344856262207
0.3063678741455078
0.46943801641464233
0.42174863815307617
0.32786089181900024
0.3568911552429199
0.35453975200653076
0.44484812021255493
0.2829819917678833
0.47973406314849854
0.27967917919158936
0.2833055257797241
0.3657740354537964
0.5488274097442627
0.24017249047756195
0.44987112283706665
0.3801730275154114
0.32200175523757935
0.40332695841789246
0.5210341215133667
0.45010697841644287
0.46845534443855286
0.39840471744537354
0.48980873823165894
0.3142440617084503
0.30785855650901794
0.4607086777687073
0.25353604555130005
0.6602141261100769
0.48015183210372925
0.4714811146259308
0.376290500164032
0.260804146528244
0.3979044258594513
0.4107927083969116
0.3892647922039032
0.30940330028533936
0.19245955348014832
0.34090614318847656
0.3302953839302063
0.5855191946029663
0.5364546179771423
0.4269031286239624
0.520664632320404
0.3036033511161804
0.25581440329551697
0.4677310585975647
0.5222858786582947
0.49733543395996094
0.45842063426971436
0.2691059410572052
0.40901821851730347
0.34706535935401917
0.3893447518348694
0.5345370769500732
0.4789935350418091
0.4792681634426117
0.3507990837097168
0.4345688819885254
0.44703736901283264
0.4150720536708832
0.43677008152008057
0.5268336534500122
0.33072125911712646
0.4274396300315857
0.377377450466156
0.42922085523605347
0.5296655893325806
0.3086630702018738
0.47423553466796875
0.4096643924713135
0.3773943781852722
0.4406595528125763
0.4229627847671509
0.6144616603851318
0.32733097672462463
0.38882291316986084
0.3310440182685852
0.5537049770355225
0.4109276831150055
0.30904269218444824
0.2853713929653168
0.38845840096473694
0.32770633697509766
0.32096797227859497
0.4121065139770508
0.3377278447151184
0.3743523061275482
0.3535158634185791
0.333584725856781
0.2526909112930298
0.4144124686717987
0.3943732976913452
0.492010235786438
0.38931092619895935
0.38498377799987793
0.34222835302352905
0.2828334867954254
0.3785356283187866
0.5013405084609985
0.3036629557609558
0.47713297605514526
0.3477802872657776
0.3990815281867981
0.25287526845932007
0.5216259956359863
0.4542430639266968
0.4259534776210785
0.41176488995552063
0.5673373341560364
0.35705339908599854
0.16267739236354828
0.40792468190193176
0.6161393523216248
0.4536360204219818
0.3592526912689209
0.44889673590660095
0.38039690256118774
0.2944263219833374
0.4355947971343994
0.24097169935703278
0.2954862713813782
0.443935364484787
0.3906362056732178
0.3520977199077606
0.424677312374115
0.42479872703552246
0.545911967754364
0.3570529818534851
0.41710156202316284
0.4420953691005707
0.38885819911956787
0.49581149220466614
0.23833265900611877
0.4165838956832886
0.5217756032943726
0.2425873577594757
0.34984666109085083
0.25565600395202637
0.28999757766723633
0.5721919536590576
0.41800540685653687
0.34842169284820557
0.3531782031059265
0.3753902316093445
0.4092828035354614
0.3740602135658264
0.3876489996910095
0.4256545305252075
0.6045371890068054
0.4194387197494507
0.255265474319458
0.36005622148513794
0.3630504012107849
0.33606621623039246
0.5217219591140747
0.3121286928653717
0.38444212079048157
0.40303152799606323
0.5891768932342529
0.2870526909828186
0.19828854501247406
0.40338730812072754
0.432705283164978
0.4674878716468811
0.5507045388221741
0.30127954483032227
0.4054230749607086
0.5837754011154175
0.3690345883369446
0.44220083951950073
0.427456259727478
0.29785147309303284
0.47713178396224976
0.5222913026809692
0.3188646733760834
0.40602001547813416
0.5439267158508301
0.5032768845558167
0.3268989324569702
0.5997645854949951
0.29938560724258423
0.3656752407550812
0.5569950938224792
0.6307848691940308
0.31078678369522095
0.2968067526817322
0.4840939939022064
0.40690821409225464
0.48353904485702515
0.4074136018753052
0.4233207106590271
0.3300843834877014
0.20385608077049255
0.4660564064979553
0.38402044773101807
0.5501642823219299
0.34784865379333496
0.426963210105896
0.301302433013916
0.3947862982749939
0.4256252646446228
0.35159486532211304
0.37180688977241516
0.3238278031349182
0.38128378987312317
0.5205057859420776
0.520536482334137
0.3701552748680115
0.5395083427429199
0.513435959815979
0.351177453994751
0.41034603118896484
0.3285090923309326
0.5131386518478394
0.4767868220806122
0.516130805015564
0.6764935851097107
0.4142763018608093
0.3247261643409729
0.5103058815002441
0.6103010177612305
0.4500003755092621
0.5370458364486694
0.35029345750808716
0.330379456281662
0.45590171217918396
0.406663715839386
0.40134766697883606
0.5027293562889099
0.390354186296463
0.4063359797000885
0.5193823575973511
0.45886287093162537
0.28862497210502625
0.37892502546310425
0.4079318344593048
0.34362494945526123
0.3443758487701416
0.4629276394844055
0.5475890636444092
0.3046249747276306
0.4978991150856018
0.45877712965011597
0.3589272201061249
0.4801899790763855
0.5831094980239868
0.4450441002845764
0.34836819767951965
0.5632633566856384
0.5080797672271729
0.3688008785247803
0.503179669380188
0.3060208559036255
0.4664645791053772
0.46535348892211914
0.48826849460601807
0.4112861156463623
0.3800900876522064
0.5453054904937744
0.32864415645599365
0.4324273467063904
0.5004346370697021
0.4736018478870392
0.49521470069885254
0.5264012813568115
0.3893032371997833
0.4783236086368561
0.35548728704452515
0.3805062770843506
0.4488568902015686
0.5615410804748535
0.5768775939941406
0.43031787872314453
0.4989926815032959
0.3386349678039551
0.4569685459136963
0.4045600891113281
0.3649123013019562
0.30187252163887024
0.3085149824619293
0.37704288959503174
0.4891824722290039
0.44540706276893616
0.17313078045845032
0.3247818946838379
0.39662742614746094
0.4619719386100769
0.3788056969642639
0.330596923828125
0.43760743737220764
0.5377413034439087
0.5009212493896484
0.45839595794677734
0.5459384918212891
0.3066878318786621
0.45534294843673706
0.28089356422424316
0.4634507894515991
0.4535645544528961
0.3966674506664276
0.5670996308326721
0.5106046795845032
0.44718727469444275
0.4429706931114197
0.373841255903244
0.4421364665031433
0.3106221556663513
0.43099260330200195
0.3190361261367798
0.40190389752388
0.3361263871192932
0.382573664188385
0.381684273481369
0.5023460388183594
0.46748799085617065
0.31546494364738464
0.41544806957244873
0.5398229360580444
0.39027923345565796
0.2724434435367584
0.5889706611633301
0.3699779510498047
0.34631675481796265
0.3905494213104248
0.39923250675201416
0.3045736253261566
0.2983000576496124
0.3945087492465973
0.4973011016845703
0.35988426208496094
0.23755918443202972
0.4325665831565857
0.334050714969635
0.3437601923942566
0.43820059299468994
0.5638405084609985
0.370461106300354
0.37770992517471313
0.284462571144104
0.3103048503398895
0.4229937791824341
0.40139153599739075
0.42693477869033813
0.36678341031074524
0.44039666652679443
0.42293933033943176
0.48001036047935486
0.3941904306411743
0.35632431507110596
0.3515486419200897
0.4735846519470215
0.3565893769264221
0.5388882160186768
0.5858144164085388
0.3521660566329956
0.38553959131240845
0.2943260669708252
0.4934173822402954
0.4031031131744385
0.49256962537765503
0.3270080089569092
0.20107589662075043
0.28713369369506836
0.5115910172462463
0.4419543445110321
0.42875218391418457
0.2752779722213745
0.6071335077285767
0.2802926301956177
0.42652803659439087
0.5512768626213074
0.39243847131729126
0.5328781008720398
0.35994914174079895
0.39286181330680847
0.4201306104660034
0.44973188638687134
0.4512675702571869
0.39236748218536377
0.47814399003982544
0.5017530918121338
0.36635100841522217
0.2919265627861023
0.4841514825820923
0.388496994972229
0.2824895977973938
0.31129512190818787
0.20295237004756927
0.4513793885707855
0.4542277455329895
0.2679622173309326
0.3601526916027069
0.5373728275299072
0.46937429904937744
0.4409351348876953
0.4260817766189575
0.6091716289520264
0.357562780380249
0.21883292496204376
0.2995779812335968
0.37902581691741943
0.41518867015838623
0.34244734048843384
0.39251136779785156
0.450912207365036
0.3414045572280884
0.47579699754714966
0.3336356282234192
0.20810455083847046
0.49848079681396484
0.37851423025131226
0.43196505308151245
0.2853952646255493
0.36261051893234253
0.44118407368659973
0.3229272961616516
0.5195369720458984
0.41972261667251587
0.4873232841491699
0.48410362005233765
0.39125943183898926
0.5385980606079102
0.5149688720703125
0.4611004590988159
0.11870270222425461
0.3838626742362976
0.43760454654693604
0.4623106122016907
0.44439131021499634
0.42100876569747925
0.49256962537765503
0.562468409538269
0.432522177696228
0.4536705017089844
0.43596285581588745
0.28374630212783813
0.2839030921459198
0.5210815072059631
0.442279577255249
0.4612976908683777
0.19644291698932648
0.13883879780769348
0.5676236748695374
0.48927879333496094
0.355617880821228
0.5201329588890076
0.2718430757522583
0.4102194011211395
0.4091647267341614
0.21782360970973969
0.40338313579559326
0.5270703434944153
0.560336172580719
0.5026296973228455
0.5119326114654541
0.2920004725456238
0.3004894256591797
0.3559395968914032
0.4374416470527649
0.39463478326797485
0.4135301113128662
0.46919843554496765
0.44771936535835266
0.5446974039077759
0.4477733373641968
0.5462076663970947
0.4741913974285126
0.5714672207832336
0.4908214211463928
0.46612709760665894
0.4267203211784363
0.3376254737377167
0.44029706716537476
0.33778464794158936
0.695569634437561
0.23427535593509674
0.5421186685562134
0.5250160694122314
0.4389180839061737
0.3086283802986145
0.44541969895362854
0.5068134069442749
0.3103054165840149
0.6071321964263916
0.4556572437286377
0.344057559967041
0.3782189190387726
0.35674697160720825
0.373370885848999
0.18563850224018097
0.3488413095474243
0.38777661323547363
0.31012535095214844
0.4517197012901306
0.41049206256866455
0.38693490624427795
0.39636340737342834
0.40149062871932983
0.45492464303970337
0.45668646693229675
0.4064682722091675
0.2361127883195877
0.3598724603652954
0.24915753304958344
0.30760815739631653
0.3786579370498657
0.3486984074115753
0.5900831818580627
0.5364563465118408
0.31393101811408997
0.40987926721572876
0.476188063621521
0.394470751285553
0.3340415954589844
0.4927448630332947
0.5341628789901733
0.42457500100135803
0.2751067280769348
0.6699081659317017
0.49521753191947937
0.23988588154315948
0.6113777756690979
0.37110626697540283
0.6302351951599121
0.539523720741272
0.5367094278335571
0.3358885645866394
0.3764970898628235
0.50597083568573
0.32703661918640137
0.507922887802124
0.4839136004447937
0.3368545174598694
0.4042705297470093
0.4963025450706482
0.436717689037323
0.39662623405456543
0.34530937671661377
0.4615088403224945
0.35633325576782227
0.48324376344680786
0.29477769136428833
0.2976154088973999
0.35696685314178467
0.35836726427078247
0.399331271648407
0.37365108728408813
0.5142790079116821
0.4715437889099121
0.4444747567176819
0.46204474568367004
0.3344618082046509
0.45133960247039795
0.4238390326499939
0.4338673949241638
0.2633841335773468
0.4314734935760498
0.4593665897846222
0.3416251540184021
0.5012491941452026
0.4293877184391022
0.21518836915493011
0.29197001457214355
0.5335954427719116
0.2571098804473877
0.2977147102355957
0.3222564458847046
0.34520310163497925
0.5874059200286865
0.2253962904214859
0.4432113766670227
0.4399726390838623
0.533785343170166
0.5275959372520447
0.16707782447338104
0.3434895873069763
0.3885645866394043
0.28997620940208435
0.43997353315353394
0.5780818462371826
0.4283577799797058
0.4195612370967865
0.2857280969619751
0.4673555791378021
0.4168073534965515
0.39986300468444824
0.4551634192466736
0.3785279393196106
0.47367995977401733
0.4510999619960785
0.4799441993236542
0.4191644787788391
0.4009492099285126
0.3049567937850952
0.38198018074035645
0.5327444076538086
0.34775230288505554
0.2624523937702179
0.45948004722595215
0.25837385654449463
0.20875661075115204
0.49497634172439575
0.3912906050682068
0.6028188467025757
0.3477478623390198
0.43958771228790283
0.5819158554077148
0.3544791638851166
0.4732494354248047
0.4367293119430542
0.3255517780780792
0.3298090696334839
0.4890158772468567
0.4506057798862457
0.4060460031032562
0.3834678530693054
0.5193753242492676
0.48476821184158325
0.4448094367980957
0.4234474003314972
0.41963228583335876
0.48548513650894165
0.45018264651298523
0.372424453496933
0.3675272762775421
0.4298522174358368
0.5360414385795593
0.3741458058357239
0.5050641298294067
0.3530949354171753
0.40859028697013855
0.388933002948761
0.39852043986320496
0.42099207639694214
0.47820940613746643
0.39999622106552124
0.31074443459510803
0.32583609223365784
0.4746628999710083
0.3536219298839569
0.5776495337486267
0.5572766065597534
0.46066662669181824
0.46760720014572144
0.5239636898040771
0.2737676203250885
0.43809354305267334
0.4880514442920685
0.3469208776950836
0.4388313591480255
0.19271115958690643
0.45816558599472046
0.4633655846118927
0.3245232403278351
0.518159806728363
0.37030577659606934
0.45731768012046814
0.2607007324695587
0.21237589418888092
0.37916356325149536
0.32802149653434753
0.47846806049346924
0.4499915540218353
0.34260445833206177
0.5401655435562134
0.28939613699913025
0.28864586353302
0.5311635732650757
0.4220063388347626
0.3972253203392029
0.34740787744522095
0.525234043598175
0.3048071563243866
0.5030841827392578
0.3958410620689392
0.3889753818511963
0.5125347375869751
0.36600837111473083
0.4440346956253052
0.3057837188243866
0.33812013268470764
0.4130901098251343
0.41466015577316284
0.26533856987953186
0.3989090919494629
0.19599691033363342
0.39235562086105347
0.36253470182418823
0.41261574625968933
0.28748011589050293
0.33178800344467163
0.5114828944206238
0.4340663254261017
0.37302857637405396
0.43504729866981506
0.4489431083202362
0.3408067226409912
0.2441626489162445
0.3416558504104614
0.41203808784484863
0.2784508466720581
0.38755789399147034
0.5608243942260742
0.36078983545303345
0.4360869824886322
0.39293980598449707
0.2859436273574829
0.4870825409889221
0.23056533932685852
0.5239372253417969
0.19627901911735535
0.44594806432724
0.41933518648147583
0.38139453530311584
0.2654922306537628
0.35492557287216187
0.4068397283554077
0.3550845980644226
0.21488629281520844
0.4434889853000641
0.31162989139556885
0.4041864573955536
0.4587347209453583
0.44550710916519165
0.24732299149036407
0.47154948115348816
0.37587493658065796
0.35153383016586304
0.3612311780452728
0.38745856285095215
0.4088170528411865
0.25102972984313965
0.5318385362625122
0.4173806309700012
0.4314475655555725
0.4751994013786316
0.49467793107032776
0.42848995327949524
0.34044933319091797
0.3772363066673279
0.6769633293151855
0.3635132908821106
0.43600136041641235
0.3250487446784973
0.3908674716949463
0.3990967273712158
0.4084399342536926
0.34557604789733887
0.3529260754585266
0.32359617948532104
0.36559659242630005
0.35732972621917725
0.3740285038948059
0.355617880821228
0.3687872886657715
0.32034963369369507
0.43827128410339355
0.40855830907821655
0.36773037910461426
0.33345627784729004
0.31328925490379333
0.35681045055389404
0.4877661466598511
0.26509392261505127
0.5835186243057251
0.23818957805633545
0.36750152707099915
0.2700418531894684
0.43786728382110596
0.35669320821762085
0.42250946164131165
0.43907058238983154
0.2817286252975464
0.30741411447525024
0.36453092098236084
0.19723467528820038
0.4462050199508667
0.6351543664932251
0.4896508455276489
0.44822338223457336
0.34694957733154297
0.5839933156967163
0.45123374462127686
0.5003156661987305
0.4988781213760376
0.3445219397544861
0.5385842323303223
0.3683807849884033
0.42990642786026
0.4308093786239624
0.40071743726730347
0.4596656262874603
0.2944334149360657
0.5324700474739075
0.44695499539375305
0.7687650918960571
0.3210659921169281
0.3380868434906006
0.4269029498100281
0.5060915946960449
0.42046499252319336
0.5583919882774353
0.25447243452072144
0.362737774848938
0.21827532351016998
0.2480754852294922
0.48012402653694153
0.36937737464904785
0.44158807396888733
0.2981010973453522
0.4515956938266754
0.45484501123428345
0.32077544927597046
0.36994320154190063
0.2744879424571991
0.31702089309692383
0.5193604826927185
0.39147889614105225
0.38764968514442444
0.47846806049346924
0.5735202431678772
0.40294763445854187
0.4779290556907654
0.47878122329711914
0.5264159440994263
0.46781274676322937
0.440274715423584
0.3480920195579529
0.43413180112838745
0.5883878469467163
0.33431971073150635
0.43239185214042664
0.5293608903884888
0.301857590675354
0.4065505564212799
0.5701858997344971
0.32022130489349365
0.37986260652542114
0.3349735736846924
0.5721446871757507
0.26769423484802246
0.3517095744609833
0.44729727506637573
0.4533873200416565
0.39938274025917053
0.4812813401222229
0.41867002844810486
0.2210112363100052
0.3900146484375
0.46461933851242065
0.44823157787323
0.4408471882343292
0.34156763553619385
0.4361160397529602
0.44939571619033813
0.41380876302719116
0.46954479813575745
0.5018569231033325
0.3732993006706238
0.4751768708229065
0.4844817519187927
0.4014812409877777
0.3716071844100952
0.4900137782096863
0.2907261848449707
0.3271592855453491
0.289066880941391
0.5594342947006226
0.37393367290496826
0.48437365889549255
0.321832537651062
0.3417093753814697
0.3825504183769226
0.27198266983032227
0.5918973088264465
0.2903103828430176
0.30682843923568726
0.3338225185871124
0.4341898560523987
0.4955884516239166
0.5189489722251892
0.45307278633117676
0.4082295298576355
0.55965656042099
0.47092384099960327
0.6183421611785889
0.30812978744506836
0.385150671005249
0.44028276205062866
0.444776326417923
0.5049538016319275
0.35879719257354736
0.4604819416999817
0.4067249894142151
0.3833617568016052
0.35796093940734863
0.3655925393104553
0.5212977528572083
0.20691409707069397
0.5728566646575928
0.38396701216697693
0.455121785402298
0.4362831115722656
0.5835806131362915
0.6047627925872803
0.49209702014923096
0.4200700521469116
0.4259377121925354
0.5268983840942383
0.4371839165687561
0.4925495982170105
0.2560585141181946
0.4028731882572174
0.5196727514266968
0.5028911828994751
0.4373782277107239
0.5418561697006226
0.5896463394165039
0.47931092977523804
0.44677069783210754
0.6375317573547363
0.4349261522293091
0.3491154909133911
0.41243427991867065
0.3500433564186096
0.4696381390094757
0.5484382510185242
0.5197439193725586
0.4524540901184082
0.4118555784225464
0.616034746170044
0.2907751798629761
0.4314141273498535
0.454502135515213
0.4582751989364624
0.4973311126232147
0.5386486053466797
0.2770243287086487
0.3292406499385834
0.32981958985328674
0.4907294511795044
0.46453797817230225
0.421088844537735
0.24772001802921295
0.4602365493774414
0.32443058490753174
0.5793617367744446
0.3093099892139435
0.3780289590358734
0.3885865807533264
0.39972907304763794
0.41651391983032227
0.3169052302837372
0.4869254231452942
0.38095319271087646
0.350070059299469
0.43776649236679077
0.60890793800354
0.40293535590171814
0.401375949382782
0.4372127950191498
0.34904783964157104
0.37103554606437683
0.3425544798374176
0.24567700922489166
0.44804883003234863
0.1822776347398758
0.23871062695980072
0.3081075847148895
0.4245980978012085
0.42907145619392395
0.35997721552848816
0.3691944479942322
0.44155845046043396
0.4591023325920105
0.3921221196651459
0.30201444029808044
0.49720945954322815
0.4561383128166199
0.4198310971260071
0.3113584518432617
0.41614097356796265
0.45255374908447266
0.3878680467605591
0.33782732486724854
0.3541961908340454
0.21421317756175995
0.37407243251800537
0.4090014100074768
0.3410434424877167
0.3039116859436035
0.48624032735824585
0.4303027391433716
0.3055404722690582
0.3913031816482544
0.4423697292804718
0.4466053247451782
0.2464025765657425
0.328177809715271
0.2812095284461975
0.1934225708246231
0.24679811298847198
0.34740135073661804
0.4156256914138794
0.489871621131897
0.40258434414863586
0.3618519604206085
0.3258957266807556
0.403927206993103
0.3312796652317047
0.6258220672607422
0.31927573680877686
0.5196619629859924
0.4005510210990906
0.27932849526405334
0.27754372358322144
0.40699732303619385
0.5351633429527283
0.2710855305194855
0.2861332297325134
0.46655821800231934
0.2950894832611084
0.4500495195388794
0.26109182834625244
0.3480898439884186
0.4394036531448364
0.40600067377090454
0.38396966457366943
0.32182735204696655
0.24303580820560455
0.33775264024734497
0.29257506132125854
0.2385096698999405
0.31362104415893555
0.4212915897369385
0.43942514061927795
0.4587647318840027
0.41550910472869873
0.3868570923805237
0.5441043972969055
0.36284148693084717
0.32801538705825806
0.40401703119277954
0.5446648001670837
0.45285525918006897
0.2662278413772583
0.5612321496009827
0.4562622308731079
0.3188868463039398
0.2636913061141968
0.4620775878429413
0.533596396446228
0.44983598589897156
0.31750646233558655
0.5134812593460083
0.42087942361831665
0.4418014883995056
0.3328627347946167
0.376274973154068
0.40120428800582886
0.5197113752365112
0.4849459230899811
0.48064202070236206
0.48255741596221924
0.5526143908500671
0.37449461221694946
0.5795847177505493
0.3820890784263611
0.44825485348701477
0.3438958525657654
0.46692657470703125
0.5938942432403564
0.26304805278778076
0.5341341495513916
0.4946415424346924
0.5259220004081726
0.3881576657295227
0.2523144483566284
0.29593926668167114
0.4610973298549652
0.22721993923187256
0.42894014716148376
0.42519649863243103
0.3094818592071533
0.3811036944389343
0.3907635807991028
0.5722435712814331
0.5404850244522095
0.24906380474567413
0.26592546701431274
0.31733036041259766
0.2853882312774658
0.41377806663513184
0.43175530433654785
0.26850762963294983
0.5744135975837708
0.39831775426864624
0.23861756920814514
0.3700249195098877
0.39994508028030396
0.41765546798706055
0.33929622173309326
0.3817541301250458
0.5066431164741516
0.5311926603317261
0.5960513353347778
0.5107264518737793
0.2788205146789551
0.5374757051467896
0.5469737648963928
0.6500754952430725
0.43552958965301514
0.5515196919441223
0.32637518644332886
0.28751340508461
0.36115580797195435
0.34910428524017334
0.4609624445438385
0.37599658966064453
0.40497902035713196
0.5703803300857544
0.35772642493247986
0.3592488169670105
0.5520845651626587
0.2401784509420395
0.34102100133895874
0.4122390151023865
0.6406452655792236
0.46753230690956116
0.283426433801651
0.549323558807373
0.36999404430389404
0.453116774559021
0.5513095855712891
0.40766441822052
0.4498656392097473
0.44917482137680054
0.5854799151420593
0.29736363887786865
0.46739262342453003
0.3397179841995239
0.5441949367523193
0.33187443017959595
0.5649312734603882
0.5925953984260559
0.43950822949409485
0.369682252407074
0.26430338621139526
0.3055878281593323
0.5200737714767456
0.41406336426734924
0.29789984226226807
0.4208587408065796
0.5594695806503296
0.3349790573120117
0.5237336754798889
0.15368174016475677
0.429843932390213
0.5535508394241333
0.4049481153488159
0.4828302264213562
0.6256754398345947
0.3383498191833496
0.4715264141559601
0.4091094136238098
0.2692827880382538
0.4167385399341583
0.35064661502838135
0.33977025747299194
0.5640169978141785
0.5096497535705566
0.5148791074752808
0.37711596488952637
0.30327725410461426
0.5534704327583313
0.3591434955596924
0.5350712537765503
0.3062063455581665
0.30131036043167114
0.6100142002105713
0.30449819564819336
0.30299490690231323
0.35132238268852234
0.39743345975875854
0.6786679029464722
0.6046630144119263
0.36717331409454346
0.4913320541381836
0.5478249788284302
0.2984565496444702
0.42785146832466125
0.3610590100288391
0.3731905221939087
0.38791710138320923
0.49973082542419434
0.5197349786758423
0.2912219166755676
0.45158684253692627
0.43284302949905396
0.466471791267395
0.4271095395088196
0.47764381766319275
0.35457438230514526
0.3250623941421509
0.4872995913028717
0.43947774171829224
0.560051679611206
0.34390708804130554
0.39445650577545166
0.48218196630477905
0.4275399446487427
0.5788397789001465
0.4133586585521698
0.3084738254547119
0.48829150199890137
0.34006935358047485
0.44386112689971924
0.43259286880493164
0.47492265701293945
0.21408994495868683
0.4090147614479065
0.3290359377861023
0.6273630261421204
0.348796546459198
0.41832107305526733
0.42392921447753906
0.3102458417415619
0.3415916860103607
0.6000312566757202
0.33359724283218384
0.4034140110015869
0.23354415595531464
0.5167049169540405
0.4169689416885376
0.5325336456298828
0.35729843378067017
0.24038361012935638
0.48593348264694214
0.48006194829940796
0.354392945766449
0.2312917709350586
0.6438121795654297
0.4484834671020508
0.3988170027732849
0.4183168113231659
0.46172451972961426
0.5547951459884644
0.4058775305747986
0.18194113671779633
0.4190085828304291
0.4232717752456665
0.49284082651138306
0.46923065185546875
0.3471038341522217
0.4137375056743622
0.4954376220703125
0.2483617514371872
0.4700808525085449
0.33950746059417725
0.35885879397392273
0.34956082701683044
0.45702511072158813
0.5358668565750122
0.3361130654811859
0.37822043895721436
0.4206845164299011
0.45560115575790405
0.18740256130695343
0.3508196473121643
0.32903337478637695
0.4447300136089325
0.28773510456085205
0.4316084384918213
0.5446954965591431
0.3244943916797638
0.3932557702064514
0.41378653049468994
0.4188544452190399
0.4685763716697693
0.2764327824115753
0.36009424924850464
0.34662413597106934
0.37783804535865784
0.5475071668624878
0.6414837837219238
0.39602890610694885
0.6162980794906616
0.5065118074417114
0.42802783846855164
0.36717191338539124
0.37279564142227173
0.2975330054759979
0.2956711947917938
0.5315330028533936
0.5756011009216309
0.32717251777648926
0.46969544887542725
0.5357340574264526
0.22300253808498383
0.5749230980873108
0.5398711562156677
0.24154941737651825
0.3771543502807617
0.32903042435646057
0.6497116684913635
0.3492777347564697
0.4606884717941284
0.4787003993988037
0.48860639333724976
0.6849719285964966
0.3861433267593384
0.40927401185035706
0.6695474982261658
0.4968624711036682
0.42865613102912903
0.4133263826370239
0.33947762846946716
0.44640034437179565
0.3765242099761963
0.6377591490745544
0.5960915088653564
0.42084652185440063
0.5887846946716309
0.39572715759277344
0.478110671043396
0.3996357023715973
0.4251691699028015
0.2987431585788727
0.3643871247768402
0.4161166548728943
0.4116697907447815
0.39911073446273804
0.3280399739742279
0.4610522985458374
0.32364916801452637
0.46127551794052124
0.5416148900985718
0.4198557436466217
0.5188418030738831
0.3634418249130249
0.4512951076030731
0.34737688302993774
0.42125898599624634
0.5389495491981506
0.4746142625808716
0.34260958433151245
0.33203262090682983
0.32381024956703186
0.32341840863227844
0.5429290533065796
0.426239937543869
0.4059986472129822
0.5272585153579712
0.5227585434913635
0.48490503430366516
0.4470580816268921
0.4760117828845978
0.498485803604126
0.5377109050750732
0.3495992422103882
0.36807310581207275
0.5834184288978577
0.32635173201560974
0.4070800542831421
0.4202795922756195
0.4417833685874939
0.34187182784080505
0.38417747616767883
0.353087842464447
0.38601866364479065
0.4957180917263031
0.5562434792518616
0.3796831965446472
0.34931421279907227
0.5072290897369385
0.5629974603652954
0.3284875154495239
0.4430471956729889
0.3301902711391449
0.5534573793411255
0.3105959892272949
0.43191373348236084
0.517967164516449
0.6751556396484375
0.5109154582023621
0.4382408857345581
0.5643887519836426
0.4796336591243744
0.32684803009033203
0.5795376300811768
0.371429979801178
0.4532662034034729
0.5036410093307495
0.5078459978103638
0.3649132251739502
0.4903069734573364
0.4900168478488922
0.3977968096733093
0.3838503956794739
0.39238035678863525
0.30847084522247314
0.4684814214706421
0.361717164516449
0.4639870524406433
0.29458919167518616
0.37060049176216125
0.3001565933227539
0.5108910799026489
0.12731163203716278
0.473266065120697
0.45087742805480957
0.5357344150543213
0.4166768789291382
0.3788130581378937
0.3364295959472656
0.39554309844970703
0.24528788030147552
0.38620486855506897
0.4995819330215454
0.47239989042282104
0.40872716903686523
0.5051637887954712
0.50691819190979
0.4397042691707611
0.4788929522037506
0.289202481508255
0.24491462111473083
0.48972806334495544
0.39305076003074646
0.37719452381134033
0.46889728307724
0.36977487802505493
0.5343037843704224
0.41268956661224365
0.3561238944530487
0.3549068570137024
0.30101579427719116
0.4811568856239319
0.38322970271110535
0.2584577202796936
0.4433708190917969
0.5721192359924316
0.43694889545440674
0.5310463309288025
0.27286216616630554
0.45118504762649536
0.5348209738731384
0.34090811014175415
0.22016212344169617
0.49753284454345703
0.3031482696533203
0.5180467367172241
0.4411509037017822
0.4965091943740845
0.34877240657806396
0.4904658794403076
0.26919296383857727
0.5490521192550659
0.47778618335723877
0.4469375014305115
0.3948917090892792
0.34025323390960693
0.44746196269989014
0.3600795567035675
0.46923062205314636
0.4043891429901123
0.2988324761390686
0.43570828437805176
0.5950120687484741
0.4816704988479614
0.335824191570282
0.29078710079193115
0.3697373867034912
0.49173542857170105
0.33313655853271484
0.2895422577857971
0.41717371344566345
0.32108426094055176
0.48891252279281616
0.4674961268901825
0.19568774104118347
0.381415456533432
0.3410569429397583
0.5632278919219971
0.3932272791862488
0.41292238235473633
0.42678892612457275
0.3740326166152954
0.44313180446624756
0.3619053363800049
0.20911552011966705
0.27209270000457764
0.38808000087738037
0.3260183334350586
0.35145461559295654
0.38554856181144714
0.461656391620636
0.5060056447982788
0.5421482920646667
0.58919358253479
0.538628339767456
0.5709993839263916
0.4254651665687561
0.5781886577606201
0.5063933730125427
0.4584694802761078
0.3715154528617859
0.4477056860923767
0.3329017758369446
0.3550902009010315
0.49552106857299805
0.36025184392929077
0.5414979457855225
0.3378421664237976
0.3499363362789154
0.38956519961357117
0.3186521828174591
0.42637550830841064
0.4852633774280548
0.5043102502822876
0.4667937159538269
0.45580461621284485
0.31389790773391724
0.4245971441268921
0.3291999101638794
0.5241235494613647
0.496383935213089
0.35508275032043457
0.3088972270488739
0.27016180753707886
0.4295499324798584
0.23013998568058014
0.30957841873168945
0.31518054008483887
0.38623249530792236
0.6198381185531616
0.3799639940261841
0.5979279279708862
0.35064661502838135
0.2854744791984558
0.3924368917942047
0.4391273856163025
0.212943434715271
0.3483053147792816
0.3969649076461792
0.3989526927471161
0.3238930106163025
0.1698542684316635
0.21710535883903503
0.16594986617565155
0.38552504777908325
0.42997995018959045
0.29995328187942505
0.2887350916862488
0.372459352016449
0.341829776763916
0.5518195629119873
0.40467673540115356
0.22634808719158173
0.22824595868587494
0.3384171426296234
0.5377563238143921
0.41728517413139343
0.504855751991272
0.5119893550872803
0.42877477407455444
0.3587234914302826
0.33723121881484985
0.36212918162345886
0.4067702889442444
0.5778701305389404
0.6044657230377197
0.36703169345855713
0.4002031087875366
0.5762138366699219
0.47429877519607544
0.6106334924697876
0.46577489376068115
0.5082527995109558
0.4062761664390564
0.2604818344116211
0.47463804483413696
0.2747798264026642
0.32546544075012207
0.5071892738342285
0.28044795989990234
0.22483161091804504
0.3464192748069763
0.5400260090827942
0.290743350982666
0.4762260615825653
0.3381595313549042
0.513276219367981
0.42277538776397705
0.5394387245178223
0.23096486926078796
0.33783817291259766
0.38783013820648193
0.4803003668785095
0.5268263220787048
0.26043733954429626
0.45835795998573303
0.48696520924568176
0.5543988943099976
0.3648248612880707
0.349394828081131
0.49659425020217896
0.4566236734390259
0.4858279228210449
0.3158806562423706
0.2874078154563904
0.44101959466934204
0.47709882259368896
0.39361435174942017
0.2871735692024231
0.362903356552124
0.3088623583316803
0.33898410201072693
0.35220643877983093
0.40537208318710327
0.4086761474609375
0.29386603832244873
0.5917772650718689
0.4196398854255676
0.37730178236961365
0.4365920424461365
0.44328826665878296
0.28437715768814087
0.45559197664260864
0.45319122076034546
0.2878416180610657
0.5334360599517822
0.4002368152141571
0.31110888719558716
0.33836475014686584
0.3599136471748352
0.21026243269443512
0.6174436807632446
0.6121511459350586
0.5317652225494385
0.47608649730682373
0.6142956018447876
0.30899643898010254
0.5291961431503296
0.30983665585517883
0.3290306627750397
0.5066553354263306
0.40857601165771484
0.5382125377655029
0.4719730019569397
0.36082640290260315
0.4556496739387512
0.31499868631362915
0.47221487760543823
0.3196001946926117
0.2674441933631897
0.462409645318985
0.2984299063682556
0.40591737627983093
0.47532373666763306
0.4636739194393158
0.4233242869377136
0.298268586397171
0.3663026690483093
0.44936230778694153
0.3457415997982025
0.31913402676582336
0.6130781173706055
0.34019386768341064
0.4513894319534302
0.3543035387992859
0.3165193796157837
0.34642744064331055
0.6320472955703735
0.20620152354240417
0.4866657257080078
0.35900160670280457
0.6478332281112671
0.5005525946617126
0.4869522452354431
0.3524594306945801
0.4799664616584778
0.39260056614875793
0.4398673176765442
0.4031361937522888
0.4641520082950592
0.4511069059371948
0.2158472239971161
0.5689254999160767
0.350566565990448
0.36942148208618164
0.3484245836734772
0.41944193840026855
0.3960292935371399
0.497615784406662
0.3284280300140381
0.5078190565109253
0.34107595682144165
0.5165302157402039
0.37269315123558044
0.34714818000793457
0.41787922382354736
0.3844645917415619
0.5162119269371033
0.33401212096214294
0.46075376868247986
0.5709781646728516
0.22195826470851898
0.41059789061546326
0.4293988347053528
0.39463090896606445
0.41568639874458313
0.36147600412368774
0.4552886486053467
0.4400191903114319
0.3964007496833801
0.5164155960083008
0.40260040760040283
0.42840641736984253
0.375567227602005
0.3728043735027313
0.3366855978965759
0.39864012598991394
0.3581797182559967
0.39676421880722046
0.47878479957580566
0.3396172821521759
0.4417824149131775
0.38754159212112427
0.3063948154449463
0.3519099950790405
0.4880475103855133
0.5520176887512207
0.43158307671546936
0.5125272274017334
0.38729482889175415
0.4884553849697113
0.5437631011009216
0.2608266770839691
0.39585018157958984
0.31785812973976135
0.24993954598903656
0.2925906777381897
0.31688663363456726
0.2753995656967163
0.31357765197753906
0.4976575970649719
0.42741090059280396
0.3622186481952667
0.3462470769882202
0.44855743646621704
0.3846052885055542
0.49098923802375793
0.3426854610443115
0.5443779230117798
0.3685961365699768
0.48843085765838623
0.5675677061080933
0.42099469900131226
0.37310564517974854
0.4352763295173645
0.23386681079864502
0.2804303765296936
0.2839354872703552
0.4776454567909241
0.5396170616149902
0.4088880121707916
0.2999846935272217
0.2987312972545624
0.5402208566665649
0.3048173785209656
0.3074257969856262
0.4456412196159363
0.40446799993515015
0.44884687662124634
0.367262065410614
0.5426586866378784
0.3208957314491272
0.3316401243209839
0.43946725130081177
0.36413729190826416
0.32979026436805725
0.5361694693565369
0.3933243751525879
0.3507934808731079
0.4061349034309387
0.3960687518119812
0.2963007092475891
0.40227454900741577
0.3900601267814636
0.35045838356018066
0.34421807527542114
0.43100297451019287
0.24434374272823334
0.26396071910858154
0.6117463111877441
0.32181188464164734
0.25654736161231995
0.29344242811203003
0.5370181798934937
0.45927315950393677
0.27047210931777954
0.4694064259529114
0.4531186819076538
0.3804098069667816
0.34501075744628906
0.3131077289581299
0.45981040596961975
0.3814660906791687
0.3837878704071045
0.3758329749107361
0.4852352440357208
0.5494918823242188
0.48186197876930237
0.48601776361465454
0.2991577088832855
0.48629626631736755
0.41379886865615845
0.48142480850219727
0.3253289461135864
0.35636353492736816
0.41403108835220337
0.35925382375717163
0.4161190390586853
0.5768694877624512
0.39481163024902344
0.35227516293525696
0.49622994661331177
0.43541473150253296
0.3584822118282318
0.2784213125705719
0.2801492214202881
0.2410307377576828
0.25354140996932983
0.5320225358009338
0.42102694511413574
0.4368378520011902
0.3578948974609375
0.2900012135505676
0.46272706985473633
0.44882068037986755
0.17744584381580353
0.4999468922615051
0.28577035665512085
0.4918210506439209
0.20181195437908173
0.5512549877166748
0.4332510232925415
0.27598845958709717
0.35144174098968506
0.27160751819610596
0.36625510454177856
0.42859745025634766
0.31235548853874207
0.4684546887874603
0.3028296232223511
0.5739165544509888
0.2956240773200989
0.3842719495296478
0.4751455783843994
0.3488934636116028
0.3962230682373047
0.43930956721305847
0.4760463237762451
0.4034423232078552
0.3487089276313782
0.5835718512535095
0.3210304379463196
0.5752921104431152
0.5370206832885742
0.4256551265716553
0.5750522613525391
0.38347136974334717
0.4857192635536194
0.44978880882263184
0.5417541861534119
0.4476233422756195
0.23804065585136414
0.569400429725647
0.38682395219802856
0.3683391809463501
0.3586629629135132
0.5149108171463013
0.5793716907501221
0.3842579126358032
0.3430657982826233
0.48231640458106995
0.3712567687034607
0.5139690041542053
0.4915580451488495
0.23556825518608093
0.48947378993034363
0.401127427816391
0.41530007123947144
0.25639456510543823
0.4937330484390259
0.41903549432754517
0.4251704812049866
0.5455060601234436
0.3959103226661682
0.2635077238082886
0.44226035475730896
0.38876307010650635
0.5124841928482056
0.4581756889820099
0.5014991760253906
0.414424329996109
0.33083391189575195
0.2910465896129608
0.4122236371040344
0.2791438102722168
0.4097610414028168
0.282461017370224
0.4280816316604614
0.2994364798069
0.2953115701675415
0.16588811576366425
0.3486706614494324
0.45486822724342346
0.5645486116409302
0.4531245231628418
0.45505011081695557
0.39744406938552856
0.4357623755931854
0.4187990427017212
0.3245311379432678
0.5612436532974243
0.3566477596759796
0.43874281644821167
0.42828568816185
0.3447449803352356
0.22794435918331146
0.558463454246521
0.5724563598632812
0.31521010398864746
0.42548543214797974
0.3022567927837372
0.4298112988471985
0.3997005820274353
0.4617796540260315
0.4115836024284363
0.46614575386047363
0.2502555251121521
0.23923997581005096
0.3282722532749176
0.470030277967453
0.3869219124317169
0.40547889471054077
0.5556403398513794
0.3598385751247406
0.2835841178894043
0.2769794166088104
0.4296770691871643
0.6291561126708984
0.4397789239883423
0.4104081988334656
0.3220564126968384
0.2335016280412674
0.5127293467521667
0.29115164279937744
0.33748751878738403
0.5070565342903137
0.3474324941635132
0.37126123905181885
0.4554106295108795
0.2434978038072586
0.2683762013912201
0.24955622851848602
0.5541122555732727
0.43979865312576294
0.49973201751708984
0.3744165897369385
0.45907509326934814
0.20614273846149445
0.3151628375053406
0.3715454339981079
0.5032768845558167
0.3875972628593445
0.48960524797439575
0.3986377716064453
0.37527918815612793
0.5976178646087646
0.4580913782119751
0.4271663427352905
0.518569827079773
0.423874169588089
0.26829084753990173
0.2556838393211365
0.3042241036891937
0.45052570104599
0.4997521638870239
0.45065921545028687
0.4712072014808655
0.3273286819458008
0.2516922652721405
0.4179697334766388
0.514792799949646
0.47090622782707214
0.39220964908599854
0.4000489115715027
0.3890889286994934
0.33412712812423706
0.41674089431762695
0.4114496409893036
0.3942108154296875
0.3623839318752289
0.32682108879089355
0.3475562334060669
0.3536468744277954
0.44455504417419434
0.4782389998435974
0.44888192415237427
0.5712538957595825
0.3578950762748718
0.47750386595726013
0.28054291009902954
0.3682209253311157
0.27643829584121704
0.4669075012207031
0.43961137533187866
0.37657952308654785
0.3909948468208313
0.6413475275039673
0.36080771684646606
0.39692819118499756
0.5629763603210449
0.5699929594993591
0.478023886680603
0.32585614919662476
0.31230464577674866
0.3707863986492157
0.47250691056251526
0.4238038659095764
0.45983603596687317
0.19060976803302765
0.36194443702697754
0.5209242105484009
0.42229127883911133
0.5458136796951294
0.32889074087142944
0.4982059895992279
0.3846621513366699
0.35669100284576416
0.5068175196647644
0.49131548404693604
0.43609747290611267
0.39439842104911804
0.3221013844013214
0.4129452109336853
0.2311622053384781
0.49952614307403564
0.41738906502723694
0.3097485899925232
0.5369665622711182
0.222133606672287
0.38288116455078125
0.36875036358833313
0.446935772895813
0.4404689073562622
0.5790050029754639
0.2954346537590027
0.22887460887432098
0.495380163192749
0.3328319489955902
0.1788005232810974
0.31468290090560913
0.46819090843200684
0.4036782383918762
0.4748315215110779
0.48523712158203125
0.3066255450248718
0.2954351305961609
0.5928643941879272
0.3321352005004883
0.3491160273551941
0.3192758560180664
0.206819549202919
0.43257129192352295
0.5170960426330566
0.5747387409210205
0.3057500422000885
0.6474717855453491
0.43797987699508667
0.20542217791080475
0.592214822769165
0.4931773245334625
0.39477744698524475
0.2871023714542389
0.45987561345100403
0.3553796112537384
0.1451495885848999
0.4044371247291565
0.5181739926338196
0.3703065514564514
0.4331696927547455
0.2939513921737671
0.48807305097579956
0.3994860053062439
0.5789147615432739
0.3897777795791626
0.47300636768341064
0.454142689704895
0.4137643873691559
0.5058554410934448
0.3432419002056122
0.4741920828819275
0.3697516918182373
0.43500787019729614
0.3452829122543335
0.49552905559539795
0.4626895487308502
0.376883327960968
0.3688293993473053
0.5081732273101807
0.4132271409034729
0.430099219083786
0.4272865653038025
0.33617162704467773
0.5069339275360107
0.5347223281860352
0.4527163505554199
0.34706491231918335
0.4087011218070984
0.42799413204193115
0.18491230905056
0.37137269973754883
0.4675261378288269
0.47460541129112244
0.3306153416633606
0.3880136013031006
0.40697407722473145
0.3674730360507965
0.5330584049224854
0.39665529131889343
0.49021321535110474
0.46770578622817993
0.624335527420044
0.4363231360912323
0.3725685775279999
0.5382757186889648
0.4141155779361725
0.4413938522338867
0.5503897666931152
0.520416796207428
0.5722877383232117
0.5537399053573608
0.35619091987609863
0.31266653537750244
0.4356338083744049
0.2842596769332886
0.4928785562515259
0.3884318172931671
0.5935871005058289
0.35212722420692444
0.3017844557762146
0.3930308222770691
0.46592989563941956
0.29585888981819153
0.5190642476081848
0.40846744179725647
0.43610891699790955
0.5676394104957581
0.3609216511249542
0.49838101863861084
0.6517198085784912
0.4120694398880005
0.4002474248409271
0.318793386220932
0.41538184881210327
0.30411285161972046
0.43062645196914673
0.5984859466552734
0.47040867805480957
0.33473119139671326
0.41647571325302124
0.5121081471443176
0.3918353319168091
0.23953841626644135
0.46457791328430176
0.440163791179657
0.3692502975463867
0.3122590184211731
0.14874902367591858
0.4001075327396393
0.45930495858192444
0.36873430013656616
0.370092511177063
0.4262605905532837
0.3435755968093872
0.3044257164001465
0.6440013647079468
0.5085304379463196
0.31244009733200073
0.4222100079059601
0.3882271647453308
0.4221550226211548
0.23550273478031158
0.3912605047225952
0.47139689326286316
0.3819097876548767
0.3959944248199463
0.5028612613677979
0.49867022037506104
0.4016856551170349
0.31133657693862915
0.3109636604785919
0.4160417318344116
0.44778841733932495
0.517543375492096
0.31356948614120483
0.12096569687128067
0.4976519048213959
0.3715887665748596
0.4603443145751953
0.4012972116470337
0.23014871776103973
0.4117366075515747
0.5411652326583862
0.45849353075027466
0.36915895342826843
0.4930453300476074
0.6118693351745605
0.4602273106575012
0.45421379804611206
0.38399797677993774
0.49242308735847473
0.49677491188049316
0.598343551158905
0.33452269434928894
0.44219446182250977
0.550342857837677
0.40983882546424866
0.3198567032814026
0.30103370547294617
0.24329088628292084
0.3908792734146118
0.37193945050239563
0.36541545391082764
0.48299089074134827
0.42425352334976196
0.29735633730888367
0.330061674118042
0.3040928840637207
0.35349103808403015
0.4361127018928528
0.3851672112941742
0.3978567123413086
0.5561591386795044
0.3424482047557831
0.32653921842575073
0.3783416748046875
0.4388141930103302
0.3790055513381958
0.4499738812446594
0.41551756858825684
0.5598299503326416
0.40392041206359863
0.3781849443912506
0.4105510711669922
0.48493391275405884
0.47725173830986023
0.3160788416862488
0.4010009765625
0.33973628282546997
0.5715707540512085
0.25255119800567627
0.3755403459072113
0.4984584450721741
0.3529115915298462
0.3952793478965759
0.29049769043922424
0.3042777180671692
0.3924351632595062
0.3095102310180664
0.18397478759288788
0.3987027108669281
0.3650333285331726
0.15694215893745422
0.5635864734649658
0.45824337005615234
0.5126181840896606
0.3247879445552826
0.4659135341644287
0.37866365909576416
0.4794635772705078
0.4150386452674866
0.38255804777145386
0.3623731732368469
0.47988975048065186
0.5058655738830566
0.4881576895713806
0.5492297410964966
0.3961201310157776
0.5754554271697998
0.3762318193912506
0.3059968948364258
0.6487170457839966
0.28698602318763733
0.3538275957107544
0.33701902627944946
0.5812596082687378
0.4628780484199524
0.33316993713378906
0.6086616516113281
0.3497903347015381
0.3701680600643158
0.33641189336776733
0.2390189915895462
0.4198511838912964
0.5204497575759888
0.3884681463241577
0.5002179145812988
0.39810729026794434
0.43940842151641846
0.4755561947822571
0.49240994453430176
0.2680370509624481
0.5439227819442749
0.26639997959136963
0.35783594846725464
0.5228078961372375
0.28950148820877075
0.3618108630180359
0.2481396645307541
0.2718695402145386
0.3793354630470276
0.41940927505493164
0.33851486444473267
0.3055770993232727
0.43290048837661743
0.2959167957305908
0.3271237015724182
0.2978319823741913
0.39612895250320435
0.3674198389053345
0.34173426032066345
0.31764379143714905
0.39357680082321167
0.3870081901550293
0.43690580129623413
0.37759384512901306
0.4546123743057251
0.4309784471988678
0.2706775665283203
0.5210041999816895
0.2937314510345459
0.2853713929653168
0.4050048589706421
0.5568863153457642
0.332893431186676
0.22443248331546783
0.43882715702056885
0.6142619848251343
0.42128100991249084
0.43711185455322266
0.39974427223205566
0.4480699896812439
0.5095022916793823
0.5126205682754517
0.5921082496643066
0.5709415078163147
0.5718255043029785
0.350023090839386
0.550879716873169
0.42162859439849854
0.3557475805282593
0.4565340280532837
0.29285886883735657
0.42839252948760986
0.41605210304260254
0.372876912355423
0.28571343421936035
0.3633687198162079
0.47040867805480957
0.26420849561691284
0.29568028450012207
0.42675697803497314
0.3658002018928528
0.4761306047439575
0.29970723390579224
0.35466110706329346
0.3586786091327667
0.4665672779083252
0.43545690178871155
0.3883051872253418
0.3477727770805359
0.23658733069896698
0.5982460975646973
0.47984036803245544
0.39988958835601807
0.47472313046455383
0.68190598487854
0.3328207731246948
0.4811336398124695
0.37675100564956665
0.3819058835506439
0.43759584426879883
0.24391449987888336
0.32554519176483154
0.47427552938461304
0.3448215425014496
0.46558061242103577
0.31356310844421387
0.4575170576572418
0.4606016278266907
0.4941628873348236
0.4712449312210083
0.5036435127258301
0.4874078631401062
0.3335729241371155
0.51114821434021
0.27066728472709656
0.4087182879447937
0.3670511841773987
0.4163286089897156
0.2546197175979614
0.17546294629573822
0.4626895487308502
0.3793477416038513
0.37242281436920166
0.33818721771240234
0.4454076886177063
0.3639601767063141
0.24682669341564178
0.3811183571815491
0.44320446252822876
0.29006168246269226
0.4462296962738037
0.5402798652648926
0.5990116596221924
0.3838249742984772
0.3229677081108093
0.3183000981807709
0.40478822588920593
0.30946773290634155
0.4855058491230011
0.42660751938819885
0.3177502751350403
0.3049449920654297
0.5329066514968872
0.22882498800754547
0.4469406008720398
0.33778318762779236
0.4383084774017334
0.15661923587322235
0.47227972745895386
0.46866631507873535
0.3778243064880371
0.556860625743866
0.35216230154037476
0.265508234500885
0.3419545292854309
0.37396639585494995
0.5793672204017639
0.5308133959770203
0.3743683397769928
0.46112489700317383
0.4435880780220032
0.40412306785583496
0.2777162790298462
0.331015408039093
0.21211321651935577
0.5256726741790771
0.3036487102508545
0.2748037278652191
0.43600136041641235
0.42042461037635803
0.2729036211967468
0.3780968487262726
0.5079435110092163
0.5103983283042908
0.4781641960144043
0.33854255080223083
0.5462060570716858
0.26406943798065186
0.3920462727546692
0.45055854320526123
0.3506161570549011
0.37626323103904724
0.4188200831413269
0.27037644386291504
0.29677292704582214
0.3957151174545288
0.18720413744449615
0.2715746760368347
0.39383286237716675
0.5450197458267212
0.5242933034896851
0.4702267646789551
0.3386920690536499
0.4138641357421875
0.3884176015853882
0.44748514890670776
0.3419734537601471
0.5355315208435059
0.4730457365512848
0.2933938205242157
0.4435029923915863
0.3925325274467468
0.49120673537254333
0.2907181978225708
0.36061257123947144
0.25452500581741333
0.30994075536727905
0.3700004816055298
0.4781818389892578
0.21387553215026855
0.27296334505081177
0.3663843870162964
0.24040807783603668
0.24848811328411102
0.4086049497127533
0.4789518713951111
0.47878289222717285
0.514943540096283
0.6681190729141235
0.48094189167022705
0.5611958503723145
0.4222225844860077
0.3872324824333191
0.4189997911453247
0.4036068618297577
0.25755465030670166
0.32544034719467163
0.42492085695266724
0.40461820363998413
0.4126572608947754
0.45098641514778137
0.5030003190040588
0.39814281463623047
0.36013466119766235
0.1951199620962143
0.3329342007637024
0.4167160391807556
0.3948858976364136
0.3219234347343445
0.49653881788253784
0.35208743810653687
0.36680757999420166
0.44045400619506836
0.39381593465805054
0.38066554069519043
0.42318493127822876
0.43829256296157837
0.2698591947555542
0.3380023241043091
0.3846527934074402
0.5379762649536133
0.4085214138031006
0.24824590981006622
0.43775978684425354
0.48694127798080444
0.2990495562553406
0.41129565238952637
0.4709987938404083
0.2394547313451767
0.3334752917289734
0.3178001642227173
0.5250586271286011
0.46841520071029663
0.317172646522522
0.6259757280349731
0.44941186904907227
0.2692584991455078
0.42694613337516785
0.5344020128250122
0.34846216440200806
0.40729662775993347
0.5618036985397339
0.4872317612171173
0.4606519937515259
0.5247577428817749
0.5382184982299805
0.3856242299079895
0.5346196889877319
0.3979535400867462
0.35859566926956177
0.3895191550254822
0.48064354062080383
0.558257520198822
0.4971773624420166
0.5468006134033203
0.5539666414260864
0.2696939706802368
0.46378040313720703
0.3315012454986572
0.4157792031764984
0.5193394422531128
0.2878261208534241
0.41113603115081787
0.4690985083580017
0.38643062114715576
0.3819543123245239
0.42856311798095703
0.3690340220928192
0.23698554933071136
0.2585725486278534
0.5063607692718506
0.2797199785709381
0.4251042604446411
0.4295276701450348
0.41947877407073975
0.21521860361099243
0.2787151336669922
0.28273147344589233
0.4008667469024658
0.4907018542289734
0.39166060090065
0.3917499780654907
0.2503657341003418
0.49120986461639404
0.36672157049179077
0.26855647563934326
0.34520450234413147
0.3428720235824585
0.5821088552474976
0.4663504362106323
0.3037252426147461
0.35048526525497437
0.4223001003265381
0.42353758215904236
0.29966020584106445
0.3822166621685028
0.2521624267101288
0.4076105058193207
0.3729323744773865
0.39212167263031006
0.3332296907901764
0.5727483034133911
0.26502349972724915
0.43127870559692383
0.42947840690612793
0.44438427686691284
0.47533780336380005
0.6618608236312866
0.3367396593093872
0.3362460732460022
0.2784835398197174
0.28601187467575073
0.3482106328010559
0.4585266709327698
0.3777863383293152
0.318013072013855
0.554519772529602
0.6527168154716492
0.3630315661430359
0.49521270394325256
0.47600051760673523
0.42353591322898865
0.4653646945953369
0.3628222942352295
0.5737942457199097
0.5157631039619446
0.47364360094070435
0.33996105194091797
0.4773424565792084
0.5522470474243164
0.4479930102825165
0.2821986675262451
0.5170618891716003
0.2775641083717346
0.44067585468292236
0.3150177001953125
0.45769262313842773
0.44215723872184753
0.3669649362564087
0.4081617593765259
0.49359387159347534
0.3557904064655304
0.6095569133758545
0.27244049310684204
0.2695491909980774
0.4009166955947876
0.4970822334289551
0.49161267280578613
0.28888750076293945
0.4474523067474365
0.2786511182785034
0.5075998902320862
0.597200334072113
0.45903366804122925
0.38111984729766846
0.4005330502986908
0.35254889726638794
0.4201918840408325
0.37974298000335693
0.37378308176994324
0.38383495807647705
0.42222851514816284
0.27419692277908325
0.49108681082725525
0.5160459876060486
0.29179370403289795
0.27171140909194946
0.31091171503067017
0.418069064617157
0.3694055676460266
0.3144180178642273
0.2830686867237091
0.31671908497810364
0.5504710078239441
0.2735341191291809
0.41513240337371826
0.5048237442970276
0.3242332935333252
0.328808069229126
0.3890748620033264
0.32881560921669006
0.4795624017715454
0.3305879831314087
0.32564228773117065
0.11388607323169708
0.502926230430603
0.4262581467628479
0.3214520812034607
0.4802705645561218
0.40627461671829224
0.43551260232925415
0.5048960447311401
0.389104425907135
0.13351604342460632
0.43318551778793335
0.3252789378166199
0.3337477147579193
0.365816205739975
0.352126806974411
0.41962987184524536
0.38717275857925415
0.3158525228500366
0.41088443994522095
0.5497806668281555
0.47682350873947144
0.4823324680328369
0.40171360969543457
0.38275983929634094
0.41997653245925903
0.4379850924015045
0.35401371121406555
0.3764305114746094
0.3750724494457245
0.43053531646728516
0.3335372805595398
0.4416193664073944
0.463042676448822
0.5280336141586304
0.4967555105686188
0.4145333766937256
0.24842692911624908
0.5932298898696899
0.44038698077201843
0.40399640798568726
0.3166821599006653
0.4923889636993408
0.5937551259994507
0.5145975947380066
0.39301520586013794
0.3445635437965393
0.4719235897064209
0.3377721905708313
0.39440131187438965
0.3986918330192566
0.5031571984291077
0.3506401479244232
0.498308002948761
0.490445077419281
0.49864840507507324
0.5221922993659973
0.43441587686538696
0.5021195411682129
0.6095488667488098
0.3479457497596741
0.38890689611434937
0.3875660002231598
0.44279900193214417
0.30032914876937866
0.30203014612197876
0.31887245178222656
0.27340424060821533
0.5357340574264526
0.32148706912994385
0.42213737964630127
0.4400656819343567
0.5142678022384644
0.26822996139526367
0.28352195024490356
0.2669379413127899
0.44038015604019165
0.3237052857875824
0.3658120930194855
0.38526198267936707
0.37751245498657227
0.591913640499115
0.5530679225921631
0.4781733453273773
0.29594525694847107
0.194505512714386
0.488561749458313
0.38215380907058716
0.5197911262512207
0.49136313796043396
0.4826377034187317
0.4083784520626068
0.49871134757995605
0.4092153012752533
0.40127384662628174
0.31460702419281006
0.34973281621932983
0.34012603759765625
0.38626837730407715
0.6248213648796082
0.4468354880809784
0.2955639064311981
0.3934873342514038
0.4004560112953186
0.5734367370605469
0.42338788509368896
0.4228358566761017
0.36674582958221436
0.28935033082962036
0.3639584183692932
0.2891990542411804
0.4126969873905182
0.3808825612068176
0.4555211067199707
0.5487205982208252
0.42191869020462036
0.3602220416069031
0.3503553867340088
0.517738938331604
0.46118974685668945
0.30600231885910034
0.32944488525390625
0.2847682237625122
0.6402812600135803
0.3859741687774658
0.31883376836776733
0.3555489778518677
0.289856493473053
0.5912322998046875
0.4854884743690491
0.4576004147529602
0.2616123557090759
0.39674288034439087
0.3205294609069824
0.4226136803627014
0.30734360218048096
0.5714989900588989
0.4588357210159302
0.23279620707035065
0.4012972116470337
0.36011040210723877
0.3075668215751648
0.24104046821594238
0.5186192989349365
0.3244142532348633
0.5556952953338623
0.375618577003479
0.42752981185913086
0.5795668363571167
0.3063849210739136
0.3398513197898865
0.3379867672920227
0.48001959919929504
0.29794877767562866
0.36597153544425964
0.4513814449310303
0.409332811832428
0.35276561975479126
0.35781168937683105
0.3191676735877991
0.3134808838367462
0.46506839990615845
0.5126614570617676
0.3806039094924927
0.41499245166778564
0.21568813920021057
0.2910531461238861
0.3803064227104187
0.39220964908599854
0.5913984775543213
0.42660465836524963
0.5125442743301392
0.38354235887527466
0.708253026008606
0.21058857440948486
0.4020860195159912
0.4276794195175171
0.442110151052475
0.5106362104415894
0.34202349185943604
0.34834957122802734
0.4122099280357361
0.3263488709926605
0.49939781427383423
0.3257412910461426
0.37751829624176025
0.476431667804718
0.46371039748191833
0.3389946222305298
0.3453679382801056
0.39525866508483887
0.44265496730804443
0.39591097831726074
0.45756641030311584
0.19224797189235687
0.37341082096099854
0.3443135619163513
0.5265675783157349
0.398833304643631
0.32767975330352783
0.4488826394081116
0.3870443105697632
0.5494575500488281
0.371907114982605
0.34043484926223755
0.5745131969451904
0.5025590658187866
0.46143144369125366
0.4098820686340332
0.3030039072036743
0.2903929352760315
0.4644371271133423
0.44375133514404297
0.4201017916202545
0.5914556384086609
0.4098607897758484
0.6523178815841675
0.366576224565506
0.3766799569129944
0.2956281900405884
0.4903452396392822
0.43193283677101135
0.3041499853134155
0.39840632677078247
0.3936516046524048
0.46845269203186035
0.5723965167999268
0.30298054218292236
0.5371437072753906
0.41931843757629395
0.1900549679994583
0.2511845827102661
0.2395268678665161
0.30075496435165405
0.37651175260543823
0.37639516592025757
0.17243780195713043
0.381894052028656
0.4312111735343933
0.32642650604248047
0.4952644407749176
0.5951343774795532
0.4832099676132202
0.4319576025009155
0.30452433228492737
0.5686421394348145
0.42962759733200073
0.26065677404403687
0.5540169477462769
0.5744343400001526
0.42412298917770386
0.3696240186691284
0.25244277715682983
0.47696453332901
0.3058328628540039
0.32840824127197266
0.21580016613006592
0.3068472146987915
0.30631983280181885
0.4794979393482208
0.1496972143650055
0.3465282917022705
0.498687744140625
0.47748881578445435
0.23707793653011322
0.4071407914161682
0.4453917145729065
0.471239298582077
0.5857913494110107
0.33466672897338867
0.4949323534965515
0.46422669291496277
0.4508957266807556
0.5638918280601501
0.3374521732330322
0.40947964787483215
0.41919219493865967
0.29586273431777954
0.38055455684661865
0.3607008457183838
0.42341652512550354
0.49294334650039673
0.35808902978897095
0.12576967477798462
0.5770819187164307
0.3869110643863678
0.5391733050346375
0.48836055397987366
0.3960272967815399
0.25927072763442993
0.5375895500183105
0.41120946407318115
0.3593713939189911
0.5717557668685913
0.13253003358840942
0.28699642419815063
0.5133687257766724
0.42637521028518677
0.3110198974609375
0.3749275207519531
0.2842324376106262
0.41781750321388245
0.3637620806694031
0.4661233425140381
0.20318695902824402
0.49767667055130005
0.5616140961647034
0.23638172447681427
0.4369885325431824
0.29293879866600037
0.49368351697921753
0.37938135862350464
0.5352662801742554
0.4761415123939514
0.3068029284477234
0.4180220663547516
0.5302941799163818
0.36377856135368347
0.521087646484375
0.47154173254966736
0.5219963192939758
0.4632526636123657
0.3745472729206085
0.456798791885376
0.36773285269737244
0.509168267250061
0.27098000049591064
0.49979400634765625
0.5451570153236389
0.351473331451416
0.3335409164428711
0.2988207936286926
0.45206478238105774
0.5163105130195618
0.35901176929473877
0.30775508284568787
0.42860549688339233
0.3474999666213989
0.44870781898498535
0.5721778869628906
0.41189393401145935
0.3020651340484619
0.3488249182701111
0.35887622833251953
0.4302176237106323
0.35299158096313477
0.3211182653903961
0.6447978019714355
0.38888657093048096
0.3504454493522644
0.329486608505249
0.5217409133911133
0.2945261001586914
0.4584975838661194
0.45204436779022217
0.38871172070503235
0.4502583146095276
0.4459216296672821
0.3483245372772217
0.4903072714805603
0.3832465410232544
0.5318566560745239
0.5060687065124512
0.45635682344436646
0.4216817319393158
0.5063826441764832
0.3323126435279846
0.3914973735809326
0.517084002494812
0.3907400965690613
0.41417473554611206
0.42478492856025696
0.45086610317230225
0.38972458243370056
0.3946110010147095
0.5065864324569702
0.5157045722007751
0.3209661841392517
0.3925230801105499
0.39346030354499817
0.33601006865501404
0.4230392575263977
0.3485593795776367
0.3799087107181549
0.37742024660110474
0.3830605447292328
0.5320847034454346
0.2538072168827057
0.5324947834014893
0.41319507360458374
0.40106722712516785
0.41262131929397583
0.5711902379989624
0.4921014904975891
0.45431870222091675
0.38947564363479614
0.3658147156238556
0.4218689203262329
0.3307388424873352
0.39898133277893066
0.5384899377822876
0.3965008854866028
0.2496599704027176
0.4641726613044739
0.324921190738678
0.5489296317100525
0.3461800515651703
0.4609641432762146
0.4813932776451111
0.25296550989151
0.44349774718284607
0.26497572660446167
0.37283438444137573
0.2649505138397217
0.5273312926292419
0.2706155776977539
0.4460824131965637
0.25884348154067993
0.2899305522441864
0.394892156124115
0.46418511867523193
0.29915302991867065
0.3122303783893585
0.40995264053344727
0.47040867805480957
0.2659943103790283
0.5035306811332703
0.3464370369911194
0.4005569517612457
0.47777438163757324
0.3449804186820984
0.4239644408226013
0.2625282108783722
0.37020033597946167
0.3675879240036011
0.3425956964492798
0.3758459687232971
0.4986812472343445
0.30677658319473267
0.24771419167518616
0.2549864649772644
0.41341423988342285
0.6236706376075745
0.3556259572505951
0.4511377513408661
0.2918555438518524
0.3028135895729065
0.557612955570221
0.4615575671195984
0.32735034823417664
0.42067354917526245
0.4526677131652832
0.41030019521713257
0.4356325566768646
0.34384769201278687
0.5025922656059265
0.24853168427944183
0.16263775527477264
0.4445822238922119
0.4450976848602295
0.25227898359298706
0.3681037127971649
0.4617688059806824
0.3569101095199585
0.41239574551582336
0.36952823400497437
0.39793267846107483
0.3400793671607971
0.3520722985267639
0.49552977085113525
0.2673170566558838
0.38362008333206177
0.4625532031059265
0.42458096146583557
0.45936012268066406
0.4522853493690491
0.4276115298271179
0.4892270267009735
0.36195653676986694
0.4565173387527466
0.4185793995857239
0.39386653900146484
0.5860694646835327
0.49883848428726196
0.3834291696548462
0.3302789330482483
0.4039698541164398
0.578041136264801
0.5860230922698975
0.35714012384414673
0.4529663324356079
0.5365569591522217
0.4924245774745941
0.4224143624305725
0.30056095123291016
0.45360711216926575
0.3408352732658386
0.41055840253829956
0.37801384925842285
0.40135544538497925
0.3647436499595642
0.29508423805236816
0.5396309494972229
0.4557790160179138
0.2872178256511688
0.4458473026752472
0.4828230142593384
0.4526749849319458
0.3617281913757324
0.29103538393974304
0.4498990476131439
0.5126547813415527
0.5883878469467163
0.30898696184158325
0.6958737373352051
0.4366968870162964
0.5456894636154175
0.370736300945282
0.546144962310791
0.37229055166244507
0.3329644203186035
0.52858567237854
0.3314497172832489
0.4516192376613617
0.33057689666748047
0.3037440776824951
0.564599871635437
0.5877046585083008
0.45849183201789856
0.38662707805633545
0.3789193630218506
0.47741639614105225
0.3501965403556824
0.37200623750686646
0.5233906507492065
0.46174344420433044
0.5316249132156372
0.29137617349624634
0.324689656496048
0.3221241235733032
0.47645819187164307
0.3720766007900238
0.3435232639312744
0.48443031311035156
0.5101321935653687
0.5241627097129822
0.3440167009830475
0.4293545186519623
0.4053133726119995
0.5281466841697693
0.5283451676368713
0.27917638421058655
0.43809521198272705
0.5508836507797241
0.21707689762115479
0.4328439235687256
0.314748078584671
0.35103338956832886
0.2949102818965912
0.44191890954971313
0.565583348274231
0.41582831740379333
0.32426249980926514
0.37339580059051514
0.24388465285301208
0.4072128236293793
0.367547869682312
0.6839202642440796
0.674329400062561
0.41628289222717285
0.43829256296157837
0.4989359378814697
0.446686714887619
0.5026500225067139
0.4349520802497864
0.22052542865276337
0.4668158292770386
0.2927243709564209
0.27480876445770264
0.5046786665916443
0.4299929738044739
0.42026251554489136
0.21753130853176117
0.5804941058158875
0.3945614695549011
0.23712027072906494
0.42629826068878174
0.4916762709617615
0.43288612365722656
0.43153953552246094
0.4473852515220642
0.3613067865371704
0.4766685366630554
0.5287277102470398
0.4885339140892029
0.31199610233306885
0.40887588262557983
0.3303781747817993
0.42790067195892334
0.40162014961242676
0.2501637041568756
0.528639018535614
0.48775070905685425
0.27879494428634644
0.3636987805366516
0.476155549287796
0.3368000090122223
0.30794164538383484
0.3757544755935669
0.26859331130981445
0.37619900703430176
0.5011800527572632
0.5081768035888672
0.3357122838497162
0.40847399830818176
0.2570703625679016
0.3694556951522827
0.2530621886253357
0.28796154260635376
0.4629819989204407
0.34916138648986816
0.27726125717163086
0.5298862457275391
0.5538331270217896
0.487566739320755
0.33745092153549194
0.2150631994009018
0.494023859500885
0.30733591318130493
0.3904608190059662
0.5551176071166992
0.40749624371528625
0.4076882600784302
0.4017164707183838
0.501510500907898
0.38154885172843933
0.5004453063011169
0.5183194875717163
0.21867512166500092
0.32360202074050903
0.3649633824825287
0.3294593095779419
0.33265843987464905
0.44053274393081665
0.41728657484054565
0.47254878282546997
0.35110732913017273
0.419805109500885
0.4012925624847412
0.23234236240386963
0.33901816606521606
0.21366159617900848
0.30887430906295776
0.5378014445304871
0.41248416900634766
0.36778169870376587
0.4688307046890259
0.7423027753829956
0.3829093873500824
0.31278178095817566
0.45335978269577026
0.4822099804878235
0.42172473669052124
0.3974376618862152
0.4708291292190552
0.5857735276222229
0.3065566420555115
0.2835773229598999
0.532018780708313
0.24764420092105865
0.4806661009788513
0.4060823321342468
0.4240473508834839
0.40932321548461914
0.3629097044467926
0.36933353543281555
0.2861151397228241
0.3727703094482422
0.32251858711242676
0.3930078148841858
0.3400433659553528
0.3478078246116638
0.44462108612060547
0.40056097507476807
0.4698273837566376
0.3991889953613281
0.5975531339645386
0.46981677412986755
0.41594988107681274
0.5113467574119568
0.44881540536880493
0.5104138255119324
0.48425596952438354
0.43768081068992615
0.30107301473617554
0.36816489696502686
0.4722250998020172
0.267769992351532
0.46304625272750854
0.4385290741920471
0.33255505561828613
0.4008728265762329
0.3264726400375366
0.40455079078674316
0.5516932606697083
0.2051815688610077
0.3517170250415802
0.4311966300010681
0.4199177324771881
0.48984456062316895
0.31888461112976074
0.39672160148620605
0.501537561416626
0.2980181574821472
0.2712154984474182
0.38559168577194214
0.5995650291442871
0.2727069556713104
0.4698828160762787
0.45643579959869385
0.47928857803344727
0.3311956524848938
0.3245500326156616
0.31130778789520264
0.46441739797592163
0.4553155303001404
0.450912207365036
0.49074941873550415
0.33421775698661804
0.4682982861995697
0.4381905198097229
0.48327597975730896
0.47421830892562866
0.40408995747566223
0.46465861797332764
0.483319491147995
0.43331819772720337
0.36250337958335876
0.49069440364837646
0.3328445255756378
0.2918202877044678
0.34921151399612427
0.25993281602859497
0.4263664782047272
0.39286479353904724
0.3810848295688629
0.3976655602455139
0.48686277866363525
0.5523275136947632
0.407362163066864
0.2272626757621765
0.33532875776290894
0.5605918169021606
0.4365714192390442
0.3003730773925781
0.23520886898040771
0.40512722730636597
0.4060390591621399
0.3440297842025757
0.19404204189777374
0.4600006341934204
0.5508482456207275
0.4812782406806946
0.558716893196106
0.48267513513565063
0.4746004641056061
0.3651507496833801
0.4337632358074188
0.41816455125808716
0.4537218511104584
0.5634168386459351
0.6027518510818481
0.46198832988739014
0.5043143033981323
0.5494177937507629
0.3744913935661316
0.3043167293071747
0.2984296679496765
0.203245148062706
0.191681370139122
0.3524486720561981
0.38753482699394226
0.4702807068824768
0.22917211055755615
0.5439062118530273
0.6000760197639465
0.4076116383075714
0.4853849411010742
0.3245352804660797
0.3669126033782959
0.6731119155883789
0.5126547813415527
0.3003070056438446
0.3589950501918793
0.5435131788253784
0.27118659019470215
0.2220626324415207
0.4214635193347931
0.44704535603523254
0.4609895646572113
0.21029679477214813
0.35521966218948364
0.38831472396850586
0.38569897413253784
0.3793104290962219
0.49755579233169556
0.3477317690849304
0.4403421878814697
0.30981165170669556
0.4179663062095642
0.2807134985923767
0.4969300627708435
0.375008761882782
0.31064265966415405
0.5885422229766846
0.48531806468963623
0.49016445875167847
0.5345380902290344
0.5398222208023071
0.30325761437416077
0.29976746439933777
0.4333401024341583
0.14851339161396027
0.2599020004272461
0.36586862802505493
0.4663059115409851
0.3545306921005249
0.3569942116737366
0.37853965163230896
0.4871464967727661
0.2989688813686371
0.3243061304092407
0.26364582777023315
0.3772936463356018
0.4811328649520874
0.4183894395828247
0.539219856262207
0.3736628293991089
0.40497106313705444
0.5009098649024963
0.31776443123817444
0.38115009665489197
0.4433307647705078
0.3501270115375519
0.482842355966568
0.2871946692466736
0.38677316904067993
0.4023858308792114
0.33026158809661865
0.4782360792160034
0.24784882366657257
0.27224278450012207
0.4886196255683899
0.5036200284957886
0.3686329424381256
0.3784028887748718
0.4404112696647644
0.4830021858215332
0.258905291557312
0.4278424382209778
0.3765734136104584
0.6027058362960815
0.49454063177108765
0.44959181547164917
0.48400014638900757
0.5246020555496216
0.5275188684463501
0.4087659418582916
0.4838947057723999
0.2805069088935852
0.3886195421218872
0.4738897681236267
0.3408108949661255
0.45015156269073486
0.4632330536842346
0.44167521595954895
0.36346620321273804
0.4537050127983093
0.31965962052345276
0.5581401586532593
0.5766092538833618
0.48366639018058777
0.41066253185272217
0.5628904700279236
0.30799400806427
0.5633646845817566
0.4775437116622925
0.5124043226242065
0.5197852849960327
0.393215537071228
0.2757907211780548
0.473766028881073
0.47275418043136597
0.478126585483551
0.38387978076934814
0.14450933039188385
0.4978318512439728
0.40085697174072266
0.3881417512893677
0.3763795495033264
0.5034286975860596
0.4666948914527893
0.4330572485923767
0.37650635838508606
0.22623221576213837
0.42737799882888794
0.47551602125167847
0.346091628074646
0.4631144106388092
0.3998938202857971
0.14795659482479095
0.35606828331947327
0.42765676975250244
0.4062626361846924
0.4951050877571106
0.533730149269104
0.5634154677391052
0.3238160014152527
0.44098860025405884
0.5128656625747681
0.3404654860496521
0.4723431468009949
0.3195563852787018
0.4724386930465698
0.36782413721084595
0.38060668110847473
0.6262251138687134
0.5525680184364319
0.42777490615844727
0.42092373967170715
0.40456050634384155
0.4283210039138794
0.318068265914917
0.36441195011138916
0.39851221442222595
0.39026981592178345
0.40686386823654175
0.3748951852321625
0.5304526686668396
0.34281599521636963
0.4279171824455261
0.28507038950920105
0.40291398763656616
0.40735936164855957
0.5082430839538574
0.4628875255584717
0.3508365750312805
0.48337388038635254
0.33609721064567566
0.2988271713256836
0.5017107725143433
0.39185190200805664
0.34811854362487793
0.24390745162963867
0.5794572830200195
0.5154370069503784
0.5686142444610596
0.403556227684021
0.34906476736068726
0.5388481020927429
0.39340436458587646
0.4327198565006256
0.40334993600845337
0.3404441475868225
0.31110554933547974
0.45716965198516846
0.24928413331508636
0.2930105924606323
0.40798458456993103
0.4236333668231964
0.4618951380252838
0.3862444758415222
0.3868790864944458
0.41352295875549316
0.39639315009117126
0.46238088607788086
0.381187379360199
0.4158366322517395
0.5303100943565369
0.2526029944419861
0.31205078959465027
0.3406393229961395
0.6135993599891663
0.3053215444087982
0.3942270278930664
