0.4081079959869385
0.5498784780502319
0.4435030221939087
0.4770238995552063
0.41012609004974365
0.5467761754989624
0.44132155179977417
0.3878931999206543
0.6000963449478149
0.4790898561477661
0.48114317655563354
0.494015634059906
0.4088199734687805
0.5841264724731445
0.48274433612823486
0.45191824436187744
0.40116214752197266
0.4736074209213257
0.4645269513130188
0.41848134994506836
0.4960535168647766
0.45473212003707886
0.36120790243148804
0.43680691719055176
0.5182129740715027
0.5618094205856323
0.4744710326194763
0.4515637755393982
0.4480956196784973
0.498684287071228
0.41214287281036377
0.614995002746582
0.44865578413009644
0.5008050799369812
0.4584052562713623
0.5581870675086975
0.6248239874839783
0.43704867362976074
0.4394037127494812
0.46274805068969727
0.5177010893821716
0.4528151750564575
0.46359699964523315
0.41337430477142334
0.3976151943206787
0.47030502557754517
0.5194302201271057
0.5219410061836243
0.4966367483139038
0.5225397944450378
0.6726869940757751
0.5083106160163879
0.48087161779403687
0.4690852165222168
0.4513658881187439
0.585001528263092
0.43312472105026245
0.6003627777099609
0.4132075309753418
0.4007032513618469
0.41695696115493774
0.49866098165512085
0.556537389755249
0.44832444190979004
0.5620801448822021
0.49390649795532227
0.4130503535270691
0.47063982486724854
0.5336020588874817
0.6810252666473389
0.4861537218093872
0.571337878704071
0.6165096759796143
0.49157464504241943
0.6918673515319824
0.3484531044960022
0.3238676190376282
0.4398195147514343
0.36715006828308105
0.38086599111557007
0.3814484477043152
0.4350994825363159
0.40201127529144287
0.4078664183616638
0.441247820854187
0.4242205023765564
0.4811673164367676
0.6587097644805908
0.4204251170158386
0.5837666988372803
0.5554602146148682
0.47581160068511963
0.43542444705963135
0.40124988555908203
0.5312263369560242
0.43244969844818115
0.6758012175559998
0.4387872815132141
0.3986031413078308
0.5025094747543335
0.40186917781829834
0.5450278520584106
0.4678863286972046
0.4181903600692749
0.5117073059082031
0.4962877631187439
0.4386839270591736
0.5890995264053345
0.4379146099090576
0.43019503355026245
0.47294890880584717
0.3496798276901245
0.6114494800567627
0.548798143863678
0.516140878200531
0.6618158221244812
0.5471811890602112
0.432587206363678
0.5063599348068237
0.4209831953048706
0.43264973163604736
0.4102327823638916
0.3682525157928467
0.39085549116134644
0.44466471672058105
0.5054537653923035
0.4449458718299866
0.5661109685897827
0.5235109329223633
0.45775097608566284
0.476115345954895
0.6601575613021851
0.4646322727203369
0.47579818964004517
0.5789327621459961
0.5099729895591736
0.5731303691864014
0.49447572231292725
0.44015932083129883
0.4544289708137512
0.4983293414115906
0.46275442838668823
0.4765373468399048
0.331714928150177
0.5148921608924866
0.43297630548477173
0.3854786157608032
0.4248921871185303
0.5387614965438843
0.3529781103134155
0.4752025604248047
0.41781121492385864
0.5478273630142212
0.40496790409088135
0.45818251371383667
0.40841609239578247
0.4989045262336731
0.37400561571121216
0.44367384910583496
0.4895018935203552
0.44837963581085205
0.39609742164611816
0.5333438515663147
0.4569329619407654
0.4640533924102783
0.6311774849891663
0.5129584670066833
0.40760916471481323
0.451723575592041
0.3698054552078247
0.5111992955207825
0.46042829751968384
0.4701206088066101
0.3726152777671814
0.5991641283035278
0.44954127073287964
0.5496395230293274
0.4815930128097534
0.4469919800758362
0.4579830765724182
0.4423098564147949
0.46492111682891846
0.493061363697052
0.44019216299057007
0.47358739376068115
0.5788441896438599
0.41361576318740845
0.6318585872650146
0.4511634111404419
0.5170767307281494
0.5022130608558655
0.3937233090400696
0.49063408374786377
0.45927929878234863
0.4427039623260498
0.3884590268135071
0.4618304967880249
0.44204115867614746
0.513215184211731
0.36972475051879883
0.5763300657272339
0.35374361276626587
0.5269468426704407
0.38465797901153564
0.48532557487487793
0.4686828851699829
0.5626991391181946
0.4794192910194397
0.4393094778060913
0.4971163868904114
0.4215342402458191
0.3500940203666687
0.5170350670814514
0.42667949199676514
0.5091877579689026
0.4000307321548462
0.4951061010360718
0.4818241000175476
0.4990837574005127
0.47993212938308716
0.6002100110054016
0.47493088245391846
0.5537599325180054
0.36647266149520874
0.5155705213546753
0.5473389029502869
0.5406054258346558
0.33969658613204956
0.4777126908302307
0.4645771384239197
0.4629877209663391
0.4537147879600525
0.6101378202438354
0.4260249137878418
0.4521375298500061
0.5862563848495483
0.5647526383399963
0.521625280380249
0.5747093558311462
0.433790922164917
0.5508526563644409
0.5386249423027039
0.4213173985481262
0.5253642797470093
0.5106201767921448
0.492489218711853
0.5306597352027893
0.47411125898361206
0.483521044254303
0.5925320386886597
0.5432454347610474
0.48748379945755005
0.5003682374954224
0.5047566890716553
0.5080645084381104
0.5019395351409912
0.6038473844528198
0.5145382285118103
0.5092306733131409
0.6084715723991394
0.4654582142829895
0.43378281593322754
0.4185476303100586
0.4531174302101135
0.5360649824142456
0.4198790192604065
0.5410537719726562
0.4926053285598755
0.4232981204986572
0.3143118619918823
0.4847366213798523
0.5621994733810425
0.4808189868927002
0.4629535675048828
0.45367538928985596
0.4448396563529968
0.6227670907974243
0.4744672179222107
0.5649589896202087
0.40486449003219604
0.46687960624694824
0.528434693813324
0.6263542771339417
0.486008882522583
0.4603075385093689
0.4840884208679199
0.444868803024292
0.46353739500045776
0.45531076192855835
0.6802624464035034
0.5394577980041504
0.4218795895576477
0.44306159019470215
0.3843387961387634
0.41890692710876465
0.43501484394073486
0.5306629538536072
0.3762669563293457
0.5125340223312378
0.4996500015258789
0.5058091878890991
0.4559638500213623
0.5009958744049072
0.42127758264541626
0.5928127765655518
0.6147631406784058
0.5708674788475037
0.4938979148864746
0.6181355118751526
0.5236411690711975
0.4948467016220093
0.5768470764160156
0.42823326587677
0.6299840807914734
0.5296623110771179
0.7090052366256714
0.5505241751670837
0.5735772252082825
0.5421041250228882
0.5291069149971008
0.45922815799713135
0.42958980798721313
0.5357945561408997
0.4802358150482178
0.3552178740501404
0.5951349139213562
0.3707837462425232
0.39373648166656494
0.41805124282836914
0.5743730068206787
0.34484797716140747
0.5287936925888062
0.5715149641036987
0.49113398790359497
0.4492267370223999
0.3273202180862427
0.580364465713501
0.502443790435791
0.6532956957817078
0.4436876177787781
0.4645550847053528
0.5217068791389465
0.5704680681228638
0.4227260947227478
0.566339373588562
0.4429031014442444
0.38353168964385986
0.4728485941886902
0.47659868001937866
0.49178820848464966
0.46372413635253906
0.40712350606918335
0.4661577343940735
0.4624970555305481
0.6110036969184875
0.4259968400001526
0.4261062741279602
0.5652488470077515
0.6781245470046997
0.5693387985229492
0.4476584196090698
0.5933746099472046
0.46172791719436646
0.5576852560043335
0.5546759963035583
0.6064890027046204
0.543175458908081
0.32854336500167847
0.5483969449996948
0.3961331248283386
0.5922361612319946
0.5147516131401062
0.5285229682922363
0.465273380279541
0.4829663634300232
0.4493829607963562
0.47343534231185913
0.5086961984634399
0.4395564794540405
0.41481250524520874
0.5805500745773315
0.6820006370544434
0.6650683283805847
0.5367542505264282
0.4818955063819885
0.6264957189559937
0.40823471546173096
0.4464797377586365
0.5030147433280945
0.541271984577179
0.44008880853652954
0.5826174020767212
0.4995887875556946
0.5276188850402832
0.5928527116775513
0.5167952179908752
0.6107422709465027
0.6185004711151123
0.5046795010566711
0.4413679838180542
0.3796214461326599
0.42758941650390625
0.5838797688484192
0.5133963227272034
0.42418307065963745
0.6264159679412842
0.48780274391174316
0.4832276701927185
0.5162585973739624
0.46012234687805176
0.434282124042511
0.5139861106872559
0.4784952998161316
0.38152098655700684
0.3826054334640503
0.7400639653205872
0.5400265455245972
0.5017078518867493
0.3509187698364258
0.49003517627716064
0.37836945056915283
0.4433858394622803
0.5435048341751099
0.5286609530448914
0.5350466370582581
0.38369429111480713
0.5782473087310791
0.3588113784790039
0.6382825374603271
0.3617476224899292
0.43189239501953125
0.38583725690841675
0.5153362154960632
0.5808883309364319
0.48916810750961304
0.4527977705001831
0.562860369682312
0.46728068590164185
0.4322107434272766
0.5951818227767944
0.3558374047279358
0.46705085039138794
0.4737107753753662
0.46655768156051636
0.4037562608718872
0.3669309616088867
0.4562092423439026
0.3973410725593567
0.4745781421661377
0.43218886852264404
0.5447495579719543
0.4571666717529297
0.49692046642303467
0.5209922194480896
0.5685394406318665
0.5266764760017395
0.5627434253692627
0.5800781846046448
0.6750569343566895
0.5264298319816589
0.5784891247749329
0.4361147880554199
0.39858150482177734
0.5818725824356079
0.5413367748260498
0.4973270297050476
0.5595344305038452
0.5615874528884888
0.562617301940918
0.5636436343193054
0.4402196407318115
0.4660378694534302
0.48260390758514404
0.45698022842407227
0.5147795677185059
0.47735345363616943
0.37150877714157104
0.5368508696556091
0.46739745140075684
0.5249935984611511
0.4738742709159851
0.4814358353614807
0.5094599723815918
0.4492649435997009
0.6101089715957642
0.3816049098968506
0.5269447565078735
0.595751166343689
0.49312520027160645
0.46695321798324585
0.48009538650512695
0.5585281848907471
0.4468920826911926
0.5285540819168091
0.4398394227027893
0.5554690361022949
0.5465937852859497
0.6960989236831665
0.5441148281097412
0.4595488905906677
0.4272875189781189
0.5331292152404785
0.43666696548461914
0.5355521440505981
0.4276260733604431
0.618870735168457
0.6192381381988525
0.6257728338241577
0.47224313020706177
0.5167955160140991
0.47154808044433594
0.45578378438949585
0.47734105587005615
0.3790995478630066
0.5843845009803772
0.5105377435684204
0.479952871799469
0.5830235481262207
0.5266650915145874
0.38647788763046265
0.6255936622619629
0.5020657181739807
0.5810894966125488
0.5309946537017822
0.6186292171478271
0.5188555121421814
0.4655855894088745
0.5144728422164917
0.5303941369056702
0.41100311279296875
0.6432150602340698
0.6074751615524292
0.4887235164642334
0.5335098505020142
0.5757317543029785
0.4261690378189087
0.38718879222869873
0.46605730056762695
0.46120941638946533
0.5113492012023926
0.5542566776275635
0.43204057216644287
0.36341238021850586
0.4199867844581604
0.5184071660041809
0.5083964467048645
0.406059205532074
0.5324267148971558
0.35510051250457764
0.5199871063232422
0.4372195601463318
0.5579483509063721
0.4959656596183777
0.5595654249191284
0.6347706913948059
0.5230578780174255
0.4697223901748657
0.4531523585319519
0.4665442705154419
0.5409666895866394
0.48537886142730713
0.38870203495025635
0.5239320993423462
0.517230212688446
0.47675132751464844
0.5610117316246033
0.3729791045188904
0.5179852247238159
0.269751638174057
0.4334104061126709
0.5863769054412842
0.5316988229751587
0.4899628758430481
0.5423344969749451
0.4622928500175476
0.47478294372558594
0.45114898681640625
0.4331352710723877
0.3626710772514343
0.5687999129295349
0.48497462272644043
0.5996137261390686
0.29442811012268066
0.41341811418533325
0.49616456031799316
0.5119168162345886
0.5208724141120911
0.4311497211456299
0.44620490074157715
0.3822020888328552
0.4812356233596802
0.4960596561431885
0.5394009947776794
0.3657544255256653
0.377385675907135
0.3792387843132019
0.4980005621910095
0.3672406077384949
0.3158348798751831
0.464611291885376
0.4552817940711975
0.5887668132781982
0.37672215700149536
0.47825610637664795
0.5538256764411926
0.6313668489456177
0.508389949798584
0.5187633633613586
0.38939428329467773
0.4911820888519287
0.46328479051589966
0.6605761051177979
0.5947034358978271
0.5162813663482666
0.64669269323349
0.5187440514564514
0.42899394035339355
0.37060546875
0.5044857859611511
0.5785537362098694
0.37931299209594727
0.43936264514923096
0.390552282333374
0.4489218592643738
0.4300123453140259
0.4908255934715271
0.41673147678375244
0.4135945439338684
0.5853260159492493
0.4751474857330322
0.4905877113342285
0.6347764730453491
0.5279181599617004
0.41239839792251587
0.5129466652870178
0.4677375555038452
0.6314634084701538
0.5519708395004272
0.5572470426559448
0.47923922538757324
0.44677960872650146
0.3948015570640564
0.5285458564758301
0.5458175539970398
0.44455963373184204
0.4499303698539734
0.5709490180015564
0.45114898681640625
0.572974443435669
0.45044249296188354
0.3816843032836914
0.3921475410461426
0.5611943602561951
0.48705971240997314
0.4317295551300049
0.5474436283111572
0.589543342590332
0.5563317537307739
0.454190731048584
0.4687519669532776
0.46129655838012695
0.3655303716659546
0.5065202116966248
0.30761098861694336
0.5539042949676514
0.5523992776870728
0.49847471714019775
0.5397263169288635
0.45967328548431396
0.5662851929664612
0.45677614212036133
0.610280454158783
0.5168370604515076
0.5549523830413818
0.40073204040527344
0.46362197399139404
0.6098034381866455
0.47026264667510986
0.4168040156364441
0.42046797275543213
0.5285112261772156
0.34450840950012207
0.5270643830299377
0.4366009831428528
0.39421045780181885
0.4681641459465027
0.5535705089569092
0.3875774145126343
0.596187949180603
0.5791117548942566
0.5584272146224976
0.5652117729187012
0.6658025979995728
0.4906773567199707
0.6057459115982056
0.4976678490638733
0.44768083095550537
0.46612459421157837
0.5735688805580139
0.4747508764266968
0.5476027727127075
0.3915879726409912
0.42508453130722046
0.383370041847229
0.5060709714889526
0.46096497774124146
0.49916625022888184
0.40429288148880005
0.5052465200424194
0.5042608380317688
0.5875300168991089
0.4913039207458496
0.5252647995948792
0.41694438457489014
0.5010620355606079
0.660342812538147
0.5843557119369507
0.3948354125022888
0.45906972885131836
0.4227389097213745
0.6246566772460938
0.4228318929672241
0.51177978515625
0.4588473439216614
0.4505804777145386
0.543749213218689
0.5423269271850586
0.3823240399360657
0.4761321544647217
0.5941309332847595
0.47408634424209595
0.44177061319351196
0.4594964385032654
0.5025138854980469
0.4733591079711914
0.41061073541641235
0.4994211196899414
0.5391638875007629
0.5650040507316589
0.4170038104057312
0.4284047484397888
0.4852980375289917
0.4227784276008606
0.4602925777435303
0.4037865996360779
0.4257432222366333
0.39752310514450073
0.34303945302963257
0.42572587728500366
0.4712708592414856
0.5478048920631409
0.4223150610923767
0.565175473690033
0.5431830286979675
0.42560839653015137
0.5324419736862183
0.5629134178161621
0.49394530057907104
0.4435766339302063
0.4495922923088074
0.5662522315979004
0.6527038216590881
0.525544285774231
0.4205906391143799
0.47865748405456543
0.4024180769920349
0.6156942844390869
0.5565507411956787
0.42614632844924927
0.4171188473701477
0.42022573947906494
0.5428658723831177
0.5620018243789673
0.4461216330528259
0.39533162117004395
0.4797556400299072
0.4903419613838196
0.4299672842025757
0.5040160417556763
0.695083737373352
0.6940979957580566
0.3766317367553711
0.45621711015701294
0.4079519510269165
0.4771456718444824
0.3276059031486511
0.5467984676361084
0.5104225873947144
0.4632376432418823
0.5708961486816406
0.36176812648773193
0.33180350065231323
0.4564076066017151
0.5664495229721069
0.47769659757614136
0.35803812742233276
0.4992370009422302
0.5555986166000366
0.38155221939086914
0.38205575942993164
0.5524245500564575
0.4575462341308594
0.44484007358551025
0.35864830017089844
0.48786312341690063
0.48352646827697754
0.4942692518234253
0.5588585734367371
0.4069582223892212
0.5984062552452087
0.6095203757286072
0.4448243975639343
0.568084716796875
0.5686279535293579
0.381649374961853
0.4799867272377014
0.5596534013748169
0.7806503772735596
0.5904291868209839
0.3874392509460449
0.524009108543396
0.41884952783584595
0.49961334466934204
0.40925127267837524
0.4412376284599304
0.5093079209327698
0.37067514657974243
0.40592753887176514
0.395057737827301
0.5639727115631104
0.34349894523620605
0.5126748085021973
0.5715029835700989
0.48446762561798096
0.42005282640457153
0.4019073247909546
0.4263838529586792
0.4228248596191406
0.5655468106269836
0.4288381338119507
0.4625006914138794
0.5338610410690308
0.4776722192764282
0.42136597633361816
0.572065532207489
0.45355653762817383
0.6367149949073792
0.47602760791778564
0.4323282837867737
0.4002513289451599
0.45329684019088745
0.45508718490600586
0.5361566543579102
0.4482344388961792
0.33158057928085327
0.3708294630050659
0.4703632593154907
0.6775174140930176
0.3610294461250305
0.40449488162994385
0.44351881742477417
0.5453962683677673
0.4505544900894165
0.6044870018959045
0.5069330930709839
0.3534711003303528
0.4614229202270508
0.4496188759803772
0.3923564553260803
0.47534042596817017
0.6583091020584106
0.600094199180603
0.4488082528114319
0.45319777727127075
0.43132805824279785
0.4438409209251404
0.6841230392456055
0.4370502829551697
0.41216176748275757
0.5588870644569397
0.5749316811561584
0.6387494802474976
0.4238661527633667
0.5862226486206055
0.5015414953231812
0.4213540554046631
0.38670098781585693
0.42912906408309937
0.5333855152130127
0.47066205739974976
0.37734711170196533
0.4423273205757141
0.41041284799575806
0.47170597314834595
0.5126414895057678
0.5336118936538696
0.5165059566497803
0.532272219657898
0.3979129195213318
0.5411350131034851
0.4231293797492981
0.5724894404411316
0.5602598190307617
0.5433380007743835
0.4426591396331787
0.36964476108551025
0.5614078044891357
0.452572762966156
0.46882832050323486
0.47492581605911255
0.4178471565246582
0.5305057764053345
0.47990620136260986
0.6054058074951172
0.5223748087882996
0.4061976671218872
0.40844792127609253
0.42593199014663696
0.5589418411254883
0.47886592149734497
0.5307415723800659
0.5401763319969177
0.49311405420303345
0.48678112030029297
0.49269092082977295
0.4502373933792114
0.5151340365409851
0.5261154770851135
0.5580178499221802
0.5025998950004578
0.5706048011779785
0.5062699913978577
0.514789879322052
0.4655956029891968
0.3710596561431885
0.4335889220237732
0.47915107011795044
0.4992477297782898
0.4130253195762634
0.5035441517829895
0.4209374189376831
0.4678979516029358
0.4418025612831116
0.5279008746147156
0.5463135838508606
0.597467303276062
0.5015198588371277
0.4743168354034424
0.41587042808532715
0.45111995935440063
0.5052937269210815
0.4820430278778076
0.3706831932067871
0.6778508424758911
0.44899076223373413
0.562290370464325
0.42971324920654297
0.3932275176048279
0.47543883323669434
0.471473753452301
0.5770165920257568
0.4577428698539734
0.4522460699081421
0.5631729364395142
0.5083855986595154
0.4893273711204529
0.42794305086135864
0.4380040764808655
0.5126309394836426
0.4040449857711792
0.3655303716659546
0.4190549850463867
0.5314746499061584
0.5093103051185608
0.6122236251831055
0.47056448459625244
0.5348726511001587
0.4925162196159363
0.4877607226371765
0.4476167559623718
0.4523473381996155
0.501178503036499
0.4336666464805603
0.5548125505447388
0.5149788856506348
0.3553735017776489
0.56908118724823
0.3621022701263428
0.4366997480392456
0.4721686840057373
0.6224550008773804
0.3964378237724304
0.47057557106018066
0.5568009614944458
0.5227558612823486
0.5196380615234375
0.48403406143188477
0.41248804330825806
0.5897501111030579
0.4625259041786194
0.5339882969856262
0.533150851726532
0.4008721709251404
0.4836235046386719
0.7061342597007751
0.5003799200057983
0.5938286781311035
0.43577712774276733
0.394273579120636
0.47961926460266113
0.6069972515106201
0.412123441696167
0.4357108473777771
0.45730453729629517
0.665553867816925
0.5195354223251343
0.4110487699508667
0.5120264291763306
0.6125346422195435
0.42703932523727417
0.5877756476402283
0.5721140503883362
0.3929833769798279
0.4359298348426819
0.5396245121955872
0.5006073117256165
0.4121115803718567
0.4348089098930359
0.4063609838485718
0.6507177352905273
0.6279887557029724
0.48471254110336304
0.5327887535095215
0.41960620880126953
0.4294813871383667
0.5490220785140991
0.41216176748275757
0.6621657609939575
0.4844270348548889
0.4451856017112732
0.5193098187446594
0.5297949314117432
0.6312500238418579
0.4091590642929077
0.4412298798561096
0.3903540372848511
0.5945290327072144
0.42269009351730347
0.4775020480155945
0.5130987763404846
0.3824250102043152
0.6143600344657898
0.6673316955566406
0.5253928303718567
0.4295072555541992
0.42625635862350464
0.5338388085365295
0.6068058609962463
0.47183758020401
0.45198798179626465
0.658968448638916
0.46161502599716187
0.5205931663513184
0.40584516525268555
0.4428386688232422
0.48771220445632935
0.5830074548721313
0.5809335708618164
0.44668906927108765
0.4637659192085266
0.41180771589279175
0.4338669180870056
0.4963425397872925
0.5608152151107788
0.426736056804657
0.3423483967781067
0.5803525447845459
0.527941107749939
0.582097053527832
0.4637913107872009
0.4199460744857788
0.3978003263473511
0.47854334115982056
0.5516483783721924
0.563153862953186
0.5756336450576782
0.5682348012924194
0.5258082747459412
0.4295681118965149
0.48295748233795166
0.4465138912200928
0.5946672558784485
0.5573182106018066
0.4620235562324524
0.5136440396308899
0.41394394636154175
0.5302830934524536
0.4750799536705017
0.6387694478034973
0.45195114612579346
0.4726460576057434
0.420707106590271
0.4710741639137268
0.6549074649810791
0.5164746046066284
0.36497175693511963
0.647251546382904
0.6176614761352539
0.4211850166320801
0.5746501088142395
0.5280218720436096
0.4998433589935303
0.4775369167327881
0.4816717505455017
0.39594006538391113
0.4620886445045471
0.4465027451515198
0.4026845693588257
0.559149980545044
0.5900684595108032
0.42938297986984253
0.5581737160682678
0.36629265546798706
0.49823063611984253
0.4944223165512085
0.4991912245750427
0.48272955417633057
0.7164949178695679
0.5244051218032837
0.4497947096824646
0.6103502511978149
0.4814402461051941
0.5634623765945435
0.4461832046508789
0.5375509858131409
0.38548779487609863
0.3959431052207947
0.6162505149841309
0.5386909246444702
0.4390789270401001
0.5071911811828613
0.5298154950141907
0.6932893991470337
0.41394978761672974
0.4421756863594055
0.6083695888519287
0.5553886890411377
0.5192837715148926
0.3924000859260559
0.4368287920951843
0.4914913773536682
0.41991233825683594
0.5090652108192444
0.5962939262390137
0.40245556831359863
0.4079629182815552
0.49874526262283325
0.5497872829437256
0.3758634328842163
0.6098068356513977
0.47613525390625
0.4161774516105652
0.5931130647659302
0.4237002730369568
0.42160290479660034
0.4630541205406189
0.39281314611434937
0.6181506514549255
0.3854280710220337
0.5021637678146362
0.3817313313484192
0.536246657371521
0.5565292835235596
0.5423416495323181
0.5010471940040588
0.4749809503555298
0.48251593112945557
0.3732650876045227
0.41809195280075073
0.4054070711135864
0.40726006031036377
0.5929756164550781
0.375934362411499
0.4725024700164795
0.5374054908752441
0.40975767374038696
0.4625586271286011
0.4641859531402588
0.5493651032447815
0.49734073877334595
0.47663170099258423
0.460798442363739
0.546018660068512
0.4880387783050537
0.513297438621521
0.4880181550979614
0.5631651282310486
0.5208935737609863
0.5457599759101868
0.5028554201126099
0.579492449760437
0.3291206955909729
0.4505268931388855
0.44692808389663696
0.36053210496902466
0.471688449382782
0.4646250009536743
0.4175173044204712
0.555753231048584
0.4705265760421753
0.4549359083175659
0.4671773314476013
0.45223069190979004
0.4453447461128235
0.36279261112213135
0.5921851992607117
0.4751909375190735
0.5824101567268372
0.40025413036346436
0.38457638025283813
0.6024600267410278
0.588437020778656
0.5269474983215332
0.4572528600692749
0.4614151120185852
0.6119943261146545
0.4994833469390869
0.5494471192359924
0.4896005392074585
0.43190687894821167
0.47797781229019165
0.39263713359832764
0.4404197931289673
0.45592522621154785
0.5807948112487793
0.5443689227104187
0.5481858849525452
0.4516054391860962
0.3935243487358093
0.50137859582901
0.5059304237365723
0.6384556293487549
0.4866088628768921
0.46226662397384644
0.39244401454925537
0.4598766565322876
0.4065088629722595
0.5818768739700317
0.5610607862472534
0.4203351140022278
0.607110857963562
0.5395389199256897
0.4236147999763489
0.46421778202056885
0.4463787078857422
0.44793832302093506
0.40120333433151245
0.41425251960754395
0.38749265670776367
0.5876210927963257
0.5617808699607849
0.450140118598938
0.5170602798461914
0.47127765417099
0.38541078567504883
0.4747388958930969
0.5581140518188477
0.5299937725067139
0.5455543994903564
0.634032130241394
0.5369938015937805
0.5200778841972351
0.4311590790748596
0.5214555263519287
0.49513792991638184
0.4309651255607605
0.514227032661438
0.372006356716156
0.5307590961456299
0.5068489909172058
0.5384544134140015
0.36305421590805054
0.4901607632637024
0.45400524139404297
0.4587802290916443
0.462485134601593
0.5191205739974976
0.5553516149520874
0.47993338108062744
0.373504102230072
0.573265552520752
0.444288969039917
0.5794366598129272
0.44267719984054565
0.541649580001831
0.47060316801071167
0.6031731963157654
0.4537333846092224
0.6019043922424316
0.47935372591018677
0.5231783390045166
0.40719175338745117
0.41215795278549194
0.38136279582977295
0.5241649150848389
0.5374571084976196
0.438814640045166
0.3993037939071655
0.5415154099464417
0.31030547618865967
0.6691473126411438
0.6202532052993774
0.5858757495880127
0.35620343685150146
0.4704205393791199
0.5265525579452515
0.3316974639892578
0.3999103307723999
0.4144129157066345
0.36898213624954224
0.46452200412750244
0.5213360786437988
0.5903701782226562
0.6554632186889648
0.36946940422058105
0.5073877573013306
0.42031407356262207
0.522878885269165
0.46092426776885986
0.5318315625190735
0.4573702812194824
0.4146506190299988
0.3928825855255127
0.5888400077819824
0.5167497396469116
0.6626181602478027
0.6151504516601562
0.6492765545845032
0.4985966682434082
0.5462585091590881
0.4478411078453064
0.6311453580856323
0.3636168837547302
0.33453893661499023
0.4126949906349182
0.5429707765579224
0.6014299392700195
0.5008721947669983
0.476013720035553
0.5608658790588379
0.46055662631988525
0.2930793762207031
0.5173379778862
0.5127526521682739
0.5067216753959656
0.5394620299339294
0.5367633104324341
0.6477010250091553
0.46577566862106323
0.4617078900337219
0.3318476676940918
0.6048481464385986
0.40363115072250366
0.5048802495002747
0.3828865885734558
0.45398634672164917
0.4777742624282837
0.44086480140686035
0.4745559096336365
0.5038774013519287
0.5981525778770447
0.5657373666763306
0.5009428858757019
0.3391585350036621
0.46821916103363037
0.5019657611846924
0.4674941897392273
0.40090447664260864
0.40653765201568604
0.46482527256011963
0.39262884855270386
0.49136096239089966
0.6093493700027466
0.47955554723739624
0.3897629380226135
0.5014996528625488
0.4319835901260376
0.4566603899002075
0.336902379989624
0.5127687454223633
0.5386325716972351
0.5374496579170227
0.3909412622451782
0.4374547600746155
0.484153687953949
0.5577405691146851
0.4949289560317993
0.5334866046905518
0.39006346464157104
0.6164712905883789
0.4902869462966919
0.6456847190856934
0.4982967972755432
0.559059739112854
0.45215046405792236
0.6643610000610352
0.5470485091209412
0.3898523449897766
0.4426042437553406
0.506151556968689
0.5301619172096252
0.44556736946105957
0.3933411240577698
0.40456491708755493
0.4598987102508545
0.4750911593437195
0.448090136051178
0.4430886507034302
0.4753224849700928
0.4995824694633484
0.46951109170913696
0.4142875075340271
0.4108462333679199
0.44747936725616455
0.5309128761291504
0.6614319086074829
0.6887723803520203
0.4910755157470703
0.4523930549621582
0.41508036851882935
0.4439007639884949
0.4539060592651367
0.5767442584037781
0.4049338698387146
0.5116404294967651
0.4480860233306885
0.608169436454773
0.5510638952255249
0.501929521560669
0.42705363035202026
0.6499725580215454
0.3941571116447449
0.49342262744903564
0.5380805730819702
0.42777061462402344
0.5657751560211182
0.550054132938385
0.5437746047973633
0.42203301191329956
0.5336418747901917
0.3868979811668396
0.6225355863571167
0.6083371639251709
0.5874286890029907
0.44110333919525146
0.3711024522781372
0.4219597578048706
0.42107605934143066
0.513119101524353
0.38162028789520264
0.34313881397247314
0.35501402616500854
0.5681955814361572
0.37876129150390625
0.5364006757736206
0.46093636751174927
0.45221322774887085
0.466738760471344
0.6221987009048462
0.44559264183044434
0.4594486951828003
0.3411100506782532
0.3918476104736328
0.5861443281173706
0.6557362675666809
0.43430930376052856
0.5152363181114197
0.384113609790802
0.3746902346611023
0.4158536195755005
0.4780012369155884
0.5690006017684937
0.6355161666870117
0.552821934223175
0.5109032988548279
0.329196035861969
0.5216122269630432
0.4681750535964966
0.38927918672561646
0.5207960605621338
0.46388596296310425
0.4409368634223938
0.5004947781562805
0.4037998914718628
0.4067235589027405
0.47304457426071167
0.5265111327171326
0.47539234161376953
0.5122479200363159
0.7625793218612671
0.6397523880004883
0.44833797216415405
0.4418259263038635
0.35995978116989136
0.5080736875534058
0.46916961669921875
0.46579092741012573
0.5267013311386108
0.41773098707199097
0.4690837264060974
0.4991670846939087
0.4042236804962158
0.40872907638549805
0.38294529914855957
0.3777720332145691
0.42581069469451904
0.6080895662307739
0.4567860960960388
0.4306279420852661
0.479403018951416
0.36572158336639404
0.5719385147094727
0.47627902030944824
0.5560396313667297
0.4448354244232178
0.5020216107368469
0.48944181203842163
0.47896671295166016
0.39534246921539307
0.5110637545585632
0.5417182445526123
0.4094512462615967
0.49507349729537964
0.6314773559570312
0.48639875650405884
0.40522927045822144
0.5935412645339966
0.635327935218811
0.48241525888442993
0.4771541357040405
0.4012855291366577
0.5337772965431213
0.6180216670036316
0.4982163906097412
0.5691456198692322
0.35729265213012695
0.4328404664993286
0.4798009395599365
0.38982856273651123
0.4546847939491272
0.4614222049713135
0.41583412885665894
0.5392870903015137
0.5034339427947998
0.444278359413147
0.4872323274612427
0.6378414630889893
0.5470737814903259
0.4378463625907898
0.5173654556274414
0.5587574243545532
0.45340192317962646
0.5510202050209045
0.47173023223876953
0.47330302000045776
0.4034042954444885
0.5613713264465332
0.5511374473571777
0.49140751361846924
0.4412320852279663
0.4886830449104309
0.5145383477210999
0.40910738706588745
0.6078640222549438
0.4875757098197937
0.480224609375
0.44837862253189087
0.5361503958702087
0.42863184213638306
0.5228281617164612
0.5287370085716248
0.5170892477035522
0.4815322756767273
0.5989792943000793
0.42671799659729004
0.47276026010513306
0.4697701930999756
0.42190343141555786
0.47893428802490234
0.42597997188568115
0.3289722800254822
0.5507245659828186
0.5323809385299683
0.5251843929290771
0.6289641261100769
0.5391638278961182
0.4881219267845154
0.5387842655181885
0.5368874073028564
0.4652051329612732
0.5643470883369446
0.3398924469947815
0.4134645462036133
0.5934021472930908
0.4943958520889282
0.42075395584106445
0.44917529821395874
0.49381762742996216
0.36669135093688965
0.5338743329048157
0.456282377243042
0.41340839862823486
0.4842972755432129
0.41723519563674927
0.5183465480804443
0.615481972694397
0.583579421043396
0.521125078201294
0.5294318199157715
0.4596228003501892
0.3495185375213623
0.45863527059555054
0.5055631995201111
0.5322961211204529
0.38537323474884033
0.4689772129058838
0.4437072277069092
0.5201132297515869
0.562220573425293
0.6145167350769043
0.49110615253448486
0.5032419562339783
0.3805021643638611
0.5016398429870605
0.3483882546424866
0.7060049772262573
0.4470369219779968
0.5210562944412231
0.4476514458656311
0.6884833574295044
0.4921817183494568
0.5123610496520996
0.3475378155708313
0.5978902578353882
0.505069375038147
0.611947774887085
0.48752307891845703
0.4225979447364807
0.44052761793136597
0.5441148281097412
0.587196946144104
0.47185301780700684
0.5312369465827942
0.5266976952552795
0.45972245931625366
0.6502338647842407
0.42974478006362915
0.4131549000740051
0.3596537709236145
0.3785203695297241
0.37612175941467285
0.5709875822067261
0.5068785548210144
0.5904266834259033
0.5117987394332886
0.48288261890411377
0.48855888843536377
0.5823538899421692
0.49643152952194214
0.6617948412895203
0.41923242807388306
0.3440694808959961
0.7102359533309937
0.5485048890113831
0.41962987184524536
0.644365131855011
0.48640626668930054
0.47544318437576294
0.4210011959075928
0.5294111371040344
0.4515073895454407
0.42131364345550537
0.4162949323654175
0.5731390118598938
0.4684147238731384
0.7006315588951111
0.33084338903427124
0.4608035683631897
0.6504206657409668
0.5922170877456665
0.4299349784851074
0.48021090030670166
0.4710354804992676
0.43418240547180176
0.5254220962524414
0.48372870683670044
0.5660837292671204
0.378534734249115
0.6937416791915894
0.44215553998947144
0.47564393281936646
0.63776034116745
0.5642818212509155
0.48389923572540283
0.48892372846603394
0.5046213865280151
0.5119279623031616
0.34492868185043335
0.48249340057373047
0.47430455684661865
0.39317822456359863
0.5316979289054871
0.4241240620613098
0.38993310928344727
0.6957985758781433
0.5208818912506104
0.5748403072357178
0.4654633402824402
0.6479275822639465
0.4957476854324341
0.5049919486045837
0.5758782625198364
0.44571858644485474
0.41361069679260254
0.5817605257034302
0.5440383553504944
0.42083680629730225
0.39421671628952026
0.42521095275878906
0.41013896465301514
0.4899846911430359
0.42872726917266846
0.4415395259857178
0.4197438955307007
0.4857141971588135
0.5114917159080505
0.5823066830635071
0.5298544764518738
0.5318005084991455
0.521859347820282
0.44106197357177734
0.47863978147506714
0.3996161222457886
0.5202770829200745
0.4568806290626526
0.6118786334991455
0.49667948484420776
0.44056791067123413
0.5464788675308228
0.43232816457748413
0.7505569458007812
0.49107861518859863
0.4474746584892273
0.4019896984100342
0.5662232637405396
0.3897629380226135
0.4859129786491394
0.5665692687034607
0.44513094425201416
0.5558488368988037
0.5181863903999329
0.5145710110664368
0.5422433614730835
0.5181552767753601
0.4750823974609375
0.48903053998947144
0.46239763498306274
0.47353971004486084
0.49846261739730835
0.5485754013061523
0.4839820861816406
0.5081248879432678
0.6489647626876831
0.5054898858070374
0.5633149147033691
0.6086267828941345
0.5053992867469788
0.36673974990844727
0.4757869839668274
0.4328596591949463
0.3576424717903137
0.4446421265602112
0.6042401194572449
0.38169652223587036
0.34461796283721924
0.40253907442092896
0.3872041702270508
0.4466134309768677
0.5541573762893677
0.3395916223526001
0.4073265790939331
0.6128016710281372
0.4954373240470886
0.6034862995147705
0.56026291847229
0.39462488889694214
0.3555116653442383
0.6424520015716553
0.4863337278366089
0.32776230573654175
0.5533041954040527
0.5321661829948425
0.3740331530570984
0.39532470703125
0.5214086174964905
0.45341503620147705
0.5625714063644409
0.4654417634010315
0.39864295721054077
0.5265330672264099
0.4745967388153076
0.7249657511711121
0.4020423889160156
0.4812396764755249
0.4667389988899231
0.5547083020210266
0.4254124164581299
0.506179690361023
0.48337942361831665
0.48117220401763916
0.5774098634719849
0.4855862259864807
0.4081417918205261
0.5855408906936646
0.5173179507255554
0.6279367804527283
0.4133729338645935
0.6166547536849976
0.4629020094871521
0.49443215131759644
0.5467682480812073
0.4923611879348755
0.4247703552246094
0.45569729804992676
0.6356076002120972
0.4006801247596741
0.42016762495040894
0.46402114629745483
0.38959741592407227
0.6243549585342407
0.37197375297546387
0.5693061947822571
0.47234123945236206
0.6372455358505249
0.5875123739242554
0.4322269558906555
0.5700873732566833
0.44402265548706055
0.4942825436592102
0.4789022207260132
0.416103720664978
0.48366957902908325
0.4458179473876953
0.7047092318534851
0.553406298160553
0.5920449495315552
0.45639264583587646
0.5301510691642761
0.5207628607749939
0.5634765028953552
0.5078522562980652
0.4130738377571106
0.4345324635505676
0.4266582727432251
0.4417657256126404
0.4451743960380554
0.5117308497428894
0.4491018056869507
0.381902813911438
0.5108672976493835
0.48155808448791504
0.6074732542037964
0.4399328827857971
0.5063817501068115
0.44483089447021484
0.5706571936607361
0.41935163736343384
0.5813539624214172
0.4080703854560852
0.5725448131561279
0.41871798038482666
0.5351768136024475
0.41171950101852417
0.44276440143585205
0.5154721736907959
0.39565712213516235
0.4454340934753418
0.39465439319610596
0.5150777697563171
0.5335368514060974
0.3867649435997009
0.5904480218887329
0.33598148822784424
0.42913681268692017
0.5238118171691895
0.46302133798599243
0.4809567928314209
0.44616520404815674
0.4155310392379761
0.31473618745803833
0.5634737014770508
0.4536063075065613
0.5156213045120239
0.4990253448486328
0.519764244556427
0.38204318284988403
0.37404870986938477
0.4319778084754944
0.43687331676483154
0.4362344741821289
0.3966817259788513
0.4546063542366028
0.3809770941734314
0.542881965637207
0.6053895950317383
0.5200507640838623
0.48010730743408203
0.4444548487663269
0.3570542335510254
0.4519549012184143
0.4933541417121887
0.4880143404006958
0.4369019865989685
0.5368869304656982
0.4405903220176697
0.4302026033401489
0.504836916923523
0.541824221611023
0.5502736568450928
0.5287020206451416
0.6365411877632141
0.653127133846283
0.4208983778953552
0.5288694500923157
0.5647503733634949
0.4622899889945984
0.4948890805244446
0.5908998250961304
0.3296641707420349
0.5371237993240356
0.4058383107185364
0.5135379433631897
0.3851407766342163
0.5080946087837219
0.5675194263458252
0.5062984824180603
0.41132837533950806
0.4072960615158081
0.6030604839324951
0.4652172327041626
0.5486270189285278
0.3992234468460083
0.5441828966140747
0.4187535047531128
0.5417853593826294
0.5451561212539673
0.29956918954849243
0.5701852440834045
0.4941020607948303
0.6176154017448425
0.48830974102020264
0.5323660969734192
0.48325228691101074
0.5115321278572083
0.4852181673049927
0.5496052503585815
0.4762771725654602
0.5081576704978943
0.4711095094680786
0.5457764267921448
0.3587726950645447
0.46726834774017334
0.6318737268447876
0.5663312673568726
0.42859435081481934
0.45306146144866943
0.5975452661514282
0.4816434979438782
0.4591033458709717
0.3904775381088257
0.3934072256088257
0.5154777765274048
0.5038919448852539
0.377536416053772
0.3810116648674011
0.5550073385238647
0.46108508110046387
0.5766581296920776
0.6306062340736389
0.3522321581840515
0.5753413438796997
0.416949987411499
0.6242702007293701
0.523513674736023
0.28575217723846436
0.5215989947319031
0.5384353995323181
0.5501424074172974
0.45358073711395264
0.6246435046195984
0.5526226758956909
0.40814054012298584
0.4352477192878723
0.559518575668335
0.4448288679122925
0.335574209690094
0.44550013542175293
0.5628238916397095
0.4236629605293274
0.5456254482269287
0.4617350697517395
0.5093547105789185
0.4539700150489807
0.5102623105049133
0.4781153202056885
0.6103546023368835
0.3849300742149353
0.4268442988395691
0.3193712830543518
0.3743508458137512
0.6471883058547974
0.49907636642456055
0.43146395683288574
0.5770986080169678
0.5278474688529968
0.4320485591888428
0.37359488010406494
0.4461636543273926
0.43611305952072144
0.5451035499572754
0.4469985365867615
0.6801996231079102
0.462013840675354
0.5154847502708435
0.46467024087905884
0.5246700048446655
0.6162165403366089
0.49552321434020996
0.6123524904251099
0.486092746257782
0.45771652460098267
0.42183423042297363
0.6430542469024658
0.42935073375701904
0.46724849939346313
0.35528939962387085
0.4160994291305542
0.4918774366378784
0.5586826801300049
0.3616873025894165
0.4205077886581421
0.6097098588943481
0.4938889741897583
0.4250947833061218
0.5367670655250549
0.4744122624397278
0.48645633459091187
0.42060887813568115
0.42284321784973145
0.5228158235549927
0.4111650586128235
0.42962104082107544
0.37713623046875
0.6229984164237976
0.5851808190345764
0.39007842540740967
0.45870548486709595
0.5113807320594788
0.48014169931411743
0.46558111906051636
0.4228859543800354
0.5908666253089905
0.35292595624923706
0.4458615779876709
0.3258950710296631
0.532117486000061
0.4879850149154663
0.5276561379432678
0.3569890260696411
0.4394320845603943
0.5548439621925354
0.5544517636299133
0.4435914158821106
0.5406773090362549
0.5283421277999878
0.5219542384147644
0.44853514432907104
0.5501574873924255
0.5328044891357422
0.5098811388015747
0.49982577562332153
0.4960656762123108
0.6236474514007568
0.48070794343948364
0.477450966835022
0.4908077120780945
0.48853540420532227
0.4152640104293823
0.41403108835220337
0.6300626993179321
0.5223855972290039
0.3595709800720215
0.5097327828407288
0.4796243906021118
0.588071346282959
0.6633471846580505
0.6422924995422363
0.5791501998901367
0.5372682809829712
0.33879756927490234
0.5579575300216675
0.4855186939239502
0.41595685482025146
0.5753994584083557
0.47035396099090576
0.6182054281234741
0.36348527669906616
0.5697999000549316
0.6102771759033203
0.44916313886642456
0.26495635509490967
0.3965379595756531
0.5001650452613831
0.4510125517845154
0.7047793865203857
0.5717599391937256
0.46882176399230957
0.4243001937866211
0.5122383832931519
0.40913140773773193
0.5245873332023621
0.5083873867988586
0.583774209022522
0.5720301866531372
0.6017820239067078
0.5226207971572876
0.4572131633758545
0.509472131729126
0.52129727602005
0.413333535194397
0.5441317558288574
0.529945433139801
0.561257541179657
0.5768531560897827
0.4669579863548279
0.3931201696395874
0.49573296308517456
0.6021977663040161
0.5367814302444458
0.5262450575828552
0.6418213844299316
0.43081921339035034
0.3812099099159241
0.44216859340667725
0.5564148426055908
0.3640243411064148
0.3670862913131714
0.32240819931030273
0.4356762170791626
0.40479904413223267
0.4097486734390259
0.3984837532043457
0.6852569580078125
0.5292719602584839
0.49518758058547974
0.3837326169013977
0.3868712782859802
0.4961546063423157
0.5165470838546753
0.45241010189056396
0.48817723989486694
0.4733644723892212
0.4322906732559204
0.429058313369751
0.49074220657348633
0.3915392756462097
0.4326145648956299
0.4058725833892822
0.4958818554878235
0.5981747508049011
0.34926116466522217
0.5270072817802429
0.3584964871406555
0.6088520884513855
0.4473688006401062
0.4964962601661682
0.6171249151229858
0.3597845435142517
0.5583358407020569
0.5450778007507324
0.3677440285682678
0.5580042600631714
0.5433814525604248
0.5928527116775513
0.42968815565109253
0.6578919887542725
0.6941157579421997
0.4601629376411438
0.6068509817123413
0.42860108613967896
0.4241173267364502
0.5812548398971558
0.4595053195953369
0.4190993905067444
0.49912774562835693
0.6495970487594604
0.5047866106033325
0.4326367974281311
0.5657315254211426
0.343606173992157
0.5073258876800537
0.42705070972442627
0.5003952383995056
0.6552059650421143
0.3947684168815613
0.5608545541763306
0.3661356568336487
0.4226466417312622
0.4717012643814087
0.4531456232070923
0.5599939823150635
0.45585405826568604
0.534763514995575
0.46472054719924927
0.5198378562927246
0.48724186420440674
0.5495749711990356
0.7001514434814453
0.4416760206222534
0.46189963817596436
0.4697112441062927
0.4276278614997864
0.4144212603569031
0.4785517454147339
0.45658254623413086
0.5407776832580566
0.4774758219718933
0.4590926170349121
0.488660991191864
0.42993396520614624
0.45265263319015503
0.4397208094596863
0.3830689787864685
0.37770694494247437
0.548961341381073
0.41238152980804443
0.5277295708656311
0.4019120931625366
0.45468413829803467
0.45752274990081787
0.4670150876045227
0.43696343898773193
0.4649994373321533
0.467646062374115
0.5628478527069092
0.4486609697341919
0.6091499328613281
0.43162888288497925
0.5651711225509644
0.43140923976898193
0.6863281726837158
0.4128991365432739
0.49404335021972656
0.5707858800888062
0.469338059425354
0.4102379083633423
0.4882141351699829
0.5067835450172424
0.4211542010307312
0.5895261168479919
0.5364047288894653
0.49193477630615234
0.36196601390838623
0.4731628894805908
0.4403953552246094
0.4753657579421997
0.49075549840927124
0.4425382614135742
0.4201582074165344
0.5562765598297119
0.6161373853683472
0.5015425086021423
0.4062047600746155
0.38480186462402344
0.45755475759506226
0.5361606478691101
0.4196177124977112
0.29266560077667236
0.45835304260253906
0.6527872085571289
0.5607496500015259
0.5196419954299927
0.4659947156906128
0.5222823023796082
0.5818512439727783
0.4948909282684326
0.425883948802948
0.45137685537338257
0.47647643089294434
0.472676157951355
0.4164358377456665
0.6186068058013916
0.5487775802612305
0.4214751124382019
0.37452608346939087
0.5651186108589172
0.3920394778251648
0.3974161148071289
0.5331571102142334
0.5690109729766846
0.471627414226532
0.38374555110931396
0.41750240325927734
0.418754518032074
0.47671663761138916
0.5641935467720032
0.5670839548110962
0.5322957634925842
0.35129034519195557
0.43403536081314087
0.5799643993377686
0.4993091821670532
0.4507325291633606
0.5551568269729614
0.5210442543029785
0.37427186965942383
0.4533032178878784
0.5441086292266846
0.3679234981536865
0.4136466979980469
0.41975635290145874
0.5459098219871521
0.489881694316864
0.5134025812149048
0.35564154386520386
0.5405382513999939
0.5376848578453064
0.6045924425125122
0.4561285972595215
0.6726369261741638
0.5049617886543274
0.42840516567230225
0.4750058054924011
0.4291713833808899
0.5911468267440796
0.4588093161582947
0.6286890506744385
0.5121639966964722
0.6280517578125
0.48557472229003906
0.44175779819488525
0.48194026947021484
0.5465198755264282
0.46325361728668213
0.4806898832321167
0.5119243264198303
0.39567458629608154
0.42295777797698975
0.3107631802558899
0.4686422348022461
0.6124670505523682
0.42376959323883057
0.5200645923614502
0.6193393468856812
0.49127495288848877
0.5519987344741821
0.4889528751373291
0.4201046824455261
0.587559700012207
0.580781102180481
0.5310487151145935
0.30397510528564453
0.3873177170753479
0.6248176097869873
0.5021973848342896
0.4859342575073242
0.480609655380249
0.5596506595611572
0.40862858295440674
0.5763214826583862
0.4684898257255554
0.4450640082359314
0.5507049560546875
0.5254772305488586
0.533356785774231
0.38442015647888184
0.4377749562263489
0.5381651520729065
0.5806370377540588
0.3630635738372803
0.41726553440093994
0.5679067373275757
0.4663580060005188
0.47608768939971924
0.4740025997161865
0.3596559166908264
0.40666812658309937
0.45633989572525024
0.5992449522018433
0.5360513925552368
0.37835341691970825
0.49729400873184204
0.44250375032424927
0.4423910975456238
0.5821627378463745
0.5537936687469482
0.40889471769332886
0.48045122623443604
0.4707512855529785
0.5979099273681641
0.5517054200172424
0.5216063261032104
0.5958541035652161
0.4667881727218628
0.45633530616760254
0.5176383256912231
0.4997209906578064
0.31816279888153076
0.4883599281311035
0.5090050101280212
0.5393657684326172
0.4355581998825073
0.3576996326446533
0.45319145917892456
0.604766309261322
0.60312420129776
0.4312664270401001
0.5294875502586365
0.5192379951477051
0.5317173600196838
0.5179521441459656
0.5402923226356506
0.43488919734954834
0.5569140315055847
0.3453056216239929
0.6865311861038208
0.5538995862007141
0.46881675720214844
0.5050760507583618
0.5684652924537659
0.5559821724891663
0.502975583076477
0.4780789017677307
0.40386074781417847
0.6187337636947632
0.4882579445838928
0.4989933967590332
0.466167688369751
0.45664411783218384
0.3944985866546631
0.6984353065490723
0.4256182909011841
0.39968425035476685
0.5364447236061096
0.6036494970321655
0.603400707244873
0.4282722473144531
0.466399610042572
0.48186808824539185
0.4639539122581482
0.397601842880249
0.6711836457252502
0.4169394373893738
0.4675024151802063
0.4627178907394409
0.4464675188064575
0.4905562996864319
0.547592043876648
0.46231555938720703
0.667953372001648
0.4063304662704468
0.7149637341499329
0.6319029927253723
0.4803088903427124
0.46039724349975586
0.5312865972518921
0.521064281463623
0.36986732482910156
0.6194575428962708
0.5128620266914368
0.4196646809577942
0.5684887766838074
0.5644410252571106
0.3765050768852234
0.44975215196609497
0.5164721012115479
0.4619985818862915
0.5234991312026978
0.5248373746871948
0.5248481631278992
0.4799712300300598
0.6006306409835815
0.4480736255645752
0.42473137378692627
0.3950005769729614
0.44071006774902344
0.4294184446334839
0.6935408115386963
0.4671638607978821
0.5407059192657471
0.40008896589279175
0.41410547494888306
0.4489779472351074
0.4393143653869629
0.5005480647087097
0.5639288425445557
0.5265743732452393
0.5767349600791931
0.5741523504257202
0.5397493243217468
0.5288184881210327
0.4744938611984253
0.6382888555526733
0.7321369647979736
0.3653871417045593
0.4339243769645691
0.6270869970321655
0.5199781656265259
0.7010823488235474
0.3518553376197815
0.4435466527938843
0.5242890119552612
0.5645127892494202
0.5374078154563904
0.4155891537666321
0.4672083258628845
0.6044988632202148
0.39203494787216187
0.6411817073822021
0.46461373567581177
0.4933931827545166
0.5356512665748596
0.5162050127983093
0.45215970277786255
0.4882533550262451
0.5804701447486877
0.4349598288536072
0.48082035779953003
0.40721428394317627
0.5400469899177551
0.46666431427001953
0.4108737111091614
0.5099697709083557
0.49687260389328003
0.5357360243797302
0.3748888373374939
0.41736072301864624
0.4092654585838318
0.44324034452438354
0.47082871198654175
0.3721050024032593
0.5952943563461304
0.5238531231880188
0.6380412578582764
0.4654943346977234
0.563040554523468
0.3985002636909485
0.3917401432991028
0.469987690448761
0.3723946809768677
0.47256380319595337
0.46647340059280396
0.61046302318573
0.3762669563293457
0.4636537432670593
0.6824938058853149
0.4370421767234802
0.6046034097671509
0.6591880321502686
0.5943815112113953
0.45005059242248535
0.40989619493484497
0.5112236142158508
0.4256134629249573
0.5263594388961792
0.4592118263244629
0.5473357439041138
0.5704102516174316
0.5096646547317505
0.4474547505378723
0.45529574155807495
0.5386059284210205
0.34341150522232056
0.5533736944198608
0.43480372428894043
0.41079050302505493
0.4189915060997009
0.43969911336898804
0.5157813429832458
0.47383689880371094
0.3630635738372803
0.5184928774833679
0.4305521845817566
0.5187148451805115
0.47591209411621094
0.41598284244537354
0.5084099173545837
0.36843597888946533
0.4126741886138916
0.5376082062721252
0.5765025019645691
0.48543649911880493
0.49367755651474
0.5117211937904358
0.6027170419692993
0.5885962247848511
0.4424560070037842
0.5239143371582031
0.510036289691925
0.5019597411155701
0.4768010973930359
0.5897650718688965
0.5171176195144653
0.4806157350540161
0.44304150342941284
0.5090805888175964
0.38574761152267456
0.36969155073165894
0.5034162402153015
0.5158635973930359
0.5856068134307861
0.5289683938026428
0.41840672492980957
0.461711585521698
0.5862413644790649
0.42842161655426025
0.4742736220359802
0.39222580194473267
0.4587096571922302
0.47138625383377075
0.5756359100341797
0.6002435684204102
0.4661354422569275
0.46700024604797363
0.5441086292266846
0.6691101789474487
0.44377464056015015
0.48131251335144043
0.44124776124954224
0.5477495193481445
0.4839678406715393
0.43044590950012207
0.4080420136451721
0.5716663599014282
0.5110526084899902
0.4577072858810425
0.5368879437446594
0.5440873503684998
0.5237138867378235
0.44829607009887695
0.39189380407333374
0.48127907514572144
0.3878088593482971
0.4358938932418823
0.4895792007446289
0.39746642112731934
0.4609679579734802
0.4572916626930237
0.5035160183906555
0.5222871899604797
0.499300479888916
0.5227543711662292
0.4047970175743103
0.4838102459907532
0.5820212364196777
0.5847148895263672
0.4566577076911926
0.5091078877449036
0.48571616411209106
0.5235649943351746
0.45159047842025757
0.6264844536781311
0.5417132377624512
0.5296779274940491
0.5572636723518372
0.5471179485321045
0.3569270372390747
0.5105759501457214
0.46122676134109497
0.5997011661529541
0.472520649433136
0.49196040630340576
0.471473753452301
0.5426799654960632
0.4950205087661743
0.4366740584373474
0.434423565864563
0.47319167852401733
0.5434737205505371
0.6721234917640686
0.47655797004699707
0.43015581369400024
0.46816128492355347
0.4830792546272278
0.465509295463562
0.5282108783721924
0.5610553026199341
0.47137171030044556
0.47361379861831665
0.4533243179321289
0.5480982065200806
0.49982625246047974
0.3411526679992676
0.6236449480056763
0.47501420974731445
0.39327943325042725
0.46795082092285156
0.5006844997406006
0.5086046457290649
0.37306851148605347
0.41869956254959106
0.48681867122650146
0.5468028783798218
0.5688304901123047
0.37586289644241333
0.5943672060966492
0.4905852675437927
0.4922516345977783
0.6148681640625
0.5600401163101196
0.5907267332077026
0.4801369309425354
0.6535410284996033
0.5338209867477417
0.5525161027908325
0.40378040075302124
0.49194562435150146
0.501958966255188
0.3562883734703064
0.4390873908996582
0.39324527978897095
0.5528751611709595
0.41127729415893555
0.4651360511779785
0.4380815625190735
0.45687335729599
0.6376853585243225
0.6943027377128601
0.43898433446884155
0.4280264377593994
0.5495706796646118
0.6413885951042175
0.46248120069503784
0.6371656060218811
0.41799354553222656
0.6138206124305725
0.36893588304519653
0.5100399851799011
0.4510266184806824
0.46563053131103516
0.41411763429641724
0.4733157753944397
0.5653538703918457
0.44101136922836304
0.6039391756057739
0.40147536993026733
0.5217087864875793
0.36922454833984375
0.35498344898223877
0.5477296113967896
0.5354279279708862
0.5950157642364502
0.4945908188819885
0.6895569562911987
0.45990151166915894
0.4896267056465149
0.6707992553710938
0.46587276458740234
0.4474524259567261
0.5714999437332153
0.5587574243545532
0.5229853987693787
0.48385512828826904
0.540752649307251
0.4946354031562805
0.3715254068374634
0.4677976369857788
0.347648561000824
0.3475654125213623
0.5630162954330444
0.43087172508239746
0.4255112409591675
0.5130511522293091
0.483814537525177
0.44963741302490234
0.4815486669540405
0.4560691714286804
0.620527982711792
0.4331442713737488
0.5494084358215332
0.6943068504333496
0.45223063230514526
0.42072272300720215
0.39316409826278687
0.4005492925643921
0.4708641767501831
0.417061448097229
0.6693881750106812
0.3928835988044739
0.5096661448478699
0.5300191044807434
0.5921282768249512
0.3830631971359253
0.5751438140869141
0.6627631187438965
0.32244956493377686
0.396801233291626
0.4315785765647888
0.6891852021217346
0.5091461539268494
0.37356215715408325
0.5054522752761841
0.4634169936180115
0.5288825035095215
0.5990951657295227
0.42161238193511963
0.4623948931694031
0.6394825577735901
0.3802052140235901
0.660293698310852
0.512706995010376
0.4068664312362671
0.455655574798584
0.5304021239280701
0.47577589750289917
0.47085022926330566
0.4759975075721741
0.6083899736404419
0.47274088859558105
0.36906135082244873
0.49189263582229614
0.6141006350517273
0.4502193331718445
0.5217698812484741
0.44935786724090576
0.3968597650527954
0.6228358745574951
0.5583547949790955
0.5247464776039124
0.4696909785270691
0.3837504982948303
0.44166868925094604
0.38136303424835205
0.5082299709320068
0.577675461769104
0.4685859680175781
0.4557517170906067
0.5804526805877686
0.441089391708374
0.49475282430648804
0.437919557094574
0.7085022330284119
0.4782050848007202
0.4469459056854248
0.5611634254455566
0.6487413048744202
0.5394610166549683
0.6037520170211792
0.5296441912651062
0.48458194732666016
0.5422764420509338
0.4955812096595764
0.5049054622650146
0.3953700661659241
0.44630956649780273
0.45470064878463745
0.6055783629417419
0.43047988414764404
0.5216235518455505
0.4380407929420471
0.36640769243240356
0.553868293762207
0.6327047944068909
0.48734962940216064
0.38347411155700684
0.4215049743652344
0.4811880588531494
0.6867700815200806
0.3877411484718323
0.4549376964569092
0.4603270888328552
0.5151724219322205
0.44086843729019165
0.4229801893234253
0.41491150856018066
0.47255218029022217
0.5515730381011963
0.49959999322891235
0.38995981216430664
0.5765069127082825
0.6060728430747986
0.3924272656440735
0.4156647324562073
0.5393561124801636
0.5599415898323059
0.5507093071937561
0.5461281538009644
0.4180765151977539
0.46242284774780273
0.514654815196991
0.5466897487640381
0.5899261832237244
0.4709423780441284
0.5030525922775269
0.5380491018295288
0.6245756149291992
0.5003727674484253
0.41398411989212036
0.5694485306739807
0.41378968954086304
0.4506968855857849
0.5695512890815735
0.3756406307220459
0.5407667756080627
0.4775402545928955
0.35415118932724
0.5371546745300293
0.4814550280570984
0.46427762508392334
0.504643976688385
0.4881839156150818
0.44637858867645264
0.5752272009849548
0.587449848651886
0.32574713230133057
0.5594226717948914
0.4395785927772522
0.552473783493042
0.38795721530914307
0.5689723491668701
0.6390430927276611
0.37852925062179565
0.46942824125289917
0.504426896572113
0.5568742752075195
0.46742182970046997
0.46769827604293823
0.34055352210998535
0.5039736032485962
0.3772597908973694
0.38553380966186523
0.4493684768676758
0.45439624786376953
0.5188791751861572
0.40054237842559814
0.4471951127052307
0.5321818590164185
0.5101058483123779
0.5164175629615784
0.4775417447090149
0.515724778175354
0.6297584772109985
0.3785255551338196
0.4233592748641968
0.43253904581069946
0.5053399801254272
0.4371045231819153
0.5201886892318726
0.42910152673721313
0.6114015579223633
0.44070911407470703
0.5983148217201233
0.5245605707168579
0.4069077968597412
0.5697551965713501
0.5747068524360657
0.48924708366394043
0.6019841432571411
0.413227379322052
0.5784173011779785
0.5266366004943848
0.5099133849143982
0.36829668283462524
0.5510359406471252
0.4365288019180298
0.44068336486816406
0.5076560974121094
0.4416983127593994
0.6025233268737793
0.5433310866355896
0.5584830045700073
0.6652940511703491
0.4528958201408386
0.595176100730896
0.5495044589042664
0.46500563621520996
0.7117509245872498
0.5440145134925842
0.41874945163726807
0.5773627758026123
0.34733033180236816
0.47747766971588135
0.5514193773269653
0.3818413019180298
0.5332009792327881
0.3777720332145691
0.6559580564498901
0.4779333472251892
0.5388370752334595
0.4599595069885254
0.3717172145843506
0.5867631435394287
0.42856693267822266
0.6108126640319824
0.5561387538909912
0.3820658326148987
0.3348549008369446
0.37133705615997314
0.46236664056777954
0.5643714666366577
0.4866889715194702
0.41255253553390503
0.5140237808227539
0.478934109210968
0.5520147085189819
0.4229867458343506
0.6418776512145996
0.6035758256912231
0.4503142833709717
0.5092931985855103
0.45031678676605225
0.5293334722518921
0.39929598569869995
0.3795957565307617
0.4155527353286743
0.42403364181518555
0.6524006128311157
0.35880279541015625
0.5684483051300049
0.5056296586990356
0.416242778301239
0.3873274326324463
0.5870852470397949
0.433305025100708
0.48794835805892944
0.5666892528533936
0.5396098494529724
0.6150127649307251
0.5124302506446838
0.5214617848396301
0.47963833808898926
0.40357816219329834
0.5106411576271057
0.523772120475769
0.41406774520874023
0.5300260782241821
0.44394445419311523
0.6047412157058716
0.4467148184776306
0.5721850395202637
0.512370765209198
0.4155336618423462
0.3701636791229248
0.5185406804084778
0.4427875876426697
0.4652453064918518
0.4372970461845398
0.4841684103012085
0.47957730293273926
0.4957376718521118
0.4134771227836609
0.44581878185272217
0.3833580017089844
0.587090253829956
0.39265233278274536
0.46831339597702026
0.3476257920265198
0.4378519654273987
0.5078201293945312
0.391609787940979
0.3589717745780945
0.43084198236465454
0.5091701745986938
0.5498800873756409
0.40284454822540283
0.46629607677459717
0.39602476358413696
0.5973379611968994
0.4534950852394104
0.30945032835006714
0.506620466709137
0.4801168441772461
0.48897451162338257
0.4130168557167053
0.5309302806854248
0.5775651931762695
0.41282254457473755
0.6236827373504639
0.4604099988937378
0.4028339385986328
0.47988206148147583
0.4873647093772888
0.5958159565925598
0.5080907940864563
0.5049649477005005
0.44048380851745605
0.3949723243713379
0.39827895164489746
0.5535426139831543
0.4756457209587097
0.46046125888824463
0.43107062578201294
0.4364800453186035
0.3647667169570923
0.4657021760940552
0.5747406482696533
0.5234745740890503
0.4947781562805176
0.5932174324989319
0.5137550830841064
0.535347580909729
0.6112680435180664
0.4785078763961792
0.4345378279685974
0.5050569772720337
0.4278718829154968
0.49666911363601685
0.4963186979293823
0.43724536895751953
0.47838902473449707
0.3663301467895508
0.4238710403442383
0.4421831965446472
0.48271334171295166
0.6111310720443726
0.5520492196083069
0.48948198556900024
0.535040020942688
0.3970545530319214
0.46303224563598633
0.46155279874801636
0.4691813588142395
0.5749655365943909
0.6491252183914185
0.3711830973625183
0.4051125645637512
0.4147012233734131
0.6128544211387634
0.5353359580039978
0.5335403084754944
0.45716404914855957
0.37500274181365967
0.47171902656555176
0.41189366579055786
0.6355677843093872
0.5840053558349609
0.3478774428367615
0.49906009435653687
0.4401690363883972
0.431191086769104
0.576768159866333
0.5002681016921997
0.40209341049194336
0.49264615774154663
0.43663251399993896
0.4092993140220642
0.463914692401886
0.6393259167671204
0.4653845429420471
0.49725043773651123
0.45362430810928345
0.5359634757041931
0.5652098655700684
0.41924697160720825
0.4151948094367981
0.610556960105896
0.39000701904296875
0.5252929329872131
0.4072721004486084
0.37645214796066284
0.49724525213241577
0.38547128438949585
0.4655699133872986
0.4302275776863098
0.5267100930213928
0.4348713755607605
0.6399682760238647
0.5306212306022644
0.4881014823913574
0.5457971692085266
0.41922348737716675
0.5653300285339355
0.3680151700973511
0.5869382619857788
0.4100383520126343
0.5281468033790588
0.4191110134124756
0.4779137969017029
0.43785643577575684
0.5134773850440979
0.4817948341369629
0.5776373147964478
0.5787150859832764
0.39995843172073364
0.4198554754257202
0.46015673875808716
0.6245796084403992
0.4521569013595581
0.478923499584198
0.41738712787628174
0.6426974534988403
0.451934278011322
0.4529927372932434
0.5284662246704102
0.48708176612854004
0.38595354557037354
0.5616637468338013
0.4795053005218506
0.3956599235534668
0.4502512812614441
0.37245243787765503
0.5116906762123108
0.3797941207885742
0.44105368852615356
0.5225874185562134
0.4727582335472107
0.6713871955871582
0.47433364391326904
0.3378602862358093
0.403036892414093
0.5249804258346558
0.5037249326705933
0.3914344310760498
0.5137577652931213
0.5587625503540039
0.5318544507026672
0.5377215147018433
0.41162973642349243
0.49375104904174805
0.5441562533378601
0.5056262016296387
0.4725750684738159
0.4588679075241089
0.49831366539001465
0.4524039030075073
0.4865027070045471
0.41834837198257446
0.47628384828567505
0.3729860782623291
0.5556477904319763
0.5293012857437134
0.4987947344779968
0.46847379207611084
0.6236683130264282
0.4360361695289612
0.5277001857757568
0.6493713855743408
0.4512156844139099
0.6835430264472961
0.4229351878166199
0.4626896381378174
0.42245131731033325
0.45360398292541504
0.5431564450263977
0.5011504888534546
0.5068396329879761
0.4525459408760071
0.483434796333313
0.5514153838157654
0.45622748136520386
0.5474474430084229
0.3608754873275757
0.5293751358985901
0.5561540126800537
0.3954997658729553
0.5891605615615845
0.6184564828872681
0.5379376411437988
0.5383521914482117
0.683022141456604
0.6385247707366943
0.49400055408477783
0.5171703100204468
0.42981410026550293
0.36218851804733276
0.48597586154937744
0.5790742635726929
0.45070332288742065
0.5698143243789673
0.499444842338562
0.49565476179122925
0.6372860074043274
0.37585246562957764
0.5095471739768982
0.43144047260284424
0.35275036096572876
0.34429895877838135
0.36915266513824463
0.5599005818367004
0.6225133538246155
0.420903742313385
0.49435245990753174
0.6008111238479614
0.47296541929244995
0.3860626220703125
0.4545559883117676
0.4363737106323242
0.5127791166305542
0.5126577019691467
0.44520968198776245
0.5304758548736572
0.5694793462753296
0.46260684728622437
0.4752093553543091
0.5343210697174072
0.5600437521934509
0.5103856325149536
0.4043746590614319
0.5451640486717224
0.46415215730667114
0.38940924406051636
0.4182795286178589
0.40555739402770996
0.6091846227645874
0.4426674246788025
0.552701473236084
0.45030635595321655
0.5220785140991211
0.35347187519073486
0.4268786907196045
0.5031363368034363
0.47685128450393677
0.4322342276573181
0.5361368060112
0.47321540117263794
0.49391961097717285
0.5285091996192932
0.4624003767967224
0.43991029262542725
0.6269142031669617
0.601771891117096
0.549279510974884
0.6672788262367249
0.535656213760376
0.5168140530586243
0.575443685054779
0.37452733516693115
0.37310469150543213
0.3705618381500244
0.4187811613082886
0.4353848099708557
0.4237089157104492
0.427141010761261
0.48329347372055054
0.38619327545166016
0.4298704266548157
0.4296717047691345
0.6082057952880859
0.4511403441429138
0.5303829908370972
0.6370947360992432
0.3630635738372803
0.5589603781700134
0.429376482963562
0.6620573401451111
0.4724155068397522
0.4743605852127075
0.4644824266433716
0.5962085723876953
0.5153878927230835
0.4099200367927551
0.5642960667610168
0.4124043583869934
0.398643434047699
0.5541161298751831
0.6520682573318481
0.484607458114624
0.4707033038139343
0.5720036625862122
0.43049728870391846
0.3785662055015564
0.6826895475387573
0.5751944780349731
0.5514800548553467
0.5540546178817749
0.6415837407112122
0.5428381562232971
0.7039775252342224
0.4726898670196533
0.43426603078842163
0.5409141182899475
0.3909093737602234
0.5134665966033936
0.5944868922233582
0.3182702660560608
0.39157533645629883
0.4749504327774048
0.5705145001411438
0.491399884223938
0.6218554377555847
0.3461589217185974
0.4539973735809326
0.4102299213409424
0.5106287002563477
0.4098091721534729
0.368594229221344
0.4848870038986206
0.5738798379898071
0.5536008477210999
0.49442774057388306
0.44247865676879883
0.6064400672912598
0.34603625535964966
0.6723517179489136
0.5465106964111328
0.39185595512390137
0.5153604745864868
0.3538004159927368
0.5216613411903381
0.5689482688903809
0.5479385256767273
0.38631534576416016
0.49093252420425415
0.5910792350769043
0.4592110514640808
0.5484314560890198
0.5672019720077515
0.436962366104126
0.5233410000801086
0.47683024406433105
0.46920663118362427
0.5884033441543579
0.45501041412353516
0.48644667863845825
0.32682156562805176
0.4919676184654236
0.5065921545028687
0.40310221910476685
0.522299587726593
0.422362744808197
0.41225719451904297
0.36800140142440796
0.46860891580581665
0.6866532564163208
0.5537742972373962
0.37818747758865356
0.4728889465332031
0.40091753005981445
0.5879074931144714
0.5945290327072144
0.48021817207336426
0.478293776512146
0.3961223363876343
0.3836778998374939
0.4120701551437378
0.39199453592300415
0.4377349615097046
0.41425424814224243
0.5046423673629761
0.4149324893951416
0.5115208625793457
0.42040032148361206
0.39091289043426514
0.6794626712799072
0.4774038791656494
0.5032336115837097
0.6740735173225403
0.46718525886535645
0.4914287328720093
0.46814167499542236
0.4065791368484497
0.5648108720779419
0.4717731475830078
0.5580633878707886
0.43757718801498413
0.5016763210296631
0.45405906438827515
0.5268245935440063
0.5902718305587769
0.4762648344039917
0.3874448537826538
0.46861863136291504
0.40690451860427856
0.5525842905044556
0.5032757520675659
0.49759817123413086
0.586461067199707
0.4090885519981384
0.4648629426956177
0.3557053208351135
0.6071585416793823
0.4905039668083191
0.33134400844573975
0.6219916939735413
0.4127342104911804
0.5658669471740723
0.451421856880188
0.4774097204208374
0.4031525254249573
0.43321990966796875
0.5849783420562744
0.4781438708305359
0.5431244373321533
0.5334810614585876
0.4798755645751953
0.5324326753616333
0.4898477792739868
0.5354279279708862
0.39828455448150635
0.5188985466957092
0.38419175148010254
0.4564920663833618
0.4678947925567627
0.47122132778167725
0.592767059803009
0.3970007300376892
0.3681896924972534
0.32229697704315186
0.45006728172302246
0.5523789525032043
0.4808177947998047
0.5310779809951782
0.3930617570877075
0.6364015340805054
0.46180516481399536
0.5126150250434875
0.4013180136680603
0.5926929116249084
0.5787587761878967
0.5788958668708801
0.40798884630203247
0.37116938829421997
0.5070591568946838
0.5834897756576538
0.48798757791519165
0.44604456424713135
0.6535964608192444
0.42119061946868896
0.498494029045105
0.4754078984260559
0.49427926540374756
0.7374258041381836
0.460752010345459
0.3669414520263672
0.41149914264678955
0.44358158111572266
0.2992095947265625
0.42907631397247314
0.38922494649887085
0.4732375144958496
0.478246808052063
0.5735881328582764
0.42103075981140137
0.5085570812225342
0.44465261697769165
0.440987765789032
0.4008025527000427
0.39179402589797974
0.3866059184074402
0.6393018364906311
0.5656329393386841
0.4517665505409241
0.5537847280502319
0.371682345867157
0.4945923686027527
0.5363020300865173
0.5401703715324402
0.4996849298477173
0.5014409422874451
0.5225557088851929
0.583037257194519
0.5784505009651184
0.4282628893852234
0.543105959892273
0.47230643033981323
0.6462021470069885
0.371120810508728
0.47141849994659424
0.4159889221191406
0.4340546131134033
0.3949287533760071
0.5582195520401001
0.5288757681846619
0.3944006562232971
0.5800155401229858
0.47661882638931274
0.5712372660636902
0.46827566623687744
0.3996416926383972
0.47657060623168945
0.4239693284034729
0.5491941571235657
0.528094470500946
0.454551100730896
0.67531818151474
0.519868791103363
0.46542322635650635
0.5980476140975952
0.3478565812110901
0.6252615451812744
0.4737052321434021
0.36697691679000854
0.45731121301651
0.5959795713424683
0.39621418714523315
0.5539504289627075
0.40576624870300293
0.44251447916030884
0.5592408180236816
0.5542353391647339
0.5614834427833557
0.44649022817611694
0.43849605321884155
0.48715394735336304
0.5362706780433655
0.390336275100708
0.4326789975166321
0.4581623673439026
0.4665623903274536
0.41721785068511963
0.48162442445755005
0.60963374376297
0.47717010974884033
0.4929687976837158
0.5006099939346313
0.4372985363006592
0.5307220220565796
0.5924255847930908
0.48954373598098755
0.6592301726341248
0.5439538359642029
0.47158902883529663
0.3663616180419922
0.44463402032852173
0.4721987843513489
0.50077885389328
0.4437662959098816
0.4445173144340515
0.4898837208747864
0.5524851083755493
0.6318507194519043
0.49665236473083496
0.5708454847335815
0.5654352903366089
0.48629724979400635
0.4524849057197571
0.4232029914855957
0.6381499171257019
0.5518771409988403
0.5178702473640442
0.40505099296569824
0.44953668117523193
0.5435107350349426
0.6076442003250122
0.4430575370788574
0.3681747317314148
0.44868040084838867
0.5108000636100769
0.43570178747177124
0.4251657724380493
0.38343918323516846
0.5579131841659546
0.46699827909469604
0.43936264514923096
0.7194371223449707
0.41248655319213867
0.6068372130393982
0.4829551577568054
0.5747507810592651
0.42051249742507935
0.48568034172058105
0.5463051795959473
0.4736691117286682
0.5485525727272034
0.4997832775115967
0.5927354097366333
0.4485586881637573
0.532332718372345
0.3652982711791992
0.5129968523979187
0.5804097652435303
0.38666796684265137
0.5188249349594116
0.6090658903121948
0.4496643543243408
0.3666556477546692
0.43899381160736084
0.4545259475708008
0.5164273381233215
0.5752251148223877
0.4641337990760803
0.4894627332687378
0.5814781785011292
0.4316582679748535
0.5264884233474731
0.4015084505081177
0.45866018533706665
0.5707733631134033
0.6221249103546143
0.4186960458755493
0.457161009311676
0.4850214123725891
0.46507954597473145
0.41645562648773193
0.6029147505760193
0.5269766449928284
0.5455325245857239
0.5161188840866089
0.43493926525115967
0.7253263592720032
0.44610530138015747
0.4711036682128906
0.49444007873535156
0.5200022459030151
0.46556252241134644
0.48625361919403076
0.4812527894973755
0.5440911054611206
0.40235769748687744
0.4577302932739258
0.5215142965316772
0.44140326976776123
0.4721747040748596
0.6303027868270874
0.40511423349380493
0.48366010189056396
0.481927752494812
0.5109729766845703
0.5879074931144714
0.5011665225028992
0.4325748085975647
0.5916357636451721
0.47055238485336304
0.5267653465270996
0.6284605264663696
0.4884833097457886
0.5786365270614624
0.5092014074325562
0.4719199538230896
0.40022414922714233
0.46757614612579346
0.5262314081192017
0.4985833168029785
0.7089130878448486
0.5449226498603821
0.5397252440452576
0.4242967367172241
0.5096138119697571
0.40579187870025635
0.4167023301124573
0.45747363567352295
0.42198294401168823
0.568039059638977
0.5839601755142212
0.6172899007797241
0.5189377069473267
0.6575579047203064
0.4468975067138672
0.3900464177131653
0.43445444107055664
0.5442228317260742
0.5333234071731567
0.42641448974609375
0.4115704298019409
0.4349897503852844
0.5285167098045349
0.5202659964561462
0.6344367861747742
0.43229562044143677
0.5909024477005005
0.46239423751831055
0.5746949911117554
0.4988313913345337
0.48443299531936646
0.6329597234725952
0.4533078670501709
0.47214680910110474
0.41588979959487915
0.4581109285354614
0.540298581123352
0.5070699453353882
0.5158070921897888
0.4301377534866333
0.48203426599502563
0.4600263833999634
0.43121588230133057
0.45670825242996216
0.43679314851760864
0.38058042526245117
0.4991369843482971
0.5224785804748535
0.4200946092605591
0.37434935569763184
0.5754159092903137
0.49257010221481323
0.41197556257247925
0.5745024085044861
0.5211890339851379
0.3857347369194031
0.5379040241241455
0.396023154258728
0.48270338773727417
0.44046294689178467
0.6641848683357239
0.4701075553894043
0.5456932783126831
0.43142980337142944
0.5366383790969849
0.44000256061553955
0.45436185598373413
0.4827807545661926
0.43088722229003906
0.4500919580459595
0.4557530879974365
0.5340461134910583
0.5371091365814209
0.5252686142921448
0.40016883611679077
0.4025580883026123
0.6609545946121216
0.6169493198394775
0.3751069903373718
0.5272599458694458
0.5021445155143738
0.5702803134918213
0.46387410163879395
0.37677210569381714
0.5267734527587891
0.4493768811225891
0.45555830001831055
0.4466071128845215
0.41891372203826904
0.5998293161392212
0.4511893391609192
0.47964316606521606
0.39117348194122314
0.4429519772529602
0.44444209337234497
0.32643812894821167
0.6545721292495728
0.4892996549606323
0.3682832717895508
0.4634981155395508
0.5698855519294739
0.5505053400993347
0.5689941644668579
0.5850884914398193
0.395083487033844
0.47947603464126587
0.42184168100357056
0.6287186145782471
0.4077996015548706
0.44520503282546997
0.528007447719574
0.5480855107307434
0.4257451295852661
0.43272697925567627
0.538504421710968
0.5507417917251587
0.3752289414405823
0.4803168773651123
0.43978631496429443
0.4269378185272217
0.4227275252342224
0.43587028980255127
0.4537029266357422
0.5133737921714783
0.3839375972747803
0.4739452004432678
0.4935130476951599
0.6015843749046326
0.43177855014801025
0.4320763349533081
0.4174709916114807
0.4089640974998474
0.4627019166946411
0.4219701886177063
0.4404582977294922
0.4634091258049011
0.5625544786453247
0.4260985255241394
0.4300307631492615
0.4404400587081909
0.4042043685913086
0.559888482093811
0.5600361824035645
0.5280704498291016
0.3885933756828308
0.5049058198928833
0.39821523427963257
0.4376029372215271
0.598503589630127
0.45723968744277954
0.6438358426094055
0.4164842963218689
0.4771386981010437
0.42896515130996704
0.5494636297225952
0.46536844968795776
0.44016844034194946
0.4055909514427185
0.5443020462989807
0.6188939809799194
0.42823052406311035
0.46351099014282227
0.4509084224700928
0.507031261920929
0.5360029935836792
0.3423972725868225
0.48358792066574097
0.33662647008895874
0.5066330432891846
0.5094233751296997
0.38961464166641235
0.5392473936080933
0.40391725301742554
0.5850358605384827
0.3833996653556824
0.46086156368255615
0.42348164319992065
0.37242162227630615
0.48994535207748413
