0.5554426908493042
0.7042980790138245
0.5372692346572876
0.559791088104248
0.8049188256263733
0.7383298873901367
0.6364920139312744
0.5140582919120789
0.8323550820350647
0.7567998170852661
0.30376407504081726
0.6917432546615601
0.562926173210144
0.7481663227081299
0.5348863005638123
0.7408864498138428
0.619392991065979
0.5251685976982117
0.6957813501358032
0.5039128661155701
0.6825811862945557
0.5031939744949341
0.43994107842445374
0.8111734986305237
0.36978089809417725
0.4966166615486145
0.7904136180877686
0.7581021785736084
0.6232180595397949
0.7072708606719971
0.7845817804336548
0.6565508246421814
0.6742837429046631
0.5608178973197937
0.6708194017410278
0.5974222421646118
0.8767790794372559
0.36479440331459045
0.6707000732421875
0.739531397819519
0.4772920608520508
0.7982438802719116
0.4379613697528839
0.5802321434020996
0.8077390789985657
0.6861937642097473
0.6961504220962524
0.5081037878990173
0.75492262840271
0.720285952091217
0.5345067381858826
0.6444138288497925
0.6820225715637207
0.5461431741714478
0.2904233932495117
0.5591328740119934
0.7251344323158264
0.532555341720581
0.5664507150650024
0.6368036866188049
0.6714761257171631
0.7933772802352905
0.9099010229110718
0.7047516107559204
0.588624894618988
0.8855752348899841
0.5066877007484436
0.7345024943351746
0.7069180607795715
0.7643409967422485
0.7331393361091614
0.6423079371452332
0.6902123689651489
0.7687551975250244
0.5041317939758301
0.5162399411201477
0.7002007365226746
0.24310356378555298
0.617785632610321
0.7153974771499634
0.6961445808410645
0.651338517665863
0.5726388096809387
0.783318281173706
0.6214359402656555
0.8086716532707214
0.7176945209503174
0.7636072635650635
0.5229859352111816
0.8382534980773926
0.3593960106372833
0.7919338941574097
0.4855395257472992
0.6631933450698853
0.5144323706626892
0.7029294967651367
0.7847742438316345
0.41356465220451355
0.7897170782089233
0.6425360441207886
0.4427925646305084
0.6525150537490845
0.5297819972038269
0.7530224919319153
0.47289758920669556
0.6524404883384705
0.7267760038375854
0.7116175889968872
0.5907435417175293
0.773981511592865
0.7932555675506592
0.3189330995082855
0.681148886680603
0.6619020104408264
0.3189719021320343
0.7459225654602051
0.7198189496994019
0.5438573360443115
0.7959396839141846
0.5981705188751221
0.7223635315895081
0.6824778318405151
0.6183393597602844
0.44427627325057983
0.7115364074707031
0.7727336287498474
0.4539746940135956
0.5667975544929504
0.6580484509468079
0.733635425567627
0.7800110578536987
0.7356604337692261
0.7678530812263489
0.6722506284713745
0.6756567358970642
0.6969568729400635
0.4639437198638916
0.7425081133842468
0.7373862266540527
0.8493167161941528
0.5646556615829468
0.7911471724510193
0.7746691703796387
0.6609863042831421
0.4288232624530792
0.89122074842453
0.7366178631782532
0.1908334195613861
0.6031146049499512
0.6690350770950317
0.6529333591461182
0.6420019865036011
0.6996407508850098
0.6199134588241577
0.7488236427307129
0.6582377552986145
0.8534724712371826
0.6372730135917664
0.23641908168792725
0.448954701423645
0.8890474438667297
0.63942551612854
0.6460973620414734
0.7793144583702087
0.8005803227424622
0.6374584436416626
0.980076014995575
0.5833014845848083
0.6383374929428101
0.3432457745075226
0.747934103012085
0.7525032758712769
0.6014564037322998
0.17632094025611877
0.6466002464294434
0.8044041395187378
0.4297882914543152
0.5843172073364258
0.5764101147651672
0.7424818277359009
0.806465208530426
0.6137194633483887
0.7638107538223267
0.5548682808876038
0.6850806474685669
0.9557111263275146
0.7835672497749329
0.8430238962173462
0.28759220242500305
0.7030400633811951
0.5375412702560425
0.6376727819442749
0.34928709268569946
0.7413077354431152
0.7427574396133423
0.49911928176879883
0.7387873530387878
0.8328007459640503
0.437649130821228
0.6623455882072449
0.9184259176254272
0.39492326974868774
0.6294834613800049
0.34519073367118835
0.5837311148643494
0.5319401025772095
0.4629110097885132
0.727798342704773
0.641688346862793
0.5590729117393494
0.4865688979625702
0.44199976325035095
0.7107595205307007
0.6987156867980957
0.8077143430709839
0.25277242064476013
0.7793948650360107
0.8307156562805176
0.6611371040344238
0.32016322016716003
0.7926512360572815
0.7437924146652222
0.7371001243591309
0.5274579524993896
0.17448735237121582
0.4320630133152008
0.7369296550750732
0.5486368536949158
0.4843882918357849
0.44848617911338806
0.6962412595748901
0.5580234527587891
0.564453125
0.5520434975624084
0.4468238949775696
0.6674530506134033
0.4733463227748871
0.6574835777282715
0.815060555934906
0.5014732480049133
0.4612959623336792
0.6634515523910522
0.5385849475860596
0.591760516166687
0.7315123677253723
0.8437212705612183
0.627601683139801
0.5885500907897949
0.7291322350502014
0.6120660305023193
0.7810479998588562
0.2862679660320282
0.7719033360481262
0.4384320378303528
0.7477056980133057
0.7789871692657471
0.7221807837486267
0.6891887187957764
0.3776029944419861
0.6675952076911926
0.3376668393611908
0.43337199091911316
0.3918738067150116
0.5842064619064331
0.5902859568595886
0.7499113082885742
0.5770994424819946
0.6952860355377197
0.6861745119094849
0.28571826219558716
0.7625709772109985
0.7865647077560425
0.6388545036315918
0.6927700638771057
0.6480937004089355
0.627632737159729
0.7707189321517944
0.7561843395233154
0.9071738719940186
0.2332969456911087
0.6288490295410156
0.7827678918838501
0.47148776054382324
0.8215038776397705
0.4287942945957184
0.6463232040405273
0.7554519772529602
0.6083561778068542
0.5110931992530823
0.5796235799789429
0.6014826893806458
0.7518080472946167
0.6860923767089844
0.6732515096664429
0.5205161571502686
0.572665810585022
0.6081638336181641
0.8403487801551819
0.2858620285987854
0.642342209815979
0.6825712323188782
0.8431206345558167
0.6420574188232422
0.5283942222595215
0.8808354735374451
0.6785172820091248
0.6609452366828918
0.5686006546020508
0.7847563028335571
0.6718751788139343
0.7451847791671753
0.7487607598304749
0.551861584186554
0.7636929750442505
0.44383808970451355
0.5184638500213623
0.5564423203468323
0.6037664413452148
0.5516131520271301
0.5658861398696899
0.459944486618042
0.3226611316204071
0.6738551259040833
0.6914619207382202
0.6903132200241089
0.7827260494232178
0.7142813205718994
0.6187130808830261
0.722112774848938
0.3467126786708832
0.5307157039642334
0.3138726055622101
0.8077893257141113
0.8385620713233948
0.8149619102478027
0.5616425275802612
0.7221563458442688
0.7256734371185303
0.5852017402648926
0.6114264726638794
0.675147294998169
0.7140899896621704
0.542851448059082
0.8069747686386108
0.6995251178741455
0.4306494891643524
0.7477948665618896
0.7059228420257568
0.7680107951164246
0.8253818154335022
0.9088360071182251
0.4876740276813507
0.7897971868515015
0.7679688334465027
0.384439617395401
0.8950150012969971
0.7452542185783386
0.7726671695709229
0.7797105312347412
0.5562478303909302
0.7198823690414429
0.4396264851093292
0.7281978130340576
0.6936944723129272
0.7617759704589844
0.4755742847919464
0.7700273394584656
0.8586117029190063
0.8457798957824707
0.8004294633865356
0.3831777274608612
0.48005256056785583
0.7456470727920532
0.731660008430481
0.6419446468353271
0.7745305299758911
0.9507237672805786
0.7115299701690674
0.2854219675064087
0.5245380401611328
0.6920574903488159
0.724462628364563
0.5874003171920776
0.8785637617111206
0.6613594889640808
0.6058355569839478
0.7912517786026001
0.7729082107543945
0.38435935974121094
0.7328659296035767
0.44589874148368835
0.7521410584449768
0.6125608086585999
0.5937347412109375
0.5382030606269836
0.8362853527069092
0.6926915049552917
0.885967493057251
0.5634328722953796
0.5346282720565796
0.40784603357315063
0.6191445589065552
0.7209299802780151
0.8405328989028931
0.8026031851768494
0.7988079190254211
0.5925184488296509
0.45261919498443604
0.7589975595474243
0.5041415095329285
0.6078026294708252
0.7008256912231445
0.6696906089782715
0.6790457367897034
0.5907906293869019
0.6959007978439331
0.8696247935295105
0.7987461686134338
0.44621381163597107
0.6326195001602173
0.5056619048118591
0.7881253957748413
0.6821598410606384
0.5671586990356445
0.6179320812225342
0.5111733675003052
0.848607063293457
0.6146307587623596
0.7915580868721008
0.37067070603370667
0.5538309812545776
0.7338302135467529
0.6619080305099487
0.7583695650100708
0.7294706702232361
0.7933818101882935
0.7979609966278076
0.5580036044120789
0.6181570291519165
0.4487697184085846
0.8064833879470825
0.8447883725166321
0.9013628959655762
0.47164812684059143
0.7004106044769287
0.35894718766212463
0.6622303128242493
0.7166382074356079
0.22734004259109497
0.37417206168174744
0.7758619785308838
0.690017580986023
0.3854875862598419
0.44468340277671814
0.6293423175811768
0.7303801774978638
0.8106455206871033
0.7735608816146851
0.4398537278175354
0.7542856931686401
0.5053672790527344
0.666659951210022
0.7060703039169312
0.7328243851661682
0.7516805529594421
0.3369993567466736
0.6728389263153076
0.8044488430023193
0.5996671915054321
0.7896929979324341
0.7861191630363464
0.673831582069397
0.5259335041046143
0.6990048289299011
0.8071458339691162
0.21751250326633453
0.5005053281784058
0.5744284391403198
0.6375119686126709
0.48947015404701233
0.6727375984191895
0.2526394724845886
0.7989886403083801
0.7509510517120361
0.5778821110725403
0.24543091654777527
0.9215569496154785
0.8065006732940674
0.371519535779953
0.7102166414260864
0.7528921365737915
0.7281429171562195
0.7348755598068237
0.5538925528526306
0.6687445044517517
0.8426434397697449
0.8191287517547607
0.8411415219306946
0.7050962448120117
0.9886202812194824
0.8724699020385742
0.5917300581932068
0.8385307192802429
0.5471911430358887
0.5460464954376221
0.818677544593811
0.4615442454814911
0.949180543422699
0.5229761600494385
0.7060620784759521
0.6493134498596191
0.7135679125785828
0.5700454711914062
0.6879298686981201
0.4728427827358246
0.6392764449119568
0.7794057130813599
0.6018308401107788
0.42558541893959045
0.6872430443763733
0.7418994903564453
0.6008548140525818
0.604597806930542
0.605923056602478
0.7929874658584595
0.8518537282943726
0.811877965927124
0.7492763996124268
0.45100435614585876
0.694792628288269
0.7251670360565186
0.6076081991195679
0.5603799819946289
0.5582239627838135
0.3558662235736847
0.4507356584072113
0.7393748164176941
0.5361915230751038
0.6752820014953613
0.8177582025527954
0.7076282501220703
0.5960190892219543
0.2336900532245636
0.3462730944156647
0.8688538074493408
0.6513980031013489
0.7267323732376099
0.4961463510990143
0.5809035301208496
0.8185617923736572
0.7018969058990479
0.5212339162826538
0.8616552352905273
0.8463010191917419
0.8204725980758667
0.5730546712875366
0.7902947068214417
0.7207300662994385
0.5885381698608398
0.6851409673690796
0.5364576578140259
0.7028807401657104
0.7252678275108337
0.6465713977813721
0.686944842338562
0.7962429523468018
0.5208316445350647
0.6428148150444031
0.2379276007413864
0.7853966951370239
0.7629530429840088
0.6434245705604553
0.4797261655330658
0.8679688572883606
0.8303250670433044
0.7052322030067444
0.7759336829185486
0.6830248236656189
0.313247948884964
0.6249616742134094
0.581372082233429
0.6990225315093994
0.31442949175834656
0.5304503440856934
0.32634416222572327
0.6934646368026733
0.7369903922080994
0.650342583656311
0.6140034198760986
0.8283082246780396
0.9511964917182922
0.8883758187294006
0.689699649810791
0.4391055703163147
0.5179470777511597
0.5110076665878296
0.7729031443595886
0.5170614719390869
0.3617975413799286
0.7926844358444214
0.6973971724510193
0.6698693037033081
0.8107389211654663
0.49371328949928284
0.7169613242149353
0.5952669382095337
0.7713529467582703
0.7064956426620483
0.4622898995876312
0.6141153573989868
0.8718186020851135
0.6642240881919861
0.7380382418632507
0.5016558170318604
0.5497477054595947
0.9351748824119568
0.5066770911216736
0.6906061172485352
0.638500452041626
0.6029936075210571
0.4929766356945038
0.6274204254150391
0.5818955898284912
0.5160842537879944
0.7936525940895081
0.7615258097648621
0.7494750618934631
0.7168391942977905
0.5430001020431519
0.8361636400222778
0.8186299800872803
0.6025888323783875
0.888883113861084
0.6517547369003296
0.60642409324646
0.7683010697364807
0.8115182518959045
0.7725422978401184
0.6265882253646851
0.8586151599884033
0.6345543265342712
0.5000309348106384
0.5221413373947144
0.47654104232788086
0.4076358377933502
0.48388907313346863
0.7214268445968628
0.7759336829185486
0.7951598763465881
0.49700355529785156
0.5784664750099182
0.6092056632041931
0.7679820656776428
0.5398341417312622
0.42641589045524597
0.6159217953681946
0.7525185942649841
0.664447546005249
0.7363894581794739
0.521385133266449
0.7950411438941956
0.660591721534729
0.5214548707008362
0.33666279911994934
0.7497389316558838
0.6502056121826172
0.6501350998878479
0.6089963912963867
0.3000175952911377
0.7620412111282349
0.549674391746521
0.6805720329284668
0.9098120927810669
0.7140801548957825
0.6103812456130981
0.8137458562850952
0.36918744444847107
0.5718907713890076
0.3417735993862152
0.4414537847042084
0.7097907066345215
0.7733032703399658
0.7922450304031372
0.47193893790245056
0.35843977332115173
0.771841287612915
0.6667158603668213
0.5808343291282654
0.7451801300048828
0.5483404994010925
0.7225018739700317
0.6193646788597107
0.5363156795501709
0.8538435697555542
0.7543314099311829
0.6848857998847961
0.607276439666748
0.5300877690315247
0.7524348497390747
0.46296361088752747
0.6960294246673584
0.5811629295349121
0.8547673225402832
0.5634937882423401
0.28828707337379456
0.3592930734157562
0.6251748204231262
0.3222273290157318
0.6755930185317993
0.8067987561225891
0.5178602337837219
0.45652109384536743
0.4952300488948822
0.3129850924015045
0.790388822555542
0.7454242706298828
0.4955204129219055
0.325966477394104
0.7713809013366699
0.5405876040458679
0.7319581508636475
0.35769572854042053
0.7618752121925354
0.7854284048080444
0.5212485194206238
0.48865368962287903
0.8622905015945435
0.6525246500968933
0.5878602266311646
0.6428283452987671
0.7351850271224976
0.628446638584137
0.7553149461746216
0.7203823924064636
0.685508131980896
0.4336608946323395
0.755506157875061
0.48146817088127136
0.6630926728248596
0.1611902415752411
0.4607444107532501
0.7653847336769104
0.6626116633415222
0.587347686290741
0.650558352470398
0.5711053609848022
0.8142973184585571
0.708168625831604
0.709892988204956
0.4932636618614197
0.46481087803840637
0.44936156272888184
0.6599786877632141
0.6673142910003662
0.5285357236862183
0.7403522729873657
0.7805477380752563
0.4079919755458832
0.48352962732315063
0.685394823551178
0.7654624581336975
0.744951605796814
0.6147793531417847
0.5676835775375366
0.5865170955657959
0.6140769720077515
0.785548746585846
0.6410348415374756
0.5344455242156982
0.2597450315952301
0.600062370300293
0.36713409423828125
0.7200512290000916
0.6270501017570496
0.7430450320243835
0.35652634501457214
0.6283045411109924
0.6873753070831299
0.6155226230621338
0.9391229152679443
0.5893173813819885
0.6825982332229614
0.7974638342857361
0.662109911441803
0.6723737716674805
0.38638582825660706
0.698396623134613
0.8102296590805054
0.8473076224327087
0.7290915250778198
0.2886926531791687
0.5547077655792236
0.6774929761886597
0.8141531348228455
0.48398998379707336
0.3856324255466461
0.8349667191505432
0.7663474678993225
0.7432821989059448
0.47374117374420166
0.6718847751617432
0.6237096786499023
0.7416146397590637
0.6657280921936035
0.4417014718055725
0.567317008972168
0.5012714862823486
0.4899752736091614
0.6903479099273682
0.8920092582702637
0.9160451889038086
0.5557639598846436
0.15850599110126495
0.5867549777030945
0.6892120838165283
0.3267901837825775
0.7249473929405212
0.4663954973220825
0.648537814617157
0.535833477973938
0.8097909688949585
0.537853479385376
0.9195070266723633
0.6039851903915405
0.7685203552246094
0.7103334665298462
0.6604691743850708
0.7493153810501099
0.7462696433067322
0.8249709606170654
0.2603262662887573
0.47470682859420776
0.8930158615112305
0.6632974147796631
0.8454453945159912
0.4862798750400543
0.8212161064147949
0.6218051314353943
0.5941795706748962
0.5757176876068115
0.5719892978668213
0.5849406123161316
0.6620097160339355
0.3320283889770508
0.7371987104415894
0.6078298091888428
0.7878919243812561
0.693585991859436
0.8047745823860168
0.6985772848129272
0.36762651801109314
0.570249617099762
0.4208984375
0.7498361468315125
0.5106445550918579
0.3009031414985657
0.39537253975868225
0.7191689014434814
0.4140298366546631
0.756203293800354
0.8304798007011414
0.5101305246353149
0.7088853120803833
0.6469671130180359
0.8061004877090454
0.5820435285568237
0.5669699907302856
0.8062579035758972
0.8165571093559265
0.5533987283706665
0.3236484229564667
0.8007866144180298
0.6893128156661987
0.49189358949661255
0.7337374687194824
0.7017452716827393
0.6690236330032349
0.5056344270706177
0.3875856399536133
0.6181516051292419
0.4832914173603058
0.6689538955688477
0.6266462802886963
0.6996684670448303
0.5888407230377197
0.606549859046936
0.7487166523933411
0.4585891366004944
0.4606640636920929
0.8719091415405273
0.5883538722991943
0.8040971159934998
0.6470620632171631
0.7964767217636108
0.875744104385376
0.8632096648216248
0.581454336643219
0.7374101877212524
0.5571384429931641
0.5403661727905273
0.4909859001636505
0.4688780605792999
0.6594923734664917
0.6278491020202637
0.7536181211471558
0.6282510161399841
0.7186352610588074
0.6412230134010315
0.6090844869613647
0.40881282091140747
0.5345829129219055
0.7325804829597473
0.6169219017028809
0.9431437253952026
0.5309058427810669
0.7310725450515747
0.3457094728946686
0.7969998717308044
0.9334932565689087
0.6684576272964478
0.5212371945381165
0.7810934782028198
0.7734774351119995
0.8907374143600464
0.6320674419403076
0.6426277160644531
0.8890693187713623
0.6866543292999268
0.8177798986434937
0.9001253247261047
0.6633144617080688
0.765304684638977
0.5084189772605896
0.5225018262863159
0.47270622849464417
0.5833525657653809
0.683069109916687
0.7748957872390747
0.4067496955394745
0.6355037689208984
0.6277675032615662
0.6856820583343506
0.24521404504776
0.7284132242202759
0.704161524772644
0.7947949171066284
0.40000221133232117
0.6780015230178833
0.6372405886650085
0.38970431685447693
0.7458032369613647
0.683611273765564
0.7450416088104248
0.6453209519386292
0.7016713619232178
0.8909040689468384
0.8576915264129639
0.5370016098022461
0.6320040225982666
0.7981936931610107
0.49313125014305115
0.7793617248535156
0.38223597407341003
0.6218482255935669
0.5634551644325256
0.596413254737854
0.2615950107574463
0.6709174513816833
0.46349966526031494
0.7304742336273193
0.660591721534729
0.8371275067329407
0.6225863695144653
0.7093738317489624
0.612984299659729
0.7637408375740051
0.4743126928806305
0.46729904413223267
0.8218168020248413
0.8727079629898071
0.48849961161613464
0.6945753693580627
0.306470662355423
0.7190871834754944
0.5338590741157532
0.5750100612640381
0.7868802547454834
0.4386535882949829
0.8002354502677917
0.6307651400566101
0.21032629907131195
0.7165661454200745
0.5083311200141907
0.769997239112854
0.2636585235595703
0.8347790241241455
0.6442881226539612
0.7058557271957397
0.8069564700126648
0.4585634768009186
0.7316741943359375
0.5430285930633545
0.46445056796073914
0.6478831171989441
0.7213456034660339
0.5587332844734192
0.7612450122833252
0.6375609636306763
0.6511222124099731
0.5983976125717163
0.673062801361084
0.6930397748947144
0.8243010640144348
0.6693196892738342
0.8511754274368286
0.8743881583213806
0.5867866277694702
0.8373447060585022
0.498470276594162
0.7919825911521912
0.7710684537887573
0.8203701376914978
0.6000210046768188
0.5841175317764282
0.7826253175735474
0.6670971512794495
0.7884202599525452
0.7558996677398682
0.3290242850780487
0.7584977149963379
0.7933415174484253
0.3438122272491455
0.8508341908454895
0.4146992862224579
0.7231440544128418
0.7185821533203125
0.3875856399536133
0.8123331069946289
0.6292828917503357
0.5411695241928101
0.7841998338699341
0.16135378181934357
0.5683303475379944
0.7017256617546082
0.6010391712188721
0.7903074026107788
0.619793176651001
0.769797682762146
0.3707750737667084
0.4597765803337097
0.28154483437538147
0.6561678647994995
0.44233059883117676
0.8586823344230652
0.7987622618675232
0.7175115346908569
0.5336751341819763
0.755258321762085
0.6354192495346069
0.804843544960022
0.763755738735199
0.8676239252090454
0.8964268565177917
0.4305826723575592
0.2483377456665039
0.9147676825523376
0.822014331817627
0.7388392090797424
0.45531216263771057
0.7251976728439331
0.598472535610199
0.587809681892395
0.5747988224029541
0.41681215167045593
0.7314692735671997
0.5608992576599121
0.8615562915802002
0.7961723804473877
0.7939546704292297
0.8425813913345337
0.43689605593681335
0.6838592290878296
0.5902197360992432
0.8255746960639954
0.7917894721031189
0.4168730676174164
0.7454918622970581
0.39708855748176575
0.6831085085868835
0.7008580565452576
0.8152436017990112
0.8529239892959595
0.47455424070358276
0.7146278023719788
0.8728055357933044
0.6824567317962646
0.6517207622528076
0.6629143953323364
0.6676850318908691
0.8558270335197449
0.4035082459449768
0.8004633784294128
0.525679349899292
0.673187255859375
0.7498795390129089
0.5401338934898376
0.581922173500061
0.7605661153793335
0.5093916058540344
0.8903326988220215
0.4654885232448578
0.8218368887901306
0.7516331672668457
0.6879423260688782
0.5252807140350342
0.5042241811752319
0.6089332103729248
0.8184560537338257
0.6330995559692383
0.7451822757720947
0.7295123338699341
0.6647290587425232
0.6952368021011353
0.6012412905693054
0.7783458232879639
0.5259344577789307
0.791255533695221
0.7620452046394348
0.793522834777832
0.8118270635604858
0.5388321876525879
0.7962969541549683
0.5777731537818909
0.5118062496185303
0.47396284341812134
0.7393174767494202
0.5044407844543457
0.5062914490699768
0.8547818660736084
0.8687922358512878
0.756286084651947
0.6847959756851196
0.7430835962295532
0.38057470321655273
0.4203469157218933
0.6006817817687988
0.4880262017250061
0.7731556296348572
0.5855251550674438
0.77150958776474
0.7909793853759766
0.7129929065704346
0.6428365707397461
0.5475981831550598
0.4808604419231415
0.5086892247200012
0.6577147841453552
0.7997567653656006
0.674153208732605
0.7952056527137756
0.5571047067642212
0.7090026140213013
0.773857831954956
0.6523350477218628
0.6988366842269897
0.7352277636528015
0.506195604801178
0.7992183566093445
0.43690595030784607
0.7981970906257629
0.6681634783744812
0.36014920473098755
0.6381115317344666
0.3125297725200653
0.40413543581962585
0.7009260654449463
0.8029037117958069
0.6061162948608398
0.5545150637626648
0.4796242415904999
0.8524870276451111
0.7384587526321411
0.3284168243408203
0.717718243598938
0.7678795456886292
0.530947208404541
0.7643139362335205
0.5438560247421265
0.6019130945205688
0.3836257755756378
0.7797386646270752
0.5016680359840393
0.6709524393081665
0.690163791179657
0.403795450925827
0.707314670085907
0.7605215311050415
0.8917319774627686
0.590062141418457
0.6584619283676147
0.7360222935676575
0.5976507663726807
0.7698659896850586
0.5470633506774902
0.6717377305030823
0.4610423147678375
0.8867524862289429
0.672683835029602
0.8247604966163635
0.8397376537322998
0.22405505180358887
0.8248476982116699
0.6474224328994751
0.7339439392089844
0.5083968639373779
0.7917999029159546
0.6321642398834229
0.6643214821815491
0.5214688777923584
0.2702732980251312
0.7615584135055542
0.2221909612417221
0.8270713686943054
0.8880935907363892
0.5081776976585388
0.7602821588516235
0.7023538947105408
0.8351621031761169
0.4916935861110687
0.6335009336471558
0.7985192537307739
0.7779768109321594
0.5533552765846252
0.6320313215255737
0.6728386878967285
0.6203010678291321
0.7285068035125732
0.8475309610366821
0.6333365440368652
0.7279666662216187
0.7880743741989136
0.7533152103424072
0.6411445140838623
0.7735208868980408
0.4820113480091095
0.7400965690612793
0.7806983590126038
0.8471478223800659
0.5992691516876221
0.5224917531013489
0.7455582022666931
0.878146231174469
0.5415781140327454
0.3532605469226837
0.7788324356079102
0.2750646770000458
0.46444809436798096
0.5805785655975342
0.5236104726791382
0.8243790864944458
0.7803775668144226
0.8225449323654175
0.8386875987052917
0.2796098291873932
0.8008740544319153
0.7469624876976013
0.6729332208633423
0.6778632998466492
0.3737148344516754
0.7513058185577393
0.6782531142234802
0.8156648278236389
0.6967291235923767
0.5946240425109863
0.18798021972179413
0.7096500992774963
0.5852141976356506
0.414415568113327
0.5156804323196411
0.3715091049671173
0.8777484893798828
0.37488412857055664
0.7590997219085693
0.620429515838623
0.7340107560157776
0.3938046395778656
0.7533780336380005
0.810411274433136
0.48031193017959595
0.18691003322601318
0.7228782176971436
0.2986598014831543
0.8256757259368896
0.36205655336380005
0.7752490043640137
0.6527361273765564
0.5378330945968628
0.6887924671173096
0.7650503516197205
0.4944286048412323
0.8467204570770264
0.4303840100765228
0.7159735560417175
0.7213075757026672
0.7279165983200073
0.7822114825248718
0.7377192974090576
0.6897573471069336
0.7785667181015015
0.23440015316009521
0.7279770374298096
0.7808303833007812
0.804119348526001
0.19485384225845337
0.6925888657569885
0.4011136591434479
0.4282148480415344
0.5395799875259399
0.780366063117981
0.4718407094478607
0.5645460486412048
0.6289466023445129
0.5183032155036926
0.7096059322357178
0.5673372745513916
0.762999415397644
0.5719172954559326
0.8458619713783264
0.8907669186592102
0.7772612571716309
0.7755606174468994
0.6716756820678711
0.4365680515766144
0.9192747473716736
0.7836482524871826
0.7426736950874329
0.45365551114082336
0.5728542804718018
0.8611419200897217
0.6858936548233032
0.5473523736000061
0.7492716312408447
0.5847600698471069
0.1917908787727356
0.7365701198577881
0.8272078037261963
0.7371417880058289
0.6507059335708618
0.8163018822669983
0.7105473875999451
0.7177619934082031
0.5397933721542358
0.45501992106437683
0.8408151865005493
0.3830115795135498
0.8458611965179443
0.5175856351852417
0.861006498336792
0.7885565161705017
0.6763772368431091
0.3597106635570526
0.5812385082244873
0.8083359003067017
0.837303638458252
0.5928091406822205
0.745304524898529
0.5481647253036499
0.7286279201507568
0.825750470161438
0.5962727069854736
0.40689876675605774
0.7800766825675964
0.6907503604888916
0.6174101829528809
0.7035753726959229
0.49236345291137695
0.8752697706222534
0.6301660537719727
0.7421302199363708
0.665779709815979
0.4254685342311859
0.4019695222377777
0.670724630355835
0.5874080657958984
0.4532817006111145
0.524638831615448
0.763141393661499
0.770645260810852
0.46036258339881897
0.7595239877700806
0.5420516729354858
0.7607986927032471
0.3527418076992035
0.880719780921936
0.8500635623931885
0.7959005832672119
0.22502127289772034
0.3834775686264038
0.5362884998321533
0.8290216326713562
0.7408387660980225
0.8357322216033936
0.6376593708992004
0.6489550471305847
0.6000363826751709
0.3714979588985443
0.5727260112762451
0.5113863348960876
0.7789878249168396
0.8009015321731567
0.7137253284454346
0.5060286521911621
0.37261638045310974
0.8476700782775879
0.6261427402496338
0.677236795425415
0.6851240396499634
0.1717267781496048
0.8130747079849243
0.618222713470459
0.7568823099136353
0.6547914147377014
0.6747222542762756
0.9141806960105896
0.8178013563156128
0.7834941148757935
0.6283125281333923
0.17580491304397583
0.880936861038208
0.8160744905471802
0.5225031971931458
0.44983264803886414
0.6124796867370605
0.47964686155319214
0.650244951248169
0.6418969631195068
0.8040449619293213
0.3609415292739868
0.8006902933120728
0.5760667324066162
0.3524816334247589
0.7706118822097778
0.36359885334968567
0.8694615960121155
0.7035389542579651
0.6052224636077881
0.797571063041687
0.8308138847351074
0.6886478066444397
0.7253906726837158
0.6656817197799683
0.3272259533405304
0.42713961005210876
0.5456229448318481
0.6331303119659424
0.5599026679992676
0.7349197864532471
0.7014464139938354
0.45044389367103577
0.5461716651916504
0.21605882048606873
0.7413532733917236
0.7233442664146423
0.6334229707717896
0.7891809940338135
0.8415818214416504
0.7120010852813721
0.5282217264175415
0.6217233538627625
0.7677827477455139
0.4847489297389984
0.41612181067466736
0.581118106842041
0.7213758826255798
0.8492574691772461
0.4190937578678131
0.68790602684021
0.5572487115859985
0.8123953342437744
0.7543054223060608
0.6805952787399292
0.6590064764022827
0.8973289728164673
0.7791615724563599
0.825214147567749
0.2462325394153595
0.8668801188468933
0.7167754173278809
0.38292619585990906
0.7278507947921753
0.8098762631416321
0.3507159650325775
0.8107717037200928
0.7395541071891785
0.6470240354537964
0.6021950840950012
0.8042608499526978
0.7609627842903137
0.7456599473953247
0.851550281047821
0.6048139333724976
0.6599596738815308
0.8628753423690796
0.8553608059883118
0.5210527181625366
0.6760661602020264
0.3309376537799835
0.3874730169773102
0.5439172387123108
0.7799081802368164
0.7549160122871399
0.6696579456329346
0.2100686877965927
0.45330163836479187
0.7634711265563965
0.6597375273704529
0.7138574719429016
0.54778653383255
0.32776257395744324
0.7333520650863647
0.6553350687026978
0.7557206153869629
0.8479785323143005
0.8723489046096802
0.6397219896316528
0.8346228003501892
0.6193503141403198
0.7375014424324036
0.7467642426490784
0.5695675611495972
0.6575872898101807
0.35757163166999817
0.6292024850845337
0.5461016893386841
0.6846717596054077
0.6026579737663269
0.5982308983802795
0.7420908808708191
0.7672973871231079
0.6131057143211365
0.797831654548645
0.7917390465736389
0.37755003571510315
0.6623906493186951
0.5091837644577026
0.4170214533805847
0.43484076857566833
0.671231746673584
0.4824206829071045
0.8621299266815186
0.6451519727706909
0.6610336899757385
0.5168663263320923
0.7004362940788269
0.7975810170173645
0.5405925512313843
0.8000571727752686
0.87532639503479
0.581713080406189
0.8372660279273987
0.7408967018127441
0.515813410282135
0.5948803424835205
0.6005351543426514
0.7457585334777832
0.7354638576507568
0.6527459621429443
0.7328258752822876
0.5642989873886108
0.5279922485351562
0.4868752956390381
0.5074105858802795
0.7068742513656616
0.7739102840423584
0.7487695217132568
0.4693678319454193
0.5912845134735107
0.7795583009719849
0.7241424322128296
0.7929672598838806
0.9417151212692261
0.715229868888855
0.24545922875404358
0.6946025490760803
0.651090145111084
0.6202982068061829
0.8604207038879395
0.45242446660995483
0.5739704370498657
0.6258040070533752
0.8086230754852295
0.275039404630661
0.6719679832458496
0.7751978635787964
0.8775025606155396
0.7707667946815491
0.6691265106201172
0.4477129578590393
0.7175472974777222
0.6533231735229492
0.5272712707519531
0.28307923674583435
0.6347333192825317
0.7911742925643921
0.5375512838363647
0.5001099109649658
0.6673702001571655
0.7904720306396484
0.7000098824501038
0.7862778306007385
0.7613291144371033
0.5455598831176758
0.5605413913726807
0.444795161485672
0.719478964805603
0.7810029983520508
0.45730236172676086
0.7717891931533813
0.8682830333709717
0.43364307284355164
0.5115908980369568
0.7803195714950562
0.740868866443634
0.6097768545150757
0.4101032018661499
0.5261545181274414
0.531744122505188
0.7613874077796936
0.7760517597198486
0.8390536904335022
0.8200157880783081
0.463399738073349
0.6942921280860901
0.6975310444831848
0.34153518080711365
0.7695766091346741
0.8325177431106567
0.746094822883606
0.6980246305465698
0.6513978242874146
0.7061804533004761
0.7529682517051697
0.6927845478057861
0.725834310054779
0.7251518964767456
0.7150506973266602
0.7030529975891113
0.6579245328903198
0.7194949388504028
0.7205219864845276
0.7895897030830383
0.7822068929672241
0.8650476336479187
0.8071192502975464
0.811159610748291
0.6081913709640503
0.6818812489509583
0.6216536164283752
0.43449655175209045
0.7488194704055786
0.6927834749221802
0.8314972519874573
0.6682465076446533
0.650111973285675
0.7500184774398804
0.5375955104827881
0.6276220083236694
0.6789476871490479
0.5414143204689026
0.5614944696426392
0.5687562227249146
0.2680392861366272
0.7189760208129883
0.6598173975944519
0.7334761619567871
0.8132933378219604
0.36170628666877747
0.6964486241340637
0.6112798452377319
0.7287399768829346
0.6368546485900879
0.5626174211502075
0.779860258102417
0.7592611908912659
0.47528067231178284
0.6814988255500793
0.2955036163330078
0.6379082202911377
0.750432014465332
0.6652289628982544
0.4749487042427063
0.8194351196289062
0.8880521059036255
0.6528452634811401
0.6631942987442017
0.46797239780426025
0.4385031759738922
0.5405169725418091
0.6458675861358643
0.7150518894195557
0.5944045186042786
0.7472231984138489
0.5693916082382202
0.7630965709686279
0.7095346450805664
0.582168459892273
0.6280827522277832
0.6526483297348022
0.7597695589065552
0.8984587788581848
0.37073734402656555
0.3255048990249634
0.1925656944513321
0.5424782633781433
0.7648112177848816
0.8638148307800293
0.7429765462875366
0.7097764015197754
0.5496581196784973
0.8329954743385315
0.787277102470398
0.7109251022338867
0.5692895650863647
0.6289317011833191
0.44791918992996216
0.7973175048828125
0.6339415311813354
0.6135067939758301
0.7943031191825867
0.6367197036743164
0.8556981682777405
0.6245154738426208
0.609191358089447
0.7635981440544128
0.5964615941047668
0.5945191979408264
0.707008957862854
0.6091105341911316
0.4238607883453369
0.7280340194702148
0.8051339387893677
0.7874276638031006
0.8322087526321411
0.4131389558315277
0.6985703706741333
0.5709552764892578
0.6345400214195251
0.7359737157821655
0.7845535278320312
0.6141641736030579
0.7989731431007385
0.7544791102409363
0.547944188117981
0.1558920294046402
0.6421343088150024
0.4532817006111145
0.8346254825592041
0.6171355247497559
0.7066876888275146
0.8471677899360657
0.5705032348632812
0.5859931707382202
0.7464035153388977
0.7346024513244629
0.7071734070777893
0.7474329471588135
0.8592640161514282
0.6735782623291016
0.8557194471359253
0.7247980833053589
0.8060492873191833
0.36041444540023804
0.9012366533279419
0.6900613307952881
0.6641949415206909
0.7615359425544739
0.747310221195221
0.5256011486053467
0.7806094884872437
0.17836478352546692
0.758378267288208
0.3031785190105438
0.7256606221199036
0.7815448641777039
0.11851689964532852
0.1514701545238495
0.7869833707809448
0.8024420142173767
0.553389847278595
0.6478031873703003
0.5255034565925598
0.7977050542831421
0.3497432470321655
0.820138692855835
0.6877790689468384
0.6788857579231262
0.7910327315330505
0.6257091164588928
0.7420928478240967
0.572627067565918
0.7530738711357117
0.7376827597618103
0.7564875483512878
0.36145874857902527
0.6616859436035156
0.7030208110809326
0.7431381344795227
0.40052834153175354
0.6622156500816345
0.7751625776290894
0.7785271406173706
0.8418857455253601
0.6188067197799683
0.7105029821395874
0.44885677099227905
0.789935827255249
0.8149606585502625
0.8443819284439087
0.5601245164871216
0.6932427883148193
0.7016547918319702
0.40879520773887634
0.7146099805831909
0.7778864502906799
0.27129441499710083
0.8558399081230164
0.540686309337616
0.6756929755210876
0.6394551992416382
0.6461807489395142
0.7700574398040771
0.7067103385925293
0.49276742339134216
0.7775248885154724
0.6432988047599792
0.38982224464416504
0.6008179783821106
0.8173383474349976
0.7388810515403748
0.7231134176254272
0.7582112550735474
0.7875630855560303
0.7784188985824585
0.8107641339302063
0.8671627044677734
0.757792055606842
0.6454886794090271
0.5471888780593872
0.8361429572105408
0.5976142287254333
0.7526443004608154
0.5842006802558899
0.35507938265800476
0.6195614337921143
0.34022068977355957
0.7989693284034729
0.6902103424072266
0.8552188873291016
0.707427978515625
0.5436912178993225
0.6228522062301636
0.5311692953109741
0.650513231754303
0.7462035417556763
0.7977375984191895
0.5930526256561279
0.44147488474845886
0.5775170922279358
0.4444755017757416
0.7965072393417358
0.8112956285476685
0.7313615083694458
0.525012731552124
0.6056725978851318
0.37321898341178894
0.7502024173736572
0.7302796244621277
0.8694002628326416
0.680220901966095
0.541459321975708
0.649120032787323
0.4693548381328583
0.6701653003692627
0.687075138092041
0.60892254114151
0.5021647810935974
0.7153679132461548
0.43060776591300964
0.7775786519050598
0.7495928406715393
0.31087902188301086
0.7378172874450684
0.49925264716148376
0.683322548866272
0.6069791913032532
0.7854975461959839
0.8082011342048645
0.6259106993675232
0.7779223918914795
0.8239978551864624
0.4392143189907074
0.5185173749923706
0.7340312600135803
0.5176584720611572
0.7542344927787781
0.5393191576004028
0.39275166392326355
0.47436097264289856
0.8122760057449341
0.6627664566040039
0.652479887008667
0.7597217559814453
0.4124004542827606
0.507378339767456
0.8453150391578674
0.7244768738746643
0.6642677783966064
0.5200423002243042
0.7265014052391052
0.6520326137542725
0.4479125440120697
0.7979642748832703
0.6698327660560608
0.6495586037635803
0.726378321647644
0.45009610056877136
0.6557653546333313
0.6755584478378296
0.7535551190376282
0.6929899454116821
0.7899570465087891
0.6216551065444946
0.5650317668914795
0.7273180484771729
0.5645335912704468
0.0447215661406517
0.6918566226959229
0.9546577334403992
0.7128465175628662
0.6759885549545288
0.3017362058162689
0.7499909996986389
0.8311560153961182
0.8448920845985413
0.5118210315704346
0.7773306965827942
0.5700737237930298
0.5246233940124512
0.7796423435211182
0.6495751738548279
0.9283690452575684
0.6679648160934448
0.7972650527954102
0.7852646112442017
0.7773253917694092
0.7976577281951904
0.3651311993598938
0.7510147094726562
0.7517918348312378
0.5547235012054443
0.8695294857025146
0.700365424156189
0.6489598751068115
0.36875054240226746
0.8009530305862427
0.8148242235183716
0.9251397848129272
0.5838843584060669
0.7532250881195068
0.651533842086792
0.43044841289520264
0.31415337324142456
0.8050764799118042
0.7058232426643372
0.6840054988861084
0.5810464024543762
0.7264374494552612
0.601304292678833
0.48777395486831665
0.6509324312210083
0.7352008819580078
0.8556681871414185
0.7489240765571594
0.4480511248111725
0.7077328562736511
0.7936868667602539
0.3659776747226715
0.58392333984375
0.7605962753295898
0.44516295194625854
0.521244466304779
0.851533055305481
0.8065452575683594
0.7184412479400635
0.47163426876068115
0.43320900201797485
0.605358362197876
0.7983927726745605
0.6075236201286316
0.7721229791641235
0.8001455068588257
0.8338003158569336
0.5146477222442627
0.3218751847743988
0.596227765083313
0.3258912265300751
0.6184355020523071
0.9520710706710815
0.80597323179245
0.49519291520118713
0.44174203276634216
0.623369574546814
0.4054356813430786
0.708531379699707
0.8382960557937622
0.7326322197914124
0.4803357422351837
0.36471760272979736
0.6282910704612732
0.7262131571769714
0.8754525780677795
0.8783910274505615
0.5925996899604797
0.8180216550827026
0.4025949537754059
0.7983253002166748
0.6445410847663879
0.537936806678772
0.7536605596542358
0.6302120685577393
0.33867835998535156
0.8563716411590576
0.4895080327987671
0.534305214881897
0.731013298034668
0.5908293128013611
0.6612402200698853
0.7027006149291992
0.6663818359375
0.8459581732749939
0.7829561829566956
0.14552146196365356
0.7137207388877869
0.7215505838394165
0.8096750378608704
0.6094276905059814
0.6600068807601929
0.5034776926040649
0.4408852159976959
0.6843802332878113
0.7125188112258911
0.5755228996276855
0.7131973505020142
0.4350976347923279
0.7601416110992432
0.4405774772167206
0.4769130051136017
0.6519237160682678
0.23867815732955933
0.37562790513038635
0.31120064854621887
0.4960334599018097
0.4772351086139679
0.8141531348228455
0.8974733948707581
0.6258176565170288
0.3402380049228668
0.35613343119621277
0.7466787695884705
0.6012341976165771
0.6286065578460693
0.7457830309867859
0.5307396650314331
0.7473635673522949
0.47117844223976135
0.44563597440719604
0.7313115000724792
0.859275758266449
0.590322732925415
0.3860083818435669
0.6619440913200378
0.7467228770256042
0.7873615622520447
0.571021318435669
0.5618955492973328
0.8243334293365479
0.24373328685760498
0.7558094263076782
0.7804597616195679
0.9138156175613403
0.7103061676025391
0.642624020576477
0.7373424768447876
0.3948017656803131
0.6652486324310303
0.6523634791374207
0.9324141144752502
0.5830918550491333
0.7504777908325195
0.6563960313796997
0.7230603098869324
0.3552515208721161
0.7245073318481445
0.47214415669441223
0.7623915076255798
0.8061039447784424
0.698201060295105
0.5487094521522522
0.3365572392940521
0.6965983510017395
0.3459342420101166
0.6131231784820557
0.7549725770950317
0.7953033447265625
0.7214511632919312
0.6870008111000061
0.7262418270111084
0.7124707102775574
0.6997444033622742
0.36961767077445984
0.5151920318603516
0.7490552663803101
0.5581156611442566
0.5232282876968384
0.9086605906486511
0.6645236015319824
0.7156344652175903
0.8248776197433472
0.7301329374313354
0.47370028495788574
0.7295326590538025
0.6169228553771973
0.42610272765159607
0.5273059606552124
0.459119588136673
0.6381251811981201
0.5874095559120178
0.7183806896209717
0.6940721273422241
0.7527109384536743
0.6354056596755981
0.7774406671524048
0.6010122299194336
0.7606824636459351
0.45128706097602844
0.8060049414634705
0.7503392100334167
0.792783796787262
0.7231773138046265
0.58445143699646
0.8087310194969177
0.8588172197341919
0.6289588212966919
0.7796278595924377
0.789533793926239
0.8196662664413452
0.5323944091796875
0.35124021768569946
0.7639994621276855
0.3973509669303894
0.7146228551864624
0.46077659726142883
0.8028402328491211
0.7730308771133423
0.7647638916969299
0.546336829662323
0.6224950551986694
0.4930204451084137
0.7177934050559998
0.6971460580825806
0.6397147178649902
0.7625532150268555
0.6172690391540527
0.2995075285434723
0.49267101287841797
0.5847399234771729
0.2552602291107178
0.7385186553001404
0.49271097779273987
0.8502172231674194
0.5001002550125122
0.7114087343215942
0.6486507654190063
0.9089570045471191
0.7677599787712097
0.5609762072563171
0.6639833450317383
0.5293768048286438
0.4557756185531616
0.7736828923225403
0.8211703896522522
0.45269256830215454
0.7889095544815063
0.5382030606269836
0.7701917886734009
0.939752459526062
0.6517173051834106
0.6247307062149048
0.8254563808441162
0.7181177735328674
0.7539210319519043
0.3632861077785492
0.42344528436660767
0.7243015766143799
0.6308838129043579
0.4293087124824524
0.7789880037307739
0.5960414409637451
0.6081790328025818
0.6276254057884216
0.78554368019104
0.7391694784164429
0.41726842522621155
0.7847787141799927
0.7271106243133545
0.7252231240272522
0.46994081139564514
0.5847090482711792
0.7311536073684692
0.4862515330314636
0.7048205733299255
0.2803775370121002
0.6903446316719055
0.49862274527549744
0.4180825352668762
0.8265088796615601
0.6786933541297913
0.7532311677932739
0.766211986541748
0.7316992282867432
0.31801533699035645
0.7688437104225159
0.397870272397995
0.7364916205406189
0.8106609582901001
0.8422616124153137
0.637889564037323
0.7494825124740601
0.3492541015148163
0.5329214334487915
0.8205288648605347
0.6499842405319214
0.7340309619903564
0.6066110134124756
0.26225805282592773
0.6308578252792358
0.7694114446640015
0.46294811367988586
0.38251689076423645
0.8014683127403259
0.7254859209060669
0.6043198704719543
0.6181459426879883
0.733406662940979
0.8472039103507996
0.7980582118034363
0.7138336300849915
0.7074117064476013
0.7336359024047852
0.6698139905929565
0.8390164375305176
0.6497560739517212
0.716164231300354
0.6682015657424927
0.5936452746391296
0.7255394458770752
0.7322611212730408
0.5936408042907715
0.7372519373893738
0.658058762550354
0.7872692346572876
0.4503193199634552
0.7074424028396606
0.5007940530776978
0.8171364068984985
0.4126450717449188
0.6857295036315918
0.842934250831604
0.7116495966911316
0.6760861873626709
0.4431484043598175
0.7174907922744751
0.26932311058044434
0.47236189246177673
0.5706629157066345
0.6097345948219299
0.2549501359462738
0.47486746311187744
0.71278977394104
0.6463183164596558
0.6713168621063232
0.7706410884857178
0.6451476216316223
0.8867151737213135
0.5874693989753723
0.6509063839912415
0.2729523777961731
0.47839242219924927
0.8703451752662659
0.4333673119544983
0.748054027557373
0.7634665966033936
0.7494964599609375
0.7743194103240967
0.33667099475860596
0.43110430240631104
0.7049294114112854
0.4842924177646637
0.8305664658546448
0.8076581954956055
0.5988588333129883
0.6968212127685547
0.3074042499065399
0.6975682973861694
0.40082862973213196
0.476792573928833
0.6913625001907349
0.5511124134063721
0.29540473222732544
0.7481632828712463
0.2622012794017792
0.7126550674438477
0.7296849489212036
0.3388194739818573
0.5015908479690552
0.5409806966781616
0.4292263686656952
0.5996642112731934
0.7871022820472717
0.6657067537307739
0.6917085647583008
0.8154844045639038
0.8565357327461243
0.8333051204681396
0.4942687451839447
0.870969831943512
0.7033642530441284
0.7702078819274902
0.7628691792488098
0.5705246329307556
0.7634574174880981
0.6701478958129883
0.7884634733200073
0.6435538530349731
0.45079436898231506
0.6626843214035034
0.6345217227935791
0.7003030180931091
0.7430088520050049
0.6221885681152344
0.7531766891479492
0.6032177209854126
0.6845940351486206
0.5641220808029175
0.6933069229125977
0.5853603482246399
0.6147228479385376
0.725719690322876
0.24269871413707733
0.838912844657898
0.4349326193332672
0.6084945797920227
0.5061154365539551
0.6247930526733398
0.5559952855110168
0.8047916293144226
0.7694888114929199
0.8011704683303833
0.6769238114356995
0.6323108077049255
0.6888175010681152
0.5685498714447021
0.3817261755466461
0.7265403270721436
0.5548219084739685
0.556222677230835
0.8404423594474792
0.8918863534927368
0.8050339221954346
0.4940531551837921
0.438813179731369
0.5769851207733154
0.46675872802734375
0.764043390750885
0.7568448781967163
0.4058971703052521
0.7048430442810059
0.7690365314483643
0.8024224042892456
0.5564618110656738
0.6020846962928772
0.5197346806526184
0.7954926490783691
0.7837545871734619
0.5681577920913696
0.6320012807846069
0.44899773597717285
0.4758478105068207
0.47304481267929077
0.5017220973968506
0.3222205638885498
0.7568459510803223
0.3891880214214325
0.6411221623420715
0.7186079621315002
0.8191698789596558
0.47550874948501587
0.5110188722610474
0.7292500734329224
0.7272254228591919
0.6492347717285156
0.7339762449264526
0.49750685691833496
0.6920639276504517
0.6579148769378662
0.7374371886253357
0.37542426586151123
0.3257467448711395
0.6759676933288574
0.6610711812973022
0.5859370827674866
0.6343542337417603
0.7780025601387024
0.4520958662033081
0.69310462474823
0.5263129472732544
0.6002079844474792
0.4210633337497711
0.8364333510398865
0.6914774775505066
0.7830056548118591
0.736818253993988
0.6650485992431641
0.7689931392669678
0.45397284626960754
0.5476844310760498
0.8428784012794495
0.8187367916107178
0.6582739353179932
0.7357996702194214
0.39780059456825256
0.46838831901550293
0.713210940361023
0.6481761336326599
0.9218636155128479
0.633641242980957
0.7283391952514648
0.8431310653686523
0.6780731678009033
0.6238489151000977
0.7016070485115051
0.6608587503433228
0.8437009453773499
0.7985799312591553
0.5770367383956909
0.6218489408493042
0.7817741632461548
0.660763144493103
0.9175166487693787
0.4663717448711395
0.5263338685035706
0.8123034238815308
0.7917943000793457
0.711622953414917
0.7125672698020935
0.35718968510627747
0.7824130058288574
0.5754350423812866
0.781775712966919
0.9057450294494629
0.6749921441078186
0.7357079982757568
0.49660906195640564
0.4049118161201477
0.43830522894859314
0.6563364267349243
0.6217848658561707
0.3997257649898529
0.7431191205978394
0.6809481382369995
0.8125643730163574
0.5061736106872559
0.7029329538345337
0.7720781564712524
0.7762657403945923
0.5687333941459656
0.42245402932167053
0.9065312147140503
0.4864771068096161
0.7110022902488708
0.6681196689605713
0.5917746424674988
0.6937159895896912
0.6205225586891174
0.3570936322212219
0.3827267587184906
0.43186017870903015
0.785327672958374
0.5278538465499878
0.6873140335083008
0.8162473440170288
0.7329202890396118
0.6469717025756836
0.7541205286979675
0.6467331647872925
0.37378689646720886
0.6561852693557739
0.7081995010375977
0.8700531721115112
0.6741021871566772
0.23270979523658752
0.4506100118160248
0.8624629378318787
0.7676772475242615
0.21274353563785553
0.7001105546951294
0.7348220944404602
0.6923375129699707
0.7572319507598877
0.5822712182998657
0.6998170614242554
0.4833119809627533
0.48170411586761475
0.7292068004608154
0.6128664612770081
0.8168076276779175
0.5956137180328369
0.4623579680919647
0.76157546043396
0.7167354226112366
0.8559770584106445
0.7329382300376892
0.787825345993042
0.6039355993270874
0.7414745092391968
0.6658029556274414
0.7417822480201721
0.8265258073806763
0.7633390426635742
0.8257437944412231
0.39799103140830994
0.44986841082572937
0.7332767248153687
0.8927181363105774
0.7108221054077148
0.6842777729034424
0.6014081239700317
0.6363921165466309
0.6160695552825928
0.6105921268463135
0.502366304397583
0.9285926222801208
0.7793545722961426
0.7855716943740845
0.7830196619033813
0.7800198197364807
0.7353343963623047
0.44258400797843933
0.7699004411697388
0.5975801944732666
0.6378701329231262
0.7882660627365112
0.7609823942184448
0.8403487801551819
0.48082366585731506
0.3143533766269684
0.6279436349868774
0.6776740550994873
0.5822260975837708
0.607536256313324
0.6021051406860352
0.6192137002944946
0.5055651068687439
0.7195111513137817
0.7058761119842529
0.6696492433547974
0.7442853450775146
0.6774694919586182
0.6387380361557007
0.7319290041923523
0.6215911507606506
0.3569263517856598
0.19708965718746185
0.43431487679481506
0.775597095489502
0.5701184868812561
0.8438992500305176
0.4389808475971222
0.7971045970916748
0.7621974945068359
0.5564618110656738
0.6531208753585815
0.6499736905097961
0.6601528525352478
0.721943736076355
0.512487530708313
0.6479595899581909
0.7357351779937744
0.582251787185669
0.5920578837394714
0.7224381566047668
0.684473991394043
0.41464734077453613
0.8409319519996643
0.6211651563644409
0.6170330047607422
0.7691704630851746
0.7628542184829712
0.36918744444847107
0.7822657823562622
0.40929004549980164
0.5509566068649292
0.3544517457485199
0.9121555685997009
0.5826185345649719
0.7717295289039612
0.7320959568023682
0.8980801105499268
0.598955512046814
0.5640514492988586
0.6365789175033569
0.7849263548851013
0.6331222057342529
0.5413119196891785
0.827005922794342
0.4258575141429901
0.8087440133094788
0.6776976585388184
0.3260355293750763
0.40769287943840027
0.5430675745010376
0.5817801356315613
0.38588616251945496
0.7426631450653076
0.5996642112731934
0.34721487760543823
0.7125314474105835
0.7134304046630859
0.625583291053772
0.6750638484954834
0.5339974761009216
0.32468676567077637
0.6591581106185913
0.4522689878940582
0.6302026510238647
0.7715075016021729
0.40890225768089294
0.9132865071296692
0.25097063183784485
0.7591758966445923
0.7118512392044067
0.7846301198005676
0.6856343746185303
0.6756534576416016
0.6662783622741699
0.8177996873855591
0.4726930558681488
0.7356253862380981
0.7311850190162659
0.4612913131713867
0.7889571189880371
0.8228124380111694
0.5444056987762451
0.6343696117401123
0.7455341219902039
0.7759822607040405
0.6662662029266357
0.6790237426757812
0.5655337572097778
0.7311809659004211
0.7013219594955444
0.7265256643295288
0.5548453330993652
0.7934340238571167
0.7060769200325012
0.6792426705360413
0.6350671052932739
0.4432378113269806
0.41385743021965027
0.6576133370399475
0.7513134479522705
0.8390407562255859
0.7981936931610107
0.6007651686668396
0.6578510999679565
0.613919198513031
0.6357828378677368
0.593725323677063
0.7424999475479126
0.8628004789352417
0.689789354801178
0.7543748617172241
0.8279290199279785
0.8681162595748901
0.8372779488563538
0.5761908888816833
0.6887328624725342
0.41800302267074585
0.28777992725372314
0.7343902587890625
0.6822195053100586
0.660371720790863
0.578576385974884
0.7386560440063477
0.4838447570800781
0.6124282479286194
0.36591044068336487
0.49644437432289124
0.640641987323761
0.5931209325790405
0.839895486831665
0.6322647929191589
0.772304892539978
0.6937494277954102
0.28984928131103516
0.711700439453125
0.3968471586704254
0.5182086229324341
0.8555361032485962
0.712855339050293
0.8282246589660645
0.46116283535957336
0.48529720306396484
0.6622492074966431
0.8091317415237427
0.6017055511474609
0.8732761144638062
0.7420205473899841
0.7066208720207214
0.6606961488723755
0.6360733509063721
0.45400217175483704
0.23320557177066803
0.7165641188621521
0.7715290188789368
0.5483003258705139
0.7113523483276367
0.8116010427474976
0.5194207429885864
0.654789924621582
0.508533775806427
0.7399499416351318
0.7911652326583862
0.935068666934967
0.7495712041854858
0.7504127025604248
0.33417460322380066
0.8860369920730591
0.4384506642818451
0.6708811521530151
0.4888489544391632
0.7729290723800659
0.7193571925163269
0.768851101398468
0.7866091728210449
0.7527201771736145
0.568753182888031
0.46584898233413696
0.3727779686450958
0.7198008298873901
0.8673914074897766
0.7547428607940674
0.6073144674301147
0.6332098245620728
0.45168519020080566
0.6773709058761597
0.9091258645057678
0.6045778393745422
0.4488016366958618
0.6762465238571167
0.5792232751846313
0.9935789108276367
0.7721627354621887
0.8803329467773438
0.7212986946105957
0.667030930519104
0.7286094427108765
0.29211661219596863
0.44100338220596313
0.639924943447113
0.43144819140434265
0.762143611907959
0.7501901388168335
0.6630423069000244
0.5494217276573181
0.6309812664985657
0.7322524189949036
0.6457733511924744
0.6183400750160217
0.27273815870285034
0.604324460029602
0.8123588562011719
0.6335518956184387
0.7011690139770508
0.7171968817710876
0.6467731595039368
0.6507822275161743
0.7461444139480591
0.638123631477356
0.5987119674682617
0.7785270810127258
0.7025828957557678
0.7134246826171875
0.2560419738292694
0.8040601015090942
0.42344382405281067
0.8276568055152893
0.45842552185058594
0.8374278545379639
0.8212025761604309
0.3425021171569824
0.2910613715648651
0.4767961800098419
0.5247447490692139
0.6408060789108276
0.7138069868087769
0.8301650881767273
0.5708006024360657
0.435276061296463
0.7625038623809814
0.6363259553909302
0.5045287013053894
0.787260890007019
0.7012536525726318
0.3647134602069855
0.7237633466720581
0.8158689141273499
0.2726857364177704
0.6056201457977295
0.3492439389228821
0.4631355404853821
0.35394424200057983
0.3320249021053314
0.7156510353088379
0.7007646560668945
0.5664522647857666
0.2631604075431824
0.7635271549224854
0.628277599811554
0.7589299082756042
0.8235137462615967
0.6528642773628235
0.20744460821151733
0.8539571166038513
0.8824016451835632
0.6504061818122864
0.7366840243339539
0.7542887926101685
0.7719473838806152
0.7241614460945129
0.3947398364543915
0.8307536840438843
0.7982980012893677
0.38918671011924744
0.44288399815559387
0.7713378071784973
0.8450332283973694
0.688790500164032
0.913932204246521
0.7433422803878784
0.4210050404071808
0.7786089181900024
0.6296051144599915
0.7027859687805176
0.7374651432037354
0.7475592494010925
0.7344373464584351
0.796010434627533
0.7696863412857056
0.5239260196685791
0.513775110244751
0.6289423704147339
0.8622363209724426
0.5660523772239685
0.6592843532562256
0.7644034624099731
0.4674769937992096
0.73492032289505
0.7843064069747925
0.7421267032623291
0.4278547465801239
0.2868935167789459
0.8016072511672974
0.7458787560462952
0.8714650869369507
0.8019754886627197
0.7210625410079956
0.2685439884662628
0.7226654291152954
0.7038283348083496
0.8603453040122986
0.4997826814651489
0.6652236580848694
0.4904208183288574
0.2555096447467804
0.742249608039856
0.6666102409362793
0.4169832170009613
0.1208043023943901
0.6235933303833008
0.7593966722488403
0.7925148010253906
0.7797985076904297
0.7970519065856934
0.7090427279472351
0.82564777135849
0.6753536462783813
0.7657333612442017
0.5044606924057007
0.8301871418952942
0.4908115565776825
0.851705014705658
0.269646555185318
0.3551578223705292
0.8291853666305542
0.7164515256881714
0.37774208188056946
0.8112466335296631
0.5336811542510986
0.7316714525222778
0.38439759612083435
0.7567284107208252
0.85955810546875
0.7335511445999146
0.546100914478302
0.5128301382064819
0.5478613376617432
0.7732080817222595
0.7668695449829102
0.44015589356422424
0.8577151298522949
0.3457925617694855
0.7238516807556152
0.4761129319667816
0.4112686812877655
0.6350966691970825
0.7406315207481384
0.5115596055984497
0.47960424423217773
0.3300589919090271
0.07532475888729095
0.7669669389724731
0.5280153751373291
0.46683767437934875
0.7024708986282349
0.8679525256156921
0.1539187729358673
0.7066875696182251
0.6879595518112183
0.6218063831329346
0.8218320608139038
0.7005627751350403
0.5846724510192871
0.5438462495803833
0.7623333930969238
0.2731528580188751
0.2812316417694092
0.7572477459907532
0.435535728931427
0.7868402600288391
0.7467219829559326
0.7894411087036133
0.5181707143783569
0.7291024923324585
0.809905469417572
0.7625142931938171
0.5529378652572632
0.710375964641571
0.7664802670478821
0.6833889484405518
0.8299884796142578
0.8266956210136414
0.7136836647987366
0.5258687734603882
0.6946486234664917
0.720619261264801
0.514877200126648
0.42769184708595276
0.7518818378448486
0.5102605819702148
0.6799641847610474
0.8424572944641113
0.7073607444763184
0.7159920930862427
0.6301469802856445
0.6409540176391602
0.6122413873672485
0.5570498704910278
0.8397067785263062
0.6364657282829285
0.5246657133102417
0.7733283042907715
0.9003046154975891
0.7595524787902832
0.7532706260681152
0.7634711265563965
0.8360258340835571
0.7756251096725464
0.840825617313385
0.5948778390884399
0.21484096348285675
0.5698139667510986
0.8668970465660095
0.8551225662231445
0.7331251502037048
0.6470533609390259
0.6466060876846313
0.31219425797462463
0.6621521711349487
0.7343474626541138
0.6612077951431274
0.40255841612815857
0.3501913845539093
0.782565176486969
0.8418816924095154
0.9666244983673096
0.6630085706710815
0.7553468942642212
0.5926145911216736
0.9356639385223389
0.7430830001831055
0.7693681716918945
0.7363383769989014
0.6285226345062256
0.3846343159675598
0.6194327473640442
0.7431151270866394
0.6648052334785461
0.4932585656642914
0.8589939475059509
0.2653864920139313
0.8504122495651245
0.6411949396133423
0.5831632018089294
0.9367876648902893
0.6959981918334961
0.6061576008796692
0.7229153513908386
0.519014298915863
0.6657464504241943
0.35066214203834534
0.7172507643699646
0.7262087464332581
0.46260571479797363
0.531252920627594
0.16671550273895264
0.8141166567802429
0.7443971633911133
0.2489694356918335
0.8398021459579468
0.6432031393051147
0.581075131893158
0.7718664407730103
0.6340658664703369
0.4436148703098297
0.7939208745956421
0.7120394110679626
0.6798171401023865
0.352900892496109
0.64151930809021
0.5546295642852783
0.5674687623977661
0.8024587631225586
0.6849795579910278
0.5039404630661011
0.7039229273796082
0.3700425326824188
0.8470406532287598
0.7720872759819031
0.6334560513496399
0.7100710868835449
0.4193001687526703
0.5278576016426086
0.7822456359863281
0.5373935699462891
0.4601227939128876
0.43973007798194885
0.7204159498214722
0.8460115194320679
0.6532310247421265
0.5997145771980286
0.336241751909256
0.5571783781051636
0.3775753676891327
0.7395987510681152
0.426842600107193
0.7367635369300842
0.9021288752555847
0.550294041633606
0.7551577091217041
0.5719816088676453
0.728278398513794
0.6248719692230225
0.4970153570175171
0.7290807366371155
0.5110979080200195
0.5017385482788086
0.3460710942745209
0.7785022854804993
0.7597272396087646
0.24976390600204468
0.689719557762146
0.7082620859146118
0.673054575920105
0.5522825717926025
0.9559676051139832
0.8860103487968445
0.3136015832424164
0.7955183982849121
0.5343389511108398
0.542680025100708
0.5456365942955017
0.6423267126083374
0.7792848348617554
0.6708935499191284
0.7714474201202393
0.6220200061798096
0.6815172433853149
0.7577787637710571
0.7539540529251099
0.4258675277233124
0.7160744667053223
0.7402690649032593
0.601453423500061
0.7889689207077026
0.767899751663208
0.8994745016098022
0.735355794429779
0.7421067953109741
0.7616987228393555
0.5729179382324219
0.849911093711853
0.7135577201843262
0.717979907989502
0.5914027690887451
0.789798378944397
0.6055094599723816
0.7835555076599121
0.8875612616539001
0.6439053416252136
0.5088251829147339
0.2948065400123596
0.6326552033424377
0.6066839694976807
0.9135475754737854
0.7006094455718994
0.7952679395675659
0.8609535694122314
0.7588775157928467
0.6321467161178589
0.4623532295227051
0.4688139855861664
0.7466432452201843
0.6290717124938965
0.5460675954818726
0.855394721031189
0.32728061079978943
0.7758433222770691
0.6481672525405884
0.8545935153961182
0.4946935474872589
0.25805312395095825
0.24294349551200867
0.6602105498313904
0.8081923723220825
0.9407576322555542
0.661104679107666
0.5665091276168823
0.654990553855896
0.6657557487487793
0.7114180326461792
0.6450577974319458
0.7114967703819275
0.7689964771270752
0.6226327419281006
0.6716420650482178
0.6640920042991638
0.9001935124397278
0.5024458765983582
0.6769483089447021
0.633952260017395
0.7275720834732056
0.24432678520679474
0.6364110708236694
0.9704033136367798
0.7507991790771484
0.7237272262573242
0.3825930655002594
0.682117223739624
0.7680449485778809
0.6148731708526611
0.7592540979385376
0.34552350640296936
0.7514905333518982
0.3417823910713196
0.7502622604370117
0.741912841796875
0.775694727897644
0.7098904848098755
0.6518542766571045
0.7728838920593262
0.7273440361022949
0.7677042484283447
0.8554351329803467
0.797639012336731
0.6852303743362427
0.5213330388069153
0.8363664150238037
0.6800993084907532
0.7699941396713257
0.5734265446662903
0.7210835814476013
0.6363617181777954
0.8421894311904907
0.3328063189983368
0.8125083446502686
0.794035792350769
0.8483360409736633
0.15981018543243408
0.6953854560852051
0.5212233662605286
0.26126572489738464
0.6138715744018555
0.7785921096801758
0.7934696674346924
0.5705844163894653
0.415713906288147
0.8470944166183472
0.7470495104789734
0.870543897151947
0.420802503824234
0.5353374481201172
0.9121307730674744
0.5381394624710083
0.5986392498016357
0.7356451749801636
0.7139412760734558
0.3977316915988922
0.7546802163124084
0.7044212222099304
0.5266662240028381
0.7724409103393555
0.7310891151428223
0.878366231918335
0.5431531667709351
0.7485477924346924
0.7199761271476746
0.8016992807388306
0.7190201282501221
0.5845778584480286
0.5682569146156311
0.7569101452827454
0.7938124537467957
0.6924865245819092
0.5972963571548462
0.6211449503898621
0.5197407007217407
0.6845864653587341
0.536514401435852
0.30952832102775574
0.7636784315109253
0.36232617497444153
0.6197690963745117
0.7923828363418579
0.7245079278945923
0.7029416561126709
0.6706078052520752
0.614107072353363
0.9282444715499878
0.6066736578941345
1.0029088258743286
0.8049879670143127
0.6103309392929077
0.5969226360321045
0.6334702968597412
0.8326609134674072
0.740014910697937
0.5862663984298706
0.5853634476661682
0.8810107111930847
0.7633824944496155
0.6520646810531616
0.4545932114124298
0.8570224046707153
0.42960479855537415
0.6647403240203857
0.11430986225605011
0.5212160348892212
0.6029689311981201
0.772496223449707
0.3613831698894501
0.6393539309501648
0.6884037256240845
0.7984994053840637
0.18712353706359863
0.7871499061584473
0.7969784736633301
0.49209046363830566
0.8265831470489502
0.3485631048679352
0.9095401763916016
0.8005138039588928
0.7554098963737488
0.828732430934906
0.40233904123306274
0.7231574058532715
0.7442297339439392
0.5463144183158875
0.8083502650260925
0.5036584734916687
0.6193210482597351
0.7310364246368408
0.7262289524078369
0.7784627676010132
0.5679202079772949
0.7204920649528503
0.826697826385498
0.5280171632766724
0.3934147357940674
0.665436863899231
0.4706692397594452
0.6366630792617798
0.4483298063278198
0.5375978946685791
0.7507907748222351
0.7471513748168945
0.8930312991142273
0.9711310863494873
0.7108193635940552
0.6572535634040833
0.7679674625396729
0.7671178579330444
0.8773912191390991
0.7608078718185425
0.6315758228302002
0.7845585346221924
0.6311001777648926
0.3804725706577301
0.7018941640853882
0.7963968515396118
0.7350357174873352
0.6575860977172852
0.7639495134353638
0.43785396218299866
0.7071788907051086
0.6419605612754822
0.7086254358291626
0.6032593250274658
0.835163414478302
0.6178243160247803
0.5796788334846497
0.5564618110656738
0.49673646688461304
0.7275336980819702
0.769221842288971
0.5561547875404358
0.39362865686416626
0.6942868232727051
0.6698833703994751
0.648377537727356
0.5251280665397644
0.7747569680213928
0.6810085773468018
0.7564147710800171
0.40013402700424194
0.7987183332443237
0.7145891189575195
0.6134177446365356
0.630206823348999
0.7216351628303528
0.8883101940155029
0.5289160013198853
0.6796588897705078
0.7844207286834717
0.8280302286148071
0.8532533049583435
0.4135129153728485
0.8140081167221069
0.8152304887771606
0.6360673904418945
0.7733254432678223
0.25707554817199707
0.5227713584899902
0.6024913787841797
0.4289362132549286
0.46596989035606384
0.778451681137085
0.7910364270210266
0.5396623611450195
0.5227668881416321
0.30360665917396545
0.703188955783844
0.5938889980316162
0.9344714879989624
0.664343535900116
0.5118264555931091
0.4735580384731293
0.3789135813713074
0.6452124118804932
0.6337453722953796
0.7634223103523254
0.7557962536811829
0.6524898409843445
0.7850071787834167
0.6936103105545044
0.552740216255188
0.511613130569458
0.32418009638786316
0.6499675512313843
0.6622438430786133
0.7898778915405273
0.512739896774292
0.8198708295822144
0.7371295690536499
0.6977932453155518
0.6276612877845764
0.48683255910873413
0.6392921209335327
0.8042387962341309
0.5674949288368225
0.6829636096954346
0.7890207767486572
0.7467668652534485
0.8088917136192322
0.4562686085700989
0.603026807308197
0.5353636741638184
0.7397912740707397
0.7429975271224976
0.362902969121933
0.22913438081741333
0.8267983198165894
0.6035763621330261
0.5336283445358276
0.7170237302780151
0.6259043216705322
0.7835146188735962
0.24511177837848663
0.4525499641895294
0.619793176651001
0.8262666463851929
0.7388436794281006
0.2871399223804474
0.6027899384498596
0.5674415826797485
0.775610625743866
0.6595929861068726
0.8808844685554504
0.18739813566207886
0.802886962890625
0.6593197584152222
0.811231255531311
0.6370659470558167
0.966130256652832
0.5864729881286621
0.7079119682312012
0.7717844843864441
0.8849146962165833
0.6387315988540649
0.8245583772659302
0.2606794238090515
0.8071174621582031
0.5409368872642517
0.8462801575660706
0.832316517829895
0.3956781327724457
0.5657463669776917
0.802505612373352
0.5671143531799316
0.3720945119857788
0.5680700540542603
0.6508519649505615
0.6397455334663391
0.5600470304489136
0.6392934322357178
0.6842923164367676
0.7880861163139343
0.3979545533657074
0.7703886032104492
0.5952901244163513
0.8235195279121399
0.7843629121780396
0.3210078179836273
0.6853921413421631
0.7048043608665466
0.8920460939407349
0.7513335347175598
0.8182412385940552
0.5936140418052673
0.7374619245529175
0.831204354763031
0.6177041530609131
0.7084184885025024
0.8170292377471924
0.5818114280700684
0.833023190498352
0.6422948837280273
0.8673914074897766
0.7207298278808594
0.44762811064720154
0.6763823628425598
0.5803841352462769
0.7134518027305603
0.4454207718372345
0.7873329520225525
0.7093002796173096
0.5247297883033752
0.3021215498447418
0.7411293983459473
0.618816614151001
0.5745744109153748
0.5500465035438538
0.5347009897232056
0.6216489672660828
0.5296765565872192
0.5502786636352539
0.4050135910511017
0.7245665788650513
0.8796353936195374
0.3067009747028351
0.759855329990387
0.6217458248138428
0.8372706174850464
0.8106579780578613
0.5747807025909424
0.83625328540802
0.7185564041137695
0.42486050724983215
0.7288029193878174
0.5710347890853882
0.7356271743774414
0.8063598871231079
0.7606232166290283
0.6565338373184204
0.6524918079376221
0.7901108264923096
0.41337624192237854
0.6335638761520386
0.7472348809242249
0.865596354007721
0.8891619443893433
0.876577615737915
0.8661574721336365
0.6458922028541565
0.7427643537521362
0.8371776342391968
0.8322558999061584
0.8299167156219482
0.6816888451576233
0.6055607795715332
0.8129457831382751
0.7199562191963196
0.6518416404724121
0.6411526203155518
0.6667635440826416
0.7450246214866638
0.8491261601448059
0.6158661842346191
0.6467670798301697
0.721956729888916
0.7093014121055603
0.4834190011024475
0.767831027507782
0.6042753458023071
0.6792253851890564
0.5127042531967163
0.43700164556503296
0.6738601922988892
0.5785152912139893
0.7143958806991577
0.6466982960700989
0.5192456245422363
0.807731032371521
0.5518328547477722
0.5526179671287537
0.8648585081100464
0.3831968903541565
0.8214853405952454
0.6263411045074463
0.3720681965351105
0.46020540595054626
0.6362248659133911
0.5235331058502197
0.7560334205627441
0.7586441040039062
0.7475789189338684
0.6967652440071106
0.5118036270141602
0.3220178782939911
0.8438225984573364
0.6316155791282654
0.5749334096908569
0.5727601647377014
0.770473837852478
0.6365203857421875
0.5193674564361572
0.5014784932136536
0.39016011357307434
0.8030641078948975
0.622952938079834
0.7596749067306519
0.804879903793335
0.46999579668045044
0.7925021648406982
0.5938771367073059
0.6633076071739197
0.6348260045051575
0.6693336963653564
0.7938323020935059
0.6224831342697144
0.4963121712207794
0.3057231903076172
0.46157601475715637
0.8143142461776733
0.3993264436721802
0.7644301056861877
0.5691834092140198
0.7549022436141968
0.7451740503311157
0.6719509363174438
0.7508665323257446
0.8978153467178345
0.7416273951530457
0.7426470518112183
0.5864253640174866
0.8291563987731934
0.48341503739356995
0.593675971031189
0.8208958506584167
0.7440248727798462
0.4873022437095642
0.835639476776123
0.18197131156921387
0.8023065328598022
0.5366559028625488
0.5711483955383301
0.5105013847351074
0.7834060788154602
0.7653332948684692
0.6954874396324158
0.3934191167354584
0.5629241466522217
0.6903715133666992
0.6224018931388855
0.5472502708435059
0.6414934396743774
0.3693452775478363
0.7939892411231995
0.7540351152420044
0.7520614862442017
0.7493281364440918
0.6223267316818237
0.6722441911697388
0.6274204254150391
0.7616579532623291
0.5618709325790405
0.6858183741569519
0.31035909056663513
0.712388277053833
0.6580763459205627
0.8324009776115417
0.6034950017929077
0.5880268812179565
0.7140108346939087
0.8013759851455688
0.44938167929649353
0.7522658109664917
0.7487316727638245
0.7070104479789734
0.8253265619277954
0.4979953467845917
0.4834962487220764
0.6433995366096497
0.7368965148925781
0.6165645718574524
0.1418750286102295
0.5556255578994751
0.5568909645080566
0.7423533201217651
0.7334798574447632
0.6550931334495544
0.6294457912445068
0.769277811050415
0.5158998966217041
0.7474599480628967
0.7323353290557861
0.8185189962387085
0.7740846276283264
0.7920634746551514
0.6686513423919678
0.2276744842529297
0.3535304367542267
0.22544148564338684
0.6625444889068604
0.8445413112640381
0.3945227563381195
0.6830872297286987
0.1905260980129242
0.8214268684387207
0.7389475107192993
0.6664265394210815
0.3750004172325134
0.630112886428833
0.7490447759628296
0.9226548671722412
0.7644389867782593
0.864091157913208
0.5396326184272766
0.7894251346588135
0.19683706760406494
0.6840958595275879
0.651403546333313
0.41352126002311707
0.7995959520339966
0.6582930088043213
0.684258222579956
0.6817346811294556
0.21853454411029816
0.4525499641895294
0.6989755630493164
0.7086499929428101
0.5519018173217773
0.7624627947807312
0.8908886909484863
0.875555694103241
0.6264936327934265
0.6209290027618408
0.41730353236198425
0.845828652381897
0.8015955090522766
0.7926965951919556
0.7237398624420166
0.65847247838974
0.7331683039665222
0.7504010200500488
0.7732210159301758
0.21558606624603271
0.6940293908119202
0.6130759716033936
0.8068567514419556
0.644655704498291
0.7799504399299622
0.5783344507217407
0.6721756458282471
0.6706374883651733
0.5297794938087463
0.5658963322639465
0.6234927177429199
0.7235945463180542
0.3151341378688812
0.7748070955276489
0.5750070810317993
0.3682316839694977
0.6112622618675232
0.6612743139266968
0.33031147718429565
0.8843693733215332
0.6058292388916016
0.8364369869232178
0.8577015399932861
0.4483708441257477
0.36246779561042786
0.7228463888168335
0.4838685095310211
0.7824692726135254
0.7121004462242126
0.5911816358566284
0.5813013315200806
0.6652837991714478
0.7813623547554016
0.8837047815322876
0.7723509669303894
0.48763906955718994
0.6256240606307983
0.7716041207313538
0.5967006087303162
0.73121178150177
0.464505672454834
0.6736718416213989
0.3179527521133423
0.41809597611427307
0.6776877641677856
0.5490461587905884
0.8413032293319702
0.7721123695373535
0.6225329041481018
0.5755952596664429
0.7004982233047485
0.6739132404327393
0.7122822403907776
0.33835193514823914
0.7796235084533691
0.5202755928039551
0.6254661083221436
0.6850627660751343
0.5732764005661011
0.7620087265968323
0.6548436284065247
0.754496157169342
0.5451860427856445
0.5119484663009644
0.5287818312644958
0.6362736821174622
0.8254334926605225
0.8571444749832153
0.5248855352401733
0.4591204822063446
0.31526193022727966
0.47154226899147034
0.8127008080482483
0.7444907426834106
0.5211818218231201
0.7509891390800476
0.6130056977272034
0.8673449754714966
0.6953026056289673
0.585474967956543
0.5748297572135925
0.7044583559036255
0.622341513633728
0.5598366260528564
0.616844654083252
0.47699788212776184
0.6320125460624695
0.7143704891204834
0.7744991779327393
0.541204571723938
0.3627035617828369
0.3773077428340912
0.4014221131801605
0.30765673518180847
0.7178478837013245
0.7534695863723755
0.8668224811553955
0.4081627428531647
0.6383015513420105
0.6819876432418823
0.727556586265564
0.8056327104568481
0.5471572279930115
0.6708619594573975
0.787659764289856
0.7612300515174866
0.7871803045272827
0.5746835470199585
0.676354169845581
0.6339977979660034
0.307397723197937
0.7501145601272583
0.5017358064651489
0.7652159929275513
0.6986910104751587
0.7594133615493774
0.5267002582550049
0.3057210147380829
0.8205410242080688
0.8029531240463257
0.6711434721946716
0.9039106965065002
0.7005330920219421
0.7565393447875977
0.6284881234169006
0.7742601633071899
0.5821817517280579
0.6694227457046509
0.6633557081222534
0.8056698441505432
0.7159755825996399
0.7372783422470093
0.6740375757217407
0.7056909799575806
0.6243055462837219
0.7215937376022339
0.6722798943519592
0.8120442628860474
0.4991196095943451
0.8574941754341125
0.3247118890285492
0.16056177020072937
0.7623821496963501
0.7602936029434204
0.7492349147796631
0.4659443497657776
0.5819175243377686
0.7287791967391968
0.7484424114227295
0.7590062618255615
0.654049813747406
0.8313095569610596
0.5410866737365723
0.6206297874450684
0.8418165445327759
0.7289232015609741
0.7701729536056519
0.6323696970939636
0.7907092571258545
0.6828112602233887
0.8713719248771667
0.5072972774505615
0.4835333526134491
0.6989322900772095
0.677425742149353
0.7776776552200317
0.8314834833145142
0.5896272659301758
0.6868304014205933
0.8616563081741333
0.6788561940193176
0.5794225931167603
0.7786725759506226
0.5686281323432922
0.6188331842422485
